9.833306531304049258e+02
1.087847433061938546e+03
3.151861937240412317e+02
9.719763953512145918e+02
4.687475488014018197e+02
5.379203216356800112e+02
1.014103125635026572e+03
3.743701765473730916e+02
9.872898590180368501e+02
1.014571631162799918e+03
9.854862258221160118e+02
1.053340171722588138e+03
1.028036395575880761e+03
1.078932710603581199e+03
9.472073640125305474e+02
2.355857325689634081e+02
3.271201273895681538e+02
1.033300486581215409e+03
1.012633210299040456e+03
1.038126095233392789e+03
2.084412823360148650e+02
2.618830208147904841e+02
1.004676956066960201e+03
1.048403335085333538e+03
9.615654965906835514e+02
3.801891053280901360e+02
9.763346579736239619e+02
4.732405727697429256e+02
9.774351792340977454e+02
3.497056313386055990e+02
9.718603555320291889e+02
9.567533097763653132e+02
3.013112716327181033e+02
1.022423145826208952e+03
1.006106809940143876e+03
1.054502555261431553e+03
1.047447704203859530e+03
1.008792301347351895e+03
3.656136137155113488e+02
1.003862720340798660e+03
2.922820350410510741e+02
1.047312580132303083e+03
9.805039752272195983e+02
1.525868165693954950e+02
1.037643982970751267e+03
9.570257623511812426e+02
3.559318188195792345e+02
3.213585292293138309e+02
1.350470975799377698e+02
1.119878724065663107e+02
1.616129020138316150e+02
3.323715128246871586e+02
1.007226005865881461e+03
8.961639252039037729e+02
9.384223651930946062e+02
3.961047918492623694e+02
9.911991984773619606e+02
1.050058598916031087e+03
1.906656099528368031e+02
9.655133004225823470e+02
1.041210240564397736e+03
4.420047088952160266e+02
1.012847208097293560e+03
1.034215837065824189e+03
1.023572497571487361e+03
4.206876872603944548e+02
9.964393651946447790e+02
3.914089841115291506e+02
1.035578100044424673e+03
1.014685351498984005e+03
3.621578553590264846e+02
9.078622346963720702e+02
3.303253250554475358e+02
4.714121829243835009e+02
5.785533040265067939e+01
3.407179684189334807e+02
1.006190829373891233e+03
9.932215545968894048e+02
1.055675137595075284e+03
9.843733088318897444e+02
2.629598947827450388e+02
9.988739211140235739e+02
9.820022437283524823e+02
3.684314973828700772e+02
1.016019337859476082e+03
9.818274534104965596e+02
1.017258257691630092e+03
4.097159914007012276e+02
8.058880186800652723e+01
1.030859612760238178e+03
1.037500754755841854e+03
9.742701912652560168e+02
3.715118224930198494e+02
1.007496477403731205e+03
1.047948142207167393e+03
2.021869004510692207e+02
9.817653978608550460e+02
5.178218743518527845e+02
1.027781335031631670e+03
1.069043159830685909e+03
3.717676135683942675e+02
9.434765220749234231e+02
1.034375178032384156e+03
9.656838862341171534e+02
1.061084757082219994e+03
1.020999045079857638e+03
1.042424691721277213e+03
1.013340530367529823e+03
3.643849224067716364e+02
1.006305994179423237e+03
1.096927117119139893e+03
9.680116818092288895e+02
9.865105471445951935e+02
3.158631961866005895e+02
5.647980109020506916e+02
1.027503478305385443e+03
9.612906555039375007e+02
4.246527931926035535e+02
1.000046473327689455e+03
1.705954345911156622e+02
1.015831087178261328e+03
1.018144902393374309e+03
1.050877986980414562e+03
2.226233834939243934e+02
9.942750510870134804e+02
9.896043968233786927e+02
1.027498251816698030e+03
3.189777727960813536e+02
2.394778929968229022e+02
2.229485244018392507e+02
9.879321342136355497e+02
9.746193767851286793e+02
5.962189979768404555e+02
1.018623381544186714e+03
1.006530644110315052e+03
1.017031311078551539e+03
5.029890792202161833e+02
1.063519399001309012e+03
1.039488616765941742e+03
1.016678474539072567e+03
3.548142574682635200e+02
9.237465654658735730e+02
9.746762724663462905e+02
2.510411153575458343e+02
1.003276946307088792e+03
9.842208361336832922e+02
9.740715921132500625e+02
4.942287425206236549e+02
1.031843584910664731e+03
1.015766748735541796e+03
1.048796850138824993e+03
2.795132661523666684e+02
4.434412200522598937e+02
1.006495026598980530e+03
1.010638122512051154e+03
1.044507439899412475e+03
1.031134429662828779e+03
1.019482191827096699e+03
1.025991578245904975e+03
3.730237813319047291e+02
9.671218960491889902e+02
1.919581349712072438e+02
3.628659565595875733e+02
9.916818220411296352e+02
9.706257793085259209e+02
9.683734408911716400e+02
1.024636654343919872e+03
1.058246717055580575e+03
2.501741776309616228e+02
3.668868573512991134e+02
1.021035927197327169e+03
2.098363257752633331e+02
1.003917556828675060e+03
1.029674180123550059e+03
2.668572557336362365e+02
9.768358217794278744e+02
1.022745718086846182e+03
4.650771496271283922e+02
3.543267739630469464e+02
1.002454140948874738e+03
9.422939134022602730e+02
2.304297726899252439e+02
1.045105723843835676e+03
1.074814493767179556e+03
1.041167803589869663e+03
9.396332100620179517e+02
3.222094174215945372e+02
1.018613773478978601e+03
2.737085934672693384e+02
3.027085871947953706e+02
1.023974473015349190e+03
4.521281186964264407e+02
1.004549320789367925e+03
6.837769255748681871e+02
2.909508627757523413e+02
9.970141200120663143e+02
1.016095624412932580e+03
3.839423640424830069e+02
1.022216074766838915e+03
9.985759061583759149e+02
5.580273713001873830e+02
1.035168525268453550e+03
9.906749844443622806e+02
1.027435411855854682e+03
1.035940784217182909e+03
1.024969257783964622e+03
1.036855372255431348e+03
3.396340495320739024e+02
1.034806787365625723e+03
9.593024810940916041e+02
1.003950583409982187e+03
3.717310003562295151e+02
9.846125673696019476e+02
3.263521201132801934e+02
1.004842160267160466e+03
1.012701528003726025e+03
1.027310138475517078e+03
1.002606353405389314e+03
1.014974892291957076e+03
4.553081534356034581e+02
9.693094854396898654e+02
9.701930175915999826e+02
1.007878044056560270e+03
9.935194405650244107e+02
1.071321637982967331e+03
1.025626365403320960e+03
1.058544950937184694e+03
1.063205711646652162e+03
2.606669785709055986e+02
1.113872455277993367e+03
4.106384254788558792e+02
2.161357686747468847e+02
9.846971847116130903e+02
1.039361916578853652e+03
1.053098000948259369e+03
1.045128861464630063e+03
3.069336284437567315e+02
1.007849793706243759e+03
1.009167493263124470e+03
1.014243514588455469e+03
1.070110617692901087e+03
3.227149549074080710e+02
1.029742834669743161e+03
1.045276149557814051e+03
3.021285011169726431e+02
4.497431638574608996e+02
1.061785123899069049e+03
9.924607106783007566e+02
3.875049199291345303e+02
2.741630329318106760e+02
9.771620262823623762e+02
1.039346620321286537e+03
1.007030592712872817e+03
1.004508097846896590e+03
9.916925521519826816e+02
1.011062673876924123e+03
1.011324684543112426e+03
1.031518375101923539e+03
4.548217466591307243e+02
3.533235877319694964e+02
1.017409241159635485e+03
1.071612352147678848e+03
4.796882816578348638e+02
9.958081066624752111e+02
9.586300766676641842e+02
9.873541122629627580e+02
2.106264305377358141e+02
9.865946018244511606e+02
2.960304143939850405e+02
1.029058753580675557e+03
1.009259463288981806e+03
3.781974153164293853e+02
1.015230542165296583e+03
1.035428688801739327e+03
9.713981133150768983e+02
1.015862179802677815e+03
3.585703488485723938e+02
1.014521613130710421e+03
9.982964640916811732e+02
1.083184990470653247e+03
1.014136203276070319e+03
4.068167750071667115e+02
9.456811439716690302e+02
3.258802761787432587e+02
1.038706105751625955e+03
3.069199875495506262e+02
9.863719463116248107e+02
9.836627915394656156e+02
1.043368020149991480e+03
2.004213580706041000e+02
1.066727363727629609e+03
1.052044163471844513e+03
1.778035641895558570e+02
1.020299855024331691e+03
2.577291938026770595e+02
1.032765155613134766e+03
9.866934446538249404e+02
9.317623630216884294e+02
2.139109134432826806e+02
3.871431575805757461e+02
1.078356155929794340e+03
4.348113256313176294e+02
1.012911570479314264e+03
2.435574303909527885e+02
3.467886447117095940e+02
3.004409520127066457e+02
9.917284905004000848e+02
1.038466098896044741e+03
4.529249594039930571e+02
1.010202201349549568e+03
1.035048929560204442e+03
1.017329822092765653e+03
9.762460418201987977e+02
9.900522192151933041e+02
5.158426469331257067e+02
1.019476155021669115e+03
1.043236917229571191e+03
1.001467373403631427e+03
9.866013487879863533e+02
1.009128376350622148e+03
9.792733955538653845e+02
9.945315506684174807e+02
1.007887327671890944e+03
9.756874139442575142e+02
1.810487340540910850e+02
1.001291622724180797e+03
9.774413635264947970e+02
9.644188420394639252e+02
3.307811842611064321e+02
1.023558594286182029e+03
9.593650258041589041e+02
1.022231141649984465e+03
9.600314268976700305e+02
1.014742783112509187e+03
9.807111984946079701e+02
1.008309429392537254e+03
1.661176360258187401e+02
1.070384766574703690e+03
1.075415271785653431e+03
1.001615058767832693e+03
1.045255674867063817e+03
4.806851798062075432e+01
4.668934141049227833e+02
4.353332817715116789e+02
3.109680413680111997e+02
4.206696426230146244e+02
1.020459095218462835e+03
9.752966785971520949e+02
1.006513728501383525e+03
9.841177822160375399e+02
9.651545311971156025e+02
9.959161103993026245e+02
1.018293187893410732e+03
2.915517896130214694e+02
1.009278268929681872e+03
4.083795919323662247e+02
1.006105115535384471e+03
1.020645702152669969e+03
3.199609350486398966e+02
9.862694963919533393e+02
9.884539198730387852e+02
1.009116183482771021e+03
1.048062838986605584e+03
1.006481349439964333e+03
2.230179009239582797e+02
3.357803346178943116e+02
9.538856464025163859e+02
4.856055246326448582e+02
9.587779756862724980e+02
9.991108342944734204e+02
3.611203009674978830e+02
1.001172453518373004e+03
2.348992018390815701e+02
3.822422362208304776e+02
2.788989876539184820e+02
1.020955767285153343e+03
3.406518123839794043e+02
1.049919051488735022e+03
1.756339949572852390e+02
1.817037997141444805e+02
5.106915738107228435e+02
9.453986448478198099e+02
2.889019391154365053e+02
3.828622826602558575e+02
3.749315524519155929e+02
3.056423795809861872e+02
4.077399332864391113e+02
4.058577527867828394e+02
9.923858399817621603e+02
9.962902333095269114e+02
9.975180614396668943e+02
4.957483166335307487e+02
4.156887165361782195e+02
2.487831455376569636e+02
2.307565209593088014e+02
1.042380177925687804e+03
4.701293751536015861e+02
4.449968910096584978e+02
1.037127285053953074e+03
1.083799402017483544e+03
9.969881514963025211e+02
1.054807313610321444e+03
1.063116731024244018e+03
1.025560123863485387e+03
3.655485473810201142e+02
1.052711938801088763e+03
1.028302423260236310e+03
1.075377569890093810e+03
9.823613598847074968e+01
1.458229016300593912e+02
1.015681398999860676e+03
2.371582978521145151e+02
9.905845397878501899e+02
3.704780431347937792e+02
9.799725766646035936e+02
3.450687732961780512e+02
1.043509386122885644e+03
5.566602013588640148e+02
1.041491338150770389e+03
3.355721538629591691e+02
1.035785366125130167e+03
1.071574941646118987e+03
9.826323356570044325e+02
9.736817983084963544e+02
3.545565147401417221e+02
1.758425446121333948e+02
1.026652615897954547e+03
1.004458542197936708e+03
1.021819685397665012e+03
9.907434272442816336e+02
1.005471885689541296e+03
1.025489788061826403e+03
4.096270825827117505e+02
3.443635349568308470e+02
1.006370306584226000e+03
1.063042874599342440e+03
1.009777086811836170e+03
1.056724996841834354e+03
1.609130530711509266e+02
1.570084937883396776e+02
1.014975455540031248e+03
1.819004708482704586e+02
9.831453450413280279e+02
1.023861431114524635e+03
1.036048438162934644e+03
3.320706195397270335e+02
9.979056955257041182e+02
4.668571416367605025e+02
1.017780563190272915e+03
1.501674803826217328e+02
3.610354704722708448e+02
1.019047837927409660e+03
1.022266529499771764e+03
9.772848326262064802e+02
1.917187078186760516e+02
1.010237564516169641e+03
9.961741888078744296e+02
3.272958449775954932e+02
1.044573491352766268e+03
1.021439209527681328e+03
1.078077690739789432e+03
3.810942264399751025e+02
1.061706067904797919e+03
9.874297772025414588e+02
1.013561283253062356e+03
2.862376878819844706e+02
1.012288052433479947e+03
1.015725150889561064e+03
1.048845649490499227e+03
1.006095666630471214e+03
1.050933611949204760e+03
3.102172898822560114e+02
9.864925074117294344e+02
1.694640711335827348e+02
9.887432875225355247e+02
1.019637227850582917e+03
1.822438161777607206e+02
2.886378159431162089e+02
2.644298270173190986e+02
9.371431272440979683e+02
5.420370040472295159e+02
3.052919302402439712e+02
9.655284220955079491e+02
2.999680532137865043e+02
1.051229981031780881e+03
2.313150252819708612e+02
1.015929814796117626e+03
1.032914376933216772e+03
9.818578459180293976e+02
1.005462939504626775e+03
3.611983548393334900e+02
9.528038355019473329e+02
1.043089249581160175e+03
3.648110372998310709e+02
1.023041108096203857e+03
1.026786794511880998e+03
9.994600558377827610e+02
1.071201553160508411e+03
9.873573249632787565e+02
1.032472112988754134e+03
6.828329762901284994e+01
1.039208181891926188e+03
1.026382881288045610e+03
1.021077048337754945e+03
2.996536662231748664e+02
1.007839764227846786e+03
3.868890780152401021e+02
1.059264865567578227e+03
9.556568837529364373e+02
1.033010514222969277e+03
9.904448965349066611e+02
4.429239153428881082e+02
4.071526111992418464e+02
9.913269383256146057e+02
9.206995359931211169e+02
1.003140295252675287e+03
9.572444683867649928e+02
9.786302100210871231e+02
3.237577744594974547e+02
2.590590589085992406e+02
3.754434334047513175e+02
1.001819703075777966e+03
9.646028848465617784e+02
3.414001487292704269e+02
1.020331965828192097e+03
9.707797385113175324e+02
2.812130519635329620e+02
9.917323464061262257e+02
2.775978270859022814e+02
9.383433458208047568e+02
4.814363087158877192e+02
7.445398078982708512e+01
9.939698398325641620e+02
1.024046762495018584e+03
9.800947639211747173e+02
9.878834145866519520e+02
1.027908614006217704e+03
9.838244686013549654e+02
1.021905776358609387e+03
1.068688759972465732e+03
9.934844804115610941e+02
9.555637622313299744e+02
9.610634359156279061e+02
1.037340133354496629e+03
2.370480555899074488e+02
3.564030683987127759e+02
1.041425594938980339e+03
3.587243063833364545e+02
1.012980886729209601e+03
5.591087590248724837e+01
1.043207082384921250e+03
9.999631979815361547e+02
1.869587990768627321e+02
4.304680276832013988e+02
9.739403697204720629e+02
1.045831144360207645e+03
1.019801194795158267e+03
1.052379929263602662e+03
4.884857169043418708e+02
1.010534739892184916e+03
9.546118969099904916e+02
2.595630607184177165e+02
9.568970132338722578e+02
1.039168159563911104e+03
1.112432153690056793e+03
1.030174075710957879e+02
9.757314153426773373e+02
1.017852013511775795e+03
1.000682837992179657e+03
9.878150059511629024e+02
9.804580822486659599e+02
1.032752528494734861e+03
1.019942220037834886e+03
1.992961129601406469e+02
3.130520387418986274e+02
1.004011180167434077e+03
1.029054544611214624e+03
1.043366260306431741e+03
1.015564336803636138e+03
1.050524288836283404e+03
1.016945096401211003e+03
9.624161117772347325e+02
4.195647710665630257e+02
9.976496114938552182e+02
9.595761367919969871e+02
1.017006252066252955e+03
9.566349380178280626e+02
1.205152565371799369e+02
9.826326132412375500e+02
9.696512341485135948e+02
9.903971931588246207e+02
1.680133857361218475e+02
1.000263038863296515e+03
1.041183783650335954e+03
1.050781115862429715e+03
2.035715026554793781e+02
3.852127480176233121e+02
1.040253989786295278e+03
1.008621902488556884e+03
1.022062559670102473e+03
4.513219012074747525e+02
3.948988111519105360e+02
2.478180186356833303e+02
1.039990926166653026e+03
1.786841342004969135e+02
9.939585596095442952e+02
1.000046678652653327e+03
3.395008521163202317e+02
1.004529722149275131e+03
1.053920952720870218e+03
2.113861623881028322e+02
9.900239278656466695e+02
1.038580325782990485e+03
1.074698384230977126e+03
1.009049106116211078e+03
2.190322029787844826e+02
1.051312465462935961e+03
5.258027317036976456e+02
9.390175618325281448e+02
1.015677562870776455e+03
3.675576774063767971e+02
4.060692649752282932e+02
1.002861724505677216e+03
4.654429525335530116e+02
2.720815203511448317e+02
9.894326503566272777e+02
3.993261099084635930e+02
1.075615876201198034e+03
4.534401647095846783e+02
1.021595791574781174e+03
1.060267084142855310e+03
1.018579341188613739e+03
2.827684254496790572e+02
1.010201976514548619e+03
1.059377998375522111e+03
2.562197524206101207e+02
4.833372713956791813e+02
6.516743517782463186e+02
1.028799224872216428e+03
1.028499897739997550e+03
1.005523251202705410e+03
2.941655479931378636e+02
2.070032757390998199e+02
1.079766176973557549e+03
3.243804405136335731e+02
1.017796190137896019e+03
9.690439574894641055e+02
3.510162024884065204e+02
1.003458615931128065e+03
1.006427059949801219e+03
3.360721136545118384e+02
1.085224913085978415e+03
3.783745825589252263e+02
1.001002156827137355e+03
4.662780233557175507e+02
2.908311869288566527e+02
1.049751036179394987e+03
1.035203848819190171e+03
2.082776093215850892e+02
3.043256554514086929e+02
1.018805869677481837e+03
2.715118617063712918e+02
1.072895220326225171e+03
1.028702401064906553e+03
1.377555881652730250e+02
3.309900609481580886e+02
1.040791502232845687e+03
1.033390921422201927e+03
9.725933972951700071e+02
9.739156397145933397e+02
1.010890803795550255e+03
5.897492099837988917e+02
3.490378967278369942e+02
2.538338713221220928e+02
9.922633742923411546e+02
2.960327637651190571e+02
1.005002479889186930e+03
2.248598330783812855e+02
1.049847958437141415e+03
1.042622289103940602e+03
5.083124300800743640e+02
9.910162182942589197e+02
4.707888246072642460e+02
9.711026080598130648e+02
1.054732966574992361e+03
2.772320210353961443e+02
1.003180774538350079e+03
3.250079025676586184e+02
9.816622500050015105e+02
9.810780215225107668e+02
9.876946366268419979e+02
1.513265721138406548e+02
4.329816576200134932e+02
9.938105117080274340e+02
1.055684949141343623e+03
9.931347683520297096e+02
2.640052041301574945e+02
4.999333737820129500e+02
9.950396003281340427e+02
4.721359801602003472e+02
1.012158542812959354e+03
9.695186836896444902e+02
9.709930399716450893e+02
1.014211503314580568e+03
3.650879964471126300e+02
1.014625984880180908e+03
3.647866830392325710e+02
1.063556576019002023e+03
9.973178061886276282e+02
3.015082619830301951e+02
9.617609550426293481e+02
2.992419515575585933e+02
1.018778727305434700e+03
5.262177348665564978e+02
9.677172707552952033e+02
1.028923686327186033e+03
5.167576913414249020e+02
4.078948365416370052e+02
2.505670036178825626e+02
1.046997795196431525e+03
9.857129314799850590e+02
3.501835941268726629e+02
1.024818349719742173e+03
5.633205057293955633e+02
1.046864140990541273e+03
2.458542949442509666e+02
1.014798074974718929e+03
3.353658965678934578e+02
9.379764601818486653e+02
9.501888070710090233e+02
9.933859527874096784e+02
1.031251827363505527e+03
3.045495462880611512e+02
1.049984964379318626e+03
9.949064320471607061e+02
9.766223545510366648e+02
9.541421020779746414e+02
1.619008820285408774e+02
1.025899003971801676e+03
4.898942317815036631e+02
9.730699910269313477e+02
5.228687984711344825e+02
4.245076898764606312e+02
1.028023380689440273e+03
1.023190750932916671e+03
9.984878047057195545e+02
1.094128836073058665e+03
3.349045693300896573e+02
1.000188510591441627e+03
9.605509935783335322e+02
1.075433484438328378e+03
9.262716785853210695e+02
3.956577941187765646e+02
9.723675526064407677e+02
9.699646444472851954e+02
3.211586468626627493e+02
1.020548217141360965e+03
3.461410157922529152e+02
1.023964999223303948e+03
1.020865315589810052e+03
1.025371752249705423e+03
9.949302701198649856e+02
4.412044634618774808e+02
3.188419130554767094e+02
9.948323153252740667e+02
1.089056196483946451e+03
9.904174706736005191e+02
1.013691047902724904e+03
9.803515451969445849e+02
1.024772631329149590e+03
1.010812707240272402e+03
9.815106157981787192e+02
4.052749339432868396e+02
1.009019551338676933e+03
9.471883796587400184e+02
1.074546339934732032e+03
4.382956687748202853e+02
1.042357839363074390e+03
9.862163283527243038e+02
1.563393067313062659e+02
1.034291628144685319e+03
1.018102733144029571e+03
1.025332779541879518e+03
3.706038929714170536e+02
3.792224927431551009e+02
1.050170525050355764e+03
9.988092396473549570e+02
1.039933203537640338e+03
1.957719544746805411e+02
1.043306085595594141e+03
2.019302569833727716e+02
1.007391834437167745e+03
3.507606570838474909e+02
9.676159822168740448e+02
1.008505256451124069e+03
2.809805480213691453e+02
9.983497280498568216e+02
1.029394282006923277e+03
9.939536379585462100e+02
8.980844115059082355e+01
1.035731173775836169e+03
1.017256563009072920e+03
2.447783426557965640e+02
1.016404185481132686e+03
2.669446138232971748e+02
1.004510080594300803e+03
2.531496916395103938e+02
4.343751360599879376e+02
1.085358964642839283e+03
3.893934315428743957e+02
9.860625975589266545e+02
1.003756405910772060e+03
9.757706570788579938e+02
1.025394016169920860e+03
1.013318588399856594e+03
3.434698081893048425e+02
2.066595316715360298e+02
3.495485936045018320e+02
9.867699015029224938e+02
1.005247965678298101e+03
1.911018235205605720e+02
1.039722299859060513e+03
1.036532702110787341e+03
2.380654127559677136e+02
9.681638716563149956e+02
3.538529915906536303e+02
9.527566660399443208e+02
9.647184268179452147e+02
1.076681814916341636e+03
2.736508415470368618e+02
1.006689390056703246e+03
1.031699628056817573e+03
4.122018146962383867e+02
2.533569192842246594e+02
2.453564618948605585e+02
1.028685457429603730e+03
1.025136090268566704e+03
5.062459136440440943e+02
1.016696660226698782e+03
9.990244184582369371e+02
1.010464042269839524e+03
1.003834352832546642e+03
9.779315884469826869e+02
1.001202296589094431e+03
3.247430854453343727e+02
1.013671285228302622e+03
9.528910432016828054e+02
3.584815813914817113e+02
1.025399768025206413e+03
1.034028263900768025e+03
9.988529788358371206e+02
3.774127563292871628e+02
1.006133416067625262e+03
1.047646464510969963e+03
1.007101257370959388e+03
3.234782753477907136e+02
9.987371313137795141e+02
1.019349762415712803e+03
1.057969893524246800e+03
1.064191756546715851e+03
2.210247411740889163e+02
9.472516195340112972e+02
2.402067789142399477e+02
1.050539740836251667e+03
1.081910633501082657e+03
1.059093012073578620e+03
1.022295857155077442e+03
3.756451183244382719e+02
4.903315669075156507e+02
9.660305297341070627e+02
4.023383982972986246e+02
9.923922996664759921e+02
1.022640725087184478e+03
9.868443508457532971e+02
2.583411272061252930e+02
4.442036265217436721e+02
3.383580791293008474e+02
1.031903046299391463e+03
1.038185644527146451e+03
9.973169050297768763e+02
5.869920110407971379e+02
1.072916021471073236e+03
9.885032138024625965e+02
1.051016500538423315e+03
1.032007914747550103e+03
1.028893668354897272e+03
1.012068398339937517e+03
1.032714514023228503e+03
1.042269362362708307e+03
2.595454063058863312e+02
4.802926989037782732e+02
4.623416235121527507e+02
1.037547292068082015e+03
1.036696330915807721e+03
1.074619830227477451e+03
3.150990879755038350e+02
2.012316695999052456e+02
1.005435780173012063e+03
9.459749547475582858e+02
2.583125698108734696e+02
9.909468175503715202e+02
1.054901924550730882e+03
1.777946671908779024e+02
1.006892858726231452e+03
1.061657311811276486e+03
1.005395078245641116e+03
9.345229208110883974e+02
1.043637256419359801e+03
4.881363454783280531e+01
9.864866638503676768e+02
4.391356125867396827e+02
4.463919763613608325e+02
1.022022063932159540e+03
1.018208772321564652e+03
1.079335581626848352e+03
4.148828661369835231e+02
3.280815181486561301e+02
1.017704192943615567e+03
9.629208120745332735e+02
9.604121189394026032e+02
9.916104861340694470e+02
3.979725266942606368e+02
2.054316272031868493e+02
1.921955031260399664e+02
9.634238967288603135e+02
1.041934002602172541e+03
9.994863955673981764e+02
1.003202550034726187e+03
1.032047664684277152e+03
1.001285648824189366e+03
9.717772684425648322e+02
1.038292229789042494e+03
1.012346100050186237e+03
1.068466353690004325e+03
1.016879936269294035e+03
3.122045317213932663e+02
1.023219801659390214e+03
1.030815658631548331e+03
1.047540812863889869e+03
9.815743743774739869e+02
9.719864422629071896e+02
1.036132166567169634e+03
9.897451899569765601e+02
1.033109612977412780e+03
9.895406915346801497e+02
1.038816425105448502e+02
1.024540772700206617e+03
9.916522861142810825e+02
9.876897975848902433e+02
1.005236727323587502e+03
3.090901380520240878e+02
6.190279546681872489e+02
1.036848364057102572e+03
1.003842425802800904e+03
1.013558442757424245e+03
3.458616669072858940e+02
1.024748875240898087e+03
2.754399160774364645e+02
1.009683589369653532e+03
4.956331207162287456e+01
1.027166374930465508e+03
1.034701407521306919e+03
1.051364266673043176e+03
1.035676014645447822e+03
3.349557206696476896e+02
1.043617388874456310e+03
1.033766621574868623e+03
9.795876595427404254e+02
9.676830183565829202e+02
1.044458856863384426e+03
2.143147437182246904e+02
9.860249805867490522e+02
1.006054040556785139e+03
3.414342509007776130e+02
9.766653588063841198e+02
1.036076066117142773e+03
1.063543269744948020e+03
1.003156275377314273e+03
4.239621270960711854e+02
1.057038819072704882e+03
1.020593518076873465e+03
1.075706295232372668e+03
1.055790302587634187e+03
1.030870940628314202e+03
4.430698091376538628e+02
9.963683430437689594e+02
1.012723956428276324e+03
9.406565786476961648e+02
1.037046142820331852e+03
1.003362303836670094e+03
2.432587431496468469e+02
4.717301065441251922e+02
1.002000176239225198e+03
9.980657173111767406e+02
2.507867448348175117e+02
1.033852372033479924e+03
9.989429188048007973e+02
4.532044108193971397e+02
1.012851400042400883e+03
9.826917597958657780e+02
9.960780738308346827e+02
1.045284952198564952e+03
9.653390559861887823e+02
1.009567839222134353e+03
2.304028688761196122e+02
4.472766031744296242e+02
3.623102862893240399e+02
3.119039100298462586e+02
3.390315843192050238e+02
9.956426162266236588e+02
9.782634306123898114e+02
2.004218880582985776e+02
1.009934395566274361e+03
1.026151484744686286e+03
1.772214949008831013e+02
1.005761267023692426e+03
1.017292702318799343e+03
4.462763457540089576e+02
9.735490308311212857e+02
3.408410773084256675e+02
3.674002096880234376e+02
3.376984249222107337e+02
9.982645050445339621e+02
3.308916800846097885e+02
2.262057194225340595e+02
3.612166973346540431e+02
1.202320451114198647e+02
9.961083035401139796e+02
9.994850803553576952e+02
9.914478155761430571e+02
9.837275733367214343e+02
9.428673241683244441e+02
9.844529058343142651e+02
2.815918994090412184e+02
9.929327222016526093e+02
9.937382537655789747e+02
9.990181117566723970e+02
1.013824719158163361e+03
3.416280096332946528e+02
1.038435554404382628e+03
4.305708013947567565e+02
1.043085884349220350e+03
1.013426565320120631e+03
1.010933990854315539e+03
1.068323311863620120e+03
4.371267379322957822e+02
9.969856264172276497e+02
9.891811868619207644e+02
1.020576384969606124e+03
1.024406995019372289e+03
2.974012518024117071e+02
1.025277865308138189e+03
1.113303594831152623e+03
9.848089479801141124e+02
3.414497282943059417e+02
9.752387372708420799e+02
9.989672684788922652e+02
3.355784329945544755e+02
4.422388106400425727e+02
2.932636874012770249e+02
1.088828217047203452e+03
9.790544196938254800e+02
9.947332675685522645e+02
2.430138153035685775e+02
9.826922198525135173e+02
9.572696578922558501e+02
1.017570703709336840e+03
1.024393175494669777e+03
5.342693422708484832e+02
2.490373367210171978e+02
2.622631264581799542e+02
3.464004042000364052e+02
2.764169081130007726e+02
1.035735444344337566e+03
3.096780120290968057e+02
9.804171446013177729e+02
9.921445452727768952e+02
1.431212301480708788e+02
9.853273915024590224e+02
3.037015675228578289e+02
1.026364464067264635e+03
1.012750878258496527e+03
1.034391511064346332e+03
1.001638959978936214e+03
9.710105112409305548e+02
1.048779923262423154e+03
9.708589343351441130e+02
4.565666357812508522e+02
1.043744044821137322e+03
2.894546506276450373e+02
3.833311029364369915e+02
1.036076354169662409e+03
1.174170926614280575e+02
9.339278723741530257e+02
1.053030891513526967e+03
9.958121434938980201e+02
2.985642427901960332e+02
3.456431311189753046e+02
3.894316353740572367e+02
9.764405067153188611e+02
1.047050482654429061e+03
1.008453379837932857e+03
1.045814263852744716e+03
1.062333083036689459e+03
9.772076415164784748e+02
4.228260123732864599e+02
9.894545617111284628e+02
9.993770635074369011e+02
2.170239761537551431e+02
1.063237869681629945e+03
9.932688164210981085e+02
4.441036141567710160e+02
1.038240043692327845e+03
3.521124235897542007e+02
9.984981497153179362e+02
9.985701677799547724e+02
3.303042033205605890e+02
9.612641849283580768e+02
9.864369324465168347e+02
4.863736153081057410e+02
3.901162320958241025e+02
9.836310310795666965e+02
9.825230885975629462e+02
1.036427426155591093e+03
2.933823062266583861e+02
3.905958507617485793e+02
9.957796586158010541e+02
9.904213885469290517e+02
3.032919042075543530e+02
9.825617547338645181e+02
9.252799708000126202e+02
1.039434881096825166e+03
4.368657808278811103e+02
6.066455482166466027e+02
9.933001773822330733e+02
1.001757471411147321e+03
9.757527209694155772e+02
1.085698408811552326e+03
1.027196927891756559e+03
2.046798356973480395e+02
1.071318031537383604e+03
1.025181169310074438e+03
1.014478582544365509e+03
1.011543410879566181e+03
2.847145957489835837e+02
1.056372261193768509e+03
9.981705683392578976e+02
1.072503063324625373e+03
1.014534463849851704e+03
2.903154254367985345e+02
3.245799955975782041e+02
2.152896794541007353e+02
2.313343857954843372e+02
1.004327010529167410e+03
1.024362103560367359e+03
9.660165512526174325e+02
9.310369801776834038e+02
9.650550238714683928e+02
9.938241397728547781e+02
1.601427277548633015e+02
3.801674567418633046e+02
1.022227479245523796e+03
1.021800370893245599e+03
1.071699275043671150e+03
1.025367415120935902e+03
1.544237555778057924e+02
2.700755648908711919e+02
1.013829871492883058e+03
4.097907866390511344e+02
1.042517107696952053e+03
1.026714143162510709e+03
1.025522148904729193e+03
1.003556076673765006e+03
1.020379004923428511e+03
1.001758872413985046e+03
5.110334045408849875e+02
2.124823038833358453e+02
3.661225805390118921e+02
9.586469861966412509e+02
2.591020337546683550e+02
7.994340263395412194e+01
9.847353350419380149e+02
9.993034275405668723e+02
3.628749165664127077e+02
9.709815708410843627e+02
2.610437205793305679e+02
1.000717656622771983e+03
3.686519695857406873e+02
1.020870248620512029e+03
3.950345810832611733e+02
9.740345979572825854e+02
1.013933837634211045e+03
1.007647715580591125e+03
1.005241754331439324e+03
9.992885092086605709e+02
1.030091055791408735e+03
9.227488052591128280e+02
1.026806856654499370e+03
3.418316202065048515e+02
1.002807637738769017e+03
1.027011794855364997e+03
1.055736590925365135e+03
1.043436898735278191e+03
9.834650996268939025e+02
1.038193588408666528e+03
1.004263245293417526e+03
1.002114201845495359e+03
9.980443674838179504e+02
1.043361387508665075e+03
2.786011259956324579e+02
9.577529000582858316e+02
1.084471381173701047e+03
3.235536617288506704e+02
3.540697284550370227e+02
2.790949876818588109e+02
9.780734851733705000e+02
1.011564134511075736e+03
1.006208368128216534e+03
2.857452712432020689e+02
2.482602469444036046e+02
1.033907069749496031e+03
2.815950301382725911e+02
4.050698253613700786e+02
5.454249825942815733e+02
1.004286571538426756e+03
1.038789424489404837e+03
5.461965661611296809e+02
1.016836422103099949e+03
1.050990476585948045e+03
1.032353479612409728e+03
3.981801293220527214e+02
2.942281997760171066e+02
3.162771408290332147e+02
1.023596031909567387e+03
9.910992495255194399e+02
1.025882251109884237e+03
9.728016465608091039e+02
1.022866883650258615e+03
3.324663240064307388e+02
1.009750278846742503e+03
1.019831718708455242e+03
9.915609449028501103e+02
1.022783146254908502e+03
9.877720995039665013e+02
1.007141242155441660e+03
3.917262538098604523e+02
9.937851306438394658e+02
1.012297700759615168e+03
9.869327047794397458e+02
1.025566395180763038e+03
1.011916583153095303e+03
9.938957954806780890e+02
1.025473211865678195e+03
3.526508833794336510e+02
2.484873070779627255e+02
1.018950861067774895e+03
9.207468545255457002e+02
9.953243589042682515e+02
9.981053793561967495e+02
3.934352254021383715e+02
4.267916428631927488e+02
3.752584473093914994e+02
2.537427594071641010e+02
4.252587139139337751e+02
1.001026565555743332e+03
9.905910809738227272e+02
3.822179718501356547e+02
1.020253113422303727e+03
1.038689549419078503e+03
9.801324314261564723e+02
9.752689053100510819e+02
1.015487113494922028e+03
1.008976726059503903e+03
3.807790022258498084e+02
3.170488786302847188e+02
1.663474908419936753e+02
1.043677182227954290e+03
1.017139139850994184e+03
9.909891195690705672e+02
1.062501817155241497e+03
1.017233992472688669e+03
2.991927020147982148e+02
5.307867668065068756e+02
1.007290272605107020e+03
9.308957168935319260e+02
1.008506877741715130e+03
3.454003235798464289e+02
1.014951296524946429e+03
1.044221353915260352e+03
1.061244861875490642e+03
1.030616384938930651e+03
1.024483375044931790e+03
1.024107010241583566e+03
1.001854668255720981e+03
1.051539025556226079e+03
1.927252226918097620e+02
9.891406077841716069e+02
2.110398251224943635e+02
3.392407706050616412e+02
9.826667484876261369e+02
3.273118566161233502e+02
3.184057130929730874e+02
1.305849339167328083e+02
2.997526477867658059e+02
3.543574426084377933e+02
1.014552735542227197e+03
1.038404284053224501e+03
1.076146711924965302e+03
9.376545506666425354e+02
9.683787305590948336e+02
9.751299767089088846e+02
1.008642755681887593e+03
1.059148801027098898e+03
2.835716442968706588e+02
9.980097785483615098e+02
9.925556357607463269e+02
9.701992095441014499e+02
1.020520559640553529e+03
1.348790526960162026e+02
9.595156924410207466e+02
3.815887974212290032e+02
1.016156291718930788e+03
9.482402030662107109e+02
1.009962707805130776e+03
9.625000077397281757e+02
9.621344923478457076e+02
9.626771405186700576e+02
1.035395297342985259e+03
1.026837289576158810e+03
4.237011323815984269e+02
1.222010609347582033e+02
1.058650282066832006e+03
9.810360137616407883e+02
1.033907040614863718e+03
1.013372493263621891e+03
1.002007308026576652e+03
1.001423636776638659e+03
9.861145622279598228e+02
9.995328432184080611e+02
9.806063744601010512e+02
4.981805789210410467e+02
3.250817866417927462e+02
9.931606618816912260e+02
3.470504117044135910e+02
9.610835562840254624e+02
2.292649618789967292e+02
2.050491811799874711e+02
9.922246698787413379e+02
9.602704422012410532e+02
9.411475639769541885e+02
1.020043514872170249e+03
1.745232030618136037e+02
9.831159172009316762e+02
9.783570748257574223e+02
1.023456369885597269e+03
1.011342754934303230e+03
1.038901386659090804e+03
2.247200184002972776e+02
3.151728850344655370e+02
1.022722731930115401e+03
1.043834403909017738e+03
1.019963456347826309e+03
1.048510376611526681e+03
9.932706314849958744e+02
4.320750175666262294e+02
1.016181599245832786e+03
3.559563306280859365e+02
9.683312357949419038e+02
4.810239855598278496e+02
1.866663026235879101e+02
1.008743734591243651e+03
1.036618162823039484e+03
9.716650998296375974e+02
9.842182671544463801e+02
1.783556628127889496e+02
1.034845887429409231e+03
9.869917882511745120e+02
9.570328854085834109e+02
1.059552089114428782e+03
8.821713087865933289e+01
1.017341085837427727e+03
9.686977304650766882e+02
1.026491636962879738e+03
9.925758040479963711e+02
4.784476048269852981e+02
1.016696706530024358e+03
3.081074132183945835e+02
2.420252635092981848e+02
2.031299846045923800e+02
2.113018178235267897e+01
1.083511991586436579e+03
3.232804144899083099e+02
3.945651434342469202e+02
2.255043288798973151e+02
9.807592068005960755e+02
9.972757512847439330e+02
3.473822322676230101e+02
3.184261018783525401e+02
1.035721311852883218e+03
1.046063033904186113e+03
3.350322745931968029e+02
3.517982401213251364e+02
1.043816566403218530e+03
3.516359370930107957e+02
2.155449583204478472e+02
9.792094269078055504e+02
3.505731646663185188e+02
1.705611103635333450e+02
9.776549480054673040e+02
1.067723463651573866e+03
1.020882578678279856e+03
1.014749744015909528e+03
2.363307552933624152e+02
1.003141287608861603e+03
1.028238879203599481e+03
9.897884252071763740e+02
9.714119070519498109e+02
2.246050558982340704e+02
1.024690251013895249e+03
1.012814146583011848e+03
9.826719702335595912e+02
1.006328260774599130e+03
2.808306649467794500e+02
3.025305784410026035e+02
9.644999763143673590e+02
3.817761719102164193e+02
1.039160900639333704e+03
1.000878283802578721e+03
1.016498125110539945e+03
9.929356720655914614e+02
1.032616851139095843e+03
1.036968678263178845e+03
1.007786624254855496e+03
6.151966380394846965e+02
9.273052707916477857e+02
4.249253644854685490e+02
3.553533862715863165e+02
2.623391041667541685e+02
3.659934076848045947e+02
5.121020152060214059e+02
1.004874666662806590e+03
1.007146899701490497e+03
3.360864782898079852e+02
9.780434164606779177e+02
9.701977831257512435e+02
4.236081539652526544e+02
2.484848598940977809e+02
1.024804240338510908e+03
1.069356577702950062e+03
9.933712488523452748e+02
1.028362889671174571e+03
1.061356364002394685e+03
1.021943732149025436e+03
1.647493097900081409e+02
1.151604483485162973e+02
1.023847600095160487e+03
5.073846350424388447e+02
1.002656199947699406e+03
2.712636910958828480e+02
1.018413753280493665e+03
2.147970245824286053e+02
1.065804344325853890e+03
1.012739947970584694e+03
1.004007686280867347e+03
4.265191422321726122e+02
1.038371439622632352e+03
9.512486501771554686e+02
1.018405090897178980e+03
1.000773885366238119e+03
1.017636567925575150e+03
4.003352700265485282e+02
1.029242388568979550e+03
9.799760486111399587e+02
1.005300470611295509e+03
9.414554410907018109e+02
1.022547836739408581e+03
2.884688866122354511e+02
4.552349764260185907e+02
1.847512763084046128e+01
1.009666448223428915e+03
1.006390910574581426e+03
1.039347625697385411e+03
1.019696453827534128e+03
9.968307151439613563e+02
1.045964682525742319e+03
1.026433576485534104e+03
4.340675297657757028e+02
9.894230818212923850e+02
9.742126549462554976e+02
9.844389856500862379e+02
3.639414304120429051e+02
1.061234118196434565e+03
1.048123376723510546e+03
1.005920627679759605e+03
1.071399999640214446e+03
3.200887331022661328e+02
9.783117408455577788e+02
3.233951926303226401e+02
3.768494251249945819e+02
1.016753037026722041e+03
1.008270272772250109e+03
1.037791771147688678e+03
9.055910940865163639e+01
3.579451430644201650e+02
9.868852269373597892e+02
2.104908603803555707e+02
2.725106968694926763e+02
1.040691639235083130e+03
9.802068062511673361e+02
1.002748298297900192e+03
9.752929942620296515e+02
1.002700610885728793e+03
2.295410142226925814e+02
1.053393320737873410e+03
1.780264550769424545e+02
1.057945504729344066e+03
1.334384866472642557e+02
1.042103877947919727e+03
3.480021540656905472e+02
1.028060779552328313e+03
4.104529656534043625e+02
1.018129730196196078e+03
9.998496532548174400e+02
4.086998267710356458e+02
1.013182551442382419e+03
9.802089821379366867e+02
9.899468761520563476e+02
9.603250621108387577e+02
9.656377213869616298e+02
1.031561662250679774e+03
1.113537706560525749e+02
1.031513909240664361e+03
1.013654860554408970e+03
3.130645523058897197e+02
1.016153687938854091e+03
1.037209686386244584e+03
1.911638073633658337e+02
2.495407435458118641e+02
4.146428744930805124e+02
9.628491913559324757e+02
1.064792436014038913e+03
2.336800499898272960e+02
1.033784854654399169e+03
1.004400025840093576e+03
1.042826816331308009e+03
1.070601015464656712e+03
1.032519791816409906e+03
1.026612896685223859e+03
2.769494606954466462e+02
1.030725767455258392e+03
9.287525315199962961e+02
1.007840293498120218e+03
4.061391599941566710e+02
9.656033171773349295e+02
9.986547725581947361e+02
1.028434800054890729e+03
3.701759932778446682e+02
1.045594006734998402e+03
1.037797492584470774e+03
3.568106202047956117e+02
9.688073573511805989e+02
1.020864195454656624e+03
6.196271226124575833e+02
3.418020095583184457e+02
1.034855432005517287e+03
1.022490501579465445e+03
2.972303808296132956e+02
9.599467849741158716e+02
1.035919708892597100e+03
1.012939514478744741e+03
2.115992592971686292e+02
2.260276662399602117e+02
2.522130495458738721e+02
3.243158435908779893e+02
3.125746992210656572e+02
2.186219595997017109e+02
2.319404074548537551e+02
3.716154506509389535e+02
4.035164898335083308e+02
2.789245934246530965e+02
1.008996454491256259e+03
2.391702925866424607e+02
3.716565091954271338e+01
1.022159767685439306e+03
9.644856031605803537e+02
9.877150066477804558e+02
1.039335109143720274e+03
9.887688382537260168e+02
4.997980607052570576e+02
9.987605778993420245e+02
3.247812870949455260e+02
3.300953027677816181e+02
9.647056619272425451e+02
1.037208707037485965e+03
4.201527892633400825e+02
1.037064317204652525e+03
3.368953486935905630e+02
1.011712162496490919e+03
4.843839278263337746e+02
1.840469665078291257e+02
2.819426955242539066e+02
9.964265791361322044e+02
1.035417441314496273e+03
1.041766229932766009e+03
9.866193919554234526e+02
9.999510252395647285e+02
9.114258819591711358e+01
1.042420067732589814e+03
9.581011744998929771e+02
1.053059644796242083e+03
1.088751429490226030e+02
1.018294537818463141e+03
9.438952855440174972e+02
1.060815203013449263e+03
1.001559946894412974e+03
1.002386053923377062e+03
1.021853737129371893e+03
1.017240760241324324e+03
3.902025835190127054e+02
1.003176748101485373e+03
4.336430274076418527e+02
1.041870075584912911e+03
9.508627052087222182e+02
9.973838845745037816e+02
1.068498934633442786e+03
9.738600267823807144e+02
1.030561168183183327e+03
9.474912230884682458e+02
1.004333973878468328e+03
1.051486336936138741e+03
1.007799902002274393e+03
1.056255743535244392e+03
9.971102236810505701e+02
1.001184240544202225e+03
1.023635972701212495e+03
9.878746890855060201e+02
1.051204591283091986e+03
2.311705485906091440e+02
4.430439480114013691e+02
1.016058995339573471e+03
4.347632348557783075e+02
9.952993416668591635e+02
9.898516935808910375e+02
9.994168171910347382e+02
9.749839654682264154e+02
1.051545435377006470e+03
3.109271082321729409e+02
2.837307575690539920e+02
3.330937224326017940e+02
3.949807001926958492e+02
2.296814763137298314e+02
1.043933593282485162e+03
1.027590124575566506e+03
3.108443518807628720e+02
1.009736418452203111e+03
9.961822487293145514e+02
1.037284890370659696e+03
9.936408546573862850e+02
1.018444804934735998e+03
2.796703625425243445e+02
1.014105169111749206e+03
3.694835584245735163e+02
1.008160792981090935e+03
9.886404414243809242e+02
9.859588872652531109e+02
1.043691507156509488e+03
1.012197473642009868e+03
1.007362944007814690e+03
1.049063265833183323e+03
1.082074011473558130e+03
2.445280372520482786e+02
2.485193170729754684e+02
1.001732407328635645e+03
3.465425829353650897e+02
1.064894182708963797e+02
9.935707023269887941e+02
1.006054987038476725e+03
9.938981819286902919e+02
1.077603096275396638e+03
9.958060065324362995e+02
3.760094927521436716e+02
9.688621655405573847e+02
9.815818461533884829e+02
1.010426967968277268e+03
1.000102322236634222e+03
9.777033229746041343e+02
1.020948465161160016e+03
4.815196344568597624e+02
3.760141366499002515e+02
2.899576714470219940e+02
9.630417317639130488e+02
9.775436667961762396e+02
9.909950216686586373e+02
1.036918234357097617e+03
1.002586150954685195e+03
1.009192770526868912e+03
1.001775345544364427e+03
9.924919738792707449e+02
4.368023240178040396e+02
1.006688348418652367e+03
1.043762019569220683e+03
7.366333054256174364e+02
2.585015043564216057e+02
9.325917116808642504e+02
1.106620553911902107e+03
1.006316368089279308e+03
9.819512835890384395e+02
3.460179079666651774e+02
9.882486243630939953e+02
9.986096843779758956e+02
1.002400319656117517e+03
9.982862318234352870e+02
3.259342216438391233e+02
1.026141012668940675e+03
2.398545580500788219e+02
1.021615148216549755e+03
1.026903819862647424e+03
1.074433977664378517e+03
1.013152734600777990e+03
1.022680441196086463e+03
9.279367054661255452e+02
1.003988345970620571e+03
3.574976827822062546e+02
2.931550649263074888e+02
6.283744962892139938e+02
9.793935220458130289e+02
9.443490841597963481e+02
3.296265229536861057e+02
4.084925141562561066e+02
1.038279716449888838e+03
9.979641907375842038e+02
1.016051907701909272e+03
1.011082636491545600e+03
1.004630916373369928e+03
2.276276312953139609e+02
1.774431943260469211e+02
1.024967302703090354e+03
3.530595757851309031e+02
2.342974585528178579e+02
1.013876929173664962e+03
1.096815697639662176e+03
3.917218329156873438e+02
9.625708698421334475e+02
2.888638370022553659e+02
1.016694888468590193e+03
1.020926068234327772e+03
1.021038799034477961e+03
9.897311215887342541e+02
4.911959282654725030e+02
1.747436599615187731e+02
1.984524448271735650e+02
2.563552492145072392e+02
9.993339011501166169e+02
9.976313758489419570e+02
9.647852254847349514e+02
3.373391204322479666e+02
9.919438366726133154e+02
1.001577208952821479e+03
1.720757004276549935e+02
1.001794525693987680e+03
3.097142210636140476e+02
9.808511390883398917e+02
2.709474757524995425e+02
9.494020356533613949e+02
4.059830497984537487e+02
2.274787948754387799e+02
5.565591997689198251e+02
1.009678375012243237e+03
3.573506882250981107e+02
9.963813608887771807e+02
3.709070568140321598e+02
1.025187209862730469e+03
2.369590953145300887e+02
1.038872677038737038e+03
9.931180076784806943e+02
4.225717237192214952e+02
1.017163226219473927e+03
3.156181714121588584e+02
1.042700934505363193e+03
3.731570542276468245e+02
6.810670676394261136e+02
2.946667594873971439e+02
1.054548291236269733e+03
1.014060692199517689e+03
1.014179041452742581e+03
9.691592649142651226e+02
9.920952205128824062e+02
1.009181111749763659e+03
3.022760411251995265e+02
1.029505926733498427e+03
5.237469470059489822e+02
2.758048127333521506e+02
1.009435781172222164e+03
3.896549947829225289e+02
1.020929757680602279e+03
1.019572794454925656e+03
9.614831952994835547e+02
1.032311717256253132e+03
1.035180657427615643e+03
3.996554387871897802e+02
9.789537666571471846e+02
6.923923251181186060e+02
1.004816694670084530e+03
1.032225333495807945e+03
1.052604359595719643e+03
1.751465607375730258e+02
1.051610008499410924e+03
4.685184826204182968e+02
9.996913015844676238e+02
1.011680517156634664e+03
4.433889524099441815e+02
1.025595961541127281e+03
1.951452033520593830e+02
1.025043380862204231e+03
2.916747391271952665e+02
9.879342989988401769e+02
1.071586248133748541e+03
2.384621326762502349e+02
9.562357386405975603e+02
1.018239046092747571e+03
2.980437937263472463e+02
3.245861612328820911e+01
2.393599543357279344e+02
1.013480430838218354e+03
9.824065635045960789e+02
1.006198133636898319e+03
9.847180882966149511e+02
1.060174941863594086e+03
1.012159882848390453e+03
2.220406405128281904e+02
1.002835754481886852e+03
9.991471392145256232e+02
1.011214187284133232e+03
1.028615637043586048e+03
3.538766955048857881e+02
3.726082530565890920e+02
2.211385873655081582e+02
9.779101031574871286e+02
9.864150758484062180e+02
4.936202458894064193e+02
3.778618739207229282e+02
9.975104304176464893e+02
1.066732806499440812e+03
1.011367877036621508e+03
1.009278597769328030e+03
4.709202271505115505e+02
2.261548779486176386e+02
3.595463122078294873e+02
2.901640848129657115e+02
1.453754389565894201e+02
9.928963675967098652e+02
2.853565627704410872e+02
9.476485955257656997e+02
9.870526280179792593e+02
1.023968753248410053e+03
1.033898299643466999e+03
3.395528902383774152e+02
1.086101560518885208e+03
9.918699390098944946e+01
1.030824253765808407e+03
1.008227053196001179e+03
2.746602676605356805e+02
1.083748825159281978e+03
4.266977518687438646e+02
9.882922342187598588e+02
1.043770912405234412e+03
9.792129756069837185e+02
2.169780397116707888e+02
9.487948085826959641e+02
1.037805931284526423e+03
1.008671127531733418e+03
1.003004372482760118e+03
1.027269876631183024e+03
3.964617980322362314e+02
1.061670507913358961e+03
1.034031127535738960e+03
1.016725002505014231e+03
1.582842707030596614e+02
1.051776112795063682e+03
1.015449518482385088e+03
9.915978643443579585e+02
4.074645344414464034e+02
2.045242993275806498e+02
1.049408683342994209e+03
3.730645160720940225e+02
1.013183583703539739e+03
1.039284301956980016e+03
2.913361225757331567e+02
2.454387348035427294e+02
2.067984873198961395e+02
1.010723348704287673e+03
1.655155989370809095e+02
1.986453044393391565e+02
1.039469533864892355e+03
9.788212856743234624e+02
1.028315034426520015e+03
1.019896834291150640e+03
1.004692661684374912e+03
3.800267022575276314e+02
9.663866359717455907e+02
1.030229514605780196e+03
1.018003156582273618e+03
9.572173014214058639e+02
1.071689140229186705e+03
1.066999951385405893e+03
3.077120880223841368e+02
2.456164690877193664e+02
1.992892385666888799e+02
2.443333474828654630e+02
3.456435015199451755e+02
9.702357482240897752e+02
1.001399221924981248e+03
4.756100117729271233e+02
1.827065405765259527e+02
1.003214746248907772e+03
9.757431120813578218e+02
9.732191594893180309e+02
1.012157314336493073e+03
1.004219646116229569e+03
1.009928212756491007e+03
3.319757765412945787e+02
9.977744481524088087e+02
9.821708218732993600e+02
4.034422413139291166e+02
1.034909167774837215e+03
9.727685632239149527e+02
4.909387721389804256e+02
1.004847274840869773e+03
1.032614097737163547e+03
9.942453058389537546e+02
1.568826250187450455e+02
2.316067643171393797e+02
1.003052045169138296e+03
3.461267919074706469e+02
9.987782014120653002e+02
9.780104239356678590e+02
1.052418382261785155e+03
9.617217244993538543e+02
5.856369091535250391e+02
1.003379810873032511e+03
2.350343423295692560e+02
2.706367716801894971e+02
3.152373814429850540e+02
2.965512556916200424e+02
3.079996727377015873e+02
3.754818627944779337e+02
1.027265247599717441e+03
1.019351481098560384e+03
1.012327433146441194e+03
1.032719854447825810e+03
3.839201525809375539e+02
1.037533076564488738e+03
9.229816633961872867e+02
3.018081506204666766e+02
1.015991582538678358e+03
1.021918343891152631e+03
4.191824576711385362e+02
1.024750328011861484e+03
2.653870670873760673e+02
3.183240584854884219e+02
1.005337782835109351e+03
1.008708041894768598e+03
3.526097425205410900e+02
1.037898308730814051e+03
1.029245868707072987e+03
9.659712730854256506e+02
1.022453783933277009e+03
1.026937530891258348e+03
1.022185819987278819e+03
1.006861796979308565e+03
1.025625045584866484e+03
1.023984743967064446e+03
9.504946484142882355e+02
2.230515301373991974e+02
3.238854063564978105e+02
9.546925653390842399e+02
3.402772160321112551e+02
5.247404103865957268e+02
1.038572850454009767e+03
5.633282868151517278e+02
9.560010519827231974e+02
1.036324550797628717e+03
1.046375600650468414e+03
9.839790996986102982e+02
1.051780799892268078e+03
2.977399030251427234e+02
1.033757812578035328e+03
4.617497182954145387e+02
2.548589368777521997e+02
9.989337108932384126e+02
1.032698428426474948e+03
1.017775427983275904e+03
1.019655411036814371e+03
3.028095615659598252e+02
9.648781849252571874e+02
3.096284940807886983e+02
1.021643732680480298e+03
9.602252034409416410e+02
9.717456590029410108e+02
9.979871387924097235e+02
3.923490683586113619e+02
9.896943988130710750e+02
1.040433709335856292e+03
1.001304024731268100e+03
9.834903221636650414e+02
3.275947740618781836e+02
1.745803382138618929e+02
1.044447864498433546e+03
3.339790250384504020e+02
9.560555537970493560e+02
5.007288641150823878e+02
1.019334577719126855e+03
1.045708387725964940e+03
3.090787626752812116e+02
2.248510934054745576e+02
1.017167944874759996e+03
1.003248481880527834e+03
2.897983926461039346e+02
1.029773962958647871e+03
1.032537043424970079e+03
1.019317664436889117e+03
9.954043835780223617e+02
3.945379317378324799e+02
2.633903352770090578e+02
1.043442786769112445e+03
9.748488169403627808e+02
1.055888313538156808e+03
9.782699926587534947e+02
1.000453565953722773e+03
3.614554743021074046e+02
1.000080848685828073e+03
1.003918116065253002e+03
1.022772899335061766e+03
4.621147187129537315e+02
4.863913283585451381e+02
1.022418453932849047e+03
9.414919737898600260e+02
3.695740248937435126e+02
2.928453554165113815e+02
1.532766033965373254e+02
9.670468761424174318e+02
9.633892263977087396e+02
2.460504451107644854e+02
1.001142766623359421e+03
3.382012671315152943e+02
9.585276357831170344e+02
3.751901089159504181e+02
1.035570282149109062e+03
