5.176699357230627356e+02
5.287848092988004964e+02
5.644878460726589537e+02
5.206800586193677418e+02
5.081917022828387189e+02
5.489385604228375541e+02
2.710384761921287122e+02
5.308500398684767561e+02
4.959801703318740920e+02
4.929925586970821882e+02
4.551869288986707716e+02
4.978716466847222364e+02
2.472688432913254246e+02
4.938174014529901683e+02
3.342821646260959483e+02
5.014364713044237760e+02
2.445361205362796682e+02
2.206230449724574214e+02
4.851698539245657003e+02
5.303405936243879069e+02
1.211558946625660553e+02
5.192669649224488921e+02
5.722214194190173657e+02
2.169024498922962039e+02
5.086619553772669633e+01
5.346807531766313559e+02
5.013537972670201839e+02
5.348832497399367867e+02
5.170515270504654382e+02
5.413751471930202115e+02
5.278808975649629929e+02
3.155858047961393709e+02
4.818025125334747827e+02
4.391988500955060317e+02
3.540589989538102031e+02
5.074993392207260285e+02
5.350641012699637713e+02
5.776071701605261524e+02
2.664942171556499488e+02
5.500176664088528469e+02
4.997330133025435543e+02
2.276586567086388584e+02
9.823294072783247088e+01
5.261688361306311208e+02
1.207413726952271134e+02
3.517426697175282584e+02
5.389645258283067051e+02
5.020979396288862517e+02
4.566657368977990359e+02
4.846206998025803614e+02
6.178883368652757326e+02
5.404342915428428569e+02
5.300202267751027421e+02
5.381946567676995983e+02
3.565130285567797159e+02
4.828203828378248659e+02
1.898872155393236199e+02
5.089544108726412333e+02
3.569762932197260739e+02
2.810450279749596803e+02
5.885094165810144204e+02
1.548575365237133781e+02
5.352091444631157628e+02
4.970816477825453603e+02
4.912584779563833877e+02
4.788175285816769247e+02
4.109363979774096833e+02
4.645534922917221365e+02
4.980765884982032503e+02
4.745741597374576486e+02
5.405952973845296583e+02
5.449433604051737348e+02
5.770894242669165806e+02
5.182394041206438260e+02
4.962955117149919602e+02
5.204059379992838785e+02
4.937947533714429937e+02
3.706641486792772753e+02
3.903828276954117200e+02
4.552171833916708010e+02
2.682046480494149137e+02
5.311884515498888959e+02
4.683279988621612233e+02
5.208783005604576601e+02
2.054133095140907983e+02
5.647957631371307343e+02
5.180867872018386606e+02
4.705415514255201970e+02
3.741761872500718482e+02
5.511066347333620570e+02
4.838977118567108846e+02
5.232227368713721489e+02
2.072837593919618939e+02
5.042988489299044090e+02
4.874920857912377414e+02
3.505759284433625567e+02
5.542228473323190201e+02
5.304802200231215465e+02
4.301186581170660475e+02
5.084122599946109631e+02
5.400855959008671334e+02
5.181611350757294758e+02
4.731626410973940438e+02
5.140084957526878497e+02
5.010835707509654071e+02
5.683389062159471905e+02
5.162806685321204441e+02
4.896009916348415913e+02
3.229043883625919875e+02
4.918115034789124138e+02
4.857171393098523140e+02
2.860266620581532493e+02
6.117578370580228011e+02
5.103683142946355815e+02
5.298103426221853169e+02
5.207802181156921506e+02
5.404030552920391983e+02
5.124313169303537734e+02
4.832260090762339360e+02
4.903263490805039169e+02
5.630022837735128860e+02
4.553687445085807894e+02
5.451047561234643126e+02
5.088951187842495756e+02
5.210533267130815602e+02
5.325927373803491491e+02
3.914364380488742654e+02
4.971469217835303311e+02
5.002978320633757221e+02
1.874272269658441985e+02
5.280534001140559894e+02
5.179917295121397274e+02
5.301488128563555620e+02
5.240760006652187712e+02
4.892282059242273817e+02
4.304495502336068284e+02
5.170458289424333316e+02
5.875774643897517535e+02
5.314472757349025187e+02
4.392992529180938845e+02
5.560583554701622688e+02
9.940843687087027547e+01
5.831060539131239011e+02
9.407016476588461273e+01
5.262236419046417950e+02
4.925892888899840045e+02
5.118387488430302596e+02
2.576909138224715434e+02
4.994456426548363766e+02
5.318143507517919488e+02
4.238141021037517930e+02
5.796397591250450887e+02
5.047777344906344297e+02
4.672746755423517584e+02
1.842754772823106180e+02
4.905879583098634384e+02
5.831091090028653525e+02
4.813696954745294079e+02
4.773237752249203254e+02
5.563934936310494095e+02
2.689803122077502735e+02
4.774910792269501485e+02
4.721415301012727355e+02
5.246551489906134975e+02
4.196922695737728759e+02
1.562151889376137319e+02
4.878452135043829685e+02
5.394445499685712093e+02
5.420885688343695392e+02
5.292803895140079931e+02
4.709643029254009434e+02
1.796187710291100643e+02
5.369134438567567713e+02
5.748305658433700955e+02
2.242785673040921779e+02
4.419924979930414679e+02
2.639781886410295328e+02
5.618856601894177629e+02
1.400456020722833728e+02
5.614023234768834527e+02
3.907161619676255668e+02
4.424015522696734024e+02
4.886491272709126861e+02
5.180813232284692731e+02
2.017934985356674247e+02
3.235625307201536316e+02
3.268905929438862472e+02
5.169671572313712886e+02
5.082145006959830198e+02
6.101450667282567792e+02
5.576184927211064633e+02
4.361128227209860597e+02
5.225643123816898878e+02
4.820994825334184384e+02
5.884532910994771555e+02
5.562229443657888623e+02
5.865621931725739842e+02
3.095858703109710746e+02
4.305710678556156950e+02
5.087495700188129035e+02
2.816970275722840711e+02
5.375783024940272981e+02
3.288888852066534696e+02
5.794434529988342319e+02
5.771669771486305081e+02
5.122418032961841163e+02
5.553255760619713328e+02
5.266910544128293168e+02
5.172852204758145263e+02
4.823951394342033154e+02
5.539990759497474073e+02
3.435844567160954171e+02
3.107053472223257131e+02
4.193071020914456426e+02
5.597307840513686870e+02
4.280789495513722613e+02
2.217930572408770331e+02
2.803116200530552646e+02
5.101122813301280985e+02
5.011409274507761893e+02
6.173692487148105101e+02
5.119382497198702140e+02
5.412962916655325216e+02
2.588229339573944117e+02
5.651868509062904877e+02
3.244130549909036745e+02
5.257911723218890074e+02
5.432697993850081275e+02
3.722699996161089189e+02
5.414021436291287728e+02
5.433048844936715795e+02
5.735195726044945559e+02
5.069012385329429549e+02
3.587202102072978391e+02
1.071620797921600001e+02
5.629455220591762554e+02
5.057855116389260388e+02
5.234966814221227196e+02
4.474746837930397874e+02
5.263708701601320854e+02
2.595219130461417762e+02
4.061303199448207693e+02
4.031891484312742477e+02
4.674276135765677509e+02
5.614375340636563578e+02
4.934187841133804682e+02
4.906143081494445255e+02
4.793983362540270150e+02
5.314590160973563115e+02
3.150035559769287943e+02
3.468097116559785036e+02
3.512193205030253012e+02
3.358855406551413125e+02
5.500293187093277538e+02
5.483254588929582951e+02
4.207865739734704675e+02
5.979217756109045467e+02
4.149578842956813105e+02
6.135889550249193007e+02
5.277389223744889932e+02
4.845072649497068369e+02
1.468920531401349763e+02
3.158034401477490860e+02
5.105914928052090431e+02
5.225388630824797929e+02
2.129206095453619696e+02
4.884670272542464318e+02
3.594458053818244707e+02
4.786152554510321124e+02
4.598652602203765127e+02
5.285859138454195545e+02
5.168668380421649999e+02
5.415855655807212088e+02
2.947989023527053973e+02
2.986010827394859461e+02
5.306419547171510658e+02
5.120675510328248947e+02
1.302953659836358611e+02
5.405185588841096660e+02
5.153998906991974991e+02
6.100617916972694275e+02
5.657439019897891512e+02
4.995036150257917598e+02
5.068264154757723645e+02
5.368622454242938602e+02
2.302052101723004967e+02
5.816494460819396863e+02
2.934397337581185639e+02
3.539270468416622180e+02
1.326876968739821621e+02
4.327638872452607188e+02
3.610051931395881866e+02
3.086963524641150798e+02
4.943183846752543218e+02
2.401066615420911887e+02
5.550865763514190121e+02
4.829630612488103907e+02
5.637578595452474701e+02
5.527035229465695920e+02
2.904294438477623430e+02
2.980392709339114390e+02
5.611677863719515926e+02
5.513176765623081792e+02
5.231197105767682842e+02
1.558734619057427722e+02
5.219671916851541482e+02
5.460089676296709058e+02
4.656623182732636792e+02
2.296599263962387454e+02
3.844105296647650221e+02
4.685433769063856175e+02
2.044048581161915763e+02
4.587015971809676103e+02
5.169651160075740108e+02
1.851403474297700029e+02
3.536299460448519767e+02
5.415079662200618031e+02
5.777594681823301244e+02
4.818765474865168130e+02
5.945043212088279461e+02
5.053757402093416999e+02
5.369906188522732009e+02
1.667433991678381631e+02
2.423048156235507804e+02
5.376614646693337818e+02
5.452623716110985015e+02
5.544307162883277442e+02
4.685477210209231771e+02
5.579933202660897678e+02
4.893833983670189127e+02
5.122514275419257501e+02
3.352108459893499912e+02
2.734431422269590826e+02
3.871277882375417789e+02
5.310363536956623420e+02
3.739634474695081963e+02
3.074444076244254234e+02
4.221245225630875098e+02
5.215145640283074044e+02
5.641383802998279862e+02
3.598619233434436637e+02
5.033012317515262453e+02
1.345790181183066068e+02
5.251188875410522314e+02
5.478563398035944374e+02
1.764849797202393518e+02
5.510330240728280842e+02
5.076384592420297963e+02
4.872121362786248824e+02
5.272820573118286802e+02
1.835138566193385543e+02
5.413000287954606620e+02
3.135049122629337717e+02
5.495238597789709729e+02
5.919430891154074743e+02
2.938812273189445250e+02
1.516191784336350281e+02
4.468342655156103547e+02
3.047683562653816693e+02
4.911946318763255590e+02
5.694993108131886856e+02
5.466242393983551437e+02
4.922560195705357842e+02
5.225486077660303863e+02
5.791839653653967162e+02
1.031779718460335005e+02
4.733356515885529348e+02
5.787777518573481075e+02
4.267453516399854152e+02
5.167920555532269873e+02
3.389663576024956910e+02
2.119574479325050334e+02
5.599815714432868390e+02
3.634894720556584957e+02
4.843075968069614419e+02
5.170388675219649031e+02
3.950080515835103938e+02
2.927560017655344495e+02
5.800322427835719736e+02
5.714385742111580839e+02
5.402027315379617676e+02
5.333855359956201028e+02
5.655668961083063095e+02
1.118512343817149883e+02
5.817706994694819969e+02
5.416749581326120051e+02
5.720688339703486918e+02
5.861244009257750349e+02
4.906429438314999629e+02
4.611463156193982513e+02
4.549342714177280413e+02
5.267086572672014881e+02
5.605522474351074607e+02
5.158953119487831600e+02
4.717925223797723788e+02
2.300575024388174654e+02
2.996906260990792248e+02
1.499991010519086103e+02
5.336081230155416506e+02
5.490287507197796231e+02
3.007061286630685686e+02
5.415680071834923410e+02
4.349025822336261058e+02
4.042422068974713625e+02
5.219897102026926632e+02
5.527448739747399031e+02
5.678778535475847775e+02
5.677410163449719676e+02
4.875854349636507550e+02
3.055732649844334787e+02
5.884505409870863559e+02
4.531673634635936310e+02
2.659451198866592563e+02
5.139340804172505841e+02
4.982455240682446629e+02
3.807134239796384350e+02
4.565355170181319977e+02
3.454282699986012517e+02
4.594417789755640342e+02
3.927161850424469094e+02
4.846366643328069586e+02
5.770863242706204801e+02
5.016690288106327102e+02
5.166390576425798145e+02
3.829384743720920028e+02
3.355710522076146276e+02
5.390236957475991630e+02
3.161094037738512839e+02
5.056585113755187990e+02
5.257496265699336391e+02
5.071852764480235578e+02
6.929453339929137883e+02
5.321176673398845196e+02
3.257213032929456631e+02
5.550205378474489635e+02
1.226502895861419518e+02
4.767579105902771630e+02
5.644152584642638431e+02
5.233351928399011967e+02
4.740584232314314477e+02
5.459620209561654747e+02
5.136327384089372572e+02
5.631252322507738199e+02
5.460896838627072611e+02
2.386144650136657219e+02
5.618887067759118281e+02
4.998627555981863679e+02
9.918585360361819880e+01
3.717477594699099086e+02
5.376041481787816565e+02
2.294418576582253877e+02
3.682671408173562781e+02
2.908291047728117746e+02
4.324376209551610373e+02
5.353540188298796920e+02
4.973320716700931143e+02
5.132808108471002697e+02
3.767554262797391971e+02
4.896108068204122787e+02
5.394973804439383684e+02
5.270558956686307965e+02
4.569847489507211549e+02
5.103392694061848829e+02
5.269706993453536370e+02
5.397231298973950970e+02
2.752879849329486888e+02
5.573651166644797286e+02
4.426049593968281215e+02
4.631956761874968151e+02
4.912230124539364624e+02
6.003726013497421263e+02
1.883241186974090340e+02
4.893663867908434781e+02
5.285762896934269293e+02
4.955906220158755104e+02
1.471031340333726689e+02
4.924824441805650395e+02
2.777338788308048265e+02
5.065401567998206929e+02
5.043013602965844484e+02
5.450811879762188710e+02
5.001803431435414495e+02
4.742046039817082601e+02
5.106997522274846801e+02
4.933425058929317970e+02
2.176169078412523561e+02
5.446023414767827262e+02
6.288965183166496900e+02
4.510312393536586342e+02
3.806350806855482460e+02
3.584646841540690616e+02
5.265707142742035103e+02
4.536434245560508316e+02
4.353171715839700369e+02
5.702809831843454731e+02
2.213156428005805765e+01
5.076732496529876926e+02
5.457261113125875909e+02
2.714846370917155127e+02
3.022115387403005684e+02
5.642817746773107501e+02
4.716502375986600555e+02
4.613414070909681186e+02
2.153191573643521224e+02
5.836105915265965223e+02
6.074809221522984899e+02
5.252698452299586052e+02
3.200533605129081138e+02
5.084863844228514722e+02
5.393672842699114653e+02
5.040894116731645340e+02
6.086418991053839136e+02
5.693673131427777889e+02
4.967897114600351642e+02
3.637237652316393337e+02
5.653450292235139614e+02
2.800470663943177101e+02
4.587109101155301687e+02
3.406825541205718082e+02
4.093361967783586124e+02
4.645403024842408968e+02
5.080642378195263404e+02
5.004593950429988354e+02
5.459038004745259514e+02
4.595471256523857164e+02
5.178069659795673942e+02
5.637227947539307706e+02
4.580601147226390140e+02
4.792092005158887673e+02
5.215489185411114477e+02
5.087695679702275697e+02
4.902901215656746103e+02
1.661118537441552974e+02
4.475986339934254374e+02
3.484868906440750038e+02
4.750635731620146771e+02
5.672808837850809596e+02
3.453677409451075846e+02
5.702813291386044057e+02
5.341735287892978477e+02
5.675906661608978538e+02
3.978768104809477109e+02
3.693102195964091834e+02
5.926772275254911619e+02
5.703468084984754114e+02
5.821799454281921271e+02
5.474705446610696526e+02
4.167154124147090783e+02
4.572573110027068992e+02
2.349432023297298713e+02
3.104467631797623994e+02
5.245005086975604627e+02
5.107909312521288143e+02
4.345134208435584355e+02
5.863686739534936123e+02
2.444308369755627268e+02
5.262607730216814161e+02
3.096303070525418093e+02
4.961383775235839266e+02
4.128794168988799811e+02
5.358994043663213915e+02
3.705156371986752220e+02
5.233223149970486929e+02
2.478329526361383159e+02
3.428770518636436577e+02
4.730864206110172745e+02
5.104215048004834330e+02
5.044288937211268262e+02
6.193976967698023373e+01
2.701457008309594698e+02
5.296571232690465649e+02
5.140873365522987797e+02
5.445730792655624555e+02
1.680838046352858157e+02
2.021003469514892004e+01
2.184548308548574482e+02
4.947232090659974233e+02
5.524903406465683702e+02
3.932327959429616158e+02
2.054571430597462722e+02
5.921240809792238906e+02
5.454754940081776340e+02
5.899927548298976490e+02
3.398408824864176268e+02
4.308303462115421780e+02
4.723653917952561301e+02
3.700487362104238400e+02
5.098622557070412427e+02
5.382805873414307598e+02
4.670526649780331354e+02
4.819662321488806356e+02
5.070378550588718554e+02
4.160288926595217163e+02
5.068239035787849502e+02
5.186634727011025916e+02
1.209841432695815229e+02
3.921385080552617524e+02
5.412644574767665517e+02
4.675671859494352702e+02
5.110934425096682503e+02
4.607516109500505763e+02
5.081935188927227500e+02
1.967243728676717751e+02
5.414168632077863776e+02
5.275878945519799572e+02
4.256983523834611560e+02
4.959666936498908285e+02
5.046598562394613054e+02
5.352726517519087110e+02
5.191751773966034307e+02
3.785103619519840663e+02
4.652358225217799372e+02
5.503666875808223722e+02
4.664631047885034150e+02
5.181980358775126660e+02
5.634837482058493379e+02
6.168251983064634487e+02
4.876795225141751757e+02
5.011941787292221306e+02
6.079691810834019634e+02
2.118134096377588378e+02
5.508285669532224347e+02
1.059252962782547343e+02
5.323983187772913652e+02
4.817373569653472600e+02
4.494530587569664704e+02
5.464241604659224549e+02
5.670528027528951043e+02
2.808439080347526442e+02
3.025851419970404095e+02
5.452214330105566660e+02
5.812779523877754855e+02
3.009584398798425013e+02
4.727994251359340296e+02
5.004367831486679279e+02
4.849437859696304827e+02
2.379126986544477802e+02
2.861491865701157735e+02
5.030018126908591398e+02
3.787916614351043449e+02
5.039434410185360207e+02
4.082063696699221396e+02
5.470500472050013059e+02
5.555130521354845996e+02
5.607716598231240823e+02
5.194821788632386870e+02
5.671295719870557832e+02
3.233923570683082858e+02
5.229656334908107738e+02
3.344201979451905800e+02
1.892720896944059064e+02
3.919312145251566335e+02
5.248414690225871482e+02
5.371080485945548162e+02
5.412814587413964773e+02
5.609389372512124510e+02
5.646140540553618621e+02
4.746616731904701396e+02
4.885113930353208502e+02
4.725595297691780274e+02
4.853944299649822938e+02
3.661854741269902433e+02
5.666272426358157190e+02
5.080422026046063024e+02
5.109596777440023629e+02
2.377649748869887958e+02
5.649064960515402163e+02
4.391692770795227148e+02
1.425230074224147643e+02
5.361177691965332315e+02
2.462402911896538171e+02
4.543882359410549725e+02
3.719150295789738720e+02
3.328193975204890194e+02
4.767372589588202345e+02
4.124613936434965353e+02
2.463251276097739719e+02
4.958315070269181888e+02
4.467883276277427740e+02
3.476539117658583677e+02
1.387197072620982397e+02
3.312279723766953907e+02
4.450361444247392910e+02
5.188298963520609277e+02
4.040392072780812214e+02
3.839361749244895918e+02
4.896823756317289735e+02
5.091362471519914266e+02
5.759284530600418748e+02
3.887134513012783259e+02
4.647868544468020104e+02
4.905987275825183929e+02
2.744593922708645550e+02
4.551607326694285689e+02
4.402201057932314257e+02
3.569127927800238922e+02
4.312105309420929871e+02
4.835467974013386652e+02
5.015343751129486236e+02
4.904209362005098569e+02
3.490526421694536907e+02
5.728161307423994231e+02
5.356025932323192364e+02
5.342388220513065562e+02
4.253890257940590232e+02
5.112484048138998673e+02
4.968670737491304408e+02
3.332919982057209154e+02
6.339543337083485994e+02
5.343053851832107739e+02
4.825330947860958872e+02
3.381192929475100186e+02
4.806128517631989894e+02
5.627292889500915862e+02
4.847597656768861611e+02
5.523035598525766545e+02
6.048994079085066460e+02
3.322950666822168841e+02
5.307069262509369310e+02
5.331023676704119225e+02
4.966475194322127322e+02
5.813595792122404191e+02
1.768558776213369867e+02
4.393760782386453911e+02
5.385201082051806907e+02
4.844391788045797398e+02
5.570183743773336573e+02
5.598053174644451246e+02
2.542854933582740387e+02
3.213546934755202074e+02
4.809398232716146140e+02
5.649732677950988773e+02
4.870159532766692791e+02
5.804789699275509065e+02
5.516031972262500176e+02
5.553993693623917807e+02
3.498736427027922673e+02
1.703365562653021641e+02
4.321842496713909441e+02
5.520702293631720750e+02
4.692630142188987747e+02
4.419729204335877739e+02
2.913317076758186204e+02
5.450975709148556234e+02
3.561827754443076515e+02
5.794640878565639923e+02
5.595704312465510384e+02
5.357706298606524342e+02
2.012860326691406954e+02
5.225239562408688698e+02
5.505346153566290468e+02
5.056699078148678268e+02
6.266598150253201993e+02
4.742322044361829967e+02
5.156398159208267771e+02
5.710576054071010503e+02
5.231755187645768501e+02
3.563529577371486425e+02
5.128439347309259801e+02
4.880604264166636312e+02
4.220614341766235498e+02
4.315394466699420377e+02
5.056840360267283359e+02
3.248947906707207949e+02
5.513410578369348514e+02
4.871661494569565889e+02
5.114359033779787183e+02
5.277458060121267636e+02
5.461188633366978138e+02
5.188477980135889993e+02
1.686039834569454854e+02
4.874970515251796996e+02
2.004404575605790910e+02
4.778905335103451648e+02
5.400649022026315151e+02
4.483865113749338889e+02
4.662995734437458850e+02
4.847436506087737484e+02
8.509174604511929374e+01
5.253438409622660856e+02
4.465048094154961973e+02
5.290571917819798955e+02
4.890335088537705701e+02
3.027141605308888188e+02
5.037578297553794755e+02
7.630696011643306065e+01
2.041106564509164230e+02
5.418830643937988043e+02
3.067656127030608104e+02
3.952302634201627711e+02
4.683851616050228586e+02
5.172170803160777268e+02
5.176675789804983197e+02
5.426526513177353763e+02
5.638977148102716228e+02
2.862325612037400333e+02
4.626744285024236660e+02
5.183825673887740777e+02
5.071754611108297013e+02
4.841561623545262592e+02
4.230205805836936293e+02
5.572694658804650771e+02
5.503764604291983460e+02
4.650069442609301404e+02
4.475956907706884067e+02
5.488821512501485813e+02
3.693174762493805474e+02
5.227513199817234408e+02
4.984207479453942824e+02
5.542018493775092338e+02
5.088628718271501725e+02
5.107632592645448426e+02
2.363414607698347822e+02
5.272761548764893860e+02
5.152145657876674250e+02
2.953822394587234044e+02
5.145590348490768520e+02
5.430696097747021440e+02
5.322684989216172653e+02
4.238605634482703977e+02
4.150177023316836653e+02
4.098535990487475260e+02
5.585404115935889422e+02
5.649725988152976015e+02
5.158238543606652229e+02
8.998857443179083475e+02
2.940289507156730906e+02
5.608377583626062233e+02
5.462081163567654585e+02
5.521620832650207831e+02
2.232252044114638920e+02
5.397797570548500516e+02
5.096001209643179095e+02
4.337009525872445010e+02
5.222013102762500694e+02
4.727302225546585532e+02
5.682852046351586068e+02
5.496259967506152861e+02
2.709073884078050583e+02
3.896507224854926790e+02
3.035309287349035685e+02
4.581368814308741548e+02
5.423539173196512593e+02
6.080001565390350606e+02
3.166390845337264750e+02
9.524977490645488842e+01
5.629552360480295192e+02
2.143943937820938572e+02
2.843084362704102546e+02
4.975878673443686466e+02
5.921381249111632314e+02
3.490963432257505019e+02
4.575213672061884154e+02
4.878297826542192865e+02
5.115252149693916977e+02
5.558596710771984135e+02
5.645104161743977329e+02
4.821392634112339124e+02
4.876263674550422138e+02
5.414615740275341977e+02
2.782322419164108283e+02
5.806802501610038689e+02
3.387753539940028418e+02
4.229444025257805606e+02
5.688523109601667329e+02
5.403465146121283169e+02
4.973503159781471936e+02
5.028571360845318736e+02
4.342131136938162399e+02
5.259371540738198973e+02
2.882829907573592436e+02
4.703740879516441282e+02
4.915349041657321436e+02
5.304123539656569619e+02
1.822458335314374267e+02
2.265455983976392531e+02
4.434554369568393213e+02
2.621508505030615197e+02
5.362593175580545903e+02
5.057355228531360467e+02
2.835357971781012338e+02
5.694716878921771013e+02
4.989305828150410207e+02
5.362053188125579481e+02
3.950637088650690885e+02
4.844097646020674119e+02
5.213319899365180845e+02
5.211433567588412643e+02
4.896607952997736675e+02
3.522682268161969432e+02
4.772171852410383508e+02
4.684189500731440603e+02
5.089410028921051889e+02
2.688515754554275645e+02
4.382747007034389526e+02
4.655339813177411656e+02
5.283489455404205728e+02
4.836855776938357394e+02
5.409667030004299022e+02
5.092797428916608169e+02
2.825189128397694844e+02
5.055458518473606091e+02
5.001517522233431805e+02
3.210336267445267708e+02
5.295347128502520491e+02
6.965690588571968078e+01
3.361291995580060643e+02
4.842331700789485467e+02
5.187297593385726486e+02
4.921373847326763666e+02
7.867758299969634663e+02
3.708468100237113845e+02
4.756714529905577820e+02
5.173482184877437930e+02
4.708193581906119221e+02
4.806362221332077524e+02
4.351911780280033781e+02
5.905958863057869621e+02
5.479199193218096298e+02
5.188773586996007907e+02
4.773139273357086836e+02
5.798627953020877612e+02
5.670527178724659052e+02
5.432140725265491028e+02
4.704992715968618882e+02
5.650740640324847845e+02
5.331359886389626581e+02
5.305839382966348694e+02
5.483001634146447714e+02
2.501595515976710544e+02
5.119612548310885245e+02
6.127485385547773831e+02
5.740801216453239704e+02
4.767937939568482193e+02
6.110829964970632773e+02
4.768421668852755033e+02
5.725450842690222544e+02
5.812444740591272421e+02
4.605915447114578569e+02
3.611013607244240120e+02
3.914437190066049652e+02
6.015153663302959330e+02
1.962779107851808078e+02
1.684550052208791726e+02
4.827558530092944693e+02
4.804824792880863242e+02
5.714676772334039470e+02
5.023692883745550262e+02
4.340363308819038366e+02
5.478882630342183120e+02
2.064957955421854763e+02
5.888236733758383252e+02
4.140531466408285155e+02
3.672177268538584372e+02
5.287486225899092460e+02
5.231471248542197827e+02
5.340412099990292063e+02
5.100675211769241741e+02
5.389037780290897217e+02
3.625985452829432347e+02
4.137231037952026895e+02
4.531821397746492153e+02
4.836675095828053372e+02
4.734733546448329093e+02
5.796082799667448171e+02
5.180884281296757763e+02
4.877319421402997932e+02
4.728530171520387739e+02
5.609200069950061334e+02
5.666217150409698888e+02
2.091902957817280821e+02
5.124366312699497712e+02
5.302941621861905332e+02
5.024265072686820304e+02
3.175713697786026728e+02
1.963542309148994605e+02
4.270331979224156385e+02
4.786824684884630869e+02
4.645449484887845415e+02
4.965073157160034611e+02
5.992049172424626704e+02
5.047603315656677978e+02
3.175096294415249076e+02
3.382729855090393016e+02
4.567965941165001027e+02
5.796397504726617171e+02
4.909756221133046665e+02
4.964559650421315951e+02
5.126533405742118248e+02
5.474559232454682842e+02
5.408173276746127840e+02
5.208337822580098191e+02
2.866384107434138286e+02
5.712808044481139405e+02
5.512593056806367713e+02
2.755184551982341077e+02
6.112977669996605528e+02
2.964426464691872525e+02
3.451007682493204811e+02
5.787325814146942093e+02
2.946755131584654919e+02
5.224212099168684063e+02
3.330768298727957699e+02
4.212669187727836970e+02
4.998560329764848689e+02
5.458729001005917780e+02
5.292142158583773153e+02
5.990186502273066935e+02
5.723334850279566126e+02
4.929531838578056977e+02
5.730948409890577295e+02
6.278642845084192459e+02
5.228083346210404443e+02
5.248162730455743485e+02
5.506119182516561068e+02
5.737703811541565528e+02
5.815331230281070702e+02
5.320843164203479319e+02
3.450447401020805387e+02
5.446861690224098993e+02
3.845099064596009839e+02
5.314804200597205863e+02
4.165800923549677464e+02
4.267365153088807688e+02
3.333231010453508816e+02
5.849147244749992751e+02
2.779995798814608747e+02
1.750555335638892984e+02
5.375547340355594770e+02
5.719638973456792428e+02
4.371425234337265806e+02
4.126777601368495425e+02
4.581131871624096448e+02
3.212748436752114571e+02
4.651912749148967805e+02
3.228442830328896207e+02
5.634016383587943437e+02
5.326726380685059894e+02
4.622116707826204447e+02
3.654368997368492273e+02
9.711869427686602307e+01
4.761037853355340985e+02
5.351645577590347784e+02
1.711847258906306877e+02
2.885394069015569585e+02
3.765879529001394985e+02
4.970028820419984186e+02
5.170205770756244874e+02
4.823834049541063678e+02
5.133114672185882910e+02
5.271955114984443753e+02
5.624113714688916161e+02
5.133349245814368942e+02
4.692776997204575764e+02
5.751644918505978694e+02
3.473542667832667803e+02
4.807741438885583420e+02
4.720924095845410307e+02
5.099521203639494615e+02
5.061683471224129676e+02
3.145816298068951937e+02
2.847364158797211644e+02
2.546166584729202214e+02
4.611459441987427681e+02
4.737428974836540760e+02
5.234031209419814559e+02
4.636183706406990268e+02
1.666961359658049844e+02
5.699941307252548768e+02
3.087233663380995949e+02
4.237381498835848674e+02
4.865786027659542015e+02
3.116541771713298772e+02
3.833017287184272845e+02
5.490839454781707900e+02
2.812797460855426834e+02
3.871842831557142972e+02
2.510577833772354950e+02
4.386247107592485008e+02
4.379157066444949464e+02
5.091845914324738942e+02
4.612169333739748254e+02
5.858485800268545063e+02
2.725458813433651244e+02
2.537640276917669553e+02
5.307209044635280861e+02
3.205027869756545442e+02
4.998622006370196686e+02
5.308999194265417145e+02
2.999007696054882217e+02
4.370835367815823247e+02
5.530303770611448044e+02
4.306001107449007463e+02
4.988284283405488395e+02
5.197375394873495225e+02
5.477326095711176777e+02
3.910977770472772477e+02
5.650166341633743059e+02
3.669532430650023684e+02
1.890409072439148588e+02
5.652484227669601751e+02
4.948077347017739953e+02
5.631247878086730907e+02
4.816891168849957694e+02
5.556025636606239004e+02
6.019069333877669123e+02
5.448677311253263724e+02
5.024070913225406230e+02
4.080933034013187921e+02
5.438244863760797898e+02
4.852006704405486630e+02
3.654929742496369727e+01
1.727792159423040346e+02
1.139129620087795161e+02
5.712896157770819627e+02
2.844437569572242523e+02
4.813411975703767780e+02
5.064074774097157388e+02
5.338649469573423403e+02
2.542660724703478650e+02
4.481856651483129781e+02
1.348695805517197925e+02
3.456751039742259195e+02
4.478201212596300707e+02
5.421098703255095188e+02
5.280943168493615758e+02
2.093141026989847830e+02
3.849403061636942880e+02
1.567433877052951630e+01
5.591888569544091752e+02
5.177315882611976576e+02
1.819302925440562433e+02
4.881971819523332101e+02
5.083805639559957399e+02
5.629174252112873091e+02
3.735164470998159345e+02
4.215173309294216324e+02
4.589615780226853872e+02
5.276915950910090487e+02
5.716343610362623622e+02
3.682316776425297462e+02
4.955418837933494274e+02
5.699505534684801660e+02
3.630423821661851207e+02
3.984055201081263817e+02
5.251905280720361588e+02
3.237518810536561773e+02
5.968878477766152173e+02
3.011337133186794404e+02
6.066430381443155966e+02
5.319206704706991786e+02
2.347205686404138874e+02
5.135348391300519779e+02
1.692388659766398860e+02
3.774333768621903005e+02
5.427336848194298682e+02
5.131684285915165447e+02
7.503459341078360012e+01
5.081512851203988816e+02
4.049145435229831946e+02
5.753477980572599790e+02
5.441101786525857733e+02
4.008496385781744493e+02
4.991664799860580501e+02
2.941555382770163192e+02
2.047816694416081305e+02
5.076424139394188160e+02
5.100579485239621249e+02
2.719830768324468409e+02
4.724538776784452807e+02
2.682185398594200478e+02
5.366480944174230672e+02
2.711844299920560388e+02
5.488989768799439162e+02
3.971856805605675618e+02
5.243723506093937203e+02
4.565384989527083235e+02
5.323967292306379022e+02
5.558514770421496678e+02
4.908381998323051221e+02
4.626935791524036290e+02
2.723299548067578826e+02
5.132930098147347735e+02
5.354731614770734041e+02
5.876512967398014098e+02
3.156542278000164288e+02
5.294037482580022242e+02
5.055553428668234233e+02
4.884106630612169511e+02
3.091467075591000935e+02
2.599921205965528657e+02
5.199613085683454301e+02
4.933599416081287927e+02
5.888490719609829966e+02
1.469630601585601539e+02
3.724943860979824422e+02
5.254648258173815520e+02
3.658201641402856694e+02
4.403307479710878169e+02
5.476120681034392419e+02
5.096932986407279600e+02
4.475588363589566825e+02
5.135936849327312075e+02
4.650101801436069877e+02
4.315690515790698782e+02
4.667212052581219837e+02
1.998491397265722185e+02
5.589036126609248640e+02
4.807520977419831638e+02
4.789483885700609562e+02
5.882561686905995657e+02
4.300337449817026254e+02
5.523914333442534144e+02
5.566968753890257631e+02
5.422779226796936882e+02
5.325329577245508972e+02
5.042355791929189763e+02
1.252078999416555973e+02
5.236185663529672638e+02
5.567263790387709150e+02
5.607902424147665670e+02
2.536213996008982008e+02
5.297807610898598796e+02
5.375523762856871599e+02
3.317195351400117147e+02
4.592819097148266110e+02
5.335574935745800076e+02
4.736403833460914825e+02
1.614620110291054402e+02
5.441746844328630459e+02
5.162623522828841942e+02
5.220307747396271907e+02
4.448475204181790446e+02
5.208197755954405466e+02
5.060711105545884720e+02
6.006525581478884988e+02
4.516769831771002259e+02
5.282292110959729143e+02
4.679205304147447464e+02
6.053025341255237208e+02
5.736919014646575761e+02
5.411901930609316196e+02
4.670214174046541302e+02
4.863752239371112296e+02
3.377857134779976036e+02
2.965413461073807184e+02
2.358237737048754639e+02
1.985028113102614498e+02
5.475766035692332707e+02
3.872634256827565196e+02
3.775378056599246293e+02
5.486120354849059595e+02
5.310168194459903361e+02
5.259766987251068713e+02
5.550124467518068059e+02
5.480462685024638176e+02
5.143374316954478900e+02
5.197673830864587217e+02
3.976032898951240213e+01
4.873928396211979361e+02
4.902061451181459120e+02
5.350047834119457093e+02
3.359882973659252912e+02
4.253838099441094869e+02
4.307973638590005976e+02
5.450701888887942914e+02
4.848100072699569409e+02
2.954427117889671877e+02
4.925398133287079645e+02
4.508633578440406495e+02
2.125886976803046764e+02
5.454480212009024171e+02
2.193193066361541810e+02
5.465530581052342995e+02
5.829756683087600777e+02
4.954675113739722292e+02
1.994669895763977934e+02
1.734544588604063335e+02
4.940842318168330394e+02
5.252619941010492539e+02
5.156613479364401655e+02
3.153166649985083723e+02
5.112453221995951367e+02
3.445798284176695461e+02
4.945889163048550472e+02
4.706237361140630355e+02
3.756492593880466302e+02
3.377059028222604411e+02
5.594240071737616518e+02
5.319953082212426807e+02
5.348688470204014038e+02
5.431587794166157437e+02
4.582304716639202979e+02
4.692222743256513127e+02
4.610263683799954606e+02
4.285788963572609873e+02
4.478160857761080251e+02
5.450645222026225838e+02
2.083663101732812493e+02
1.354311397631200578e+02
5.243866473598895936e+02
4.984338989475294852e+02
5.136892778143901523e+02
5.434995751128138863e+02
4.181197775088876369e+02
5.530006574423600796e+02
4.023871014184514934e+02
5.036394636719139726e+02
3.405018685446547124e+02
4.567368760462198338e+02
5.127538486262491233e+02
4.744575411659470205e+02
5.752408546888096907e+02
5.113507571819558279e+02
3.573045948693125524e+02
5.548724859803497793e+02
5.243465888195870548e+02
5.291236945418521600e+02
5.410095078737050471e+02
4.199591414376359353e+02
4.770008379831184016e+02
4.911721569238455913e+02
2.599689205894927682e+02
5.598180395982479922e+02
3.362556254815442571e+02
3.356111200010801667e+02
4.898733837759348262e+02
5.770664792814447992e+02
4.247881451887047319e+02
5.521535198245485390e+02
4.876594502141471139e+02
5.805515943907323617e+02
3.443386586509577114e+02
6.119951005964378510e+02
3.230101943000346978e+02
5.760091488473775598e+02
5.269433884671235546e+02
5.173097805166017906e+02
5.689566202493338096e+02
5.940975977066374298e+02
3.728378415278633611e+02
5.237877376323613134e+02
2.004321196256723852e+02
2.200692143127366762e+02
3.844420960868892507e+02
5.333382048145593899e+02
2.834828983109228489e+02
4.138267944732234582e+02
5.466879800763589401e+02
4.857556378315799179e+02
3.520292250176967741e+02
5.266821174568208335e+02
5.353865495426930465e+02
5.081276545591016998e+02
4.940871159252541815e+02
4.951138552242906030e+02
1.735156402900232990e+02
4.945802784467341553e+02
5.146315280609059073e+02
3.158063313412496882e+02
4.028403893688092126e+02
4.857668621589410805e+02
5.599214054176869695e+02
3.680417662702818120e+02
1.420080455274108999e+02
1.992683323613124458e+02
1.831298795029103701e+02
5.904991958451508935e+02
3.241324353840587378e+02
5.575324756202510343e+02
8.184865472641908468e+01
2.297894808006911376e+02
4.347526477070884994e+02
1.169881645570734747e+02
2.990479246794333221e+02
5.111545414162496854e+02
5.329211728424178318e+02
5.374237327291749580e+02
3.433515098461633670e+02
5.227944770617665426e+02
5.688985449454075933e+02
2.592935452178239757e+02
4.450722560645220938e+02
2.883206754220827861e+02
4.800741546559642074e+02
5.686990865700680615e+02
3.153388916033297846e+02
5.785820190018613403e+02
5.416912206996680652e+02
5.790069510051347379e+02
4.987777909745188367e+02
5.057209250003108991e+02
4.300249893799548317e+02
4.383780574875284515e+02
2.758455441970255606e+02
4.917409560332719138e+02
4.969603124479194776e+02
5.593981921747906654e+02
1.486509152194705905e+02
4.427649882571318471e+02
2.287648836294832790e+02
4.974635972060939366e+02
4.332550199545951273e+02
5.070335148061697623e+02
3.280001158827648169e+02
4.331879107018983177e+02
5.782264414491372690e+02
5.073800855020549534e+02
5.153032354534602746e+02
3.126829791649030881e+02
4.933943584151173241e+02
4.078476467222729980e+02
5.300485462761738518e+02
5.155658292603037580e+02
4.711489759904206380e+02
4.798950727039999720e+02
2.902707789295779435e+02
5.849559915487886883e+02
2.905567143709781703e+02
4.836512535855650299e+02
3.847415435373549712e+02
5.743272737733160511e+02
2.213149273303034192e+02
4.450159864778914880e+02
4.858172024358493104e+02
2.790586405808643349e+02
2.430703740502078176e+02
5.675409138895139449e+02
4.694884929155336977e+02
5.119889886524656504e+02
4.085950627810212836e+02
5.238361158300101579e+02
5.357763464922196590e+02
5.158483945238643855e+02
5.241717637598925421e+02
4.612349636453541279e+02
5.324956563402747634e+02
5.159452406641628386e+02
5.297596216826574391e+02
5.482550856948403180e+02
5.006938558486542092e+02
4.787537946872039356e+02
4.296272152154216997e+02
3.606201800242837976e+02
5.808889420072243865e+02
3.972537351076437062e+01
1.975819231768157067e+02
5.722226164247190354e+02
5.242552927901041357e+02
4.973601217256527320e+02
5.132687259081197908e+02
5.497309429005396169e+02
5.493095240830512012e+02
1.207484308201605359e+02
5.821744704880552490e+02
5.007841419973120765e+02
5.066754559132795066e+02
4.871316675539999324e+02
5.136888278484436796e+02
5.175265882669918938e+02
4.344470174078433047e+02
5.394207569288673767e+02
6.151143737054037501e+02
5.149124923993257426e+02
5.759767827757913210e+02
5.017520333613860544e+02
1.795846656999053437e+02
4.910088589656173212e+02
4.900205500118191821e+02
3.593486650844113228e+02
3.395991939828222712e+02
3.933831201180530002e+02
1.198142865675249027e+02
5.239736964499302303e+02
3.330060405308119584e+02
5.440340307163849047e+02
4.841424501344653777e+02
5.160394860805180315e+02
4.814816580119777427e+02
5.449465111693864401e+02
4.708931967666101173e+02
5.355769404457877272e+02
4.225307903831505882e+02
6.638694198345598352e+02
2.265368146669334806e+02
4.635090715296043982e+02
5.295748950801003048e+02
5.079456409121287948e+02
5.196184926378450655e+02
8.746510839361093304e+01
2.483590068958864947e+02
4.631865464690168324e+02
5.376914238495285190e+02
5.226203317967340354e+02
4.718210410434393225e+02
2.451601746727760087e+02
5.124399951280241794e+02
5.807072904750417592e+02
5.868461854838099043e+02
5.313892509243025870e+02
3.431275466057828680e+02
2.310988434112415462e+02
1.934091642082177884e+02
2.894313568519605724e+02
2.507084623295006907e+02
2.971942550455457877e+02
1.863624040397927786e+02
5.055289795208341275e+02
5.012748904545676396e+02
5.495425510737568402e+02
5.533447351036566033e+02
5.663158892680402232e+02
5.232190205152842282e+02
4.109225298666004846e+02
2.558272060471047098e+02
5.581429809363069126e+02
4.797523434131848035e+02
5.117256400274059160e+02
5.275430013817975805e+02
2.952806544817790950e+02
1.963696665253672506e+02
1.456405481329533416e+02
1.263985656957486867e+02
2.141918048510963786e+02
5.433164472290163758e+02
4.636867940900785356e+02
4.583173437193580071e+02
4.937089523802652593e+02
5.320938605735761939e+02
1.560929884425910075e+02
5.096526404312265868e+02
3.350215599170796850e+02
4.812444541485168656e+02
5.466209725766054817e+02
3.658934354759191478e+02
2.812434216122274506e+02
2.647626355046339199e+02
2.917147333870881312e+02
2.100183290431031367e+02
4.755586270738860435e+02
1.012358695874763725e+02
2.665957601811858808e+02
2.517202380416709104e+02
3.385506167676259111e+02
3.187105417126566635e+02
1.422028309309641259e+02
3.388285679980950249e+02
5.349306386528895700e+02
5.068467781638231031e+02
4.288502188839507880e+02
3.361187509349788911e+02
6.707460429049871209e+01
4.095369459881225680e+02
4.456514806452169637e+02
5.667864982546780084e+02
2.508854363931456533e+02
5.943505661380301035e+02
5.560280392905634699e+02
5.172460340224112088e+02
5.275091708948053792e+02
5.714904937548571979e+02
5.078268155221520033e+02
5.807422740193203481e+02
4.898970031027324126e+02
5.215887038324784726e+02
4.656370889404663558e+02
4.107395666428560048e+02
3.761024432178789425e+02
3.868866500828916060e+02
5.650850251662510573e+02
5.543137613223428843e+02
5.663850831882174361e+02
4.782020213369132762e+02
5.658510653577734502e+02
5.538686043349310921e+02
4.623687855464523864e+02
4.430587178644091182e+02
5.556228392989630720e+02
3.933045221171937555e+01
5.536129313233008133e+02
5.694649973555507358e+02
4.956985695723536764e+02
5.784209895037646447e+02
5.365786457377020042e+02
3.434321261623181840e+02
5.683092168452210444e+02
5.573972745225703420e+02
5.634144740259531545e+02
5.591444265307967498e+02
1.578718965788526134e+02
3.862793037804194682e+02
2.353413951044696546e+02
2.814291584697617168e+02
4.729782438305941241e+02
5.264858522193450199e+02
5.376047847405367293e+02
5.177587160579951160e+02
5.093849171097698445e+02
4.868725762003732598e+02
5.364113542678021531e+02
3.688791509298757774e+02
5.904196169518913848e+02
5.103196530739087393e+02
5.334693597635197193e+02
5.399719377823365676e+02
5.525265143784623660e+02
5.284980816208189935e+02
3.812784768268817288e+02
5.015267088376533593e+02
5.171300479998391211e+02
4.238887671283376903e+02
3.480539080141608679e+02
4.887737788533796675e+02
2.027162889815074891e+02
4.995677934165388479e+02
5.591094126255380843e+02
3.654317913093762513e+02
4.673216788100816075e+02
4.335445080228163306e+02
3.661467241587100148e+02
4.225231589429417909e+02
5.046780332293442370e+02
4.943799174983138869e+02
3.367588437873769180e+02
2.395200392475848048e+02
2.555896200357257158e+02
4.846555483953078465e+02
5.218595830071395767e+02
4.032776025081132047e+02
5.583868359233853198e+02
3.641813101176509235e+02
4.904878472030339935e+02
3.406078392501812573e+02
5.936897450079964074e+02
5.287391776381790578e+02
3.971279517543283077e+02
4.459399758866460388e+02
4.697168874293911358e+02
4.364554848667375495e+02
5.374819817355943314e+02
2.868050676913172765e+02
4.839780648569973209e+02
4.973330509976738654e+02
3.838707574043812656e+02
3.984028875368027229e+02
5.126614074501172809e+02
3.484085773688871086e+02
5.315551696628598393e+02
4.662088883923597109e+02
5.134283114531185674e+02
4.895540514920126611e+02
5.108361980507648923e+02
2.850183327781157914e+02
4.041757392724815077e+02
4.344065360966292246e+02
5.821443656197811833e+02
5.816755057785176177e+02
5.069850734902361182e+02
5.988296750312083532e+02
3.297436873988257844e+02
4.840933442531322726e+02
3.700864702268728479e+02
2.575820351300035327e+02
4.864375769952651467e+02
4.336061828633468735e+02
5.731744436917551866e+02
2.629618623330660512e+02
3.120993140130764800e+02
2.222526946417241334e+02
2.418325672695314950e+02
5.313640085205108790e+02
5.469585292233621203e+02
5.121418041417853146e+02
4.936322495652118505e+02
5.005595173110075962e+02
1.121190008159130684e+02
5.256880951251281431e+02
5.573603716077849413e+02
5.224058201395949936e+02
3.063765755144838181e+02
5.106642423498398671e+02
5.576529058090092121e+02
4.600748355915709453e+02
5.250426105628633877e+01
5.341351018071444514e+02
2.388673491299540501e+02
5.020661126906389882e+02
2.453718698182130424e+02
5.714800940594193435e+02
5.649852961855019657e+02
5.456667429764919461e+02
5.602160601818704890e+02
5.178595575142437610e+02
5.233259013691656492e+02
4.721007760765217540e+02
5.172363139867090922e+02
5.902563982119004322e+02
5.051767099099496363e+02
4.795764577182865764e+02
2.791958796182750575e+02
5.119314849396679961e+02
4.241996516496083700e+02
5.381894163653884107e+02
5.112407747737543673e+02
5.585064928400704503e+02
5.505279075738279744e+02
4.833741100024740831e+02
3.727831631208424028e+02
4.673517798735135784e+02
5.040443195401173284e+02
5.118125469390632816e+02
5.744764540914936788e+02
5.868178367673162938e+02
5.374248352927141923e+02
2.922725009085638703e+00
4.512467297052023696e+02
5.845473935302478594e+02
5.090240604472047607e+02
4.727992123712164130e+02
4.941822279537417444e+02
2.681219709312365467e+02
3.617391015012779008e+02
2.908200043322829060e+02
5.615116330587618449e+02
5.067460099231668664e+02
5.644375096159543546e+02
4.702089355103941557e+02
5.466161456498062989e+02
5.089838399239592945e+02
1.939739348071213101e+02
5.063272291600796962e+02
4.412012043106277019e+02
5.537384138750577449e+02
6.071647880704539375e+02
3.805297714692003410e+02
5.110051340829933224e+02
5.698452870160576822e+02
5.500613292775299215e+02
4.348079049461393879e+02
2.244601028330229724e+02
4.576571747671521280e+02
5.193371584248054660e+02
4.751157024763339223e+02
4.152256504240090749e+02
1.477495027589143888e+02
5.263083649310133296e+02
6.096456469948894892e+02
5.857488506832701205e+02
5.809572683639232764e+02
2.877191359627107659e+02
3.363918920436768190e+02
3.846440170953435427e+02
5.239101363832085099e+02
5.800930888825520242e+02
4.481290703680333536e+02
5.937862052725145077e+02
5.138475025298796481e+02
5.153235860345563424e+02
4.878316871400090236e+02
4.020322522016593325e+02
4.868008719852850277e+02
4.359513831667631507e+02
5.097566783023711992e+02
3.477127240994835802e+02
2.838218365484942183e+02
2.799424900546073331e+02
5.887167088991554920e+02
4.791038846132956337e+02
6.124759418254783441e+02
2.964575669577717463e+02
5.850772041949674076e+02
5.168941267464532530e+02
5.227786503622547798e+02
5.822871823447444513e+02
3.754640638568103554e+02
5.481375888106283583e+02
4.386034464298961666e+02
5.866075701942465912e+02
4.636042892950991927e+02
4.304361159584252619e+02
5.079524468866665075e+02
4.690693231007799113e+02
5.109703640193424690e+02
5.703262897630513635e+02
1.293935318101904102e+02
4.449449797332661092e+02
5.101731348016001562e+02
6.383053133507086159e+02
4.853199088284833351e+02
5.159169999316002304e+02
5.471416013191164893e+02
3.038699902333978002e+02
5.442682311572193612e+02
2.781057516978802937e+02
5.083413915970375001e+02
5.516434387224770717e+02
2.377573013187474942e+02
4.225428465172510641e+02
4.287739446849059277e+02
5.023554979470644639e+02
5.351725589795427140e+02
4.604499225356137231e+02
5.315384867369301674e+02
2.886556384573520404e+02
4.725816739537607418e+02
4.887253695156461504e+02
3.794360775514525130e+02
3.166309913440555874e+02
5.098642015228919036e+02
4.796562860687852776e+02
5.675596019988546459e+02
1.409934132597066423e+02
5.329755163397817341e+02
5.057475793437082530e+02
6.408546876886402970e+02
5.307873986032312814e+02
5.230865888376628163e+02
2.005388856696853566e+02
5.234927113774737109e+02
3.075536369612435124e+02
5.311737847228093869e+02
5.127337035588018352e+02
5.412859272996580557e+02
3.954622889253960238e+02
5.624954977418308317e+02
2.686695872884417895e+02
3.040619506268333794e+02
5.160991325626089292e+02
5.713377981397683243e+02
2.825625876347186818e+02
3.659423217923473430e+02
5.141745909951885096e+02
5.436327610038747480e+02
3.622888210831489459e+02
5.776481660940311258e+02
4.697728811471686186e+02
4.297048919713719215e+02
5.152517028578785130e+02
5.189777858222233817e+02
5.138741390037722567e+02
4.561822811001195532e+02
5.307650602827707189e+02
5.956940558333519675e+02
5.413948222551630352e+02
1.586931225498458673e+02
5.418131086712140814e+02
5.404093210441336623e+02
4.079404075940323082e+02
2.334811151431292160e+02
4.763535939057412065e+02
5.484354549719290617e+02
4.633067995068557252e+02
5.256399886210448358e+02
3.178120639864665122e+02
5.528694169818762703e+02
2.299337828950759786e+02
3.131637738941852831e+02
3.191058256690966459e+02
3.943447138391312023e+02
4.210690238856316796e+02
4.703055073618287452e+02
5.016444136715197715e+02
5.910438835582223192e+02
2.898968423806913961e+02
2.102174146918236772e+02
5.204062789552389177e+02
4.760976800413159822e+02
4.825509890372380255e+02
4.554856171541010212e+02
4.399646356898263662e+02
3.258072161280608157e+02
6.013963386973537126e+02
3.605079570487624778e+02
5.370361364957541355e+02
3.853208289198960870e+02
2.015777701820474022e+02
5.636074126399951183e+02
4.692086736414831307e+02
4.369349981393959297e+02
5.722751667206941875e+02
4.945665286340836815e+02
3.469322772872606606e+02
5.440439065366792875e+02
5.531260891472364847e+02
4.954899424668008692e+02
4.465749499180849398e+02
5.598671687883935419e+02
4.498786513941009275e+02
5.112270669657143571e+02
5.077407197589943166e+02
3.877039770376435399e+02
3.610428588469321198e+02
4.321250509631279328e+02
5.773841589185994962e+02
3.588455077131676489e+02
4.814067744313491062e+02
2.057262728737691191e+02
5.312796356472280195e+02
4.878067333524162450e+02
5.034836820941580413e+02
5.120758782426654534e+02
4.920351167217173725e+02
5.096106591953174529e+02
5.524777060009654406e+02
2.509760484182461937e+02
2.265700434107284593e+02
4.944029030797740347e+02
5.548952059755035862e+02
2.028138471442565560e+02
2.302015137934214977e+02
2.903592842984986646e+02
5.220820447964142659e+02
4.550750849658763286e+02
4.321877796520358288e+02
5.261694244733694177e+02
3.884747684948329152e+02
4.119784831274676549e+02
2.879920775157964954e+02
5.267780697452562890e+02
5.437828576118220099e+02
2.775305943912003386e+02
5.615156343838259545e+02
4.357669041004145356e+02
2.804351128985815080e+02
5.655864744461578084e+02
5.569591971751624442e+02
3.879069936071818461e+02
5.436084139654269620e+02
4.907009182526924178e+02
3.998056540905026282e+02
5.834162006258583233e+02
1.909825741224677529e+02
4.982994918375034104e+02
5.394084386226122660e+02
5.054446963660741403e+02
6.081553024239711931e+02
2.751998232428171036e+02
5.409749027512149269e+02
2.240542314744217833e+02
5.560252792451481128e+02
8.130970458063561637e+02
5.174476409471977831e+02
1.592330132638667806e+02
5.054009413034418685e+02
5.125846744227346790e+02
2.954748542445863677e+02
3.088051232599313494e+02
5.623210599029891910e+02
5.169000617320791662e+02
1.807270841553208243e+02
5.183174320684183840e+02
5.334239762985051811e+02
4.316719117321248405e+02
4.051407949374297459e+02
5.751896727024980009e+02
4.234806853892716276e+02
4.097882641331231071e+02
5.327634731889144177e+02
5.033102477070290774e+02
5.577912055747027580e+02
5.537094093542982591e+02
5.936523042780662536e+02
5.117318211996910691e+02
4.464505740012663182e+02
4.789871478240930855e+02
3.030293087154675504e+02
5.699394425005133371e+02
3.535021516731498537e+02
5.263125246897133138e+02
5.313915956546331927e+02
5.221314595972613688e+02
4.885021372387866450e+02
4.241947124171636005e+02
3.530219409004363342e+02
4.888444575735533135e+02
4.602263937464849732e+02
5.878087589874157857e+02
5.233186555705034380e+02
5.348707104515528954e+02
4.667907361686706622e+02
4.767666799202437460e+02
2.683291132939807540e+02
5.609409125113464825e+02
3.215423830408865342e+02
5.457717328668595655e+02
4.510718939209802443e+02
5.053233613795993620e+02
4.577981706982174614e+02
4.392985410814474676e+02
2.165274857172880729e+02
4.911285391810267811e+02
4.756816629723609822e+02
5.739174299639900028e+02
4.684734696889528323e+02
3.210597089579709973e+02
4.949037657785639226e+02
5.472494239041285482e+02
4.783147069807317848e+02
5.152608198230077505e+02
1.433478185412758705e+02
