-3.613265140066841852e+00
-5.020116712648863277e+00
1.689685379710649471e+01
-2.696756553059937112e+00
2.903114578519860878e+00
-1.060991098028804203e+01
-1.274034660427932977e+02
-1.648412662127620498e+00
1.160863074766951275e-01
2.767461733116171629e+01
-3.542596513771018030e-01
-1.402081137419946572e+03
-8.792899020068709603e+01
2.966696053715667745e+02
-2.140531503915095186e+02
1.219834005902575136e+01
2.770871565606261555e+01
2.784150571674320318e+01
1.971711910548964752e+01
-8.125033459843325545e+01
5.339871972621687490e+01
4.865123458249397181e+00
1.511712620136917540e+00
3.646154499031251106e+00
-1.067684769655502208e+01
-5.254173391114609615e+01
2.840356247144123714e+00
-1.574982529998931735e+00
1.407085000535614228e+01
1.042571648840244514e+01
1.574620239943543432e+01
2.349484618671462854e+00
-5.225188966309155525e+00
-1.391328607810482865e+01
1.515361247552566581e+01
-3.505193616125310996e+00
5.204585932329158027e+01
-1.286329131554237826e+01
3.160505763072023555e+01
3.260218363949384184e+02
6.334651030272964789e+01
-8.010932254396639252e+00
5.397103367794060347e+01
5.320100264619592068e+00
3.016663854757868357e+00
2.054502910733880583e+01
7.642443216994884381e+01
-2.913374640691925865e+00
3.837752108842807264e+00
6.519115573423084697e+01
-5.353378412963444077e+00
6.347927073796282293e+00
4.257883926382535655e+00
2.317586870943362555e+03
-4.956934552543291517e+00
4.828078878882248404e+01
-5.107411373257336962e+00
-4.106240398639707578e+00
-7.003232889239184544e+01
1.752340195006495627e+00
-1.598526377859272785e+01
-3.142503892744720417e+01
1.462293975998115343e+02
-4.882230769808543869e+01
4.238222997934578018e+00
2.131780569151522542e+01
-7.403700290001116180e+00
-5.327542848493978411e+00
-3.355799878482667697e+00
-1.399809910026349868e+01
-2.290738500683191603e+01
8.203826432514391143e-02
-7.735796533621489779e+00
5.537296924529528042e+00
2.569505134466000484e+00
-4.617901956328454460e+00
3.547505376585520676e+00
3.680513508052845051e+00
-8.664219931414507414e-01
1.518044192937001640e+02
2.627186939942567534e+01
-6.655670268020730873e+01
-3.808291775548253781e+02
1.738548410281943646e+01
-7.022246897374166963e+00
9.678375541784109970e-01
6.651281725231587671e+00
-1.040838497682317687e+01
-5.735928601044286701e+00
-4.665075806072193632e-01
-4.295959441588301786e+01
-8.682219294561093648e+00
-6.858090442492372318e+00
-1.135366629659918480e+01
2.312143883846588643e+00
2.494601777474452220e+01
2.403663471007598140e+00
1.936757237036632517e+01
-7.602437123226638782e+00
-2.408376841834897419e+00
-1.151418789065493797e+01
-1.196090722738362810e+00
-7.187453615036628385e+00
3.421366496946561142e+01
1.371532545053724572e+00
1.413592598099523379e+01
-1.623902231258865791e+00
-1.503691611377018411e+01
-9.047253153518335367e+00
-7.312436248041048970e+00
2.758216080033639717e+00
7.654562781855329234e+00
-1.385621371745358044e+00
2.091737533916093383e+01
-5.520662896162862765e+00
1.129590086190241038e+01
-6.539839181421203129e+00
7.064030804746872150e+01
-2.115794104998403480e+00
-5.823255143859404903e-01
8.460703443967849680e+00
-1.745621283626938691e+02
6.457861959720250411e+01
-7.896989293729093085e+00
6.591904225573368592e+01
-1.687096067259329857e+02
6.689931172902852552e+00
1.012405176427220432e+01
-1.666967820999142980e+00
7.614513833870047321e+00
-7.226981064207641303e+00
-1.661331515210502374e+00
-2.666433191332679531e+00
5.914862949430573558e+00
1.039131736671072304e+01
1.584695885221205813e+01
-5.686851411203754481e+00
-3.146276101254482782e+01
-2.214049034836845120e+00
6.903062801224714384e+00
-6.235488695799202219e+01
9.211932253386102332e+01
8.086573215549699434e-01
-3.603332166771474476e+01
-1.722091017724992845e+00
-9.778080150376467827e+00
3.508741956051392386e+00
8.815799664641438937e+00
3.458008749483080457e+00
7.185660603906531207e+01
1.284016136101228778e+00
-1.899601253565447934e+01
-7.734420292527800278e+00
-1.013428920085559071e+00
3.326393504252293631e+00
2.689788940288991181e+00
4.272538055091178677e+00
-2.589732805985586310e+02
-1.247227661460600778e+01
1.461071874120338165e+01
-3.779259848883543782e+01
1.288349710693237427e+01
-1.059943106550905734e+00
-1.097062433512105173e+01
1.899660202934239805e+01
-1.508358980990214526e+01
-6.637524179144506202e-03
-7.685143500059857580e+00
9.010237277695830826e+00
5.981230218152741429e+01
5.289257454523154323e+00
-1.056143047684883385e+01
-2.628615358882949726e-01
1.720135566001049199e+01
-4.159548046676645683e+00
2.394446570779555827e+01
1.698287984791900840e+01
-6.705983605481704579e+00
1.552468763854293243e+01
-1.263001760285085773e+01
-1.377152628313600191e+00
9.951490582049853373e+00
-1.170058220460262088e+00
-3.314834601401657437e+03
4.017109615395036748e+00
4.875299657758617400e+00
2.358175882168098525e+01
9.061260250474486355e+00
-1.755143624331396168e+01
-4.753675717602773076e+00
3.574450293366142617e-01
-2.350508717144690340e+00
3.266351422818291050e-01
2.052040563648075988e+01
-8.643592142557544378e+00
-3.443402725030037459e+01
-1.560164890823709585e-02
9.892266080304119669e+01
1.602179457050693756e+01
8.981512669789918135e+00
