8.758407831192016602e-01 1.035924792289733887e+00 1.113928675651550293e+00 1.039618253707885742e+00
9.227938055992126465e-01 1.096709489822387695e+00 9.855297803878784180e-01 9.036576151847839355e-01
8.901857137680053711e-01 1.147406339645385742e+00 1.075049281120300293e+00 1.008664250373840332e+00
9.406089186668395996e-01 1.028204441070556641e+00 1.109983205795288086e+00 1.100064873695373535e+00
8.741523623466491699e-01 1.142936944961547852e+00 9.911703467369079590e-01 1.196913838386535645e+00
9.029235243797302246e-01 1.128576636314392090e+00 1.150917768478393555e+00 1.196337103843688965e+00
9.956236481666564941e-01 1.002661705017089844e+00 9.750213027000427246e-01 1.369459390640258789e+00
9.984211325645446777e-01 9.957509636878967285e-01 9.953740835189819336e-01 1.265006661415100098e+00
8.897480368614196777e-01 1.177597403526306152e+00 1.145567417144775391e+00 1.147345304489135742e+00
9.252708554267883301e-01 1.030686497688293457e+00 1.217276334762573242e+00 1.141818284988403320e+00
9.054644107818603516e-01 9.723849296569824219e-01 1.195619225502014160e+00 1.269036412239074707e+00
8.727086186408996582e-01 8.937755823135375977e-01 1.027050971984863281e+00 1.153744101524353027e+00
8.667198419570922852e-01 1.159814715385437012e+00 1.190616130828857422e+00 1.127423286437988281e+00
9.553155899047851562e-01 1.089043498039245605e+00 1.011562585830688477e+00 1.038520097732543945e+00
8.608843088150024414e-01 1.100927233695983887e+00 1.142349004745483398e+00 1.256951689720153809e+00
1.021951794624328613e+00 1.134457230567932129e+00 1.031283259391784668e+00 1.189974188804626465e+00
9.493207335472106934e-01 1.051154851913452148e+00 1.141635894775390625e+00 1.039481759071350098e+00
8.059409856796264648e-01 1.117226123809814453e+00 1.221870541572570801e+00 1.090289473533630371e+00
8.606041073799133301e-01 8.871468305587768555e-01 1.043155550956726074e+00 9.946663975715637207e-01
9.281501173973083496e-01 1.053618192672729492e+00 1.171330332756042480e+00 1.076207637786865234e+00
8.944755792617797852e-01 1.144043684005737305e+00 9.829930067062377930e-01 1.210955858230590820e+00
8.673923015594482422e-01 9.851205348968505859e-01 9.194556474685668945e-01 1.093665122985839844e+00
8.993375301361083984e-01 9.662955999374389648e-01 9.516295790672302246e-01 1.072640061378479004e+00
7.832272648811340332e-01 1.028672695159912109e+00 1.065268397331237793e+00 1.203054308891296387e+00
8.519491553306579590e-01 1.026132345199584961e+00 1.087330818176269531e+00 1.041954994201660156e+00
9.721552729606628418e-01 9.721794128417968750e-01 1.069348216056823730e+00 1.044584512710571289e+00
8.651734590530395508e-01 1.005863666534423828e+00 1.103239178657531738e+00 1.226519227027893066e+00
9.060298204421997070e-01 1.047751784324645996e+00 1.004091739654541016e+00 1.176239609718322754e+00
9.814898371696472168e-01 1.128977417945861816e+00 9.766266345977783203e-01 9.921091794967651367e-01
7.938684821128845215e-01 9.492220282554626465e-01 1.155357122421264648e+00 1.271715402603149414e+00
8.734583258628845215e-01 1.156799435615539551e+00 1.112809777259826660e+00 1.157070636749267578e+00
7.160036563873291016e-01 1.050416946411132812e+00 9.992567896842956543e-01 1.079621911048889160e+00
7.802445888519287109e-01 9.816408753395080566e-01 1.158004403114318848e+00 1.265564441680908203e+00
8.252174258232116699e-01 1.101115584373474121e+00 1.112554192543029785e+00 1.012893915176391602e+00
8.467547297477722168e-01 1.180019855499267578e+00 9.742149710655212402e-01 1.082787513732910156e+00
8.315079212188720703e-01 1.085791826248168945e+00 9.602093100547790527e-01 1.265224218368530273e+00
8.774846792221069336e-01 9.378153085708618164e-01 1.131425619125366211e+00 1.075850963592529297e+00
1.012804985046386719e+00 9.857323169708251953e-01 1.027624964714050293e+00 1.145333647727966309e+00
9.138494729995727539e-01 1.046866416931152344e+00 1.104608893394470215e+00 1.186109185218811035e+00
8.075198531150817871e-01 9.490163922309875488e-01 1.211158752441406250e+00 1.152283787727355957e+00
9.414902925491333008e-01 1.080147624015808105e+00 1.069222092628479004e+00 1.122929096221923828e+00
9.658558368682861328e-01 1.036421656608581543e+00 9.336661696434020996e-01 1.011877775192260742e+00
7.472808957099914551e-01 1.028090596199035645e+00 1.057139873504638672e+00 1.137285709381103516e+00
9.207435846328735352e-01 1.156758427619934082e+00 1.140285372734069824e+00 1.041921138763427734e+00
9.932652711868286133e-01 1.073982238769531250e+00 1.082320809364318848e+00 1.004625201225280762e+00
8.145414590835571289e-01 1.160239934921264648e+00 1.035520792007446289e+00 1.111782550811767578e+00
9.310919046401977539e-01 1.201115846633911133e+00 1.092333793640136719e+00 1.064985871315002441e+00
8.375057578086853027e-01 1.095686078071594238e+00 1.163629889488220215e+00 1.167252182960510254e+00
9.072333574295043945e-01 1.093238115310668945e+00 1.067259430885314941e+00 1.038455247879028320e+00
8.599942326545715332e-01 1.020662784576416016e+00 9.907814860343933105e-01 1.164151787757873535e+00
9.007033109664916992e-01 1.025657653808593750e+00 9.668670892715454102e-01 1.188611268997192383e+00
8.922025561332702637e-01 1.071502566337585449e+00 9.678917527198791504e-01 1.174921393394470215e+00
8.937630653381347656e-01 1.057400822639465332e+00 1.151157259941101074e+00 1.265914797782897949e+00
9.726465344429016113e-01 1.074747443199157715e+00 1.014326810836791992e+00 1.187578916549682617e+00
8.647616505622863770e-01 1.025615572929382324e+00 1.054414749145507812e+00 1.001019358634948730e+00
1.019057512283325195e+00 1.047502756118774414e+00 1.023690462112426758e+00 1.211423754692077637e+00
1.025089383125305176e+00 1.112976670265197754e+00 1.288523674011230469e+00 1.208219766616821289e+00
9.797782301902770996e-01 1.087278723716735840e+00 1.216954827308654785e+00 1.288001775741577148e+00
7.881230115890502930e-01 9.603149294853210449e-01 1.059304714202880859e+00 1.191461324691772461e+00
9.388712644577026367e-01 1.222490549087524414e+00 1.194274067878723145e+00 1.168004155158996582e+00
9.188000559806823730e-01 1.098985433578491211e+00 1.035449862480163574e+00 1.187275171279907227e+00
8.052664995193481445e-01 1.144098281860351562e+00 1.124406456947326660e+00 1.093313813209533691e+00
7.960864305496215820e-01 1.166277527809143066e+00 1.028942942619323730e+00 1.118348717689514160e+00
9.037778377532958984e-01 1.097336053848266602e+00 9.825820922851562500e-01 1.059520006179809570e+00
9.005567431449890137e-01 1.165384650230407715e+00 9.990596175193786621e-01 1.153543710708618164e+00
1.037870287895202637e+00 1.014865756034851074e+00 1.124542593955993652e+00 1.131764531135559082e+00
1.028493165969848633e+00 1.087046265602111816e+00 1.188354253768920898e+00 1.226820230484008789e+00
8.875773549079895020e-01 1.096187472343444824e+00 1.081220746040344238e+00 1.118313550949096680e+00
8.989583253860473633e-01 1.108934760093688965e+00 1.120141625404357910e+00 1.216930508613586426e+00
8.123994469642639160e-01 1.060698628425598145e+00 9.929344058036804199e-01 1.213419079780578613e+00
8.200201392173767090e-01 9.132660627365112305e-01 1.087116718292236328e+00 1.141839981079101562e+00
9.102253913879394531e-01 1.081153988838195801e+00 1.003847837448120117e+00 1.163307189941406250e+00
8.783878087997436523e-01 1.201371073722839355e+00 1.135400176048278809e+00 1.172324538230895996e+00
8.937067389488220215e-01 1.146833419799804688e+00 1.107194066047668457e+00 1.112411260604858398e+00
9.066827893257141113e-01 1.110620975494384766e+00 1.159434199333190918e+00 1.036370754241943359e+00
7.817820310592651367e-01 1.024734139442443848e+00 1.210008263587951660e+00 1.266129732131958008e+00
9.714282751083374023e-01 1.227390170097351074e+00 1.013168334960937500e+00 1.097526669502258301e+00
9.699841141700744629e-01 1.034861445426940918e+00 1.196555733680725098e+00 1.078172922134399414e+00
8.608495593070983887e-01 1.127884864807128906e+00 1.186358571052551270e+00 1.079922676086425781e+00
8.855788111686706543e-01 1.067304134368896484e+00 1.092662811279296875e+00 1.029149174690246582e+00
9.577282667160034180e-01 9.598606824874877930e-01 1.029713630676269531e+00 1.138510823249816895e+00
1.004962921142578125e+00 1.020610451698303223e+00 1.072841644287109375e+00 1.129691123962402344e+00
8.238512873649597168e-01 9.471166729927062988e-01 1.083993434906005859e+00 1.154107332229614258e+00
8.377682566642761230e-01 1.079515218734741211e+00 1.014354228973388672e+00 1.180765867233276367e+00
8.975661396980285645e-01 1.188871145248413086e+00 9.149492383003234863e-01 1.133227705955505371e+00
9.135306477546691895e-01 1.187319278717041016e+00 9.983770251274108887e-01 1.053274512290954590e+00
9.240777492523193359e-01 1.159586906433105469e+00 1.047250628471374512e+00 1.137311935424804688e+00
8.796734809875488281e-01 1.137205839157104492e+00 1.184523701667785645e+00 1.153337717056274414e+00
8.219570517539978027e-01 1.065617322921752930e+00 9.426782131195068359e-01 1.145910739898681641e+00
8.009263277053833008e-01 1.064501881599426270e+00 1.047607779502868652e+00 1.076974153518676758e+00
8.403530120849609375e-01 9.954802393913269043e-01 1.003361225128173828e+00 1.012282848358154297e+00
9.342652559280395508e-01 9.647805690765380859e-01 1.125096797943115234e+00 1.237954616546630859e+00
8.284081220626831055e-01 9.450035691261291504e-01 1.070892930030822754e+00 1.097884893417358398e+00
9.722006320953369141e-01 1.100228548049926758e+00 9.929788112640380859e-01 9.869855642318725586e-01
9.592793583869934082e-01 1.070006489753723145e+00 9.197774529457092285e-01 1.007693648338317871e+00
9.495788216590881348e-01 1.093259572982788086e+00 1.063912630081176758e+00 1.149856805801391602e+00
8.386636376380920410e-01 1.138061523437500000e+00 1.119352579116821289e+00 1.046785116195678711e+00
9.737122654914855957e-01 1.067980408668518066e+00 9.609666466712951660e-01 1.188679933547973633e+00
9.530369639396667480e-01 1.096851110458374023e+00 1.101266264915466309e+00 1.126745939254760742e+00
8.767542839050292969e-01 1.022174835205078125e+00 1.034584522247314453e+00 1.226867437362670898e+00
9.014914035797119141e-01 9.807061553001403809e-01 1.061709523200988770e+00 1.217589020729064941e+00
8.862565755844116211e-01 1.160271883010864258e+00 1.119126796722412109e+00 1.139923572540283203e+00
9.865013360977172852e-01 1.104274511337280273e+00 1.039259672164916992e+00 1.172577381134033203e+00
8.530067801475524902e-01 9.840342402458190918e-01 1.038044095039367676e+00 1.239098429679870605e+00
9.071015715599060059e-01 1.106935262680053711e+00 1.112337589263916016e+00 1.153434038162231445e+00
9.736208915710449219e-01 1.083718299865722656e+00 1.110878229141235352e+00 1.302256345748901367e+00
9.219099879264831543e-01 1.068909287452697754e+00 1.183288693428039551e+00 1.110169768333435059e+00
9.214358329772949219e-01 1.019106149673461914e+00 1.024491906166076660e+00 1.180246829986572266e+00
9.591877460479736328e-01 1.053816676139831543e+00 1.153472900390625000e+00 1.161984562873840332e+00
8.246321082115173340e-01 1.086956262588500977e+00 1.302345275878906250e+00 1.088476061820983887e+00
9.661594033241271973e-01 9.709424972534179688e-01 1.027419209480285645e+00 1.194174289703369141e+00
8.587634563446044922e-01 1.058035969734191895e+00 1.088788270950317383e+00 1.157264113426208496e+00
8.449081182479858398e-01 1.011065959930419922e+00 9.396700859069824219e-01 1.124790906906127930e+00
8.849968314170837402e-01 1.064291000366210938e+00 1.144965648651123047e+00 1.285053133964538574e+00
9.724907875061035156e-01 1.011027216911315918e+00 1.011247396469116211e+00 1.223405599594116211e+00
8.240108489990234375e-01 1.195734739303588867e+00 1.087779879570007324e+00 1.224747419357299805e+00
8.937070965766906738e-01 1.059525847434997559e+00 9.667775034904479980e-01 1.264183878898620605e+00
8.922170996665954590e-01 1.099669575691223145e+00 1.087340831756591797e+00 1.018924474716186523e+00
1.003626346588134766e+00 1.062209367752075195e+00 1.027755022048950195e+00 1.082277655601501465e+00
8.325988054275512695e-01 9.407306909561157227e-01 1.118323087692260742e+00 1.126293778419494629e+00
9.517382979393005371e-01 1.047392010688781738e+00 1.082030773162841797e+00 1.199391007423400879e+00
1.006465196609497070e+00 1.117350697517395020e+00 1.138121366500854492e+00 1.243999481201171875e+00
9.285988211631774902e-01 1.056798577308654785e+00 1.116536855697631836e+00 1.120154142379760742e+00
1.000623822212219238e+00 9.589676856994628906e-01 1.069950103759765625e+00 1.095507264137268066e+00
9.188600778579711914e-01 9.752509593963623047e-01 1.001498579978942871e+00 1.031173586845397949e+00
8.406650424003601074e-01 1.124160885810852051e+00 1.137187838554382324e+00 1.224042415618896484e+00
8.724380135536193848e-01 1.023353695869445801e+00 1.007303953170776367e+00 1.035279512405395508e+00
7.785849571228027344e-01 1.102270960807800293e+00 1.149616837501525879e+00 1.196458935737609863e+00
8.094604015350341797e-01 1.143262147903442383e+00 1.155923843383789062e+00 1.285509943962097168e+00
9.101431369781494141e-01 1.008571624755859375e+00 1.161569476127624512e+00 1.196061849594116211e+00
8.891431093215942383e-01 1.036734461784362793e+00 1.163391113281250000e+00 1.309983730316162109e+00
9.932454824447631836e-01 1.113336563110351562e+00 1.054532051086425781e+00 1.062215566635131836e+00
8.605406880378723145e-01 1.055788397789001465e+00 1.136886715888977051e+00 1.286016345024108887e+00
8.838383555412292480e-01 1.072556853294372559e+00 1.051203489303588867e+00 1.085615873336791992e+00
9.487749338150024414e-01 1.000520825386047363e+00 1.059621810913085938e+00 1.209626555442810059e+00
9.310096502304077148e-01 1.014508724212646484e+00 1.082542181015014648e+00 1.141105413436889648e+00
9.509778618812561035e-01 1.163818120956420898e+00 1.222025752067565918e+00 1.283082246780395508e+00
8.089767694473266602e-01 9.560227394104003906e-01 9.931898117065429688e-01 1.238094449043273926e+00
8.471649289131164551e-01 1.012631416320800781e+00 1.024146318435668945e+00 1.116241574287414551e+00
9.799883365631103516e-01 1.007105588912963867e+00 1.149980664253234863e+00 1.091967105865478516e+00
9.041005969047546387e-01 1.187498331069946289e+00 1.160931110382080078e+00 1.187490701675415039e+00
9.115078449249267578e-01 1.152777791023254395e+00 1.201560616493225098e+00 1.170925617218017578e+00
7.985858321189880371e-01 1.113809466361999512e+00 1.026223540306091309e+00 1.204290866851806641e+00
8.855814337730407715e-01 1.043258666992187500e+00 1.174099922180175781e+00 1.103226304054260254e+00
8.715744018554687500e-01 1.000618219375610352e+00 1.124068021774291992e+00 1.173371911048889160e+00
7.907441854476928711e-01 9.876417517662048340e-01 1.130326628684997559e+00 1.120175600051879883e+00
1.067687749862670898e+00 1.110881209373474121e+00 9.981590509414672852e-01 1.086770176887512207e+00
9.029957056045532227e-01 1.073958277702331543e+00 1.191317200660705566e+00 1.066118121147155762e+00
7.587631940841674805e-01 1.006939530372619629e+00 1.050727248191833496e+00 1.034689784049987793e+00
8.556818962097167969e-01 8.702828288078308105e-01 9.575098156929016113e-01 1.040568351745605469e+00
9.210218787193298340e-01 1.038309812545776367e+00 1.263949275016784668e+00 1.081844329833984375e+00
8.518952131271362305e-01 1.109099984169006348e+00 1.072972893714904785e+00 1.203696489334106445e+00
9.280574321746826172e-01 9.504164457321166992e-01 9.427514076232910156e-01 1.231620073318481445e+00
8.101004958152770996e-01 1.087378263473510742e+00 1.111133813858032227e+00 1.155066728591918945e+00
9.375902414321899414e-01 1.095091104507446289e+00 1.061873197555541992e+00 1.181801795959472656e+00
9.864557981491088867e-01 1.051962375640869141e+00 1.039493560791015625e+00 1.225088000297546387e+00
9.754098057746887207e-01 1.036230564117431641e+00 1.085096836090087891e+00 1.068888664245605469e+00
1.018463969230651855e+00 1.090355157852172852e+00 8.973078727722167969e-01 1.244335055351257324e+00
9.889507889747619629e-01 1.145124673843383789e+00 1.138682961463928223e+00 1.059069991111755371e+00
8.105893731117248535e-01 1.041388988494873047e+00 1.064644813537597656e+00 1.184690117835998535e+00
9.288500547409057617e-01 1.195256471633911133e+00 1.038890600204467773e+00 1.165587544441223145e+00
9.181146621704101562e-01 1.065831899642944336e+00 1.048657655715942383e+00 1.180702686309814453e+00
9.116951823234558105e-01 1.015593886375427246e+00 1.048356175422668457e+00 1.065105438232421875e+00
1.074469089508056641e+00 1.059701919555664062e+00 1.063750505447387695e+00 1.182445168495178223e+00
8.987695574760437012e-01 1.173172831535339355e+00 1.120379447937011719e+00 1.128287792205810547e+00
7.730661630630493164e-01 1.095403909683227539e+00 1.092120766639709473e+00 1.092178583145141602e+00
8.430688381195068359e-01 1.088156700134277344e+00 1.099499940872192383e+00 1.205922365188598633e+00
8.540708422660827637e-01 1.135541677474975586e+00 1.024866342544555664e+00 1.171871662139892578e+00
7.688924074172973633e-01 1.021730065345764160e+00 1.215934157371520996e+00 1.066715717315673828e+00
8.670992851257324219e-01 1.061594486236572266e+00 1.116281270980834961e+00 9.938429594039916992e-01
9.374474883079528809e-01 1.086710810661315918e+00 9.599871635437011719e-01 1.115730762481689453e+00
9.017423391342163086e-01 1.008170604705810547e+00 1.107388615608215332e+00 1.151358962059020996e+00
9.799991250038146973e-01 1.037819266319274902e+00 1.054178833961486816e+00 1.146943688392639160e+00
1.019799351692199707e+00 1.167588949203491211e+00 1.038073420524597168e+00 1.183566927909851074e+00
8.960521817207336426e-01 1.019948005676269531e+00 1.012698411941528320e+00 1.080754518508911133e+00
8.704712986946105957e-01 1.059981346130371094e+00 1.038553953170776367e+00 1.084036111831665039e+00
8.633644580841064453e-01 1.035565614700317383e+00 1.099648952484130859e+00 1.151769876480102539e+00
8.583533763885498047e-01 1.071673393249511719e+00 1.067840218544006348e+00 1.099574089050292969e+00
9.683874249458312988e-01 1.117932796478271484e+00 1.140075087547302246e+00 1.033709526062011719e+00
9.286636114120483398e-01 1.043429017066955566e+00 1.163285732269287109e+00 1.188413381576538086e+00
8.751002550125122070e-01 1.102244853973388672e+00 1.116273164749145508e+00 9.808847308158874512e-01
7.707996964454650879e-01 9.792469143867492676e-01 1.085965037345886230e+00 1.167838811874389648e+00
7.318059206008911133e-01 1.152708768844604492e+00 1.164852976799011230e+00 1.043483257293701172e+00
9.242361783981323242e-01 1.089711189270019531e+00 1.048138022422790527e+00 1.023208618164062500e+00
9.950326681137084961e-01 1.135285854339599609e+00 9.825932979583740234e-01 1.186950206756591797e+00
8.740942478179931641e-01 1.268224716186523438e+00 1.039080739021301270e+00 1.219934225082397461e+00
8.312831521034240723e-01 1.072061777114868164e+00 8.970568776130676270e-01 1.118443250656127930e+00
1.003364562988281250e+00 1.093701839447021484e+00 1.032484769821166992e+00 1.101369142532348633e+00
9.122119545936584473e-01 1.068592071533203125e+00 1.177954792976379395e+00 1.245219588279724121e+00
9.102877378463745117e-01 1.195186614990234375e+00 1.097078323364257812e+00 1.153791427612304688e+00
9.092741608619689941e-01 1.082152247428894043e+00 9.527599215507507324e-01 1.158738613128662109e+00
8.044861555099487305e-01 1.112337708473205566e+00 1.016494274139404297e+00 1.041885614395141602e+00
9.069026708602905273e-01 1.118927836418151855e+00 1.047620773315429688e+00 1.011554718017578125e+00
8.792083263397216797e-01 9.151382446289062500e-01 1.107774496078491211e+00 1.197492480278015137e+00
9.881144762039184570e-01 1.090707898139953613e+00 1.038226604461669922e+00 1.047498583793640137e+00
8.772519826889038086e-01 1.054606080055236816e+00 1.121059179306030273e+00 1.216899275779724121e+00
7.916262745857238770e-01 1.071023941040039062e+00 1.056841373443603516e+00 9.944862127304077148e-01
9.138057827949523926e-01 1.173491835594177246e+00 1.065351247787475586e+00 1.090374946594238281e+00
8.429260849952697754e-01 1.111575365066528320e+00 1.184323787689208984e+00 1.101404309272766113e+00
9.486977458000183105e-01 1.013310313224792480e+00 1.125548124313354492e+00 1.250882863998413086e+00
7.881329059600830078e-01 9.917612075805664062e-01 1.030547618865966797e+00 1.217269420623779297e+00
8.551814556121826172e-01 9.842874407768249512e-01 1.152840495109558105e+00 1.256470203399658203e+00
7.991012930870056152e-01 9.042510390281677246e-01 1.076418280601501465e+00 1.065256714820861816e+00
7.928989529609680176e-01 1.052630186080932617e+00 1.189473986625671387e+00 1.054771780967712402e+00
8.388780355453491211e-01 1.056578636169433594e+00 1.112160563468933105e+00 1.168391942977905273e+00
9.577227830886840820e-01 1.109292268753051758e+00 1.093473196029663086e+00 1.074713230133056641e+00
9.872869849205017090e-01 1.025623321533203125e+00 1.067610263824462891e+00 9.390847086906433105e-01
9.166653752326965332e-01 1.124926805496215820e+00 1.171267390251159668e+00 1.192069649696350098e+00
9.395338892936706543e-01 1.066538810729980469e+00 1.132430076599121094e+00 1.111940264701843262e+00
8.818182349205017090e-01 1.008715629577636719e+00 9.733369350433349609e-01 1.142869949340820312e+00
8.462606668472290039e-01 9.725716114044189453e-01 1.122025609016418457e+00 1.124135017395019531e+00
9.899140596389770508e-01 1.137871146202087402e+00 1.078338980674743652e+00 1.064873456954956055e+00
1.084242939949035645e+00 1.114248275756835938e+00 1.123558282852172852e+00 1.172527194023132324e+00
7.797740101814270020e-01 1.055775761604309082e+00 1.012355685234069824e+00 1.195994853973388672e+00
8.250614404678344727e-01 1.111424207687377930e+00 9.628401994705200195e-01 1.105329513549804688e+00
9.802288413047790527e-01 1.101709008216857910e+00 8.810114860534667969e-01 9.927194118499755859e-01
8.743211627006530762e-01 1.051658034324645996e+00 9.760526418685913086e-01 1.069965720176696777e+00
9.329226613044738770e-01 1.180949807167053223e+00 1.132789850234985352e+00 1.226049423217773438e+00
9.984085559844970703e-01 1.012007832527160645e+00 1.131073832511901855e+00 1.169494271278381348e+00
9.989959001541137695e-01 1.026541948318481445e+00 1.025733351707458496e+00 1.262273192405700684e+00
8.860859870910644531e-01 1.070806980133056641e+00 1.042785167694091797e+00 1.196073889732360840e+00
9.227644801139831543e-01 1.086448669433593750e+00 1.058243513107299805e+00 1.096353650093078613e+00
8.701547980308532715e-01 1.125642418861389160e+00 1.048261880874633789e+00 1.004932284355163574e+00
8.361842036247253418e-01 8.861974477767944336e-01 1.037240624427795410e+00 1.037382006645202637e+00
9.279001951217651367e-01 1.038750171661376953e+00 9.589560627937316895e-01 1.181949138641357422e+00
8.924123048782348633e-01 1.038765430450439453e+00 1.058155298233032227e+00 1.116333365440368652e+00
8.212210536003112793e-01 1.151970982551574707e+00 1.045596837997436523e+00 1.040316224098205566e+00
9.421397447586059570e-01 1.128871917724609375e+00 1.122327685356140137e+00 1.045038580894470215e+00
9.476910233497619629e-01 1.113782286643981934e+00 9.627304077148437500e-01 1.175781250000000000e+00
8.550513386726379395e-01 1.119676828384399414e+00 1.058986186981201172e+00 1.145107507705688477e+00
9.385437369346618652e-01 9.616356492042541504e-01 9.448426365852355957e-01 1.145748257637023926e+00
7.407379150390625000e-01 8.850271701812744141e-01 1.043362975120544434e+00 1.153844594955444336e+00
9.600467681884765625e-01 1.086298108100891113e+00 1.104232192039489746e+00 1.154348373413085938e+00
8.731136918067932129e-01 1.089070916175842285e+00 1.053047180175781250e+00 1.071494102478027344e+00
8.471512794494628906e-01 1.016143798828125000e+00 1.104955792427062988e+00 1.217609286308288574e+00
9.243610501289367676e-01 1.252098202705383301e+00 9.000884294509887695e-01 1.053224802017211914e+00
9.011811614036560059e-01 1.077364206314086914e+00 1.067450881004333496e+00 1.216373562812805176e+00
8.838308453559875488e-01 1.143404483795166016e+00 1.121572852134704590e+00 1.074062228202819824e+00
8.681104183197021484e-01 9.899067282676696777e-01 1.152289390563964844e+00 1.122443437576293945e+00
8.610934615135192871e-01 1.124273896217346191e+00 9.760497212409973145e-01 1.240194797515869141e+00
7.685140371322631836e-01 1.018259763717651367e+00 1.152212262153625488e+00 1.084360241889953613e+00
8.620003461837768555e-01 1.101159691810607910e+00 1.092582106590270996e+00 1.084589362144470215e+00
1.017541766166687012e+00 1.142713427543640137e+00 8.717534542083740234e-01 1.171101808547973633e+00
8.738107085227966309e-01 1.048792362213134766e+00 1.034568071365356445e+00 1.099266767501831055e+00
8.745308518409729004e-01 1.120376706123352051e+00 1.040094137191772461e+00 1.034111738204956055e+00
8.693794608116149902e-01 1.126554608345031738e+00 1.177998781204223633e+00 1.000476837158203125e+00
9.575141668319702148e-01 1.159051299095153809e+00 9.785949587821960449e-01 1.065751671791076660e+00
9.910899400711059570e-01 1.136946320533752441e+00 9.945195913314819336e-01 1.241848826408386230e+00
9.254899621009826660e-01 1.040360450744628906e+00 1.066674113273620605e+00 1.101311922073364258e+00
8.351865410804748535e-01 9.506358504295349121e-01 1.060915589332580566e+00 1.130046725273132324e+00
9.679391384124755859e-01 1.156799674034118652e+00 1.095353126525878906e+00 1.166463375091552734e+00
9.430263042449951172e-01 1.067044138908386230e+00 1.154881000518798828e+00 1.113144874572753906e+00
9.366788268089294434e-01 9.406924843788146973e-01 9.795598387718200684e-01 1.182221531867980957e+00
9.647045135498046875e-01 1.201376914978027344e+00 1.095598936080932617e+00 1.223785161972045898e+00
1.059253096580505371e+00 1.139137625694274902e+00 9.387196898460388184e-01 1.055857658386230469e+00
1.030068874359130859e+00 1.013108491897583008e+00 9.886616468429565430e-01 1.050833940505981445e+00
9.190147519111633301e-01 8.864145278930664062e-01 1.122519850730895996e+00 1.082526564598083496e+00
9.329407215118408203e-01 9.991832971572875977e-01 1.042970538139343262e+00 1.093199253082275391e+00
1.005287885665893555e+00 1.111902475357055664e+00 1.237019300460815430e+00 1.250007271766662598e+00
8.546212315559387207e-01 1.032937884330749512e+00 9.948095679283142090e-01 9.741819500923156738e-01
1.003012537956237793e+00 1.071451187133789062e+00 1.102172732353210449e+00 1.132543087005615234e+00
9.294303059577941895e-01 1.042075276374816895e+00 1.081923365592956543e+00 1.102824211120605469e+00
1.004769921302795410e+00 1.199554562568664551e+00 9.959847331047058105e-01 1.212329387664794922e+00
8.648848533630371094e-01 9.505349397659301758e-01 9.028974771499633789e-01 1.163249373435974121e+00
9.057080149650573730e-01 1.079124212265014648e+00 9.755331873893737793e-01 1.195302486419677734e+00
9.028402566909790039e-01 9.177208542823791504e-01 1.128541111946105957e+00 1.015663385391235352e+00
9.982350468635559082e-01 1.118476271629333496e+00 9.994534850120544434e-01 1.073401927947998047e+00
8.470599651336669922e-01 1.034450173377990723e+00 1.097208261489868164e+00 1.014487862586975098e+00
8.942146897315979004e-01 1.120845794677734375e+00 1.030870199203491211e+00 1.109483838081359863e+00
7.764363884925842285e-01 1.028912901878356934e+00 1.043173432350158691e+00 1.286557078361511230e+00
9.129540324211120605e-01 1.091157436370849609e+00 1.238790869712829590e+00 1.135014295578002930e+00
6.929905414581298828e-01 9.762757420539855957e-01 1.008298277854919434e+00 1.108407855033874512e+00
8.140478730201721191e-01 9.772041440010070801e-01 1.278327703475952148e+00 1.131951570510864258e+00
9.552571177482604980e-01 1.104743957519531250e+00 1.119911551475524902e+00 1.307654142379760742e+00
8.464522957801818848e-01 1.062943458557128906e+00 1.037027478218078613e+00 1.163596630096435547e+00
9.131143093109130859e-01 9.877964854240417480e-01 1.104052424430847168e+00 1.078130125999450684e+00
8.455095887184143066e-01 1.068812370300292969e+00 1.073343753814697266e+00 1.173097491264343262e+00
8.995284438133239746e-01 1.146612524986267090e+00 1.050521492958068848e+00 1.014228701591491699e+00
8.179265260696411133e-01 1.066605448722839355e+00 1.030948400497436523e+00 1.090688228607177734e+00
8.512433767318725586e-01 1.195898056030273438e+00 1.041514873504638672e+00 1.005431294441223145e+00
8.223176598548889160e-01 1.092582583427429199e+00 1.082682728767395020e+00 1.127908825874328613e+00
9.267423748970031738e-01 9.632768630981445312e-01 1.119362592697143555e+00 1.229367375373840332e+00
9.360136985778808594e-01 1.128845453262329102e+00 9.727197885513305664e-01 1.066047430038452148e+00
7.612945437431335449e-01 1.074827671051025391e+00 1.189926028251647949e+00 1.187751531600952148e+00
7.485442161560058594e-01 1.121149301528930664e+00 1.068553805351257324e+00 1.041481971740722656e+00
7.762179374694824219e-01 9.861791133880615234e-01 1.003411412239074707e+00 1.068592071533203125e+00
8.363907933235168457e-01 8.931022882461547852e-01 1.086107611656188965e+00 1.211965441703796387e+00
9.758169651031494141e-01 1.115395784378051758e+00 1.047291517257690430e+00 1.190124869346618652e+00
1.120947122573852539e+00 1.112881183624267578e+00 1.231611490249633789e+00 1.052668094635009766e+00
9.050935506820678711e-01 1.057375431060791016e+00 1.052788972854614258e+00 1.091928243637084961e+00
9.237631559371948242e-01 1.172809958457946777e+00 1.119697570800781250e+00 1.181881666183471680e+00
8.906532526016235352e-01 9.901949763298034668e-01 9.141719341278076172e-01 1.038952231407165527e+00
8.119837641716003418e-01 9.684181809425354004e-01 1.158233761787414551e+00 1.007329702377319336e+00
9.578431248664855957e-01 1.149453997611999512e+00 1.102178215980529785e+00 1.187997341156005859e+00
8.789204359054565430e-01 9.574384093284606934e-01 1.123287200927734375e+00 1.180945038795471191e+00
8.992385864257812500e-01 1.026235580444335938e+00 1.125021815299987793e+00 1.053632855415344238e+00
9.129801392555236816e-01 1.052706718444824219e+00 1.067102909088134766e+00 1.159559369087219238e+00
8.335154652595520020e-01 1.001013278961181641e+00 1.041752219200134277e+00 1.023289203643798828e+00
7.584010362625122070e-01 1.031434297561645508e+00 1.149577140808105469e+00 1.172659039497375488e+00
9.104251861572265625e-01 1.096182823181152344e+00 9.728247523307800293e-01 1.189499735832214355e+00
1.015368342399597168e+00 9.623087048530578613e-01 1.087899208068847656e+00 1.214787483215332031e+00
9.140350818634033203e-01 1.132570505142211914e+00 1.042221546173095703e+00 1.157080173492431641e+00
9.309539198875427246e-01 1.039417386054992676e+00 1.142212152481079102e+00 1.181811809539794922e+00
8.372083902359008789e-01 1.071152806282043457e+00 8.825564980506896973e-01 1.082951188087463379e+00
8.597741127014160156e-01 1.083827972412109375e+00 1.156457543373107910e+00 1.126454830169677734e+00
9.286725521087646484e-01 1.156283259391784668e+00 1.037836432456970215e+00 1.104510903358459473e+00
9.190043807029724121e-01 1.103510260581970215e+00 9.623176455497741699e-01 1.002927541732788086e+00
1.055366396903991699e+00 1.080758810043334961e+00 1.089739799499511719e+00 1.169538021087646484e+00
7.166723608970642090e-01 1.140645027160644531e+00 1.083262324333190918e+00 1.286565899848937988e+00
8.394512534141540527e-01 1.151424407958984375e+00 1.027822852134704590e+00 1.032949328422546387e+00
9.018274545669555664e-01 9.134390950202941895e-01 9.807052612304687500e-01 1.021985411643981934e+00
8.686252236366271973e-01 1.040760755538940430e+00 1.113973259925842285e+00 9.918505549430847168e-01
8.209592700004577637e-01 9.117541313171386719e-01 1.201155900955200195e+00 1.182720065116882324e+00
8.571132421493530273e-01 9.948870539665222168e-01 1.180366635322570801e+00 1.097814321517944336e+00
8.565462231636047363e-01 1.045641541481018066e+00 9.544405341148376465e-01 9.984097480773925781e-01
8.119744062423706055e-01 1.087027430534362793e+00 1.048293113708496094e+00 1.133693695068359375e+00
8.961631655693054199e-01 1.156697273254394531e+00 1.048067331314086914e+00 1.137343406677246094e+00
9.093947410583496094e-01 9.571560621261596680e-01 1.230309486389160156e+00 1.073780417442321777e+00
9.490094780921936035e-01 1.134597778320312500e+00 9.330710172653198242e-01 1.044279694557189941e+00
1.015652179718017578e+00 1.061610937118530273e+00 9.408662319183349609e-01 1.123101353645324707e+00
8.921074867248535156e-01 1.156258940696716309e+00 1.158146977424621582e+00 1.078403592109680176e+00
8.376799225807189941e-01 1.071819424629211426e+00 9.445098042488098145e-01 1.136798024177551270e+00
8.633261919021606445e-01 1.042876839637756348e+00 9.843768477439880371e-01 1.080927133560180664e+00
7.507956624031066895e-01 1.117936849594116211e+00 1.003148794174194336e+00 1.019678115844726562e+00
1.002472996711730957e+00 1.066367745399475098e+00 9.989226460456848145e-01 1.018110871315002441e+00
9.951789975166320801e-01 1.043305993080139160e+00 9.862258434295654297e-01 1.104013442993164062e+00
8.558678627014160156e-01 1.043485641479492188e+00 1.036341190338134766e+00 1.245700716972351074e+00
8.260061740875244141e-01 1.047085046768188477e+00 1.068306684494018555e+00 1.316823244094848633e+00
9.637979865074157715e-01 1.030693531036376953e+00 1.095898985862731934e+00 1.071257233619689941e+00
9.065721035003662109e-01 1.082003593444824219e+00 9.833285212516784668e-01 1.059390187263488770e+00
7.979729175567626953e-01 9.379915595054626465e-01 1.180198311805725098e+00 1.240080118179321289e+00
1.119129896163940430e+00 1.143762946128845215e+00 1.214904427528381348e+00 1.175534129142761230e+00
8.966794013977050781e-01 1.008898615837097168e+00 9.985107779502868652e-01 1.143100738525390625e+00
9.446106553077697754e-01 1.119076132774353027e+00 1.078583002090454102e+00 1.294298171997070312e+00
8.310134410858154297e-01 1.126136302947998047e+00 1.044522881507873535e+00 1.157471776008605957e+00
8.319810628890991211e-01 1.036375045776367188e+00 1.144338965415954590e+00 1.146466016769409180e+00
8.984887003898620605e-01 1.077319145202636719e+00 1.105854630470275879e+00 1.230483651161193848e+00
8.330205082893371582e-01 1.002499699592590332e+00 1.103951573371887207e+00 1.093434691429138184e+00
8.015765547752380371e-01 1.064150214195251465e+00 9.596304297447204590e-01 1.214164614677429199e+00
7.779420614242553711e-01 1.043931484222412109e+00 1.085196495056152344e+00 1.032510280609130859e+00
8.675301074981689453e-01 1.078084945678710938e+00 1.071316719055175781e+00 1.265133023262023926e+00
9.014340043067932129e-01 9.885919690132141113e-01 1.067664504051208496e+00 1.147248864173889160e+00
8.901460170745849609e-01 9.770106673240661621e-01 9.202858805656433105e-01 1.041675329208374023e+00
9.084488153457641602e-01 1.106280326843261719e+00 1.053627252578735352e+00 1.109073758125305176e+00
8.506480455398559570e-01 1.042004585266113281e+00 1.080901741981506348e+00 1.160886526107788086e+00
9.218937158584594727e-01 9.435344338417053223e-01 1.020943045616149902e+00 1.052480936050415039e+00
1.004201412200927734e+00 1.099043607711791992e+00 9.561129808425903320e-01 1.254357933998107910e+00
7.523379325866699219e-01 1.087055087089538574e+00 9.317794442176818848e-01 1.210089564323425293e+00
9.563347697257995605e-01 1.061308026313781738e+00 1.096787452697753906e+00 1.093570828437805176e+00
9.586208462715148926e-01 1.125590085983276367e+00 1.105161786079406738e+00 1.075775504112243652e+00
9.303504228591918945e-01 1.175552010536193848e+00 1.056320905685424805e+00 1.050905108451843262e+00
1.022231936454772949e+00 1.062847256660461426e+00 1.074633002281188965e+00 1.171210527420043945e+00
9.472634196281433105e-01 1.061751484870910645e+00 9.725285768508911133e-01 1.090298295021057129e+00
9.395925998687744141e-01 1.169136285781860352e+00 1.147451400756835938e+00 1.199721455574035645e+00
9.583297371864318848e-01 1.009822607040405273e+00 1.187507629394531250e+00 1.147430419921875000e+00
8.926243782043457031e-01 1.057198166847229004e+00 9.965947270393371582e-01 1.039738297462463379e+00
8.233072161674499512e-01 1.104249954223632812e+00 1.100230097770690918e+00 1.145817279815673828e+00
9.972410798072814941e-01 1.150300025939941406e+00 9.264329671859741211e-01 1.133427619934082031e+00
8.208722472190856934e-01 1.016585707664489746e+00 9.663895368576049805e-01 1.208271384239196777e+00
8.591838479042053223e-01 1.113879084587097168e+00 1.179601430892944336e+00 1.055711865425109863e+00
7.663975358009338379e-01 1.184626340866088867e+00 1.092733621597290039e+00 1.152325630187988281e+00
9.248333573341369629e-01 1.093310356140136719e+00 1.189710378646850586e+00 1.124659419059753418e+00
9.947777986526489258e-01 1.164847731590270996e+00 1.036329507827758789e+00 1.040438055992126465e+00
8.713927268981933594e-01 1.054252386093139648e+00 1.148329257965087891e+00 1.041780352592468262e+00
8.978603482246398926e-01 9.894096851348876953e-01 1.140911459922790527e+00 1.057733654975891113e+00
8.584773540496826172e-01 1.073542714118957520e+00 1.128735542297363281e+00 1.082675814628601074e+00
8.813213109970092773e-01 1.096328020095825195e+00 1.205155491828918457e+00 1.131665945053100586e+00
8.427873253822326660e-01 1.027751803398132324e+00 1.238371729850769043e+00 1.226962804794311523e+00
8.791331052780151367e-01 1.115883231163024902e+00 1.101148724555969238e+00 1.134038567543029785e+00
8.524497151374816895e-01 1.093023180961608887e+00 1.093053460121154785e+00 1.204909801483154297e+00
7.358481884002685547e-01 1.027997016906738281e+00 1.066206216812133789e+00 1.143217802047729492e+00
1.090949177742004395e+00 1.003754615783691406e+00 9.343324303627014160e-01 1.068278312683105469e+00
7.991353869438171387e-01 1.121075391769409180e+00 9.409704208374023438e-01 1.071364283561706543e+00
9.858353137969970703e-01 1.107592344284057617e+00 1.029077768325805664e+00 1.217223286628723145e+00
7.577701210975646973e-01 1.042789101600646973e+00 1.241743683815002441e+00 1.034878730773925781e+00
7.593596577644348145e-01 1.119932055473327637e+00 1.019389748573303223e+00 1.136031031608581543e+00
8.579095602035522461e-01 1.039502382278442383e+00 1.076942086219787598e+00 1.012858152389526367e+00
8.238064646720886230e-01 1.066453456878662109e+00 1.080545783042907715e+00 1.201273560523986816e+00
8.151520490646362305e-01 1.078473448753356934e+00 1.139232993125915527e+00 1.049606204032897949e+00
9.372280836105346680e-01 1.020190834999084473e+00 1.085839390754699707e+00 1.178847789764404297e+00
8.282085657119750977e-01 1.102048754692077637e+00 1.133048772811889648e+00 1.205097556114196777e+00
9.973280429840087891e-01 1.113432407379150391e+00 1.014199256896972656e+00 1.054539918899536133e+00
8.881321549415588379e-01 1.105738401412963867e+00 1.085282921791076660e+00 1.210655808448791504e+00
8.857702612876892090e-01 9.788083434104919434e-01 1.012331008911132812e+00 1.172753453254699707e+00
7.931914925575256348e-01 1.082178115844726562e+00 1.169497013092041016e+00 1.038136005401611328e+00
1.043960452079772949e+00 1.073117852210998535e+00 1.070284724235534668e+00 1.222616791725158691e+00
9.376836419105529785e-01 9.830656051635742188e-01 1.220438957214355469e+00 1.080508708953857422e+00
8.599495291709899902e-01 1.014099836349487305e+00 1.240811705589294434e+00 1.023855924606323242e+00
8.090559840202331543e-01 9.222380518913269043e-01 1.050500035285949707e+00 1.139089107513427734e+00
9.538346529006958008e-01 1.097136735916137695e+00 9.742398262023925781e-01 1.128507971763610840e+00
8.252143263816833496e-01 1.028892397880554199e+00 1.126302599906921387e+00 1.113954901695251465e+00
7.454094290733337402e-01 1.044657111167907715e+00 1.127701282501220703e+00 1.216514945030212402e+00
9.321776628494262695e-01 1.049008965492248535e+00 1.195906400680541992e+00 1.197289347648620605e+00
9.391872882843017578e-01 1.154112935066223145e+00 1.107823252677917480e+00 1.073731541633605957e+00
9.392908215522766113e-01 1.050164937973022461e+00 1.109943747520446777e+00 1.100217700004577637e+00
8.290152549743652344e-01 9.851039052009582520e-01 1.034856319427490234e+00 1.158274292945861816e+00
8.872421383857727051e-01 1.099290609359741211e+00 1.135767698287963867e+00 1.081099271774291992e+00
9.672420620918273926e-01 9.255825877189636230e-01 1.128765821456909180e+00 1.198130369186401367e+00
9.468779563903808594e-01 1.113127946853637695e+00 1.059664011001586914e+00 9.824110269546508789e-01
7.959139943122863770e-01 1.093600869178771973e+00 1.071570754051208496e+00 1.072467446327209473e+00
9.003432989120483398e-01 1.065669536590576172e+00 1.073929190635681152e+00 1.175670504570007324e+00
9.573944211006164551e-01 9.904350042343139648e-01 1.078806638717651367e+00 1.154039382934570312e+00
8.795180916786193848e-01 1.095673441886901855e+00 1.035157918930053711e+00 1.120395064353942871e+00
9.746491312980651855e-01 1.079954981803894043e+00 9.800678491592407227e-01 9.512635469436645508e-01
7.970498800277709961e-01 1.129126310348510742e+00 1.122665286064147949e+00 1.244187235832214355e+00
8.350065350532531738e-01 1.023688197135925293e+00 1.082683324813842773e+00 1.223008632659912109e+00
8.346908092498779297e-01 1.013861060142517090e+00 9.769966602325439453e-01 1.240574359893798828e+00
8.935164809226989746e-01 9.994048476219177246e-01 1.143705487251281738e+00 1.136252164840698242e+00
1.020630598068237305e+00 1.051178336143493652e+00 1.055052042007446289e+00 1.219684839248657227e+00
9.555232524871826172e-01 1.146572828292846680e+00 1.109962582588195801e+00 1.139070153236389160e+00
9.423771500587463379e-01 8.452411890029907227e-01 1.084051728248596191e+00 1.125181317329406738e+00
8.842439055442810059e-01 1.152671217918395996e+00 1.183540225028991699e+00 1.179467916488647461e+00
9.893046617507934570e-01 1.061381578445434570e+00 1.032147526741027832e+00 1.251868486404418945e+00
8.637052774429321289e-01 1.104825019836425781e+00 1.039887666702270508e+00 1.088431715965270996e+00
8.560377359390258789e-01 1.075917124748229980e+00 1.247111439704895020e+00 1.188304066658020020e+00
1.006608366966247559e+00 1.162722706794738770e+00 9.913564324378967285e-01 1.102859020233154297e+00
9.309478402137756348e-01 1.079905509948730469e+00 1.106477856636047363e+00 1.115546345710754395e+00
8.630040287971496582e-01 1.126194715499877930e+00 1.131258249282836914e+00 1.007486343383789062e+00
8.822746872901916504e-01 1.062409043312072754e+00 1.148990154266357422e+00 1.122838497161865234e+00
8.705332279205322266e-01 1.108265399932861328e+00 1.011390209197998047e+00 1.198028922080993652e+00
8.285319805145263672e-01 1.121261954307556152e+00 9.980175495147705078e-01 1.064041376113891602e+00
7.573601603507995605e-01 9.475753307342529297e-01 9.834606647491455078e-01 1.003764152526855469e+00
9.764677882194519043e-01 1.044159650802612305e+00 1.037238717079162598e+00 1.000656604766845703e+00
8.812631368637084961e-01 9.601594209671020508e-01 1.003726601600646973e+00 1.148540258407592773e+00
8.259202837944030762e-01 1.132252216339111328e+00 1.021283626556396484e+00 1.147172212600708008e+00
9.636853933334350586e-01 8.793792724609375000e-01 1.024140119552612305e+00 1.151550650596618652e+00
8.649666309356689453e-01 9.433998465538024902e-01 1.122363805770874023e+00 1.212696909904479980e+00
8.503490090370178223e-01 1.083919763565063477e+00 1.232850790023803711e+00 1.163029074668884277e+00
1.044086575508117676e+00 1.028169870376586914e+00 1.011725306510925293e+00 1.131472945213317871e+00
1.024655580520629883e+00 1.029538869857788086e+00 1.164569377899169922e+00 1.247713327407836914e+00
8.757987618446350098e-01 1.169008135795593262e+00 1.089195132255554199e+00 1.152309894561767578e+00
9.239351153373718262e-01 9.773516058921813965e-01 1.098188519477844238e+00 1.265910148620605469e+00
8.253016471862792969e-01 1.042183279991149902e+00 1.013272047042846680e+00 1.206063747406005859e+00
9.826138019561767578e-01 1.044594883918762207e+00 9.946403503417968750e-01 1.138149857521057129e+00
9.627348184585571289e-01 1.117505669593811035e+00 9.636425971984863281e-01 1.236922740936279297e+00
9.171763658523559570e-01 1.064178824424743652e+00 1.070604562759399414e+00 1.094672203063964844e+00
8.687383532524108887e-01 1.159719944000244141e+00 1.132538318634033203e+00 1.173539400100708008e+00
9.260947108268737793e-01 1.182421565055847168e+00 1.034108638763427734e+00 1.095342397689819336e+00
9.298886060714721680e-01 1.082326173782348633e+00 1.104490399360656738e+00 1.043010592460632324e+00
8.843736052513122559e-01 9.170258045196533203e-01 1.168454885482788086e+00 1.158725857734680176e+00
9.207807779312133789e-01 1.121878981590270996e+00 1.007553339004516602e+00 1.068673372268676758e+00
1.004258394241333008e+00 1.099917173385620117e+00 9.888651967048645020e-01 1.232745647430419922e+00
8.740386962890625000e-01 1.143044233322143555e+00 1.049626827239990234e+00 1.199518680572509766e+00
7.756802439689636230e-01 1.050627708435058594e+00 1.197413802146911621e+00 1.279784321784973145e+00
9.051420092582702637e-01 1.113993525505065918e+00 1.064131259918212891e+00 1.054866552352905273e+00
8.720580339431762695e-01 1.165612816810607910e+00 9.429054260253906250e-01 1.198197841644287109e+00
9.043722748756408691e-01 1.034018516540527344e+00 9.625108838081359863e-01 1.150414109230041504e+00
9.009155035018920898e-01 1.099626421928405762e+00 1.124393582344055176e+00 1.205703020095825195e+00
1.108554124832153320e+00 1.173423171043395996e+00 1.077035784721374512e+00 1.222408413887023926e+00
8.382518887519836426e-01 1.016870737075805664e+00 1.058243751525878906e+00 1.024293184280395508e+00
9.440678358078002930e-01 1.038563966751098633e+00 1.129213809967041016e+00 1.024451136589050293e+00
8.979551792144775391e-01 1.001280426979064941e+00 1.023877859115600586e+00 1.242672801017761230e+00
9.167442917823791504e-01 1.036218047142028809e+00 1.261535882949829102e+00 1.269765496253967285e+00
9.614688158035278320e-01 1.039595842361450195e+00 1.191066741943359375e+00 1.165645360946655273e+00
9.427115917205810547e-01 1.123366236686706543e+00 1.020818352699279785e+00 1.119714975357055664e+00
7.906712889671325684e-01 1.079566001892089844e+00 9.070134162902832031e-01 1.128226518630981445e+00
8.519505858421325684e-01 1.062549233436584473e+00 1.185670971870422363e+00 1.010710716247558594e+00
9.680853486061096191e-01 1.049296140670776367e+00 9.440376758575439453e-01 1.133326888084411621e+00
8.324325680732727051e-01 1.002936840057373047e+00 9.922468066215515137e-01 1.127646088600158691e+00
6.997504234313964844e-01 1.014168858528137207e+00 1.151314020156860352e+00 1.008444786071777344e+00
8.110089898109436035e-01 1.016007304191589355e+00 9.722884893417358398e-01 1.197311282157897949e+00
9.084937572479248047e-01 1.041580080986022949e+00 9.597265720367431641e-01 1.109452962875366211e+00
7.710439562797546387e-01 1.084715008735656738e+00 1.097563028335571289e+00 1.307233214378356934e+00
8.522642850875854492e-01 1.083310365676879883e+00 1.052583217620849609e+00 1.108993887901306152e+00
9.060871601104736328e-01 1.010324835777282715e+00 9.223139882087707520e-01 1.053604960441589355e+00
8.637255430221557617e-01 1.092679738998413086e+00 1.223258018493652344e+00 1.106354355812072754e+00
9.382799267768859863e-01 1.051516175270080566e+00 9.674223065376281738e-01 1.178800106048583984e+00
9.418410062789916992e-01 1.069150447845458984e+00 1.003657221794128418e+00 1.099887847900390625e+00
8.736296892166137695e-01 1.065543293952941895e+00 1.100559234619140625e+00 9.870223402976989746e-01
8.828547596931457520e-01 1.150290012359619141e+00 1.103900074958801270e+00 1.123659849166870117e+00
8.736466765403747559e-01 1.091492652893066406e+00 1.064619660377502441e+00 1.030968666076660156e+00
7.426571846008300781e-01 1.174412965774536133e+00 1.020312428474426270e+00 1.231175422668457031e+00
9.667863249778747559e-01 1.153840780258178711e+00 1.050149202346801758e+00 1.205328702926635742e+00
1.083977460861206055e+00 1.149074673652648926e+00 1.181583404541015625e+00 9.879729151725769043e-01
8.940715789794921875e-01 9.416812062263488770e-01 9.107133746147155762e-01 1.241118073463439941e+00
8.625312447547912598e-01 1.149739146232604980e+00 1.104478120803833008e+00 1.267431378364562988e+00
8.127465248107910156e-01 1.150215148925781250e+00 9.941244125366210938e-01 1.225579380989074707e+00
9.440812468528747559e-01 1.074898838996887207e+00 1.115760326385498047e+00 1.225919246673583984e+00
7.276890277862548828e-01 1.132252216339111328e+00 1.063537716865539551e+00 1.030387997627258301e+00
8.686953783035278320e-01 1.053482770919799805e+00 1.100687384605407715e+00 1.107577323913574219e+00
9.473254680633544922e-01 1.031766533851623535e+00 1.044667243957519531e+00 1.198067784309387207e+00
8.657373189926147461e-01 1.007749199867248535e+00 1.051190495491027832e+00 1.080484867095947266e+00
8.235935568809509277e-01 9.286965727806091309e-01 1.119449019432067871e+00 1.140194296836853027e+00
8.540756702423095703e-01 9.694378376007080078e-01 1.123522162437438965e+00 1.018062353134155273e+00
7.865473628044128418e-01 1.099623680114746094e+00 1.273815035820007324e+00 1.132937908172607422e+00
9.350463747978210449e-01 9.255257844924926758e-01 1.173134803771972656e+00 1.058846473693847656e+00
8.439764380455017090e-01 1.214671969413757324e+00 1.101872682571411133e+00 1.117831349372863770e+00
8.949890732765197754e-01 1.010259866714477539e+00 9.966982007026672363e-01 1.193714737892150879e+00
9.011685252189636230e-01 1.011459946632385254e+00 1.126328706741333008e+00 1.219827055931091309e+00
7.882824540138244629e-01 1.082950830459594727e+00 1.117149114608764648e+00 1.249591112136840820e+00
1.031105399131774902e+00 1.155582070350646973e+00 1.122187972068786621e+00 1.207602500915527344e+00
9.620783329010009766e-01 9.945820569992065430e-01 1.116600871086120605e+00 1.268725633621215820e+00
8.206260800361633301e-01 1.061884045600891113e+00 1.072619915008544922e+00 1.383833050727844238e+00
9.258796572685241699e-01 1.105101585388183594e+00 1.036022067070007324e+00 1.230899691581726074e+00
8.600386977195739746e-01 1.014837861061096191e+00 1.134183526039123535e+00 1.094207406044006348e+00
8.246076703071594238e-01 1.045271039009094238e+00 1.123344779014587402e+00 9.534487724304199219e-01
8.866453766822814941e-01 1.093569278717041016e+00 9.989343881607055664e-01 1.149275302886962891e+00
8.386873006820678711e-01 1.032110452651977539e+00 1.070353388786315918e+00 1.144506573677062988e+00
9.385450482368469238e-01 9.454105496406555176e-01 9.088529348373413086e-01 1.140776276588439941e+00
9.132291078567504883e-01 1.156874537467956543e+00 1.080940842628479004e+00 1.293466329574584961e+00
