6.191282027214379369e+00
6.798728564438746957e+00
6.394679252592043284e+00
5.850671780422774582e+00
6.016504355958562478e+00
5.960466342921063365e+00
5.177877639645632080e+00
5.686721178895084883e+00
5.749485971604149093e+00
6.147048878684963746e+00
6.060553325759210352e+00
5.903414478215863070e+00
5.311443743506755411e+00
6.319300425089326545e+00
6.546751029798238086e+00
6.595415388537511525e+00
5.894755540370566926e+00
5.785946326309708176e+00
5.856168397233621370e+00
5.663986548161235035e+00
5.330351724053095097e+00
5.351472746055918606e+00
5.389851078582284849e+00
5.574252662472622966e+00
5.384033814219277403e+00
5.614393651662430429e+00
5.987708407389741083e+00
5.907550235467041055e+00
5.916799405208586826e+00
5.015602414103838669e+00
4.959910391578880251e+00
5.320232957609164259e+00
5.947454785090365625e+00
5.525456825520549842e+00
5.085295513328676797e+00
5.854643096276953784e+00
5.287405034062145681e+00
5.319761202099864583e+00
6.790049266743014122e+00
6.558226181861681603e+00
6.536720514281103789e+00
6.508990609202101041e+00
5.811285879036790725e+00
7.581850505512477412e+00
6.106733756345356312e+00
4.714374835300657374e+00
4.900313021800571711e+00
6.522215143540589288e+00
6.194259584096458937e+00
5.295720791069892464e+00
4.571550456553715946e+00
6.081324662594019159e+00
6.086295391562471124e+00
5.967585980642817312e+00
5.739826791663531935e+00
5.103205507180987865e+00
4.999924468797489752e+00
5.121322165554218486e+00
5.594703654813961258e+00
6.102428832238665279e+00
5.222734840879870610e+00
6.243703795138857870e+00
4.933854251630275023e+00
5.985333318627835020e+00
6.535417199879614891e+00
5.012033651085022079e+00
6.291963435239168234e+00
5.845298671178284167e+00
5.742010158930201058e+00
5.541714899130914418e+00
6.123787480725851218e+00
5.091163628940132746e+00
6.369137045326966451e+00
5.665960059381689895e+00
6.519792987230403902e+00
5.629636367442488520e+00
5.506878373508556912e+00
6.353433086679476816e+00
4.608060947620620240e+00
5.643091486422759040e+00
5.519858846793500362e+00
5.579578147628508233e+00
6.426371289571838119e+00
5.382723353831442736e+00
6.758425169868853999e+00
6.348884414644144769e+00
5.731673041863316165e+00
5.552242705276908552e+00
4.553734048531486778e+00
6.598221216656185106e+00
5.713676928358639273e+00
5.715068683718633302e+00
6.174879475609111878e+00
6.402402172293683691e+00
6.065589688000949664e+00
5.724112812988864540e+00
6.510014516915411775e+00
5.486605908264597709e+00
6.135136879786137420e+00
5.775185994513360122e+00
5.818403952420275971e+00
5.601424348239176787e+00
5.520138641682358127e+00
6.008360954755279870e+00
6.075972952416242912e+00
5.853132432393135964e+00
5.618916407038025973e+00
6.680745562625364897e+00
5.401639867312173493e+00
5.524468070309768386e+00
6.039596854143958637e+00
5.040147115530258404e+00
5.113563890697111702e+00
6.011562914944517111e+00
5.219344390675125567e+00
6.793233871573315596e+00
5.289533245892641844e+00
4.810187886139303259e+00
5.346334893520650944e+00
5.563503875840329016e+00
5.312536343039052866e+00
4.772483155074371375e+00
5.023447722959207162e+00
5.078001523530006445e+00
5.443545113589132178e+00
6.409179147142531008e+00
5.676935634424147281e+00
5.455375462059024017e+00
6.222237793346344858e+00
5.861274124567914079e+00
6.800587937802703209e+00
5.047540942520615914e+00
6.042720793564299697e+00
5.499788302492102154e+00
5.930490525501110000e+00
6.255859474987326863e+00
6.209665801881360636e+00
4.988303490827153297e+00
5.362852409670696652e+00
5.096739492672417882e+00
4.688909568788139914e+00
5.686265395519272126e+00
6.022016890475827999e+00
6.139857696029285883e+00
5.278821575469125449e+00
6.229442548535939039e+00
5.647634550836869494e+00
6.749485115881800112e+00
5.254179294694834468e+00
5.135142188346245362e+00
5.306687795321531453e+00
5.509336290673752856e+00
5.833822519970381038e+00
5.642549290446976507e+00
6.020399591086183833e+00
4.925829046817765899e+00
5.770037066665111070e+00
5.833187517428102709e+00
6.090820356159233562e+00
5.275093295278941774e+00
5.861549620813225836e+00
5.696539445122396295e+00
6.168696348871423041e+00
5.482913406184835914e+00
6.794429392094887277e+00
5.762316983076531507e+00
6.311699721268175800e+00
5.180061089192371071e+00
5.465027734036399742e+00
5.960562410800221755e+00
4.545600681134382981e+00
5.175620681269885281e+00
5.844403917925021119e+00
5.766129509752270010e+00
6.063556876063729284e+00
6.111334728670775540e+00
6.127689672146787281e+00
5.958791110689631410e+00
5.458554898318760173e+00
5.045034149558642156e+00
6.402815095133584933e+00
6.355846806861905840e+00
6.395990686449600560e+00
6.056374616989081083e+00
5.977301717141742188e+00
5.635405359652414070e+00
6.408121694093125598e+00
6.908725773880428633e+00
7.337289116885219897e+00
5.622884129173547407e+00
4.835942670829148859e+00
5.801282575403925001e+00
5.750340175824728561e+00
6.577198768634384685e+00
5.499003788680268734e+00
4.996023922514310378e+00
5.651613851343697092e+00
5.699813767451126445e+00
6.020189910713130033e+00
5.383106938863252644e+00
6.135984108752800203e+00
4.942680995641948627e+00
4.767447105476010805e+00
6.162712823992115396e+00
5.399757213864860184e+00
5.645767139440661886e+00
5.875498321855729067e+00
5.756225671797251309e+00
5.071878615135717361e+00
5.657666384350309663e+00
5.654347298982297154e+00
5.943776325737069932e+00
6.629543226765762576e+00
5.090031092842624005e+00
5.264932907731783907e+00
5.851618427081974438e+00
5.497817061774243896e+00
5.624147279693340273e+00
6.348439946776919030e+00
5.510162757004624545e+00
5.051765215750809723e+00
6.787145929425679292e+00
5.958771134938945835e+00
5.644415812129132348e+00
5.330518277997484233e+00
5.610969961163054798e+00
6.069622051453147371e+00
5.462300115002568290e+00
5.063077733469496522e+00
5.770450242619231673e+00
4.832518942548259311e+00
5.348954462109388075e+00
5.761726831895995105e+00
5.937116808296793558e+00
5.687978912750094374e+00
6.535670588820896576e+00
6.050180832324190128e+00
5.578378262299989565e+00
6.197359220691334158e+00
6.712308690619583018e+00
5.745657317673574127e+00
6.471052975691530484e+00
5.677172375035261176e+00
5.918277667793496732e+00
5.024554394713089067e+00
6.514758230073447898e+00
4.929124579676353868e+00
5.583020257450704626e+00
5.860567225091536159e+00
5.690765988090337402e+00
5.767847942649206416e+00
6.015482318220831459e+00
5.336392602704377097e+00
4.492428739764282142e+00
6.338722349564310576e+00
5.153006341144693359e+00
6.324456262833316522e+00
6.924816136935627142e+00
5.280577213816201265e+00
6.387838023448568769e+00
5.737467897772898340e+00
5.620609792085833334e+00
5.264206982165638316e+00
5.547871999471961857e+00
6.301413353172124587e+00
6.453894163859937194e+00
5.130292796073121941e+00
6.045399469151282901e+00
6.173170587571287449e+00
4.567721351249978134e+00
5.515824146734356503e+00
5.200435757449518803e+00
5.726626620667699008e+00
5.831105558875557371e+00
5.401202832304997870e+00
5.716502481234778443e+00
6.548424992741407991e+00
4.976741469013383323e+00
5.957684699259017336e+00
5.439579784846704236e+00
4.673156531263710001e+00
6.130289057016429233e+00
5.397686247688226580e+00
5.816441773004677351e+00
5.274975454607979231e+00
5.579913937003201596e+00
5.591366367021047168e+00
6.199671150726428159e+00
6.274434501051380231e+00
6.004102964842934043e+00
5.702609196155525417e+00
6.366825235115031845e+00
6.157311013521902687e+00
4.885783118063325325e+00
5.117126037919881298e+00
5.113628804630085511e+00
5.038204557653203963e+00
6.587053525080322380e+00
4.931539903522778268e+00
5.727319222661215292e+00
5.958631326187090238e+00
7.211607140735670107e+00
5.418833953450874930e+00
6.727446913843535548e+00
5.627769675625562407e+00
5.163180900725375722e+00
5.008219051594380744e+00
5.629629233046153480e+00
5.229235539803730681e+00
5.391959190479691522e+00
6.310471447313910964e+00
6.086790438384491075e+00
5.655041455019122587e+00
5.608094805685889028e+00
5.673586081413015236e+00
5.402677951334118767e+00
5.693220972641327648e+00
6.299631649651429299e+00
5.642649400042948571e+00
6.226786854758076473e+00
5.813189374644585072e+00
5.939380388491579232e+00
6.204806689121808105e+00
6.076902482638590008e+00
5.703400956997734639e+00
4.343332511159484710e+00
5.490099838183061465e+00
5.164746727344232013e+00
5.282201834052310474e+00
5.958562208274050143e+00
5.546885756686961599e+00
5.143499803991898212e+00
6.321353223562197421e+00
5.147790676617994166e+00
6.274449874845878128e+00
5.239631743845939660e+00
5.573671326992728936e+00
7.032608204878488145e+00
5.215914458212215443e+00
6.708003162207281100e+00
5.882437470632537746e+00
5.786486408276594773e+00
5.022541899048702518e+00
5.723328609961646940e+00
5.690807712193095114e+00
6.597664955419442201e+00
4.777328171402016821e+00
5.705322637131517993e+00
6.035224591106920222e+00
7.164596271574622754e+00
5.543591053404688829e+00
6.579928034516221658e+00
6.101141599793677983e+00
5.307156304326270835e+00
6.570893239175014777e+00
5.618882815232052685e+00
6.152936039588386308e+00
6.968675383118803524e+00
5.844017291278953863e+00
5.245792299328186914e+00
5.366403109447050568e+00
5.034228174033639647e+00
5.932209506422372769e+00
5.595539531259178467e+00
5.573161277965252403e+00
6.184150757337572912e+00
5.566438880190388794e+00
5.358862425482699976e+00
6.365404037649225799e+00
5.970578499142685125e+00
5.601659663579329873e+00
4.506810615103203688e+00
5.764446449565022057e+00
6.256516199348594043e+00
6.193217525596609541e+00
5.850516965365199162e+00
6.349780715553991151e+00
5.075493265635884654e+00
6.600615684230189295e+00
5.388631032646694408e+00
6.524538103985731752e+00
6.109536191956861373e+00
5.655676526334841192e+00
5.006012011996190836e+00
6.083944785614545658e+00
5.553238060022388289e+00
5.336634405841080842e+00
7.100954011697444557e+00
6.148583408732087641e+00
6.159952952130313797e+00
5.865980454694726731e+00
5.987631791345974897e+00
6.230921598223303270e+00
5.144505065250927878e+00
5.572753044294862512e+00
5.582984904430215778e+00
4.870378437906618174e+00
6.372721885055889324e+00
5.930985440444840329e+00
6.302072180297821902e+00
5.746003352295358191e+00
5.570420926554016994e+00
5.329062123025066988e+00
5.682074925112678088e+00
5.548658046366791829e+00
5.567998494127814446e+00
5.181672641908570576e+00
6.643927802343903899e+00
5.785609691981909108e+00
5.574993171103814760e+00
5.528592582508014885e+00
4.774847511884749096e+00
5.051137187682638974e+00
5.065129510303746585e+00
6.204861512568633053e+00
5.969455580682597073e+00
5.712189772377906039e+00
6.519664742024734672e+00
6.590685193246711648e+00
5.058909874594350597e+00
5.869217784539180194e+00
5.276545517072123381e+00
5.958326047012696414e+00
5.426427120050605346e+00
6.384684318325740904e+00
6.460123733592261885e+00
5.406440584970252594e+00
5.985265724036494817e+00
6.357016040742945684e+00
6.597088173678192113e+00
6.425880628559355046e+00
4.427513592817087229e+00
6.655299857893207438e+00
5.790667709938997376e+00
5.998063267016745748e+00
5.643418748693983744e+00
6.039938783844308823e+00
5.875538391987514153e+00
6.319759908564691386e+00
5.442281638056326365e+00
5.982443629533753082e+00
6.906941889809133706e+00
6.244663473360787087e+00
7.097083583909601145e+00
6.992307120642705875e+00
6.014861451049552166e+00
5.824379672446840850e+00
7.190002375520311517e+00
6.050690892307908797e+00
5.613405578917189054e+00
5.788699454957306756e+00
6.073033073159638029e+00
5.364594202555771574e+00
6.799400135267271494e+00
5.691646625520357716e+00
6.534449201270746244e+00
5.460644671907707526e+00
5.021688005220802609e+00
5.982123216594992243e+00
6.370368742067410217e+00
5.509156551759074816e+00
5.153535765280341074e+00
6.013204731285306970e+00
5.038832620006329144e+00
5.773149395538944795e+00
6.473804897278509607e+00
6.095743004413050059e+00
5.974340386364880295e+00
5.247806796193202672e+00
5.602336195551020026e+00
6.532950578819569643e+00
5.386020718225501547e+00
5.661586494169629447e+00
5.886769607546377792e+00
5.629167579607451621e+00
5.918571777054406624e+00
5.470240525074594906e+00
6.001296839193371646e+00
5.744956546327901314e+00
6.273155241276984206e+00
6.864721145651778045e+00
4.881078266515947561e+00
4.850068395326125881e+00
6.045087683361527020e+00
6.113761381577289100e+00
7.063400733779378271e+00
6.751170396010518715e+00
4.659934269485294323e+00
6.629213727816768653e+00
4.927812457623541142e+00
6.389998573509263480e+00
6.354227471760974133e+00
5.315158826171318296e+00
5.602825624690055406e+00
6.156943909868375364e+00
5.335814064760303843e+00
6.251187871120846395e+00
6.348325375051308228e+00
5.663157899130468742e+00
5.658663119095794336e+00
6.332677203789103260e+00
5.629878270791403239e+00
5.657762633285631004e+00
5.242793332230941239e+00
5.476136507981443913e+00
4.634021434632533243e+00
5.432315244612623495e+00
5.969169997280038054e+00
6.615111956931563952e+00
5.169211631716961186e+00
5.758002576410569340e+00
6.461830135302993661e+00
