3.687281847000122070e+00 3.668293714523315430e+00
4.478775501251220703e+00 4.295871734619140625e+00
4.039935111999511719e+00 3.828158140182495117e+00
3.838425159454345703e+00 4.010636329650878906e+00
4.036146640777587891e+00 4.201347827911376953e+00
4.207373142242431641e+00 4.182480812072753906e+00
3.756295442581176758e+00 3.792926311492919922e+00
3.956088542938232422e+00 4.030303478240966797e+00
4.181102275848388672e+00 4.162432670593261719e+00
4.388823986053466797e+00 4.443980216979980469e+00
3.541842699050903320e+00 3.504074096679687500e+00
3.817836999893188477e+00 3.853136062622070312e+00
3.305498123168945312e+00 2.983443260192871094e+00
4.124625205993652344e+00 4.113741874694824219e+00
4.762516021728515625e+00 4.607122421264648438e+00
4.366166591644287109e+00 4.435867786407470703e+00
4.231701374053955078e+00 4.202783584594726562e+00
3.864892244338989258e+00 3.834455013275146484e+00
3.852474212646484375e+00 3.730175971984863281e+00
3.782980680465698242e+00 3.763970613479614258e+00
4.313868999481201172e+00 4.554584503173828125e+00
3.996459007263183594e+00 4.121393680572509766e+00
3.230535507202148438e+00 3.366032600402832031e+00
3.867253780364990234e+00 3.769557714462280273e+00
3.159044265747070312e+00 3.288783073425292969e+00
3.924088239669799805e+00 3.751580476760864258e+00
4.445545673370361328e+00 4.415922641754150391e+00
4.124181270599365234e+00 4.102093219757080078e+00
4.139474391937255859e+00 4.144772052764892578e+00
3.251857757568359375e+00 3.271466016769409180e+00
3.657642364501953125e+00 3.595357656478881836e+00
3.932030916213989258e+00 3.690925359725952148e+00
3.890655755996704102e+00 4.012311458587646484e+00
3.777054071426391602e+00 3.641242742538452148e+00
3.621607303619384766e+00 3.346251726150512695e+00
4.034503936767578125e+00 4.238118171691894531e+00
3.512301683425903320e+00 3.411661148071289062e+00
3.343918323516845703e+00 3.293361902236938477e+00
3.303054809570312500e+00 3.193830966949462891e+00
4.031904697418212891e+00 3.972123146057128906e+00
3.725656032562255859e+00 3.732042551040649414e+00
4.531592845916748047e+00 4.492446899414062500e+00
4.056016921997070312e+00 4.089585304260253906e+00
5.266921997070312500e+00 5.348156929016113281e+00
4.005617141723632812e+00 3.835279464721679688e+00
3.166898727416992188e+00 3.062417984008789062e+00
3.821417093276977539e+00 3.766423225402832031e+00
3.844415187835693359e+00 3.778028011322021484e+00
3.800322294235229492e+00 3.651823997497558594e+00
3.878474235534667969e+00 3.783909559249877930e+00
2.888094425201416016e+00 2.996845722198486328e+00
4.255681037902832031e+00 4.213819503784179688e+00
3.956372022628784180e+00 3.949102878570556641e+00
4.288806438446044922e+00 4.382572650909423828e+00
4.537413597106933594e+00 4.518006801605224609e+00
3.367817401885986328e+00 3.255862474441528320e+00
3.597479820251464844e+00 3.626357078552246094e+00
3.493497371673583984e+00 3.407868146896362305e+00
3.625321388244628906e+00 3.642077922821044922e+00
4.545152664184570312e+00 4.509635448455810547e+00
3.973000049591064453e+00 3.999621391296386719e+00
4.188759326934814453e+00 4.092310428619384766e+00
3.287846803665161133e+00 3.335717916488647461e+00
4.011499881744384766e+00 3.983234167098999023e+00
4.491062164306640625e+00 4.412538051605224609e+00
2.863260507583618164e+00 2.700190544128417969e+00
4.502911567687988281e+00 4.621337890625000000e+00
4.286195755004882812e+00 4.208432674407958984e+00
4.446513652801513672e+00 4.434724807739257812e+00
3.325014829635620117e+00 3.375082015991210938e+00
4.337566375732421875e+00 4.318355083465576172e+00
3.555865526199340820e+00 3.326941013336181641e+00
4.526043891906738281e+00 4.343463420867919922e+00
3.683337688446044922e+00 3.660314083099365234e+00
4.120486259460449219e+00 3.941147327423095703e+00
3.561318874359130859e+00 3.541999578475952148e+00
3.778904199600219727e+00 3.703396320343017578e+00
4.391594409942626953e+00 4.398100852966308594e+00
3.498316049575805664e+00 3.444575071334838867e+00
3.442661285400390625e+00 3.352202415466308594e+00
4.401899814605712891e+00 4.342261791229248047e+00
3.295301914215087891e+00 3.324305772781372070e+00
3.379656791687011719e+00 3.372997045516967773e+00
3.872556686401367188e+00 3.871536254882812500e+00
4.170952320098876953e+00 4.095787048339843750e+00
4.548591136932373047e+00 4.474550247192382812e+00
3.482066869735717773e+00 3.272207498550415039e+00
3.336475133895874023e+00 3.428537607192993164e+00
2.547749519348144531e+00 2.630257844924926758e+00
4.300476074218750000e+00 4.286586761474609375e+00
3.861899614334106445e+00 3.759351015090942383e+00
3.365336894989013672e+00 3.288778305053710938e+00
3.315412044525146484e+00 3.256052970886230469e+00
4.209362983703613281e+00 4.345611095428466797e+00
4.683283805847167969e+00 4.816156864166259766e+00
3.582435846328735352e+00 3.688897132873535156e+00
4.385557651519775391e+00 4.319481372833251953e+00
3.712031126022338867e+00 3.638062953948974609e+00
3.855826139450073242e+00 3.719083309173583984e+00
3.898601770401000977e+00 3.902136325836181641e+00
4.046772956848144531e+00 3.928889513015747070e+00
3.861005783081054688e+00 3.784135580062866211e+00
4.095840454101562500e+00 4.189249515533447266e+00
3.753351211547851562e+00 3.753270149230957031e+00
4.290494918823242188e+00 4.285655975341796875e+00
3.873937129974365234e+00 4.026053905487060547e+00
3.866823673248291016e+00 3.760985374450683594e+00
4.289663791656494141e+00 4.276507854461669922e+00
3.055671215057373047e+00 3.088245868682861328e+00
3.614014387130737305e+00 3.412528753280639648e+00
3.914102315902709961e+00 3.973998546600341797e+00
3.583046197891235352e+00 3.551996946334838867e+00
3.478475809097290039e+00 3.457894325256347656e+00
3.878397703170776367e+00 3.719050407409667969e+00
3.356089115142822266e+00 3.390605449676513672e+00
4.525827884674072266e+00 4.414278507232666016e+00
3.697921991348266602e+00 3.642447233200073242e+00
3.172382593154907227e+00 3.091954469680786133e+00
3.622886657714843750e+00 3.628227710723876953e+00
3.231564044952392578e+00 3.269010782241821289e+00
3.862198591232299805e+00 3.844655513763427734e+00
2.678647279739379883e+00 2.776999950408935547e+00
2.953856706619262695e+00 2.735729455947875977e+00
3.308260440826416016e+00 3.108613014221191406e+00
3.804765224456787109e+00 3.824977397918701172e+00
4.305981636047363281e+00 4.296820640563964844e+00
3.910394430160522461e+00 4.031694889068603516e+00
4.043389797210693359e+00 4.003959178924560547e+00
4.173514842987060547e+00 4.125062942504882812e+00
3.973942756652832031e+00 3.701357364654541016e+00
4.468675613403320312e+00 4.400304794311523438e+00
2.924819469451904297e+00 2.865694046020507812e+00
4.264474391937255859e+00 4.403279781341552734e+00
4.178632259368896484e+00 4.125767707824707031e+00
4.305639266967773438e+00 4.176534175872802734e+00
4.470088481903076172e+00 4.421218395233154297e+00
4.352552413940429688e+00 4.238519668579101562e+00
3.043029069900512695e+00 3.015456676483154297e+00
3.787979125976562500e+00 3.625887155532836914e+00
3.863537073135375977e+00 3.907792329788208008e+00
3.189022064208984375e+00 3.229820489883422852e+00
3.948077201843261719e+00 3.839197397232055664e+00
3.881839752197265625e+00 3.755685329437255859e+00
3.721125364303588867e+00 3.679149627685546875e+00
3.827046871185302734e+00 3.822872161865234375e+00
4.252170562744140625e+00 4.312985420227050781e+00
3.846266031265258789e+00 3.805114507675170898e+00
4.944730758666992188e+00 4.816801071166992188e+00
3.273295164108276367e+00 3.340915203094482422e+00
3.500411987304687500e+00 3.354613542556762695e+00
3.691989898681640625e+00 3.645899295806884766e+00
3.524596929550170898e+00 3.469914436340332031e+00
3.833703994750976562e+00 3.720463037490844727e+00
4.101641654968261719e+00 3.851323366165161133e+00
3.177261114120483398e+00 3.209160566329956055e+00
3.170977830886840820e+00 3.232943296432495117e+00
3.863450288772583008e+00 3.834293603897094727e+00
4.050203323364257812e+00 4.070263862609863281e+00
3.790251016616821289e+00 3.593831062316894531e+00
4.296663284301757812e+00 4.246548652648925781e+00
3.878570795059204102e+00 3.614546775817871094e+00
2.968416452407836914e+00 3.095483064651489258e+00
4.568652629852294922e+00 4.565212249755859375e+00
3.631040096282958984e+00 3.758642196655273438e+00
4.105837345123291016e+00 4.102695941925048828e+00
3.613427877426147461e+00 3.557978153228759766e+00
5.087936401367187500e+00 5.049609184265136719e+00
3.574536800384521484e+00 3.589577674865722656e+00
3.660267114639282227e+00 3.793834447860717773e+00
3.902097225189208984e+00 3.934536933898925781e+00
2.844571113586425781e+00 2.893819093704223633e+00
3.916833400726318359e+00 4.130106925964355469e+00
3.599508047103881836e+00 3.658826351165771484e+00
4.011465072631835938e+00 4.075584411621093750e+00
3.863637447357177734e+00 3.785099744796752930e+00
4.209788322448730469e+00 4.055115699768066406e+00
4.731190204620361328e+00 4.706455707550048828e+00
3.833602905273437500e+00 3.876606464385986328e+00
3.716695308685302734e+00 3.613020420074462891e+00
3.627773523330688477e+00 3.711540699005126953e+00
4.148424148559570312e+00 4.024073123931884766e+00
3.824064016342163086e+00 3.697205305099487305e+00
4.529244422912597656e+00 4.395079612731933594e+00
3.845659971237182617e+00 3.758774280548095703e+00
3.691822290420532227e+00 3.669196367263793945e+00
4.308362960815429688e+00 4.123845100402832031e+00
3.947068452835083008e+00 3.870701551437377930e+00
4.442533969879150391e+00 4.464927196502685547e+00
4.128354549407958984e+00 4.124799251556396484e+00
3.925032138824462891e+00 3.961872816085815430e+00
3.550684452056884766e+00 3.409390449523925781e+00
3.689878940582275391e+00 3.626011848449707031e+00
4.157368659973144531e+00 4.012571334838867188e+00
4.259933471679687500e+00 4.135475635528564453e+00
3.848335504531860352e+00 3.794484615325927734e+00
3.428971052169799805e+00 3.618025064468383789e+00
4.004512786865234375e+00 3.934134960174560547e+00
3.985517740249633789e+00 4.028151988983154297e+00
4.261612415313720703e+00 4.029601097106933594e+00
3.714092254638671875e+00 3.813843965530395508e+00
4.123581886291503906e+00 3.948020458221435547e+00
3.350826501846313477e+00 3.365088462829589844e+00
2.857102155685424805e+00 2.863507032394409180e+00
3.157025098800659180e+00 3.155194759368896484e+00
3.632255077362060547e+00 3.766797780990600586e+00
3.675616502761840820e+00 3.553169727325439453e+00
3.427099704742431641e+00 3.364747047424316406e+00
3.324702501296997070e+00 3.154425621032714844e+00
3.655784845352172852e+00 3.524751663208007812e+00
3.561077117919921875e+00 3.512470722198486328e+00
4.153204917907714844e+00 3.943764448165893555e+00
4.295115947723388672e+00 4.473584175109863281e+00
4.253562450408935547e+00 4.284856319427490234e+00
3.472140789031982422e+00 3.539062976837158203e+00
3.801409482955932617e+00 3.624760627746582031e+00
3.663088321685791016e+00 3.551118373870849609e+00
3.787622928619384766e+00 3.604439258575439453e+00
3.610956192016601562e+00 3.574172735214233398e+00
4.236528396606445312e+00 4.185205459594726562e+00
3.821736097335815430e+00 3.862844228744506836e+00
3.597862958908081055e+00 3.564345121383666992e+00
4.485651493072509766e+00 4.471297264099121094e+00
3.555504322052001953e+00 3.433971405029296875e+00
2.995335340499877930e+00 2.888929128646850586e+00
3.343447923660278320e+00 3.247901439666748047e+00
4.141436576843261719e+00 4.000441551208496094e+00
4.153542995452880859e+00 4.176337718963623047e+00
3.517719984054565430e+00 3.509139537811279297e+00
3.231183528900146484e+00 3.361400842666625977e+00
3.539913415908813477e+00 3.557831287384033203e+00
3.302036046981811523e+00 3.299240112304687500e+00
3.993704795837402344e+00 3.901275634765625000e+00
3.781795501708984375e+00 3.848806619644165039e+00
4.027498245239257812e+00 3.989020586013793945e+00
3.891013145446777344e+00 3.786551237106323242e+00
4.583615303039550781e+00 4.444380283355712891e+00
3.952868938446044922e+00 3.820046901702880859e+00
3.214855670928955078e+00 3.086228609085083008e+00
3.848921060562133789e+00 3.649602413177490234e+00
4.416831970214843750e+00 4.272502899169921875e+00
3.536230087280273438e+00 3.464339971542358398e+00
3.785117387771606445e+00 3.797486782073974609e+00
3.466759204864501953e+00 3.418150424957275391e+00
3.517538547515869141e+00 3.502530336380004883e+00
3.391143560409545898e+00 3.201506614685058594e+00
4.991255283355712891e+00 4.873308181762695312e+00
3.407503366470336914e+00 3.260285615921020508e+00
3.312965869903564453e+00 3.183341979980468750e+00
3.621807813644409180e+00 3.509047269821166992e+00
3.153244495391845703e+00 3.102030992507934570e+00
3.839944362640380859e+00 3.845899105072021484e+00
4.038113594055175781e+00 3.894506216049194336e+00
3.405124664306640625e+00 3.320905447006225586e+00
3.217124462127685547e+00 3.173284769058227539e+00
4.269473075866699219e+00 4.378456115722656250e+00
3.266633987426757812e+00 3.278626680374145508e+00
4.587645530700683594e+00 4.501826763153076172e+00
3.961274623870849609e+00 4.024168968200683594e+00
3.600427150726318359e+00 3.676993370056152344e+00
3.920429706573486328e+00 3.837341547012329102e+00
3.967061281204223633e+00 3.913077592849731445e+00
3.973975658416748047e+00 3.938872575759887695e+00
3.795934438705444336e+00 3.787492513656616211e+00
3.925018310546875000e+00 3.953113555908203125e+00
4.634842395782470703e+00 4.588943958282470703e+00
4.576017856597900391e+00 4.440863609313964844e+00
3.506655454635620117e+00 3.591785907745361328e+00
4.030385971069335938e+00 4.056850433349609375e+00
3.820200920104980469e+00 3.832072019577026367e+00
2.755573511123657227e+00 2.752566337585449219e+00
3.367930173873901367e+00 3.252241849899291992e+00
3.728855848312377930e+00 3.533972978591918945e+00
3.489149332046508789e+00 3.553817033767700195e+00
3.752116203308105469e+00 3.764750003814697266e+00
3.778546810150146484e+00 3.673987627029418945e+00
3.467018604278564453e+00 3.395724534988403320e+00
4.467292308807373047e+00 4.466379642486572266e+00
3.267302989959716797e+00 3.185027360916137695e+00
3.306461811065673828e+00 3.453177452087402344e+00
3.761669158935546875e+00 3.734344959259033203e+00
2.794483184814453125e+00 2.831064462661743164e+00
3.744559049606323242e+00 3.651781320571899414e+00
3.834943294525146484e+00 3.816158056259155273e+00
3.711527109146118164e+00 3.757746458053588867e+00
3.681097984313964844e+00 3.385124206542968750e+00
3.443855762481689453e+00 3.405812978744506836e+00
3.035027265548706055e+00 2.991730928421020508e+00
4.174410343170166016e+00 4.024151802062988281e+00
4.947759628295898438e+00 4.821830272674560547e+00
3.602138519287109375e+00 3.488680839538574219e+00
3.878839254379272461e+00 3.954133749008178711e+00
3.762230634689331055e+00 3.540632724761962891e+00
3.981387615203857422e+00 3.869890213012695312e+00
3.304789543151855469e+00 3.281556367874145508e+00
3.054659128189086914e+00 3.085871219635009766e+00
3.389788866043090820e+00 3.533893108367919922e+00
3.682703018188476562e+00 3.641546249389648438e+00
4.266193866729736328e+00 4.153101444244384766e+00
2.969767570495605469e+00 3.028202533721923828e+00
3.858513832092285156e+00 4.092048168182373047e+00
3.668582439422607422e+00 3.870879173278808594e+00
5.149147033691406250e+00 5.334022998809814453e+00
3.491448163986206055e+00 3.646842718124389648e+00
4.739013195037841797e+00 4.702623844146728516e+00
4.702975273132324219e+00 4.616637706756591797e+00
3.298531770706176758e+00 3.286044597625732422e+00
3.258628606796264648e+00 3.387463569641113281e+00
3.763492345809936523e+00 3.681859731674194336e+00
3.367855787277221680e+00 3.350569009780883789e+00
3.550920963287353516e+00 3.440123081207275391e+00
4.280875205993652344e+00 4.269483089447021484e+00
4.356534004211425781e+00 4.318877696990966797e+00
3.578724145889282227e+00 3.431028842926025391e+00
3.831595420837402344e+00 3.617204189300537109e+00
4.308297634124755859e+00 4.302398681640625000e+00
3.622498035430908203e+00 3.618608474731445312e+00
3.626772403717041016e+00 3.705698966979980469e+00
3.358568906784057617e+00 3.299532413482666016e+00
4.162414073944091797e+00 4.031270503997802734e+00
4.603568077087402344e+00 4.758895397186279297e+00
3.612746000289916992e+00 3.536010742187500000e+00
3.513902187347412109e+00 3.441141843795776367e+00
4.139622688293457031e+00 4.054532527923583984e+00
4.462844848632812500e+00 4.413475990295410156e+00
4.146573543548583984e+00 4.159035682678222656e+00
2.931206464767456055e+00 3.016966342926025391e+00
3.177923917770385742e+00 3.163966894149780273e+00
3.491015911102294922e+00 3.420153141021728516e+00
3.689918994903564453e+00 3.596500873565673828e+00
4.175401687622070312e+00 4.136989593505859375e+00
3.508330583572387695e+00 3.654917478561401367e+00
2.978903770446777344e+00 2.977441310882568359e+00
4.106245994567871094e+00 4.162409305572509766e+00
3.528137207031250000e+00 3.470185279846191406e+00
4.074602127075195312e+00 3.975201368331909180e+00
4.081619739532470703e+00 4.122478961944580078e+00
3.641151905059814453e+00 3.603674173355102539e+00
5.035131454467773438e+00 4.919535160064697266e+00
3.317724227905273438e+00 3.447757482528686523e+00
4.213258743286132812e+00 4.124289989471435547e+00
3.436569929122924805e+00 3.467100143432617188e+00
4.035307407379150391e+00 3.979255199432373047e+00
3.524626970291137695e+00 3.501506805419921875e+00
3.761646986007690430e+00 3.698172092437744141e+00
3.595679759979248047e+00 3.470920085906982422e+00
4.278782367706298828e+00 4.139336109161376953e+00
3.385205268859863281e+00 3.536527633666992188e+00
3.850780963897705078e+00 3.742908954620361328e+00
4.339549541473388672e+00 4.346951484680175781e+00
5.104103565216064453e+00 4.924073696136474609e+00
3.963507890701293945e+00 4.012558937072753906e+00
5.177628517150878906e+00 5.132979869842529297e+00
4.207084655761718750e+00 4.225885391235351562e+00
3.422314167022705078e+00 3.348434209823608398e+00
4.931585311889648438e+00 4.754191875457763672e+00
4.168503284454345703e+00 4.180846214294433594e+00
3.997970104217529297e+00 3.916888713836669922e+00
4.350778102874755859e+00 4.378262996673583984e+00
4.176961898803710938e+00 4.137437343597412109e+00
3.622967720031738281e+00 3.433404922485351562e+00
3.757979869842529297e+00 3.986628055572509766e+00
3.183828830718994141e+00 3.212274074554443359e+00
3.917361021041870117e+00 3.733654737472534180e+00
3.674995422363281250e+00 3.772657155990600586e+00
3.970149993896484375e+00 3.986199378967285156e+00
4.647995948791503906e+00 4.614711761474609375e+00
3.703638315200805664e+00 3.641392946243286133e+00
3.347908258438110352e+00 3.492996931076049805e+00
4.629018783569335938e+00 4.492975234985351562e+00
3.997162342071533203e+00 3.764630317687988281e+00
3.884793281555175781e+00 3.824045181274414062e+00
3.087646961212158203e+00 3.189284086227416992e+00
3.700155735015869141e+00 3.719115734100341797e+00
3.580691099166870117e+00 3.664172887802124023e+00
3.673858880996704102e+00 3.645798683166503906e+00
3.495116949081420898e+00 3.506084918975830078e+00
3.727797985076904297e+00 3.557111501693725586e+00
3.190118312835693359e+00 3.185965061187744141e+00
4.038507461547851562e+00 3.853891372680664062e+00
3.372817039489746094e+00 3.431814908981323242e+00
4.815324783325195312e+00 4.887602806091308594e+00
4.260498523712158203e+00 4.266640186309814453e+00
4.206634998321533203e+00 4.042979240417480469e+00
2.746666908264160156e+00 2.697395801544189453e+00
3.885418176651000977e+00 3.978952646255493164e+00
3.815532207489013672e+00 3.893427848815917969e+00
3.867887258529663086e+00 3.759554624557495117e+00
4.418745040893554688e+00 4.412418842315673828e+00
3.635545015335083008e+00 3.533472776412963867e+00
3.953142642974853516e+00 3.936743259429931641e+00
4.021007061004638672e+00 3.997253417968750000e+00
4.059822082519531250e+00 3.968340635299682617e+00
4.057083129882812500e+00 3.933384180068969727e+00
3.471885919570922852e+00 3.487159013748168945e+00
3.285162687301635742e+00 3.188955783843994141e+00
3.431115865707397461e+00 3.481374263763427734e+00
3.779434919357299805e+00 3.904830455780029297e+00
4.280205249786376953e+00 4.337562084197998047e+00
4.129707813262939453e+00 4.140518665313720703e+00
4.004193782806396484e+00 4.057849884033203125e+00
3.990069866180419922e+00 4.000785827636718750e+00
3.154850244522094727e+00 3.266745567321777344e+00
3.599559307098388672e+00 3.456463575363159180e+00
3.412062406539916992e+00 3.512053966522216797e+00
3.532816410064697266e+00 3.429876804351806641e+00
3.804954290390014648e+00 3.839256525039672852e+00
3.802977561950683594e+00 3.890255689620971680e+00
4.195346355438232422e+00 4.082095623016357422e+00
3.835126399993896484e+00 3.745621681213378906e+00
4.007634639739990234e+00 3.909818649291992188e+00
3.623464822769165039e+00 3.652361869812011719e+00
3.515035629272460938e+00 3.663207530975341797e+00
3.224922657012939453e+00 3.346309661865234375e+00
3.299592494964599609e+00 3.224553108215332031e+00
4.454628944396972656e+00 4.574251174926757812e+00
4.031135559082031250e+00 4.017171382904052734e+00
3.274653434753417969e+00 3.309487342834472656e+00
4.241707801818847656e+00 4.037516117095947266e+00
3.677623748779296875e+00 3.677645921707153320e+00
3.225849866867065430e+00 3.134978294372558594e+00
3.794115066528320312e+00 3.644654989242553711e+00
4.088747978210449219e+00 4.223778724670410156e+00
3.529646396636962891e+00 3.562133789062500000e+00
3.401618957519531250e+00 3.438160419464111328e+00
4.168437957763671875e+00 4.166414260864257812e+00
4.365910053253173828e+00 4.380416393280029297e+00
3.909698247909545898e+00 3.865543603897094727e+00
4.308435440063476562e+00 4.141355991363525391e+00
4.358172416687011719e+00 4.287298679351806641e+00
4.806975841522216797e+00 4.695411682128906250e+00
4.779279708862304688e+00 4.707124233245849609e+00
3.186628103256225586e+00 3.177064418792724609e+00
4.164776325225830078e+00 4.026734828948974609e+00
3.856795310974121094e+00 3.918992280960083008e+00
3.821525573730468750e+00 3.682797908782958984e+00
4.021322727203369141e+00 4.129611968994140625e+00
3.712982892990112305e+00 3.838823318481445312e+00
3.788794279098510742e+00 3.631060123443603516e+00
3.777219295501708984e+00 3.812696218490600586e+00
3.091114044189453125e+00 2.945952653884887695e+00
3.775593042373657227e+00 3.836135864257812500e+00
4.882761955261230469e+00 4.977712154388427734e+00
4.174215316772460938e+00 4.383101940155029297e+00
4.267046928405761719e+00 4.260894775390625000e+00
4.112489700317382812e+00 4.181685447692871094e+00
3.835488557815551758e+00 3.984889507293701172e+00
3.575157165527343750e+00 3.663818597793579102e+00
4.845708847045898438e+00 4.943791389465332031e+00
4.321398735046386719e+00 4.444135665893554688e+00
4.074019908905029297e+00 4.031789779663085938e+00
3.602013111114501953e+00 3.662838459014892578e+00
3.962926149368286133e+00 4.043242454528808594e+00
3.501785278320312500e+00 3.379734992980957031e+00
4.576321601867675781e+00 4.571141719818115234e+00
3.564788579940795898e+00 3.587009906768798828e+00
4.538254261016845703e+00 4.709383487701416016e+00
4.103188514709472656e+00 3.943618059158325195e+00
3.534625053405761719e+00 3.462152719497680664e+00
3.620371103286743164e+00 3.442854642868041992e+00
3.991690635681152344e+00 3.782321453094482422e+00
4.057100772857666016e+00 3.899058103561401367e+00
3.112390279769897461e+00 3.136647224426269531e+00
3.821004152297973633e+00 3.734573602676391602e+00
2.982878208160400391e+00 2.922935485839843750e+00
4.086169242858886719e+00 4.059720993041992188e+00
4.580391883850097656e+00 4.639430046081542969e+00
4.366209506988525391e+00 4.422232627868652344e+00
4.125858306884765625e+00 4.296071529388427734e+00
3.260461330413818359e+00 3.218482255935668945e+00
3.923971414566040039e+00 3.812151670455932617e+00
4.678623199462890625e+00 4.671467304229736328e+00
3.644345998764038086e+00 3.725941181182861328e+00
3.771229505538940430e+00 3.722329139709472656e+00
3.683694362640380859e+00 3.672579288482666016e+00
3.665539264678955078e+00 3.753076076507568359e+00
3.922345638275146484e+00 3.917669773101806641e+00
3.969859838485717773e+00 4.060982704162597656e+00
4.194250106811523438e+00 4.267310619354248047e+00
4.008338451385498047e+00 4.041326522827148438e+00
4.241382598876953125e+00 4.253867149353027344e+00
4.541526317596435547e+00 4.594624519348144531e+00
3.357183456420898438e+00 3.282609224319458008e+00
3.482973098754882812e+00 3.456198692321777344e+00
3.294234037399291992e+00 3.221789598464965820e+00
4.219936847686767578e+00 4.091271400451660156e+00
4.663342952728271484e+00 4.539048671722412109e+00
4.765704154968261719e+00 4.689829349517822266e+00
3.197172403335571289e+00 3.053239583969116211e+00
4.550259113311767578e+00 4.590083599090576172e+00
3.386302471160888672e+00 3.300128459930419922e+00
3.593315124511718750e+00 3.286663770675659180e+00
4.135263919830322266e+00 4.151431560516357422e+00
3.249784946441650391e+00 3.364150524139404297e+00
4.229283809661865234e+00 4.257988929748535156e+00
4.509119510650634766e+00 4.428436279296875000e+00
3.747783899307250977e+00 3.553820610046386719e+00
4.515780448913574219e+00 4.475215911865234375e+00
3.899770259857177734e+00 3.740530729293823242e+00
3.327749490737915039e+00 3.261260032653808594e+00
3.803613662719726562e+00 3.739301681518554688e+00
4.452752113342285156e+00 4.475057125091552734e+00
4.115477561950683594e+00 4.035090923309326172e+00
4.166095733642578125e+00 4.057484149932861328e+00
3.220178365707397461e+00 3.408549785614013672e+00
3.758719205856323242e+00 3.772114753723144531e+00
3.833825826644897461e+00 3.582096576690673828e+00
4.096520900726318359e+00 4.156398296356201172e+00
4.361561298370361328e+00 4.424123287200927734e+00
4.487395763397216797e+00 4.405106067657470703e+00
3.464638471603393555e+00 3.608142375946044922e+00
3.607039451599121094e+00 3.598698139190673828e+00
4.241740703582763672e+00 4.367510318756103516e+00
