3.053907394409179688e+00 2.807145118713378906e+00 2.967295169830322266e+00 2.939319610595703125e+00
3.775547981262207031e+00 3.684789657592773438e+00 3.951206445693969727e+00 3.957376241683959961e+00
3.136277914047241211e+00 2.804032564163208008e+00 3.070820093154907227e+00 3.114778518676757812e+00
2.845656394958496094e+00 2.903001546859741211e+00 2.931381464004516602e+00 3.081470966339111328e+00
3.107450723648071289e+00 3.088106870651245117e+00 3.075098991394042969e+00 3.258855104446411133e+00
2.894333600997924805e+00 2.875205278396606445e+00 2.907953262329101562e+00 2.816466569900512695e+00
2.561821937561035156e+00 2.523642063140869141e+00 2.524625062942504883e+00 2.732941627502441406e+00
2.333075523376464844e+00 2.449727535247802734e+00 2.458709955215454102e+00 2.556204319000244141e+00
3.375975370407104492e+00 3.172549009323120117e+00 3.391461849212646484e+00 3.389692306518554688e+00
3.518777370452880859e+00 3.530484437942504883e+00 3.607048034667968750e+00 3.721978664398193359e+00
2.533735513687133789e+00 2.550178527832031250e+00 2.682196378707885742e+00 2.663332462310791016e+00
2.671980857849121094e+00 2.473467826843261719e+00 2.573923110961914062e+00 2.739054679870605469e+00
2.372428178787231445e+00 2.138139247894287109e+00 2.493432044982910156e+00 2.491487503051757812e+00
3.318234443664550781e+00 3.165413379669189453e+00 3.314270496368408203e+00 3.259466648101806641e+00
3.724574565887451172e+00 3.736414194107055664e+00 3.724978685379028320e+00 3.902387857437133789e+00
2.719143629074096680e+00 2.762963294982910156e+00 2.804864406585693359e+00 2.779787778854370117e+00
3.017523765563964844e+00 3.085823059082031250e+00 3.077256679534912109e+00 3.205489397048950195e+00
3.267286777496337891e+00 3.310282468795776367e+00 3.228542566299438477e+00 3.434293031692504883e+00
2.853451728820800781e+00 2.735744237899780273e+00 2.957176685333251953e+00 2.977456092834472656e+00
2.606860160827636719e+00 2.607257843017578125e+00 2.678740262985229492e+00 2.818787336349487305e+00
2.855886220932006836e+00 2.712910890579223633e+00 2.962509632110595703e+00 3.000242471694946289e+00
3.345844268798828125e+00 3.128931999206542969e+00 3.367057085037231445e+00 3.249416112899780273e+00
2.536276578903198242e+00 2.355102300643920898e+00 2.584230899810791016e+00 2.554389476776123047e+00
3.185924768447875977e+00 2.816793680191040039e+00 3.041900396347045898e+00 3.126938819885253906e+00
2.677273273468017578e+00 2.443058013916015625e+00 2.851136922836303711e+00 2.753143548965454102e+00
2.748002529144287109e+00 2.648465156555175781e+00 2.894689798355102539e+00 2.821055173873901367e+00
3.015020370483398438e+00 2.781819105148315430e+00 2.962215662002563477e+00 3.128846645355224609e+00
2.722250699996948242e+00 2.719880819320678711e+00 2.812103986740112305e+00 2.910692214965820312e+00
3.235508680343627930e+00 3.042025804519653320e+00 3.290091514587402344e+00 3.256176233291625977e+00
2.147441625595092773e+00 2.329049110412597656e+00 2.192797422409057617e+00 2.537174463272094727e+00
2.968101263046264648e+00 2.795875072479248047e+00 2.988295078277587891e+00 2.911278247833251953e+00
2.829319000244140625e+00 2.731474876403808594e+00 2.933033227920532227e+00 2.991871833801269531e+00
3.082865238189697266e+00 2.942883729934692383e+00 3.157532691955566406e+00 3.297025442123413086e+00
2.696405172348022461e+00 2.643260478973388672e+00 2.769368648529052734e+00 2.749507904052734375e+00
2.462633371353149414e+00 2.278818845748901367e+00 2.423766613006591797e+00 2.459917783737182617e+00
3.168056249618530273e+00 3.138816356658935547e+00 3.239207983016967773e+00 3.376778602600097656e+00
2.982325315475463867e+00 2.975657939910888672e+00 3.102222442626953125e+00 3.109532833099365234e+00
2.805394887924194336e+00 2.614083290100097656e+00 2.801745176315307617e+00 2.765814304351806641e+00
2.675897121429443359e+00 2.494753360748291016e+00 2.497490406036376953e+00 2.860839366912841797e+00
3.001606941223144531e+00 2.949630260467529297e+00 2.978448867797851562e+00 3.139591932296752930e+00
3.051594018936157227e+00 3.057758808135986328e+00 3.053680181503295898e+00 3.018085956573486328e+00
3.117280006408691406e+00 3.027221918106079102e+00 3.144494771957397461e+00 3.312433481216430664e+00
3.444946765899658203e+00 3.324829339981079102e+00 3.385721445083618164e+00 3.421918630599975586e+00
2.919445753097534180e+00 2.819442510604858398e+00 2.992478847503662109e+00 3.137038230895996094e+00
3.273858308792114258e+00 3.179614067077636719e+00 3.345413208007812500e+00 3.357309818267822266e+00
2.513353824615478516e+00 2.471503019332885742e+00 2.662424802780151367e+00 2.635451555252075195e+00
2.926553487777709961e+00 2.741088867187500000e+00 2.842401981353759766e+00 3.005009412765502930e+00
2.421767473220825195e+00 2.500252246856689453e+00 2.485470533370971680e+00 2.752737283706665039e+00
2.379167079925537109e+00 2.271074295043945312e+00 2.539199590682983398e+00 2.562841892242431641e+00
2.958339929580688477e+00 2.554250240325927734e+00 2.883129596710205078e+00 2.804556608200073242e+00
2.250302553176879883e+00 2.130949974060058594e+00 2.193432569503784180e+00 2.183222770690917969e+00
3.348037481307983398e+00 3.380119323730468750e+00 3.540826797485351562e+00 3.536146879196166992e+00
2.802544593811035156e+00 2.750787734985351562e+00 2.834652900695800781e+00 3.048361301422119141e+00
3.553731203079223633e+00 3.279385089874267578e+00 3.531178474426269531e+00 3.522127628326416016e+00
2.877320051193237305e+00 2.769300460815429688e+00 3.066642045974731445e+00 3.196481943130493164e+00
2.562609910964965820e+00 2.395591497421264648e+00 2.502954721450805664e+00 2.542626619338989258e+00
2.671494245529174805e+00 2.515339612960815430e+00 2.726483345031738281e+00 2.505697250366210938e+00
2.767366170883178711e+00 2.789557933807373047e+00 2.781510591506958008e+00 2.948352813720703125e+00
2.933079481124877930e+00 2.646190404891967773e+00 2.966428041458129883e+00 3.003719091415405273e+00
3.524463891983032227e+00 3.565658330917358398e+00 3.525182962417602539e+00 3.646014928817749023e+00
3.096674919128417969e+00 2.906356096267700195e+00 3.053307056427001953e+00 3.118252038955688477e+00
3.440593242645263672e+00 3.274430990219116211e+00 3.416826009750366211e+00 3.587902545928955078e+00
2.616424798965454102e+00 2.422382831573486328e+00 2.657989501953125000e+00 2.566776275634765625e+00
3.147016763687133789e+00 2.857002735137939453e+00 3.040900230407714844e+00 3.035618543624877930e+00
3.271850824356079102e+00 3.173069238662719727e+00 3.246681213378906250e+00 3.238628625869750977e+00
2.267874956130981445e+00 2.338393688201904297e+00 2.360435247421264648e+00 2.409747362136840820e+00
3.873280286788940430e+00 3.652980804443359375e+00 3.804117202758789062e+00 3.791888475418090820e+00
2.904288053512573242e+00 2.733849763870239258e+00 3.024840116500854492e+00 2.956953763961791992e+00
3.722915649414062500e+00 3.482035875320434570e+00 3.646071910858154297e+00 3.773080110549926758e+00
2.796959400177001953e+00 2.515093088150024414e+00 2.741780042648315430e+00 2.704835891723632812e+00
3.521772384643554688e+00 3.365360975265502930e+00 3.388662576675415039e+00 3.528637886047363281e+00
1.889980077743530273e+00 1.904289484024047852e+00 1.915901660919189453e+00 2.008943080902099609e+00
3.301396846771240234e+00 3.040415763854980469e+00 3.285921812057495117e+00 3.238790750503540039e+00
2.204929828643798828e+00 2.321593761444091797e+00 2.526760816574096680e+00 2.551573753356933594e+00
2.913141727447509766e+00 2.860290527343750000e+00 2.887305259704589844e+00 2.846395492553710938e+00
2.941447019577026367e+00 3.078816413879394531e+00 3.118105888366699219e+00 3.268726348876953125e+00
2.974628686904907227e+00 2.814276218414306641e+00 3.001427173614501953e+00 2.953620910644531250e+00
2.898867607116699219e+00 2.751118421554565430e+00 2.679260015487670898e+00 2.781451702117919922e+00
2.856590032577514648e+00 2.761500120162963867e+00 2.861510753631591797e+00 2.895165443420410156e+00
2.786608695983886719e+00 2.749181032180786133e+00 2.844582319259643555e+00 2.912753582000732422e+00
3.322508811950683594e+00 3.343404769897460938e+00 3.453645706176757812e+00 3.383550167083740234e+00
2.456652879714965820e+00 2.199856042861938477e+00 2.362565040588378906e+00 2.396732330322265625e+00
2.516047000885009766e+00 2.683516979217529297e+00 2.521431922912597656e+00 2.794063806533813477e+00
3.066344738006591797e+00 2.917898893356323242e+00 2.975160121917724609e+00 3.223387718200683594e+00
2.623822212219238281e+00 2.338941097259521484e+00 2.492526054382324219e+00 2.645714759826660156e+00
3.398376703262329102e+00 3.448570013046264648e+00 3.502123594284057617e+00 3.675243854522705078e+00
2.699777364730834961e+00 2.592121124267578125e+00 2.722441911697387695e+00 2.890287637710571289e+00
2.674645185470581055e+00 2.708200931549072266e+00 2.824591398239135742e+00 2.624026298522949219e+00
1.914141654968261719e+00 2.027292013168334961e+00 2.049766302108764648e+00 2.105513572692871094e+00
3.499323368072509766e+00 3.312088489532470703e+00 3.483468770980834961e+00 3.558444499969482422e+00
2.897290706634521484e+00 2.961391210556030273e+00 2.922666311264038086e+00 3.043542861938476562e+00
2.303310394287109375e+00 2.283140897750854492e+00 2.507721424102783203e+00 2.521417140960693359e+00
2.173129081726074219e+00 2.030783891677856445e+00 2.273654937744140625e+00 2.308005809783935547e+00
2.996706008911132812e+00 2.822221994400024414e+00 2.963581323623657227e+00 3.033270120620727539e+00
3.722267150878906250e+00 3.610489368438720703e+00 3.705427169799804688e+00 3.732967376708984375e+00
2.915569543838500977e+00 2.830695152282714844e+00 2.860704898834228516e+00 2.946489334106445312e+00
3.351361751556396484e+00 3.366309881210327148e+00 3.431962490081787109e+00 3.430591821670532227e+00
2.646162748336791992e+00 2.429992914199829102e+00 2.724772930145263672e+00 2.680561065673828125e+00
2.705885887145996094e+00 2.677329778671264648e+00 2.614237070083618164e+00 2.731431961059570312e+00
2.966992616653442383e+00 2.964601993560791016e+00 3.087015390396118164e+00 3.024826526641845703e+00
3.241576433181762695e+00 3.200832843780517578e+00 3.443237066268920898e+00 3.554372787475585938e+00
3.315347194671630859e+00 3.182151556015014648e+00 3.187644243240356445e+00 3.206007719039916992e+00
3.068657398223876953e+00 2.982722997665405273e+00 3.067766666412353516e+00 3.209055662155151367e+00
2.652991294860839844e+00 2.478943824768066406e+00 2.645792245864868164e+00 2.677583217620849609e+00
3.018006086349487305e+00 2.921631574630737305e+00 3.129674196243286133e+00 3.252458095550537109e+00
2.947623252868652344e+00 2.824910640716552734e+00 2.996106863021850586e+00 3.023385763168334961e+00
2.787838220596313477e+00 2.603161573410034180e+00 2.724997758865356445e+00 2.903168201446533203e+00
3.368701219558715820e+00 3.301031112670898438e+00 3.613976955413818359e+00 3.753002882003784180e+00
2.297828674316406250e+00 2.139045476913452148e+00 2.149032592773437500e+00 2.288570880889892578e+00
2.557531833648681641e+00 2.558440446853637695e+00 2.435614347457885742e+00 2.707248449325561523e+00
3.042210817337036133e+00 2.759733676910400391e+00 3.121406555175781250e+00 3.062456607818603516e+00
2.614993572235107422e+00 2.498783349990844727e+00 2.507632017135620117e+00 2.493747234344482422e+00
2.081731796264648438e+00 1.950491905212402344e+00 2.209306001663208008e+00 2.338572978973388672e+00
2.892290830612182617e+00 2.711691141128540039e+00 2.825607061386108398e+00 2.954682826995849609e+00
2.415357351303100586e+00 2.356603145599365234e+00 2.518721818923950195e+00 2.540801286697387695e+00
3.093267679214477539e+00 3.101268053054809570e+00 3.179655313491821289e+00 3.206450462341308594e+00
2.799124956130981445e+00 2.741941213607788086e+00 2.915843725204467773e+00 3.068747758865356445e+00
2.469274997711181641e+00 2.416501283645629883e+00 2.386254549026489258e+00 2.463093996047973633e+00
2.829627037048339844e+00 2.501189708709716797e+00 2.642654418945312500e+00 2.659371614456176758e+00
2.833845615386962891e+00 2.663065671920776367e+00 2.880946397781372070e+00 2.854791641235351562e+00
2.943031072616577148e+00 2.953696966171264648e+00 2.882003068923950195e+00 3.001487493515014648e+00
2.073543787002563477e+00 2.057716369628906250e+00 2.175645112991333008e+00 2.154903173446655273e+00
2.253674268722534180e+00 2.250488519668579102e+00 2.404960870742797852e+00 2.397141456604003906e+00
2.473322153091430664e+00 2.349750280380249023e+00 2.362831115722656250e+00 2.551736593246459961e+00
2.802159786224365234e+00 2.615235805511474609e+00 2.762052774429321289e+00 2.855049610137939453e+00
3.101960659027099609e+00 2.985044002532958984e+00 3.161613464355468750e+00 3.300624370574951172e+00
2.919996023178100586e+00 2.772698640823364258e+00 2.919631958007812500e+00 3.016929149627685547e+00
2.756807088851928711e+00 2.677476644515991211e+00 2.803754091262817383e+00 2.937079191207885742e+00
3.139713287353515625e+00 2.990077018737792969e+00 3.126757860183715820e+00 3.153500795364379883e+00
3.217957496643066406e+00 3.026800870895385742e+00 3.180855274200439453e+00 3.351097345352172852e+00
3.436462163925170898e+00 3.159930944442749023e+00 3.240440607070922852e+00 3.194330930709838867e+00
1.961168289184570312e+00 1.957796692848205566e+00 2.039602518081665039e+00 2.108417987823486328e+00
3.663601398468017578e+00 3.576555728912353516e+00 3.694466590881347656e+00 3.758784294128417969e+00
3.085057497024536133e+00 2.896051645278930664e+00 2.912420511245727539e+00 3.028770208358764648e+00
3.012552738189697266e+00 2.894190788269042969e+00 2.887317657470703125e+00 3.062168359756469727e+00
3.220693111419677734e+00 3.347284317016601562e+00 3.429871320724487305e+00 3.351009845733642578e+00
2.762691736221313477e+00 2.926581621170043945e+00 3.017633914947509766e+00 2.984952449798583984e+00
2.363023042678833008e+00 2.286735057830810547e+00 2.299401760101318359e+00 2.422821283340454102e+00
2.827487230300903320e+00 2.747656345367431641e+00 2.816491842269897461e+00 2.738198995590209961e+00
2.978426218032836914e+00 3.077535867691040039e+00 3.097004175186157227e+00 3.192212104797363281e+00
2.757557392120361328e+00 2.632925271987915039e+00 2.604022026062011719e+00 2.782683372497558594e+00
2.864152193069458008e+00 2.785939693450927734e+00 2.748458862304687500e+00 2.872830390930175781e+00
2.957468032836914062e+00 2.781968355178833008e+00 2.819397449493408203e+00 2.932429075241088867e+00
2.780357360839843750e+00 2.920398473739624023e+00 2.890395879745483398e+00 3.025126695632934570e+00
2.996437549591064453e+00 2.813712596893310547e+00 2.869391918182373047e+00 3.139612674713134766e+00
3.340354919433593750e+00 3.275939464569091797e+00 3.337684631347656250e+00 3.403514385223388672e+00
2.516178607940673828e+00 2.494600057601928711e+00 2.519565343856811523e+00 2.609575033187866211e+00
2.777043819427490234e+00 2.730458974838256836e+00 2.883579492568969727e+00 2.862178325653076172e+00
2.491849899291992188e+00 2.321231603622436523e+00 2.639225006103515625e+00 2.638234138488769531e+00
2.928800821304321289e+00 2.800854206085205078e+00 2.869871616363525391e+00 3.065362453460693359e+00
2.850282430648803711e+00 2.643592834472656250e+00 2.784878492355346680e+00 2.796870231628417969e+00
2.949516057968139648e+00 2.797919750213623047e+00 2.898454427719116211e+00 3.056597709655761719e+00
2.775044441223144531e+00 2.629821062088012695e+00 2.798897266387939453e+00 2.807343959808349609e+00
3.093713760375976562e+00 3.155414104461669922e+00 3.114758014678955078e+00 3.131508588790893555e+00
2.427285671234130859e+00 2.421857595443725586e+00 2.640761613845825195e+00 2.568255424499511719e+00
2.422186136245727539e+00 2.487449169158935547e+00 2.531460523605346680e+00 2.646947860717773438e+00
2.828107595443725586e+00 2.782545089721679688e+00 2.878971099853515625e+00 3.010345220565795898e+00
3.286042690277099609e+00 3.406022787094116211e+00 3.345429658889770508e+00 3.305901765823364258e+00
2.452389240264892578e+00 2.275674819946289062e+00 2.483181953430175781e+00 2.544105768203735352e+00
3.280290126800537109e+00 3.360196828842163086e+00 3.430985212326049805e+00 3.323686361312866211e+00
2.647044897079467773e+00 2.505020141601562500e+00 2.688353776931762695e+00 2.636558532714843750e+00
2.621517658233642578e+00 2.490104675292968750e+00 2.640022754669189453e+00 2.655892133712768555e+00
3.230968236923217773e+00 2.996206283569335938e+00 3.206872940063476562e+00 3.265269994735717773e+00
2.587710380554199219e+00 2.535112857818603516e+00 2.569689273834228516e+00 2.628748416900634766e+00
2.987846374511718750e+00 2.905215740203857422e+00 3.087793111801147461e+00 3.027508735656738281e+00
2.556750059127807617e+00 2.318557500839233398e+00 2.556875944137573242e+00 2.503078937530517578e+00
4.428653717041015625e+00 4.103930473327636719e+00 4.294254779815673828e+00 4.315914630889892578e+00
2.654137849807739258e+00 2.604934930801391602e+00 2.658151388168334961e+00 2.757358074188232422e+00
3.017865419387817383e+00 2.986613035202026367e+00 3.040064811706542969e+00 3.138598680496215820e+00
2.501410961151123047e+00 2.498206615447998047e+00 2.722308874130249023e+00 2.643181324005126953e+00
2.158232688903808594e+00 1.986817121505737305e+00 2.235344171524047852e+00 2.160169124603271484e+00
2.896740198135375977e+00 2.760097503662109375e+00 2.888922214508056641e+00 2.992578029632568359e+00
2.891821622848510742e+00 2.851947784423828125e+00 2.993960142135620117e+00 2.994195461273193359e+00
2.851209640502929688e+00 2.921506404876708984e+00 2.880493879318237305e+00 2.903517961502075195e+00
3.211203813552856445e+00 3.099308967590332031e+00 3.210823297500610352e+00 3.276394367218017578e+00
3.170827388763427734e+00 2.909611225128173828e+00 3.070039749145507812e+00 3.137256860733032227e+00
3.700390815734863281e+00 3.554422378540039062e+00 3.607804536819458008e+00 3.682750463485717773e+00
3.056549072265625000e+00 3.110029220581054688e+00 3.352155208587646484e+00 3.382433891296386719e+00
3.097482204437255859e+00 2.931252241134643555e+00 3.090878486633300781e+00 2.939270734786987305e+00
2.935241460800170898e+00 2.819819927215576172e+00 2.916603326797485352e+00 3.005892038345336914e+00
2.950873374938964844e+00 3.013467788696289062e+00 2.970904588699340820e+00 3.153928041458129883e+00
2.697841644287109375e+00 2.462031126022338867e+00 2.727061748504638672e+00 2.761888980865478516e+00
2.929033756256103516e+00 2.866470813751220703e+00 3.013367414474487305e+00 3.041050672531127930e+00
2.863559722900390625e+00 2.710065841674804688e+00 2.813807249069213867e+00 2.879199266433715820e+00
2.731461524963378906e+00 2.616719245910644531e+00 2.667653560638427734e+00 2.695598840713500977e+00
3.720618486404418945e+00 3.606637239456176758e+00 3.633933544158935547e+00 3.606483697891235352e+00
2.850144863128662109e+00 2.440222740173339844e+00 2.693976402282714844e+00 2.816025018692016602e+00
2.633747577667236328e+00 2.472142457962036133e+00 2.664985656738281250e+00 2.790857553482055664e+00
3.111988067626953125e+00 2.808187246322631836e+00 3.005604982376098633e+00 3.093849658966064453e+00
3.062824964523315430e+00 3.013685226440429688e+00 3.131752729415893555e+00 3.171515703201293945e+00
2.901992082595825195e+00 2.908776760101318359e+00 2.913899898529052734e+00 2.879225730895996094e+00
2.552348852157592773e+00 2.425130605697631836e+00 2.682664871215820312e+00 2.589840173721313477e+00
2.840611934661865234e+00 2.713616609573364258e+00 2.867470502853393555e+00 2.807674646377563477e+00
3.272211074829101562e+00 3.196795701980590820e+00 3.349649429321289062e+00 3.478690624237060547e+00
2.970207214355468750e+00 2.932022809982299805e+00 2.967540740966796875e+00 3.030794858932495117e+00
2.572696685791015625e+00 2.469351291656494141e+00 2.534207582473754883e+00 2.719230175018310547e+00
2.874072313308715820e+00 2.821419000625610352e+00 2.888853788375854492e+00 2.923368215560913086e+00
2.818680524826049805e+00 2.515022277832031250e+00 2.687097311019897461e+00 2.835139513015747070e+00
3.407763004302978516e+00 3.233663082122802734e+00 3.204290390014648438e+00 3.259867668151855469e+00
2.745082139968872070e+00 2.737938642501831055e+00 2.842323541641235352e+00 2.961829662322998047e+00
3.412361145019531250e+00 3.374986171722412109e+00 3.326677799224853516e+00 3.553401470184326172e+00
2.446496963500976562e+00 2.405272960662841797e+00 2.518398761749267578e+00 2.666284322738647461e+00
2.400959491729736328e+00 2.307447433471679688e+00 2.403702497482299805e+00 2.691944122314453125e+00
2.535767316818237305e+00 2.450957536697387695e+00 2.548337459564208984e+00 2.657951354980468750e+00
2.930877208709716797e+00 2.999790430068969727e+00 3.038414955139160156e+00 3.173780918121337891e+00
2.923157691955566406e+00 2.698588371276855469e+00 2.780675411224365234e+00 2.808320045471191406e+00
2.225921154022216797e+00 2.097081184387207031e+00 2.216674804687500000e+00 2.196654081344604492e+00
2.331535577774047852e+00 2.303268909454345703e+00 2.343761205673217773e+00 2.438545227050781250e+00
2.923188209533691406e+00 2.683710098266601562e+00 2.827268123626708984e+00 2.832927703857421875e+00
2.723860740661621094e+00 2.552836418151855469e+00 2.746035337448120117e+00 2.781813383102416992e+00
3.068605661392211914e+00 3.045157909393310547e+00 3.096620559692382812e+00 3.123246192932128906e+00
3.396160602569580078e+00 3.141452550888061523e+00 3.235685586929321289e+00 3.229779720306396484e+00
2.950121641159057617e+00 2.807389736175537109e+00 2.910533189773559570e+00 2.975315332412719727e+00
2.516431093215942383e+00 2.465045690536499023e+00 2.550771713256835938e+00 2.577570199966430664e+00
2.814528465270996094e+00 2.798709154129028320e+00 2.952873706817626953e+00 2.850855112075805664e+00
2.935212612152099609e+00 3.000995397567749023e+00 3.146700620651245117e+00 3.195659399032592773e+00
2.823694944381713867e+00 2.847228288650512695e+00 3.036178350448608398e+00 2.988503694534301758e+00
3.264779329299926758e+00 3.016382455825805664e+00 3.109444379806518555e+00 3.071216583251953125e+00
2.975195407867431641e+00 2.832542419433593750e+00 2.928842067718505859e+00 2.919433593750000000e+00
3.318382740020751953e+00 3.221682310104370117e+00 3.300428628921508789e+00 3.459428310394287109e+00
3.048717975616455078e+00 2.921584129333496094e+00 3.111942529678344727e+00 3.086240768432617188e+00
3.263535022735595703e+00 3.195331096649169922e+00 3.294923543930053711e+00 3.400876283645629883e+00
2.602690458297729492e+00 2.643846750259399414e+00 2.740258932113647461e+00 2.708355665206909180e+00
2.677476882934570312e+00 2.484833717346191406e+00 2.656084060668945312e+00 2.706475496292114258e+00
2.527434825897216797e+00 2.482614517211914062e+00 2.659714460372924805e+00 2.737700223922729492e+00
3.028270244598388672e+00 2.927607774734497070e+00 3.157256603240966797e+00 3.173940658569335938e+00
2.792393207550048828e+00 2.691734075546264648e+00 2.767273664474487305e+00 3.025411844253540039e+00
2.488598823547363281e+00 2.300281763076782227e+00 2.474838495254516602e+00 2.495425939559936523e+00
2.309804677963256836e+00 2.397033929824829102e+00 2.352792263031005859e+00 2.447782278060913086e+00
3.115128993988037109e+00 2.930212497711181641e+00 3.137001276016235352e+00 2.986346960067749023e+00
1.985146164894104004e+00 2.036605834960937500e+00 2.048991203308105469e+00 2.170113086700439453e+00
2.496644020080566406e+00 2.381822347640991211e+00 2.526918649673461914e+00 2.493242502212524414e+00
3.009937763214111328e+00 2.811907768249511719e+00 2.863182544708251953e+00 3.056676626205444336e+00
2.533283710479736328e+00 2.461424827575683594e+00 2.724330663681030273e+00 2.702171087265014648e+00
3.182142496109008789e+00 3.105697631835937500e+00 3.242772102355957031e+00 3.322992563247680664e+00
3.019081115722656250e+00 3.134881734848022461e+00 3.250885963439941406e+00 3.329905033111572266e+00
3.197746992111206055e+00 2.999699831008911133e+00 3.242453336715698242e+00 3.292103290557861328e+00
2.467427968978881836e+00 2.299165248870849609e+00 2.371262073516845703e+00 2.456533432006835938e+00
2.988186597824096680e+00 2.895980119705200195e+00 3.076770544052124023e+00 3.224854469299316406e+00
3.447495460510253906e+00 3.362365961074829102e+00 3.473996639251708984e+00 3.571748256683349609e+00
2.306521177291870117e+00 2.137665510177612305e+00 2.371527671813964844e+00 2.524443387985229492e+00
2.952778339385986328e+00 2.945316791534423828e+00 2.984748125076293945e+00 3.101605892181396484e+00
2.300102472305297852e+00 2.225012540817260742e+00 2.391268253326416016e+00 2.583791494369506836e+00
2.366426229476928711e+00 2.227005243301391602e+00 2.266574144363403320e+00 2.387143850326538086e+00
2.008820772171020508e+00 2.028751850128173828e+00 2.144483804702758789e+00 2.198105573654174805e+00
3.610195398330688477e+00 3.438377857208251953e+00 3.676341295242309570e+00 3.531324863433837891e+00
2.596452713012695312e+00 2.297392845153808594e+00 2.448879241943359375e+00 2.579088211059570312e+00
2.699665546417236328e+00 2.413014888763427734e+00 2.634225606918334961e+00 2.514416456222534180e+00
2.955891609191894531e+00 2.995041608810424805e+00 3.030623674392700195e+00 3.115820407867431641e+00
2.732625722885131836e+00 2.456994533538818359e+00 2.816557168960571289e+00 2.982858896255493164e+00
2.745092630386352539e+00 2.726227045059204102e+00 2.829364538192749023e+00 2.754548072814941406e+00
3.164648771286010742e+00 2.866425752639770508e+00 3.080592870712280273e+00 3.125898599624633789e+00
2.773994684219360352e+00 2.660608530044555664e+00 2.848385572433471680e+00 2.894003868103027344e+00
2.105807065963745117e+00 2.037085771560668945e+00 2.196221113204956055e+00 2.071418762207031250e+00
2.833717823028564453e+00 2.596646547317504883e+00 2.839641571044921875e+00 2.992605209350585938e+00
2.538679122924804688e+00 2.476241111755371094e+00 2.505983352661132812e+00 2.711792707443237305e+00
3.611492872238159180e+00 3.511189699172973633e+00 3.511993646621704102e+00 3.633846044540405273e+00
3.187521457672119141e+00 3.108847379684448242e+00 3.076562404632568359e+00 3.298172950744628906e+00
2.982620716094970703e+00 3.050551652908325195e+00 3.082334518432617188e+00 3.198940753936767578e+00
3.128231763839721680e+00 2.928410053253173828e+00 3.185392856597900391e+00 3.201241254806518555e+00
2.883966684341430664e+00 2.796419143676757812e+00 2.947221517562866211e+00 2.917825460433959961e+00
2.924526691436767578e+00 2.976926088333129883e+00 3.036523818969726562e+00 2.959261178970336914e+00
3.078885555267333984e+00 2.806597709655761719e+00 3.051836729049682617e+00 2.967920303344726562e+00
2.997277736663818359e+00 2.771528244018554688e+00 2.997348785400390625e+00 2.974757671356201172e+00
3.186161279678344727e+00 3.219328403472900391e+00 3.275874376296997070e+00 3.403937101364135742e+00
3.799144506454467773e+00 3.529917240142822266e+00 3.726948499679565430e+00 3.892758131027221680e+00
2.719248056411743164e+00 2.781143426895141602e+00 2.740419864654541016e+00 2.800863504409790039e+00
3.449595928192138672e+00 3.272259235382080078e+00 3.448162794113159180e+00 3.563890218734741211e+00
2.473461866378784180e+00 2.278765201568603516e+00 2.488732337951660156e+00 2.496721982955932617e+00
2.280719280242919922e+00 2.100015878677368164e+00 2.195959091186523438e+00 2.264272928237915039e+00
2.090638160705566406e+00 2.114840507507324219e+00 2.122466564178466797e+00 2.388171195983886719e+00
2.673202514648437500e+00 2.573641538619995117e+00 2.805387496948242188e+00 2.710303068161010742e+00
2.451682090759277344e+00 2.460398435592651367e+00 2.671005487442016602e+00 2.642573833465576172e+00
3.058387041091918945e+00 3.038832187652587891e+00 3.099697589874267578e+00 3.227732419967651367e+00
2.218955755233764648e+00 1.978678822517395020e+00 2.185704708099365234e+00 2.206933021545410156e+00
2.847752571105957031e+00 2.737317800521850586e+00 2.819881916046142578e+00 2.807469844818115234e+00
3.254466056823730469e+00 3.396420955657958984e+00 3.434179544448852539e+00 3.483611345291137695e+00
2.509413719177246094e+00 2.330628633499145508e+00 2.498399972915649414e+00 2.477628231048583984e+00
2.363333940505981445e+00 2.257878065109252930e+00 2.347974061965942383e+00 2.310581445693969727e+00
3.100600004196166992e+00 3.005717992782592773e+00 3.157467126846313477e+00 3.127561092376708984e+00
2.209685564041137695e+00 2.140480279922485352e+00 2.259914875030517578e+00 2.370517969131469727e+00
3.029057025909423828e+00 2.896969079971313477e+00 3.057348251342773438e+00 2.971431255340576172e+00
2.646655797958374023e+00 2.523012161254882812e+00 2.612420320510864258e+00 2.625777721405029297e+00
2.975069761276245117e+00 2.864724636077880859e+00 2.974737405776977539e+00 3.069188833236694336e+00
2.874500274658203125e+00 2.691286325454711914e+00 2.827648639678955078e+00 2.843223810195922852e+00
2.578602075576782227e+00 2.491367578506469727e+00 2.711285352706909180e+00 2.626541376113891602e+00
2.541724205017089844e+00 2.464929819107055664e+00 2.520647525787353516e+00 2.629072904586791992e+00
2.930255174636840820e+00 2.947640895843505859e+00 3.086024999618530273e+00 3.094036579132080078e+00
3.526396036148071289e+00 3.362768888473510742e+00 3.482285976409912109e+00 3.470109701156616211e+00
3.047068595886230469e+00 2.979938745498657227e+00 3.137392520904541016e+00 3.227743625640869141e+00
2.984059810638427734e+00 2.940691947937011719e+00 2.999892711639404297e+00 2.996127128601074219e+00
2.813161134719848633e+00 2.632411718368530273e+00 2.688422203063964844e+00 2.967713832855224609e+00
3.162312269210815430e+00 3.018025398254394531e+00 3.292901515960693359e+00 3.213765382766723633e+00
2.113485097885131836e+00 1.961048603057861328e+00 2.066410779953002930e+00 2.151567459106445312e+00
2.399389982223510742e+00 2.166325569152832031e+00 2.263171672821044922e+00 2.293319940567016602e+00
2.763625144958496094e+00 2.598123073577880859e+00 2.778018474578857422e+00 2.844879388809204102e+00
2.573294162750244141e+00 2.500625133514404297e+00 2.554965972900390625e+00 2.634198665618896484e+00
2.941741704940795898e+00 2.902469635009765625e+00 3.069701671600341797e+00 3.091912031173706055e+00
2.300862312316894531e+00 2.270093679428100586e+00 2.437641382217407227e+00 2.498595714569091797e+00
2.632823228836059570e+00 2.394313335418701172e+00 2.634340763092041016e+00 2.803267478942871094e+00
2.368596792221069336e+00 2.212440490722656250e+00 2.369501113891601562e+00 2.492447853088378906e+00
3.786345481872558594e+00 3.715212821960449219e+00 3.674275398254394531e+00 3.669605255126953125e+00
3.089587450027465820e+00 2.960787773132324219e+00 3.180334568023681641e+00 3.208753347396850586e+00
3.552615165710449219e+00 3.257003545761108398e+00 3.466590166091918945e+00 3.534230709075927734e+00
3.485560655593872070e+00 3.641658306121826172e+00 3.554164648056030273e+00 3.761056184768676758e+00
2.185404300689697266e+00 2.128225326538085938e+00 2.130393028259277344e+00 2.274804115295410156e+00
2.513571500778198242e+00 2.545135259628295898e+00 2.664295673370361328e+00 2.537921905517578125e+00
2.853178024291992188e+00 2.768053531646728516e+00 2.880324602127075195e+00 2.854836940765380859e+00
2.747425317764282227e+00 2.485252857208251953e+00 2.649489641189575195e+00 2.754085779190063477e+00
2.707430601119995117e+00 2.550431966781616211e+00 2.699071168899536133e+00 2.683642625808715820e+00
3.270064115524291992e+00 3.104200363159179688e+00 3.202455043792724609e+00 3.376126527786254883e+00
2.687027931213378906e+00 2.540229797363281250e+00 2.652490139007568359e+00 2.654824972152709961e+00
2.942995786666870117e+00 2.761797428131103516e+00 2.792714357376098633e+00 2.943763494491577148e+00
2.705712795257568359e+00 2.585695266723632812e+00 2.658812761306762695e+00 2.839565038681030273e+00
3.213407993316650391e+00 3.041258811950683594e+00 3.227273464202880859e+00 3.200296163558959961e+00
2.707335948944091797e+00 2.442871093750000000e+00 2.660143136978149414e+00 2.762290477752685547e+00
2.780344963073730469e+00 2.743196964263916016e+00 2.897646665573120117e+00 2.888587713241577148e+00
2.796260118484497070e+00 2.739482879638671875e+00 2.643691301345825195e+00 2.845928668975830078e+00
3.263875007629394531e+00 3.245861530303955078e+00 3.396576642990112305e+00 3.167533159255981445e+00
3.252220392227172852e+00 3.156630992889404297e+00 3.372601270675659180e+00 3.529040098190307617e+00
2.784368038177490234e+00 2.703008174896240234e+00 2.729516983032226562e+00 2.832210063934326172e+00
2.983736753463745117e+00 2.998451471328735352e+00 3.080545186996459961e+00 3.229037046432495117e+00
3.187691450119018555e+00 3.143658399581909180e+00 3.146322965621948242e+00 3.245027303695678711e+00
3.894493103027343750e+00 3.887241601943969727e+00 4.011433601379394531e+00 3.991626262664794922e+00
3.247735977172851562e+00 3.031127691268920898e+00 3.082015037536621094e+00 3.159185647964477539e+00
2.288543224334716797e+00 2.166951894760131836e+00 2.497221469879150391e+00 2.385586500167846680e+00
2.623229503631591797e+00 2.502830266952514648e+00 2.702254295349121094e+00 2.746136665344238281e+00
2.442979812622070312e+00 2.380759239196777344e+00 2.565011262893676758e+00 2.514753103256225586e+00
2.573869943618774414e+00 2.383164405822753906e+00 2.573638439178466797e+00 2.480277776718139648e+00
3.320842742919921875e+00 3.255038499832153320e+00 3.349382162094116211e+00 3.319936513900756836e+00
3.114294052124023438e+00 3.068782567977905273e+00 3.071309804916381836e+00 3.243118047714233398e+00
2.342182159423828125e+00 2.273996829986572266e+00 2.389791727066040039e+00 2.261333703994750977e+00
3.354016065597534180e+00 3.103947162628173828e+00 3.128594398498535156e+00 3.449932098388671875e+00
2.648778438568115234e+00 2.519411087036132812e+00 2.684392213821411133e+00 2.729131937026977539e+00
2.382345676422119141e+00 2.422908782958984375e+00 2.315359592437744141e+00 2.435578107833862305e+00
2.954634666442871094e+00 2.918944120407104492e+00 2.893912315368652344e+00 3.080019950866699219e+00
2.901924848556518555e+00 2.943394660949707031e+00 2.987709045410156250e+00 2.950050354003906250e+00
3.572482109069824219e+00 3.465238809585571289e+00 3.445605039596557617e+00 3.630518198013305664e+00
2.343804359436035156e+00 2.303385972976684570e+00 2.409178018569946289e+00 2.429608821868896484e+00
3.066136121749877930e+00 2.890439033508300781e+00 2.999791145324707031e+00 3.110400199890136719e+00
2.452345371246337891e+00 2.348725795745849609e+00 2.589744091033935547e+00 2.487581014633178711e+00
2.970294475555419922e+00 2.885221004486083984e+00 2.748235225677490234e+00 2.848423242568969727e+00
2.746828794479370117e+00 2.654120445251464844e+00 2.820556879043579102e+00 2.974990367889404297e+00
2.712390422821044922e+00 2.696559190750122070e+00 2.798920154571533203e+00 2.888607978820800781e+00
2.693644523620605469e+00 2.616090297698974609e+00 2.693230390548706055e+00 2.713850021362304688e+00
3.185038566589355469e+00 2.915592670440673828e+00 3.149080753326416016e+00 3.236645936965942383e+00
2.865964651107788086e+00 2.733080148696899414e+00 2.945321798324584961e+00 2.996091127395629883e+00
3.113680601119995117e+00 3.050086975097656250e+00 3.105574369430541992e+00 3.199764013290405273e+00
3.334387779235839844e+00 3.171052455902099609e+00 3.236550092697143555e+00 3.311869621276855469e+00
3.626631498336791992e+00 3.410925388336181641e+00 3.648868083953857422e+00 3.636476993560791016e+00
2.356895923614501953e+00 2.164666414260864258e+00 2.420373678207397461e+00 2.451105117797851562e+00
2.943381071090698242e+00 2.696318626403808594e+00 2.703384160995483398e+00 2.877332925796508789e+00
3.150779485702514648e+00 2.980252981185913086e+00 3.225844621658325195e+00 3.123255252838134766e+00
2.665759086608886719e+00 2.564278364181518555e+00 2.578314304351806641e+00 2.662600040435791016e+00
3.963464975357055664e+00 3.962239503860473633e+00 3.941763639450073242e+00 3.897726774215698242e+00
2.615346670150756836e+00 2.437480211257934570e+00 2.608347892761230469e+00 2.688361644744873047e+00
2.763396978378295898e+00 2.771629095077514648e+00 2.954007148742675781e+00 3.023894548416137695e+00
3.319020032882690430e+00 3.107336282730102539e+00 3.493624448776245117e+00 3.529361724853515625e+00
2.887051343917846680e+00 2.730133771896362305e+00 2.817639350891113281e+00 2.771176338195800781e+00
2.862702131271362305e+00 2.703510761260986328e+00 2.670650005340576172e+00 2.942358732223510742e+00
3.198832035064697266e+00 3.210243463516235352e+00 3.156317234039306641e+00 3.245812416076660156e+00
2.647891044616699219e+00 2.602310180664062500e+00 2.554250240325927734e+00 2.671729326248168945e+00
3.202888011932373047e+00 3.073041677474975586e+00 3.176880836486816406e+00 3.104021549224853516e+00
2.833401441574096680e+00 2.569408655166625977e+00 2.685320377349853516e+00 2.891437053680419922e+00
2.603830337524414062e+00 2.583532094955444336e+00 2.724015474319458008e+00 2.643822193145751953e+00
3.430771589279174805e+00 3.230820178985595703e+00 3.390614032745361328e+00 3.287095546722412109e+00
3.183584213256835938e+00 3.122858524322509766e+00 3.149874448776245117e+00 3.215078353881835938e+00
2.382412195205688477e+00 2.357422828674316406e+00 2.489096641540527344e+00 2.563346147537231445e+00
3.387104749679565430e+00 3.110743999481201172e+00 3.338587999343872070e+00 3.372893095016479492e+00
3.051831722259521484e+00 2.796930074691772461e+00 2.899430751800537109e+00 2.928341865539550781e+00
3.119788169860839844e+00 2.907362937927246094e+00 3.144806385040283203e+00 3.170175790786743164e+00
2.563319683074951172e+00 2.518548488616943359e+00 2.697243452072143555e+00 2.789071559906005859e+00
2.993277072906494141e+00 2.891634464263916016e+00 2.933497428894042969e+00 2.937638759613037109e+00
2.151294708251953125e+00 2.384048938751220703e+00 2.307233572006225586e+00 2.351077556610107422e+00
2.796548604965209961e+00 2.787677764892578125e+00 2.758878707885742188e+00 3.040980577468872070e+00
3.123441457748413086e+00 2.945012569427490234e+00 3.157760381698608398e+00 3.192660808563232422e+00
2.691481590270996094e+00 2.677565097808837891e+00 2.701291322708129883e+00 2.744456291198730469e+00
2.373052835464477539e+00 2.421292304992675781e+00 2.600218534469604492e+00 2.617116451263427734e+00
2.612185239791870117e+00 2.498848915100097656e+00 2.550641775131225586e+00 2.705309391021728516e+00
2.546902656555175781e+00 2.376867055892944336e+00 2.417817592620849609e+00 2.449651479721069336e+00
3.716658592224121094e+00 3.598219156265258789e+00 3.681968688964843750e+00 3.873611211776733398e+00
2.742822885513305664e+00 2.643277168273925781e+00 2.809098005294799805e+00 2.742039442062377930e+00
3.135380983352661133e+00 2.989733934402465820e+00 3.160377740859985352e+00 3.137524843215942383e+00
2.214375495910644531e+00 2.170657157897949219e+00 2.210350036621093750e+00 2.297176599502563477e+00
3.444974184036254883e+00 3.479803323745727539e+00 3.358838558197021484e+00 3.588407516479492188e+00
2.941434383392333984e+00 2.966425657272338867e+00 2.897838592529296875e+00 2.952811717987060547e+00
3.167029857635498047e+00 3.196947336196899414e+00 3.207914113998413086e+00 3.228127479553222656e+00
3.695901870727539062e+00 3.531887292861938477e+00 3.670906543731689453e+00 3.923834800720214844e+00
2.364954710006713867e+00 2.348543405532836914e+00 2.553778409957885742e+00 2.608237743377685547e+00
3.234937429428100586e+00 3.097021102905273438e+00 3.203708171844482422e+00 3.242223739624023438e+00
2.975525617599487305e+00 3.023777246475219727e+00 3.091972589492797852e+00 2.983581542968750000e+00
3.190679311752319336e+00 3.088085889816284180e+00 3.321439027786254883e+00 3.308208942413330078e+00
3.088107109069824219e+00 2.914986610412597656e+00 3.152654409408569336e+00 3.214773893356323242e+00
2.697414398193359375e+00 2.412050724029541016e+00 2.639603614807128906e+00 2.646112442016601562e+00
2.316415071487426758e+00 2.295693397521972656e+00 2.391271591186523438e+00 2.722012996673583984e+00
2.776686429977416992e+00 2.681690216064453125e+00 2.785169601440429688e+00 2.877115964889526367e+00
2.722068071365356445e+00 2.620078802108764648e+00 2.819280385971069336e+00 2.850172758102416992e+00
3.141068458557128906e+00 3.139190435409545898e+00 3.146831512451171875e+00 3.269142150878906250e+00
2.766551256179809570e+00 2.799148321151733398e+00 3.060831069946289062e+00 2.963063716888427734e+00
2.788000106811523438e+00 2.565138339996337891e+00 2.788094043731689453e+00 2.852833032608032227e+00
3.234416484832763672e+00 3.037771463394165039e+00 3.109405517578125000e+00 3.067574501037597656e+00
2.753001689910888672e+00 2.646136283874511719e+00 2.800372123718261719e+00 2.772615671157836914e+00
2.631017684936523438e+00 2.388241291046142578e+00 2.640870571136474609e+00 2.579230546951293945e+00
2.885930299758911133e+00 2.921152353286743164e+00 2.841047286987304688e+00 2.829719543457031250e+00
2.721564769744873047e+00 2.616677761077880859e+00 2.700423955917358398e+00 2.836782217025756836e+00
3.180359840393066406e+00 3.033207893371582031e+00 3.144147396087646484e+00 3.220391273498535156e+00
2.890453338623046875e+00 2.762145042419433594e+00 2.805189609527587891e+00 2.813640832901000977e+00
3.122208356857299805e+00 3.139551162719726562e+00 3.301578283309936523e+00 3.234127759933471680e+00
2.983040571212768555e+00 3.005712509155273438e+00 3.096038579940795898e+00 3.124907970428466797e+00
2.955249309539794922e+00 2.926815271377563477e+00 2.952887535095214844e+00 3.138000965118408203e+00
2.791955232620239258e+00 2.628897428512573242e+00 2.675180912017822266e+00 2.852097511291503906e+00
2.627418994903564453e+00 2.509617090225219727e+00 2.600359201431274414e+00 2.646657466888427734e+00
2.400376319885253906e+00 2.427999734878540039e+00 2.422733783721923828e+00 2.526119232177734375e+00
3.048852205276489258e+00 2.673556327819824219e+00 2.989119768142700195e+00 2.991260528564453125e+00
3.206087589263916016e+00 3.288893222808837891e+00 3.224498987197875977e+00 3.391456127166748047e+00
3.188052177429199219e+00 3.230350494384765625e+00 3.028722286224365234e+00 3.203184127807617188e+00
2.856781005859375000e+00 2.832493066787719727e+00 2.804251909255981445e+00 2.966434240341186523e+00
3.179683685302734375e+00 3.110278367996215820e+00 3.134769201278686523e+00 3.164718866348266602e+00
2.860266208648681641e+00 2.829603910446166992e+00 2.997877836227416992e+00 2.866483926773071289e+00
2.384915351867675781e+00 2.388286352157592773e+00 2.411117792129516602e+00 2.560538530349731445e+00
2.846818685531616211e+00 2.763756036758422852e+00 2.885515213012695312e+00 2.991911888122558594e+00
3.502435922622680664e+00 3.337901115417480469e+00 3.485047101974487305e+00 3.418433427810668945e+00
2.669063806533813477e+00 2.524629831314086914e+00 2.750125169754028320e+00 2.695035219192504883e+00
2.425241231918334961e+00 2.480882883071899414e+00 2.606597185134887695e+00 2.598067522048950195e+00
2.823045492172241211e+00 2.620956659317016602e+00 2.769431114196777344e+00 2.867543697357177734e+00
3.302033662796020508e+00 3.166551113128662109e+00 3.324162244796752930e+00 3.387947320938110352e+00
2.701905012130737305e+00 2.553329944610595703e+00 2.747023582458496094e+00 2.708214044570922852e+00
2.682683467864990234e+00 2.473242759704589844e+00 2.696654319763183594e+00 2.792943000793457031e+00
3.163190603256225586e+00 3.046707153320312500e+00 3.191687822341918945e+00 3.233895778656005859e+00
3.026652097702026367e+00 3.021866321563720703e+00 3.005603075027465820e+00 3.137329339981079102e+00
4.160089492797851562e+00 3.950485706329345703e+00 4.078105926513671875e+00 4.050923824310302734e+00
2.974622249603271484e+00 2.735004186630249023e+00 2.848219871520996094e+00 2.989950656890869141e+00
3.138081550598144531e+00 3.097761631011962891e+00 3.247652530670166016e+00 3.426228523254394531e+00
3.215482711791992188e+00 3.231252670288085938e+00 3.308151245117187500e+00 3.205658435821533203e+00
2.620722532272338867e+00 2.491769552230834961e+00 2.619665145874023438e+00 2.646250009536743164e+00
3.677625179290771484e+00 3.566510200500488281e+00 3.560913085937500000e+00 3.626707792282104492e+00
3.247301816940307617e+00 3.136181831359863281e+00 3.104042291641235352e+00 3.125355958938598633e+00
2.727588176727294922e+00 2.712951183319091797e+00 2.902403831481933594e+00 2.881994962692260742e+00
2.630822420120239258e+00 2.597018718719482422e+00 2.657047748565673828e+00 2.750473737716674805e+00
2.112869501113891602e+00 2.029710292816162109e+00 2.254153251647949219e+00 2.201656341552734375e+00
2.630807638168334961e+00 2.650053262710571289e+00 2.649138212203979492e+00 2.738493204116821289e+00
3.046821832656860352e+00 3.069687604904174805e+00 2.988873720169067383e+00 3.164294958114624023e+00
3.021369457244873047e+00 2.952027082443237305e+00 3.028605222702026367e+00 2.983655929565429688e+00
3.187978982925415039e+00 2.970749378204345703e+00 3.171195268630981445e+00 3.379726886749267578e+00
3.241566419601440430e+00 3.304487466812133789e+00 3.339890241622924805e+00 3.387413501739501953e+00
2.569081306457519531e+00 2.509555578231811523e+00 2.539167404174804688e+00 2.569455385208129883e+00
2.964718580245971680e+00 2.906711101531982422e+00 2.916554927825927734e+00 2.893773078918457031e+00
4.036045074462890625e+00 3.953176975250244141e+00 3.997512102127075195e+00 4.160414695739746094e+00
3.269689083099365234e+00 3.245925188064575195e+00 3.173402547836303711e+00 3.241630554199218750e+00
3.204922676086425781e+00 3.193396329879760742e+00 3.317302703857421875e+00 3.245072841644287109e+00
2.736463069915771484e+00 2.531098365783691406e+00 2.801664113998413086e+00 2.833738565444946289e+00
3.443907260894775391e+00 3.104708433151245117e+00 3.343247652053833008e+00 3.161813974380493164e+00
2.759456157684326172e+00 2.713946104049682617e+00 2.821367979049682617e+00 2.801961898803710938e+00
3.008067846298217773e+00 3.029607295989990234e+00 3.197016239166259766e+00 3.208509206771850586e+00
2.860775709152221680e+00 2.734951734542846680e+00 2.917368173599243164e+00 2.660341262817382812e+00
3.302404880523681641e+00 3.390093326568603516e+00 3.365073680877685547e+00 3.545324802398681641e+00
2.733297824859619141e+00 2.579385519027709961e+00 2.614831209182739258e+00 2.635496854782104492e+00
2.663172006607055664e+00 2.653281450271606445e+00 2.581785202026367188e+00 2.649939298629760742e+00
3.029385805130004883e+00 2.701300859451293945e+00 2.781732082366943359e+00 2.936952352523803711e+00
2.729255676269531250e+00 2.735023498535156250e+00 2.803626537322998047e+00 2.897086620330810547e+00
3.546931743621826172e+00 3.377147912979125977e+00 3.669763565063476562e+00 3.673086166381835938e+00
2.238461732864379883e+00 2.217030525207519531e+00 2.283757448196411133e+00 2.346524953842163086e+00
2.861796379089355469e+00 2.729014635086059570e+00 2.794143199920654297e+00 2.802270889282226562e+00
2.489225149154663086e+00 2.557634830474853516e+00 2.571263313293457031e+00 2.678658485412597656e+00
2.897889614105224609e+00 2.799801349639892578e+00 2.854280948638916016e+00 3.208435773849487305e+00
3.497268676757812500e+00 3.367629528045654297e+00 3.434890747070312500e+00 3.642352581024169922e+00
3.412515878677368164e+00 3.260343074798583984e+00 3.377280950546264648e+00 3.429234266281127930e+00
3.265319585800170898e+00 3.099146604537963867e+00 3.395521879196166992e+00 3.256934642791748047e+00
2.522485733032226562e+00 2.377178668975830078e+00 2.404166221618652344e+00 2.468003988265991211e+00
3.050979137420654297e+00 3.080881357192993164e+00 2.979415655136108398e+00 3.159925699234008789e+00
3.176932811737060547e+00 3.011808395385742188e+00 3.220187664031982422e+00 3.380676746368408203e+00
2.574998378753662109e+00 2.471666574478149414e+00 2.660130500793457031e+00 2.636029958724975586e+00
2.804168224334716797e+00 2.691487789154052734e+00 2.700054645538330078e+00 2.713697671890258789e+00
2.895094394683837891e+00 2.755988121032714844e+00 2.781894207000732422e+00 2.777669906616210938e+00
2.812911510467529297e+00 2.578884363174438477e+00 2.759845972061157227e+00 3.073259830474853516e+00
3.172864913940429688e+00 2.980234146118164062e+00 3.218667030334472656e+00 3.256506919860839844e+00
2.902055263519287109e+00 2.761073112487792969e+00 2.987761974334716797e+00 3.044880390167236328e+00
3.249140977859497070e+00 3.098973751068115234e+00 3.337133884429931641e+00 3.375300645828247070e+00
3.258276939392089844e+00 3.111925840377807617e+00 3.245813846588134766e+00 3.215764045715332031e+00
3.483734846115112305e+00 3.380699872970581055e+00 3.397576808929443359e+00 3.393089771270751953e+00
3.193156242370605469e+00 3.056099414825439453e+00 3.280665874481201172e+00 3.461364269256591797e+00
2.548632621765136719e+00 2.490265130996704102e+00 2.581111431121826172e+00 2.618428468704223633e+00
2.642771720886230469e+00 2.381302595138549805e+00 2.668994903564453125e+00 2.770205974578857422e+00
2.361009836196899414e+00 2.231610298156738281e+00 2.319268941879272461e+00 2.315812110900878906e+00
3.166409492492675781e+00 3.012446165084838867e+00 3.081578969955444336e+00 3.116636037826538086e+00
3.117611885070800781e+00 3.306644916534423828e+00 3.242990255355834961e+00 3.388751268386840820e+00
3.256841897964477539e+00 3.224258422851562500e+00 3.124475240707397461e+00 3.156162977218627930e+00
2.544351339340209961e+00 2.284896135330200195e+00 2.398857593536376953e+00 2.302769422531127930e+00
3.684225559234619141e+00 3.560902357101440430e+00 3.704787254333496094e+00 3.795297384262084961e+00
2.754824638366699219e+00 2.886767148971557617e+00 2.862548589706420898e+00 3.028549194335937500e+00
2.283282279968261719e+00 2.186145544052124023e+00 2.238529682159423828e+00 2.227697610855102539e+00
2.919751882553100586e+00 2.811948776245117188e+00 2.824561834335327148e+00 3.112299680709838867e+00
2.431571722030639648e+00 2.529764652252197266e+00 2.485473394393920898e+00 2.609840631484985352e+00
3.103189468383789062e+00 3.132073402404785156e+00 3.189753055572509766e+00 3.213843584060668945e+00
3.061525344848632812e+00 3.205332279205322266e+00 3.234331130981445312e+00 3.414795160293579102e+00
2.645907163619995117e+00 2.772323369979858398e+00 2.785263538360595703e+00 2.754054307937622070e+00
3.564189672470092773e+00 3.297652244567871094e+00 3.449650049209594727e+00 3.658878803253173828e+00
2.873754262924194336e+00 2.701340913772583008e+00 2.728515148162841797e+00 2.791400194168090820e+00
3.006746292114257812e+00 2.831119537353515625e+00 3.013395071029663086e+00 3.040859699249267578e+00
2.536496400833129883e+00 2.584705829620361328e+00 2.541330099105834961e+00 2.740624189376831055e+00
