2.946817398071289062e+00 2.855899572372436523e+00 3.026243686676025391e+00 2.931716918945312500e+00
3.816294908523559570e+00 3.745920658111572266e+00 3.885771512985229492e+00 3.802279949188232422e+00
3.064025640487670898e+00 3.071742534637451172e+00 3.069837093353271484e+00 3.124242782592773438e+00
2.942375659942626953e+00 2.731599330902099609e+00 3.043420553207397461e+00 2.719717264175415039e+00
3.026543855667114258e+00 3.275194883346557617e+00 3.286947727203369141e+00 3.125654697418212891e+00
2.877703666687011719e+00 2.875278234481811523e+00 2.877998828887939453e+00 2.740210533142089844e+00
2.597628355026245117e+00 2.613416433334350586e+00 2.637706279754638672e+00 2.491631746292114258e+00
2.496676445007324219e+00 2.415558815002441406e+00 2.591044902801513672e+00 2.430773735046386719e+00
3.429591417312622070e+00 3.185680389404296875e+00 3.202478170394897461e+00 3.286180496215820312e+00
3.589872360229492188e+00 3.631790876388549805e+00 3.660772562026977539e+00 3.499328374862670898e+00
2.454640865325927734e+00 2.602125406265258789e+00 2.624336242675781250e+00 2.605947971343994141e+00
2.698057889938354492e+00 2.586680889129638672e+00 2.561255455017089844e+00 2.457868337631225586e+00
2.257967710494995117e+00 2.161106109619140625e+00 2.355831384658813477e+00 2.437144994735717773e+00
3.265456676483154297e+00 3.163165092468261719e+00 3.123401165008544922e+00 3.199019908905029297e+00
3.731755256652832031e+00 3.650270462036132812e+00 3.884359121322631836e+00 3.694970369338989258e+00
2.784137964248657227e+00 2.746046543121337891e+00 2.788712739944458008e+00 2.772786378860473633e+00
3.162816524505615234e+00 3.025324344635009766e+00 3.254370450973510742e+00 2.986004829406738281e+00
3.283771753311157227e+00 3.117480039596557617e+00 3.421455621719360352e+00 3.258355855941772461e+00
2.883617877960205078e+00 2.826980352401733398e+00 3.005111694335937500e+00 3.021735429763793945e+00
2.661694526672363281e+00 2.587072134017944336e+00 2.893794775009155273e+00 2.749905109405517578e+00
3.015159130096435547e+00 2.803874492645263672e+00 2.873438596725463867e+00 2.875759840011596680e+00
3.222471714019775391e+00 3.385026931762695312e+00 3.258516550064086914e+00 3.273002386093139648e+00
2.665465116500854492e+00 2.648173332214355469e+00 2.562874794006347656e+00 2.422153234481811523e+00
3.075817823410034180e+00 2.981220006942749023e+00 3.082061052322387695e+00 3.027868747711181641e+00
2.723457098007202148e+00 2.522265434265136719e+00 2.694740056991577148e+00 2.701584577560424805e+00
2.815537452697753906e+00 2.581822395324707031e+00 2.818200111389160156e+00 2.828737020492553711e+00
3.109764337539672852e+00 2.953010797500610352e+00 3.018584728240966797e+00 3.076166629791259766e+00
2.904474973678588867e+00 2.868355751037597656e+00 3.036001205444335938e+00 2.824382781982421875e+00
3.214346885681152344e+00 3.068621158599853516e+00 3.283030748367309570e+00 3.181497573852539062e+00
2.208250284194946289e+00 2.297876358032226562e+00 2.452483177185058594e+00 2.245628833770751953e+00
2.928382158279418945e+00 2.861511468887329102e+00 3.002103090286254883e+00 3.097819566726684570e+00
2.961090087890625000e+00 2.819038629531860352e+00 2.879034042358398438e+00 2.833694934844970703e+00
3.070068359375000000e+00 3.091229915618896484e+00 3.195661306381225586e+00 3.130216121673583984e+00
2.688300132751464844e+00 2.652571916580200195e+00 2.797992706298828125e+00 2.575447559356689453e+00
2.393645286560058594e+00 2.439272403717041016e+00 2.461757183074951172e+00 2.403552532196044922e+00
3.220354557037353516e+00 3.173334121704101562e+00 3.291048765182495117e+00 3.317719936370849609e+00
3.061739683151245117e+00 2.927047014236450195e+00 3.148355245590209961e+00 3.058231353759765625e+00
2.732267141342163086e+00 2.766194343566894531e+00 2.842452764511108398e+00 2.699291229248046875e+00
2.694215297698974609e+00 2.740109920501708984e+00 2.741281509399414062e+00 2.744104623794555664e+00
2.989905357360839844e+00 2.970513105392456055e+00 3.057601213455200195e+00 3.057545900344848633e+00
3.129230737686157227e+00 2.952087640762329102e+00 3.141049623489379883e+00 3.012041807174682617e+00
3.216527223587036133e+00 3.064274072647094727e+00 3.211048126220703125e+00 3.025271654129028320e+00
3.477122783660888672e+00 3.283479928970336914e+00 3.407169342041015625e+00 3.361993074417114258e+00
2.980906486511230469e+00 2.879977226257324219e+00 3.138135910034179688e+00 3.099156379699707031e+00
3.414681434631347656e+00 3.323251724243164062e+00 3.411266088485717773e+00 3.521578073501586914e+00
2.563488006591796875e+00 2.479763031005859375e+00 2.626500129699707031e+00 2.588780879974365234e+00
2.904895305633544922e+00 2.910974502563476562e+00 3.040966033935546875e+00 2.891361236572265625e+00
2.514828920364379883e+00 2.480772972106933594e+00 2.600963354110717773e+00 2.650619029998779297e+00
2.353879690170288086e+00 2.338835239410400391e+00 2.351604700088500977e+00 2.440216779708862305e+00
2.856426715850830078e+00 2.742634773254394531e+00 2.875843524932861328e+00 2.774194002151489258e+00
2.110231161117553711e+00 2.215219736099243164e+00 2.202195167541503906e+00 2.256861925125122070e+00
3.599554061889648438e+00 3.389760255813598633e+00 3.495729207992553711e+00 3.471639871597290039e+00
2.881014585494995117e+00 2.877749204635620117e+00 3.036099433898925781e+00 2.789689779281616211e+00
3.500017642974853516e+00 3.331497907638549805e+00 3.469024181365966797e+00 3.401941061019897461e+00
3.089495182037353516e+00 2.901099205017089844e+00 2.818759918212890625e+00 2.920394420623779297e+00
2.517464160919189453e+00 2.596896648406982422e+00 2.548331022262573242e+00 2.492006063461303711e+00
2.579648971557617188e+00 2.624120473861694336e+00 2.587183713912963867e+00 2.694412946701049805e+00
2.728922843933105469e+00 2.747161865234375000e+00 2.868304252624511719e+00 2.807118177413940430e+00
2.797894477844238281e+00 2.809342861175537109e+00 2.685846805572509766e+00 2.829756021499633789e+00
3.425628900527954102e+00 3.578844070434570312e+00 3.700090408325195312e+00 3.560936689376831055e+00
3.019521713256835938e+00 2.882600545883178711e+00 3.126935958862304688e+00 3.113058805465698242e+00
3.539329528808593750e+00 3.364100933074951172e+00 3.488487958908081055e+00 3.490319728851318359e+00
2.575485467910766602e+00 2.477990388870239258e+00 2.635102510452270508e+00 2.530037164688110352e+00
3.063265800476074219e+00 2.934772253036499023e+00 3.070415973663330078e+00 2.955174207687377930e+00
3.220988750457763672e+00 3.239260673522949219e+00 3.346599102020263672e+00 3.266694784164428711e+00
2.308102369308471680e+00 2.187959432601928711e+00 2.434900522232055664e+00 2.460378170013427734e+00
3.903412342071533203e+00 3.619043827056884766e+00 3.918650388717651367e+00 3.858699798583984375e+00
2.821297645568847656e+00 2.828014850616455078e+00 2.883204698562622070e+00 2.815142631530761719e+00
3.656187772750854492e+00 3.642626523971557617e+00 3.684208393096923828e+00 3.607615947723388672e+00
2.661238193511962891e+00 2.584332227706909180e+00 2.685230493545532227e+00 2.649534702301025391e+00
3.519834518432617188e+00 3.258177757263183594e+00 3.523995399475097656e+00 3.459890604019165039e+00
1.871723413467407227e+00 1.843941688537597656e+00 2.072345256805419922e+00 1.956819057464599609e+00
3.199810266494750977e+00 3.053620576858520508e+00 3.239587783813476562e+00 3.013927936553955078e+00
2.354122161865234375e+00 2.346966981887817383e+00 2.334744691848754883e+00 2.343443632125854492e+00
2.825451135635375977e+00 2.789616823196411133e+00 3.024219989776611328e+00 2.812600851058959961e+00
3.061765670776367188e+00 3.126394748687744141e+00 3.086573362350463867e+00 3.078876018524169922e+00
3.013628959655761719e+00 2.961802005767822266e+00 2.943128824234008789e+00 3.004958629608154297e+00
2.737206459045410156e+00 2.748775959014892578e+00 2.795886278152465820e+00 2.796492815017700195e+00
2.718487262725830078e+00 2.750515460968017578e+00 2.960305213928222656e+00 2.876850128173828125e+00
2.929795503616333008e+00 2.828939914703369141e+00 2.895881652832031250e+00 2.831020593643188477e+00
3.345843076705932617e+00 3.270414113998413086e+00 3.537188768386840820e+00 3.368743419647216797e+00
2.292220592498779297e+00 2.345520973205566406e+00 2.384853601455688477e+00 2.193118810653686523e+00
2.605504274368286133e+00 2.718627214431762695e+00 2.883922100067138672e+00 2.725696802139282227e+00
3.150249242782592773e+00 3.054631471633911133e+00 3.051925897598266602e+00 2.956502676010131836e+00
2.614448785781860352e+00 2.556617259979248047e+00 2.630622863769531250e+00 2.576191902160644531e+00
3.484081745147705078e+00 3.321795940399169922e+00 3.453150033950805664e+00 3.348495483398437500e+00
2.756422281265258789e+00 2.722767353057861328e+00 2.808364391326904297e+00 2.802708387374877930e+00
2.633118867874145508e+00 2.585569858551025391e+00 2.786727905273437500e+00 2.658467292785644531e+00
1.871363162994384766e+00 1.868348121643066406e+00 2.078527212142944336e+00 1.911080002784729004e+00
3.418777942657470703e+00 3.358923196792602539e+00 3.406156778335571289e+00 3.368429183959960938e+00
2.982248306274414062e+00 3.015691757202148438e+00 3.005461931228637695e+00 2.987587213516235352e+00
2.445118904113769531e+00 2.366620063781738281e+00 2.416293144226074219e+00 2.328647136688232422e+00
2.379127025604248047e+00 2.120447874069213867e+00 2.124581575393676758e+00 2.237952709197998047e+00
3.064407348632812500e+00 2.836665391921997070e+00 2.996406793594360352e+00 2.793024301528930664e+00
3.666846275329589844e+00 3.663949251174926758e+00 3.711949110031127930e+00 3.545655012130737305e+00
2.849168062210083008e+00 2.884371280670166016e+00 3.003165245056152344e+00 2.936635732650756836e+00
3.403583288192749023e+00 3.465246677398681641e+00 3.459116458892822266e+00 3.430379629135131836e+00
2.584416389465332031e+00 2.572781324386596680e+00 2.732094287872314453e+00 2.571703910827636719e+00
2.628776311874389648e+00 2.571715354919433594e+00 2.683468341827392578e+00 2.664148807525634766e+00
3.017220973968505859e+00 2.936749219894409180e+00 3.093319177627563477e+00 2.993478298187255859e+00
3.260313034057617188e+00 3.168009042739868164e+00 3.331239700317382812e+00 3.373640298843383789e+00
3.220396518707275391e+00 3.281024217605590820e+00 3.244483232498168945e+00 3.195302486419677734e+00
3.088078737258911133e+00 2.935586690902709961e+00 3.071365118026733398e+00 3.145142793655395508e+00
2.648015022277832031e+00 2.614075422286987305e+00 2.689582109451293945e+00 2.684309720993041992e+00
3.122444391250610352e+00 3.064135551452636719e+00 2.980872154235839844e+00 3.024036645889282227e+00
2.971864700317382812e+00 2.909437179565429688e+00 3.024341583251953125e+00 3.051926851272583008e+00
2.723074197769165039e+00 2.746519327163696289e+00 2.965606689453125000e+00 2.846821546554565430e+00
3.502653360366821289e+00 3.441314935684204102e+00 3.734695196151733398e+00 3.575640201568603516e+00
2.324762821197509766e+00 2.094322919845581055e+00 2.230187416076660156e+00 2.175065517425537109e+00
2.492267608642578125e+00 2.437753438949584961e+00 2.671606779098510742e+00 2.602173089981079102e+00
2.979748725891113281e+00 2.939522743225097656e+00 3.004568099975585938e+00 3.020421266555786133e+00
2.616463899612426758e+00 2.389043331146240234e+00 2.561695814132690430e+00 2.421613216400146484e+00
2.159594058990478516e+00 2.037953376770019531e+00 2.185073137283325195e+00 2.051237106323242188e+00
2.815357446670532227e+00 2.703863620758056641e+00 2.940029621124267578e+00 2.981433391571044922e+00
2.508281707763671875e+00 2.419834136962890625e+00 2.612838983535766602e+00 2.512452125549316406e+00
3.089979648590087891e+00 2.984740972518920898e+00 2.993546962738037109e+00 2.992264986038208008e+00
2.999843597412109375e+00 2.875760316848754883e+00 3.006965160369873047e+00 2.925119638442993164e+00
2.395102024078369141e+00 2.454163789749145508e+00 2.420823335647583008e+00 2.394339084625244141e+00
2.638422012329101562e+00 2.562167406082153320e+00 2.720232963562011719e+00 2.676347494125366211e+00
2.808978080749511719e+00 2.706361770629882812e+00 2.864633560180664062e+00 2.807779073715209961e+00
2.896593093872070312e+00 2.866504907608032227e+00 3.019858121871948242e+00 2.945562362670898438e+00
2.042643785476684570e+00 2.165530920028686523e+00 2.242759227752685547e+00 2.050442457199096680e+00
2.288599491119384766e+00 2.345068454742431641e+00 2.364460468292236328e+00 2.377882480621337891e+00
2.425424337387084961e+00 2.340840578079223633e+00 2.652240753173828125e+00 2.411264896392822266e+00
2.872636318206787109e+00 2.570842504501342773e+00 2.776523113250732422e+00 2.720781803131103516e+00
3.083998203277587891e+00 3.067397832870483398e+00 3.184997797012329102e+00 3.082671642303466797e+00
2.903148174285888672e+00 2.839355230331420898e+00 2.871068477630615234e+00 2.862399816513061523e+00
2.778522491455078125e+00 2.703441381454467773e+00 2.849227666854858398e+00 2.772996425628662109e+00
3.075140714645385742e+00 3.099195241928100586e+00 3.136392831802368164e+00 3.010766744613647461e+00
3.192173004150390625e+00 3.246388196945190430e+00 3.243135213851928711e+00 3.380344867706298828e+00
3.198231935501098633e+00 3.213669538497924805e+00 3.166640281677246094e+00 3.190999507904052734e+00
2.112566232681274414e+00 2.036212444305419922e+00 2.060356616973876953e+00 2.063853263854980469e+00
3.772840499877929688e+00 3.620043516159057617e+00 3.733843088150024414e+00 3.661495923995971680e+00
2.956581830978393555e+00 2.925435781478881836e+00 2.962934017181396484e+00 3.064748525619506836e+00
3.041747570037841797e+00 2.920589923858642578e+00 2.996049165725708008e+00 3.033998966217041016e+00
3.349613428115844727e+00 3.169702291488647461e+00 3.390545845031738281e+00 3.418214797973632812e+00
2.905199527740478516e+00 2.767726182937622070e+00 2.967712640762329102e+00 2.865244150161743164e+00
2.449113845825195312e+00 2.320002079010009766e+00 2.452998399734497070e+00 2.269400596618652344e+00
2.824185609817504883e+00 2.740426063537597656e+00 2.807328701019287109e+00 2.799163818359375000e+00
3.029886484146118164e+00 2.945873737335205078e+00 3.033407688140869141e+00 3.109348773956298828e+00
2.685528516769409180e+00 2.579489707946777344e+00 2.797051191329956055e+00 2.585192441940307617e+00
2.806267261505126953e+00 2.755109548568725586e+00 2.905570268630981445e+00 2.782263040542602539e+00
3.011708259582519531e+00 2.939556598663330078e+00 2.952928543090820312e+00 2.837816953659057617e+00
2.737183809280395508e+00 2.900157928466796875e+00 3.006982564926147461e+00 2.831722974777221680e+00
2.951231241226196289e+00 2.934295415878295898e+00 2.978344917297363281e+00 2.961745262145996094e+00
3.322253942489624023e+00 3.353561878204345703e+00 3.402940273284912109e+00 3.362440109252929688e+00
2.499608993530273438e+00 2.506993293762207031e+00 2.657172918319702148e+00 2.531810522079467773e+00
2.912549734115600586e+00 2.777716159820556641e+00 2.924003362655639648e+00 2.820183515548706055e+00
2.427325487136840820e+00 2.340641021728515625e+00 2.464590549468994141e+00 2.405391454696655273e+00
3.013509035110473633e+00 2.866878271102905273e+00 3.143229007720947266e+00 2.824324846267700195e+00
2.982479095458984375e+00 2.710566043853759766e+00 2.648466587066650391e+00 2.651299238204956055e+00
2.931831121444702148e+00 2.947359561920166016e+00 2.941523313522338867e+00 2.996361255645751953e+00
2.756771802902221680e+00 2.609135866165161133e+00 2.833507061004638672e+00 2.708037853240966797e+00
3.174323797225952148e+00 3.119712114334106445e+00 3.164860725402832031e+00 3.145192861557006836e+00
2.546061754226684570e+00 2.486843824386596680e+00 2.576172351837158203e+00 2.311469793319702148e+00
2.644765615463256836e+00 2.357709407806396484e+00 2.583632707595825195e+00 2.403415203094482422e+00
2.900996685028076172e+00 2.877454042434692383e+00 2.812950372695922852e+00 2.855037450790405273e+00
3.303092718124389648e+00 3.379675388336181641e+00 3.473380804061889648e+00 3.321054220199584961e+00
2.396196603775024414e+00 2.447871923446655273e+00 2.691610574722290039e+00 2.439812183380126953e+00
3.275978088378906250e+00 3.354509353637695312e+00 3.340366125106811523e+00 3.405716419219970703e+00
2.695905923843383789e+00 2.563514709472656250e+00 2.649413585662841797e+00 2.526323318481445312e+00
2.581640005111694336e+00 2.618752717971801758e+00 2.706924915313720703e+00 2.669769763946533203e+00
3.161561965942382812e+00 3.123481035232543945e+00 3.181338787078857422e+00 3.150309801101684570e+00
2.468163013458251953e+00 2.577040433883666992e+00 2.712114334106445312e+00 2.565055131912231445e+00
2.983609676361083984e+00 2.952311754226684570e+00 2.968318462371826172e+00 2.944859743118286133e+00
2.415747642517089844e+00 2.365052461624145508e+00 2.517375230789184570e+00 2.365461826324462891e+00
4.179191112518310547e+00 4.031692504882812500e+00 4.225726604461669922e+00 4.082489013671875000e+00
2.517369031906127930e+00 2.494478464126586914e+00 2.613827228546142578e+00 2.543124437332153320e+00
2.985801219940185547e+00 2.806297779083251953e+00 3.095694780349731445e+00 3.066042900085449219e+00
2.508979797363281250e+00 2.419741868972778320e+00 2.563517570495605469e+00 2.487642049789428711e+00
2.170822381973266602e+00 2.180912256240844727e+00 2.095262050628662109e+00 2.152105093002319336e+00
2.925961732864379883e+00 2.887703180313110352e+00 3.021396160125732422e+00 2.865897893905639648e+00
2.901080608367919922e+00 2.860547304153442383e+00 2.963327646255493164e+00 2.956518888473510742e+00
2.839501619338989258e+00 2.856138706207275391e+00 2.914312839508056641e+00 2.898286581039428711e+00
3.267783880233764648e+00 3.114051103591918945e+00 3.345983266830444336e+00 3.239747285842895508e+00
2.930620431900024414e+00 2.999030351638793945e+00 3.146129608154296875e+00 3.026226758956909180e+00
3.724173307418823242e+00 3.522520542144775391e+00 3.648804426193237305e+00 3.602745771408081055e+00
3.275053977966308594e+00 3.263640880584716797e+00 3.224562168121337891e+00 3.366923809051513672e+00
2.938977479934692383e+00 2.936173200607299805e+00 3.099792242050170898e+00 2.965716838836669922e+00
2.933092355728149414e+00 2.806090354919433594e+00 2.937282323837280273e+00 2.933382749557495117e+00
3.084826707839965820e+00 3.066388130187988281e+00 3.169662237167358398e+00 3.189233064651489258e+00
2.671616792678833008e+00 2.573811054229736328e+00 2.598553419113159180e+00 2.539473772048950195e+00
2.961443662643432617e+00 2.877950906753540039e+00 3.130872249603271484e+00 2.987690925598144531e+00
2.736871719360351562e+00 2.681450128555297852e+00 2.842920064926147461e+00 2.770714521408081055e+00
2.650267839431762695e+00 2.615073680877685547e+00 2.807588815689086914e+00 2.684923648834228516e+00
3.656308174133300781e+00 3.611706018447875977e+00 3.724857807159423828e+00 3.626568555831909180e+00
2.571063518524169922e+00 2.710750102996826172e+00 2.618870735168457031e+00 2.731434345245361328e+00
2.747353553771972656e+00 2.646061420440673828e+00 2.770970821380615234e+00 2.624403476715087891e+00
3.115541458129882812e+00 3.055818557739257812e+00 3.065925836563110352e+00 3.081695079803466797e+00
3.113219738006591797e+00 3.116401672363281250e+00 3.220069646835327148e+00 3.124000787734985352e+00
2.928632497787475586e+00 2.821071147918701172e+00 2.946143388748168945e+00 2.929021835327148438e+00
2.487015962600708008e+00 2.557738780975341797e+00 2.501756906509399414e+00 2.548283576965332031e+00
2.763429403305053711e+00 2.679329633712768555e+00 2.813376903533935547e+00 2.766472816467285156e+00
3.478095054626464844e+00 3.200037717819213867e+00 3.359755277633666992e+00 3.324719190597534180e+00
2.942222118377685547e+00 2.965909957885742188e+00 3.063365221023559570e+00 3.014618635177612305e+00
2.603656768798828125e+00 2.539622306823730469e+00 2.680303573608398438e+00 2.532239437103271484e+00
2.996683835983276367e+00 2.794631719589233398e+00 2.909376382827758789e+00 2.909876108169555664e+00
2.712596416473388672e+00 2.663546562194824219e+00 2.731095075607299805e+00 2.647554159164428711e+00
3.191610097885131836e+00 3.131162166595458984e+00 3.349324941635131836e+00 3.251791000366210938e+00
2.816521644592285156e+00 2.775085210800170898e+00 2.879266500473022461e+00 2.776558399200439453e+00
3.523698329925537109e+00 3.382169485092163086e+00 3.523750543594360352e+00 3.343372106552124023e+00
2.476918220520019531e+00 2.455999851226806641e+00 2.554443836212158203e+00 2.529287815093994141e+00
2.375790119171142578e+00 2.312705278396606445e+00 2.454817533493041992e+00 2.417973041534423828e+00
2.608577489852905273e+00 2.572538614273071289e+00 2.616572618484497070e+00 2.538501739501953125e+00
3.036277532577514648e+00 3.119070291519165039e+00 3.074714660644531250e+00 2.994912385940551758e+00
2.724376916885375977e+00 2.671241521835327148e+00 2.908276081085205078e+00 2.845434427261352539e+00
2.215665817260742188e+00 2.210507869720458984e+00 2.211642265319824219e+00 2.110202312469482422e+00
2.366416692733764648e+00 2.479957342147827148e+00 2.665457248687744141e+00 2.455762863159179688e+00
2.788402318954467773e+00 2.693388700485229492e+00 2.925926685333251953e+00 2.828336238861083984e+00
2.610148906707763672e+00 2.501653671264648438e+00 2.589002370834350586e+00 2.582736492156982422e+00
3.108464241027832031e+00 2.989368915557861328e+00 3.073732614517211914e+00 3.118366479873657227e+00
3.217201232910156250e+00 3.089195489883422852e+00 3.301572322845458984e+00 3.284832954406738281e+00
2.997333526611328125e+00 2.878161668777465820e+00 2.855528354644775391e+00 2.963407754898071289e+00
2.446427345275878906e+00 2.380296230316162109e+00 2.465243816375732422e+00 2.474847078323364258e+00
2.821663379669189453e+00 2.689562082290649414e+00 2.744059085845947266e+00 2.814151763916015625e+00
3.080274820327758789e+00 3.131981611251831055e+00 3.102911710739135742e+00 3.069706201553344727e+00
3.009054899215698242e+00 2.827709913253784180e+00 2.952970981597900391e+00 2.833874702453613281e+00
3.079286336898803711e+00 3.117650747299194336e+00 3.280762434005737305e+00 3.130787134170532227e+00
2.898580312728881836e+00 2.976485729217529297e+00 3.026125192642211914e+00 2.929026842117309570e+00
3.440710067749023438e+00 3.219623327255249023e+00 3.359853982925415039e+00 3.198421239852905273e+00
3.054097414016723633e+00 2.921519756317138672e+00 2.926010131835937500e+00 3.054023504257202148e+00
3.358103990554809570e+00 3.231654882431030273e+00 3.295684576034545898e+00 3.252690553665161133e+00
2.662093639373779297e+00 2.662719726562500000e+00 2.674584627151489258e+00 2.614900827407836914e+00
2.586274385452270508e+00 2.713962078094482422e+00 2.696195363998413086e+00 2.646322011947631836e+00
2.631837606430053711e+00 2.560849666595458984e+00 2.753864049911499023e+00 2.621309518814086914e+00
3.154530048370361328e+00 3.044635295867919922e+00 3.046704530715942383e+00 3.128082752227783203e+00
2.758255004882812500e+00 3.040900707244873047e+00 2.952266693115234375e+00 2.799825668334960938e+00
2.320168972015380859e+00 2.279568672180175781e+00 2.466855525970458984e+00 2.434880495071411133e+00
2.344885587692260742e+00 2.414384841918945312e+00 2.418040275573730469e+00 2.495627164840698242e+00
2.897144556045532227e+00 3.015574693679809570e+00 3.118416070938110352e+00 3.010273456573486328e+00
2.078165531158447266e+00 1.896317839622497559e+00 2.129146337509155273e+00 2.043107986450195312e+00
2.439215898513793945e+00 2.423319339752197266e+00 2.392348527908325195e+00 2.480134010314941406e+00
2.883927106857299805e+00 2.991381883621215820e+00 3.068921804428100586e+00 3.039487600326538086e+00
2.526095867156982422e+00 2.499367713928222656e+00 2.685112953186035156e+00 2.509220361709594727e+00
3.316244602203369141e+00 3.031189680099487305e+00 3.232293605804443359e+00 3.212472915649414062e+00
3.209129810333251953e+00 3.143606662750244141e+00 3.233368158340454102e+00 3.189976692199707031e+00
3.172278642654418945e+00 3.170054674148559570e+00 3.176038265228271484e+00 3.276448488235473633e+00
2.471180915832519531e+00 2.571646690368652344e+00 2.517882823944091797e+00 2.396397113800048828e+00
2.978706121444702148e+00 2.968618869781494141e+00 3.068212747573852539e+00 3.033485651016235352e+00
3.457986831665039062e+00 3.370453119277954102e+00 3.571050405502319336e+00 3.490693330764770508e+00
2.344671964645385742e+00 2.298305273056030273e+00 2.261389493942260742e+00 2.396471500396728516e+00
3.128248453140258789e+00 3.113084793090820312e+00 3.130455255508422852e+00 2.942176818847656250e+00
2.504070758819580078e+00 2.309952974319458008e+00 2.473702430725097656e+00 2.461862087249755859e+00
2.311532497406005859e+00 2.153040170669555664e+00 2.430183649063110352e+00 2.381823539733886719e+00
2.081047296524047852e+00 1.982597231864929199e+00 2.110641956329345703e+00 2.061633825302124023e+00
3.443610191345214844e+00 3.462193012237548828e+00 3.530957698822021484e+00 3.511855602264404297e+00
2.474646091461181641e+00 2.529817819595336914e+00 2.590022325515747070e+00 2.654464244842529297e+00
2.555749893188476562e+00 2.577333927154541016e+00 2.587807893753051758e+00 2.740419149398803711e+00
2.822710752487182617e+00 2.915787935256958008e+00 2.983746051788330078e+00 2.994709014892578125e+00
2.856694698333740234e+00 2.743757724761962891e+00 2.880297422409057617e+00 2.801750421524047852e+00
2.726711273193359375e+00 2.785041332244873047e+00 2.829069137573242188e+00 2.942424058914184570e+00
3.017304658889770508e+00 2.948946237564086914e+00 3.162855863571166992e+00 3.029612779617309570e+00
2.788092374801635742e+00 2.734272480010986328e+00 2.809911489486694336e+00 2.785721063613891602e+00
1.979562044143676758e+00 2.227308511734008789e+00 2.156998395919799805e+00 2.101966381072998047e+00
2.727771043777465820e+00 2.696370840072631836e+00 2.801253557205200195e+00 2.835141658782958984e+00
2.462083578109741211e+00 2.392439842224121094e+00 2.542556285858154297e+00 2.537644624710083008e+00
3.562937974929809570e+00 3.457436323165893555e+00 3.601637840270996094e+00 3.462503433227539062e+00
3.117103815078735352e+00 3.134534597396850586e+00 3.296313047409057617e+00 3.138902187347412109e+00
3.191483736038208008e+00 3.083169698715209961e+00 3.277780532836914062e+00 3.045886993408203125e+00
3.131489276885986328e+00 3.022330045700073242e+00 3.175251722335815430e+00 3.105940580368041992e+00
2.858355760574340820e+00 2.827742099761962891e+00 2.989077568054199219e+00 2.847103118896484375e+00
3.022012472152709961e+00 2.978407382965087891e+00 2.996789693832397461e+00 2.969148159027099609e+00
2.938502550125122070e+00 2.951644420623779297e+00 2.937514781951904297e+00 3.053162097930908203e+00
2.922966241836547852e+00 2.865113735198974609e+00 2.957260847091674805e+00 3.011326074600219727e+00
3.317872524261474609e+00 3.160620927810668945e+00 3.407046794891357422e+00 3.199236869812011719e+00
3.660875320434570312e+00 3.746421575546264648e+00 3.751242160797119141e+00 3.742941379547119141e+00
2.797087907791137695e+00 2.767880439758300781e+00 2.892324209213256836e+00 2.688149690628051758e+00
3.368664503097534180e+00 3.395736694335937500e+00 3.345476388931274414e+00 3.370675086975097656e+00
2.481594324111938477e+00 2.460593700408935547e+00 2.388330698013305664e+00 2.417678833007812500e+00
2.189946413040161133e+00 2.194922924041748047e+00 2.300757646560668945e+00 2.309259414672851562e+00
2.139969110488891602e+00 2.038390874862670898e+00 2.238692522048950195e+00 2.070828914642333984e+00
2.688762664794921875e+00 2.515343666076660156e+00 2.631815195083618164e+00 2.624858617782592773e+00
2.554682970046997070e+00 2.454380512237548828e+00 2.618368625640869141e+00 2.589801549911499023e+00
3.139503002166748047e+00 3.119861841201782227e+00 3.154544830322265625e+00 3.153044700622558594e+00
2.164711475372314453e+00 2.149025440216064453e+00 2.353903532028198242e+00 2.208113670349121094e+00
2.830271959304809570e+00 2.765252590179443359e+00 2.810851097106933594e+00 2.738614320755004883e+00
3.431165695190429688e+00 3.406107187271118164e+00 3.512406349182128906e+00 3.420500993728637695e+00
2.406177043914794922e+00 2.435653686523437500e+00 2.511096239089965820e+00 2.393790483474731445e+00
2.205954551696777344e+00 2.195825338363647461e+00 2.503517627716064453e+00 2.291115045547485352e+00
3.103725910186767578e+00 3.124219894409179688e+00 3.151301383972167969e+00 3.217147827148437500e+00
2.234505176544189453e+00 2.119150161743164062e+00 2.347597599029541016e+00 2.134026288986206055e+00
3.116094589233398438e+00 2.995086908340454102e+00 3.082958698272705078e+00 3.019935607910156250e+00
2.549461841583251953e+00 2.552537918090820312e+00 2.558314800262451172e+00 2.571168422698974609e+00
2.811418056488037109e+00 2.948357343673706055e+00 2.924427509307861328e+00 2.951334476470947266e+00
2.697472095489501953e+00 2.660289525985717773e+00 2.757627010345458984e+00 2.802845716476440430e+00
2.595689058303833008e+00 2.568805694580078125e+00 2.616130828857421875e+00 2.552587509155273438e+00
2.575571775436401367e+00 2.548557758331298828e+00 2.547957897186279297e+00 2.388743638992309570e+00
3.003861188888549805e+00 2.972946405410766602e+00 3.145900011062622070e+00 2.984944105148315430e+00
3.473190307617187500e+00 3.362203598022460938e+00 3.437484025955200195e+00 3.542634487152099609e+00
3.068334817886352539e+00 2.910537719726562500e+00 3.060642719268798828e+00 3.069933652877807617e+00
2.941127061843872070e+00 2.859774827957153320e+00 2.974859714508056641e+00 2.865801572799682617e+00
2.784959316253662109e+00 2.663420200347900391e+00 2.790441751480102539e+00 2.756253480911254883e+00
3.350556612014770508e+00 3.168956041336059570e+00 3.099749565124511719e+00 3.074479103088378906e+00
2.108472824096679688e+00 2.010560512542724609e+00 2.156816244125366211e+00 2.144594430923461914e+00
2.278622388839721680e+00 2.247773885726928711e+00 2.305227279663085938e+00 2.261689901351928711e+00
2.645296812057495117e+00 2.500216245651245117e+00 2.832684993743896484e+00 2.709060192108154297e+00
2.607442140579223633e+00 2.576737880706787109e+00 2.752958774566650391e+00 2.608045101165771484e+00
2.914355516433715820e+00 2.822133779525756836e+00 3.071083545684814453e+00 2.967368364334106445e+00
2.411089420318603516e+00 2.146824121475219727e+00 2.344555616378784180e+00 2.316168546676635742e+00
2.772074222564697266e+00 2.596549749374389648e+00 2.715230941772460938e+00 2.634041547775268555e+00
2.376600027084350586e+00 2.426349401473999023e+00 2.423804998397827148e+00 2.203420639038085938e+00
3.733510255813598633e+00 3.673230171203613281e+00 3.697607755661010742e+00 3.826976060867309570e+00
3.223302841186523438e+00 2.974260091781616211e+00 3.292504549026489258e+00 3.124656438827514648e+00
3.407785177230834961e+00 3.448590040206909180e+00 3.377574920654296875e+00 3.412817239761352539e+00
3.675962686538696289e+00 3.419423580169677734e+00 3.559045076370239258e+00 3.484565973281860352e+00
2.211800813674926758e+00 2.110183954238891602e+00 2.171768426895141602e+00 2.155022621154785156e+00
2.520680665969848633e+00 2.488718032836914062e+00 2.468336582183837891e+00 2.493688344955444336e+00
2.801236152648925781e+00 2.914847850799560547e+00 2.855912208557128906e+00 2.893391609191894531e+00
2.693489789962768555e+00 2.617084026336669922e+00 2.871482372283935547e+00 2.533980846405029297e+00
2.679781436920166016e+00 2.623882770538330078e+00 2.799783229827880859e+00 2.568725585937500000e+00
3.179716587066650391e+00 3.156352043151855469e+00 3.368783473968505859e+00 3.202441930770874023e+00
2.577994346618652344e+00 2.493681907653808594e+00 2.720585584640502930e+00 2.678914308547973633e+00
2.923276901245117188e+00 2.803260087966918945e+00 2.956590890884399414e+00 2.817798376083374023e+00
2.687981367111206055e+00 2.506139516830444336e+00 2.621806859970092773e+00 2.607117652893066406e+00
3.243012905120849609e+00 3.138741493225097656e+00 3.188680410385131836e+00 3.175249814987182617e+00
2.568650245666503906e+00 2.415345191955566406e+00 2.679656505584716797e+00 2.615062952041625977e+00
2.870209217071533203e+00 2.943369388580322266e+00 2.874601364135742188e+00 2.858460903167724609e+00
2.663983583450317383e+00 2.620987892150878906e+00 2.831454277038574219e+00 2.639953374862670898e+00
3.196592330932617188e+00 3.080465316772460938e+00 3.273490190505981445e+00 3.248920202255249023e+00
3.417064428329467773e+00 3.338119983673095703e+00 3.485576391220092773e+00 3.422562360763549805e+00
2.779923915863037109e+00 2.616304636001586914e+00 2.858045816421508789e+00 2.668936252593994141e+00
3.154625654220581055e+00 3.038294315338134766e+00 3.227890968322753906e+00 3.039066791534423828e+00
3.307195425033569336e+00 3.142117738723754883e+00 3.190728187561035156e+00 3.062911510467529297e+00
3.988987684249877930e+00 3.900783061981201172e+00 4.019752502441406250e+00 3.961384296417236328e+00
3.055932283401489258e+00 3.163654804229736328e+00 3.219295978546142578e+00 3.110087633132934570e+00
2.368694305419921875e+00 2.360290288925170898e+00 2.469877243041992188e+00 2.332948207855224609e+00
2.593129158020019531e+00 2.576754093170166016e+00 2.574614286422729492e+00 2.691848278045654297e+00
2.524602174758911133e+00 2.466947078704833984e+00 2.685733795166015625e+00 2.496074199676513672e+00
2.420806169509887695e+00 2.396079778671264648e+00 2.669242143630981445e+00 2.553531169891357422e+00
3.276642084121704102e+00 3.261983633041381836e+00 3.268521070480346680e+00 3.193772554397583008e+00
3.118694067001342773e+00 3.158876657485961914e+00 3.240122079849243164e+00 3.200959444046020508e+00
2.265890359878540039e+00 2.347775697708129883e+00 2.370559215545654297e+00 2.317829608917236328e+00
3.262864112854003906e+00 3.254729509353637695e+00 3.310809612274169922e+00 3.103628158569335938e+00
2.578772068023681641e+00 2.514414787292480469e+00 2.701698541641235352e+00 2.499590873718261719e+00
2.404933691024780273e+00 2.405345916748046875e+00 2.432421684265136719e+00 2.426553726196289062e+00
2.924246788024902344e+00 2.852340459823608398e+00 2.947379827499389648e+00 2.979672193527221680e+00
3.050370454788208008e+00 2.848093032836914062e+00 3.020868778228759766e+00 2.914285421371459961e+00
3.596546649932861328e+00 3.557785987854003906e+00 3.650757074356079102e+00 3.635079622268676758e+00
2.359276056289672852e+00 2.288854122161865234e+00 2.392505645751953125e+00 2.351966381072998047e+00
3.093498229980468750e+00 3.015319347381591797e+00 3.060920000076293945e+00 3.080239534378051758e+00
2.442198038101196289e+00 2.342392921447753906e+00 2.567771911621093750e+00 2.533811330795288086e+00
2.895096540451049805e+00 2.875582695007324219e+00 2.881250143051147461e+00 3.022187471389770508e+00
2.882903814315795898e+00 2.758325099945068359e+00 2.862744331359863281e+00 2.784015655517578125e+00
2.690814018249511719e+00 2.720254182815551758e+00 2.849646329879760742e+00 2.794739723205566406e+00
2.722231388092041016e+00 2.705133676528930664e+00 2.855139732360839844e+00 2.607364177703857422e+00
2.994683027267456055e+00 2.959842681884765625e+00 3.080208063125610352e+00 3.132956266403198242e+00
2.932811975479125977e+00 2.873831033706665039e+00 3.017569065093994141e+00 2.711516380310058594e+00
3.252058267593383789e+00 3.161651611328125000e+00 3.191424369812011719e+00 3.212367057800292969e+00
3.304301261901855469e+00 3.125882625579833984e+00 3.297325372695922852e+00 3.130673170089721680e+00
3.618389606475830078e+00 3.493567943572998047e+00 3.633849382400512695e+00 3.559689998626708984e+00
2.411675214767456055e+00 2.319896221160888672e+00 2.411164760589599609e+00 2.201931476593017578e+00
2.658632516860961914e+00 2.830743789672851562e+00 2.844915866851806641e+00 2.925189256668090820e+00
3.235487699508666992e+00 3.105386257171630859e+00 3.019179821014404297e+00 3.049438238143920898e+00
2.675160169601440430e+00 2.497170448303222656e+00 2.695161104202270508e+00 2.604394674301147461e+00
3.943152189254760742e+00 3.797640323638916016e+00 3.973983287811279297e+00 3.830097198486328125e+00
2.690241336822509766e+00 2.598740816116333008e+00 2.640189170837402344e+00 2.592525482177734375e+00
2.819562435150146484e+00 2.837438344955444336e+00 2.917570352554321289e+00 2.951401472091674805e+00
3.356107950210571289e+00 3.288693189620971680e+00 3.355994701385498047e+00 3.350466489791870117e+00
2.811197280883789062e+00 2.850062370300292969e+00 2.763896226882934570e+00 2.765404701232910156e+00
2.759366512298583984e+00 2.727312088012695312e+00 2.963016986846923828e+00 2.792768239974975586e+00
3.175947666168212891e+00 3.042820692062377930e+00 3.258714914321899414e+00 2.994911193847656250e+00
2.612889528274536133e+00 2.580241918563842773e+00 2.715986967086791992e+00 2.632572412490844727e+00
3.159939527511596680e+00 3.097553730010986328e+00 3.030105113983154297e+00 3.018481492996215820e+00
2.823867797851562500e+00 2.789757728576660156e+00 2.872612953186035156e+00 2.806564331054687500e+00
2.769029617309570312e+00 2.574180364608764648e+00 2.741115331649780273e+00 2.764102220535278320e+00
3.289588451385498047e+00 3.126407146453857422e+00 3.308181285858154297e+00 3.244433879852294922e+00
3.268562555313110352e+00 3.163464546203613281e+00 3.157433032989501953e+00 3.062322139739990234e+00
2.470391273498535156e+00 2.209540605545043945e+00 2.471515893936157227e+00 2.454711914062500000e+00
3.446902275085449219e+00 3.243121862411499023e+00 3.407305002212524414e+00 3.339515924453735352e+00
2.969712972640991211e+00 2.829208374023437500e+00 2.943298101425170898e+00 2.837814331054687500e+00
3.159228563308715820e+00 2.983990669250488281e+00 3.186824083328247070e+00 3.074412584304809570e+00
2.705065011978149414e+00 2.624248266220092773e+00 2.520902156829833984e+00 2.572164535522460938e+00
2.961359739303588867e+00 2.905517816543579102e+00 3.047847270965576172e+00 2.836179971694946289e+00
2.439043045043945312e+00 2.287969589233398438e+00 2.349114179611206055e+00 2.299685239791870117e+00
2.845567703247070312e+00 2.774046659469604492e+00 2.918826818466186523e+00 2.818162918090820312e+00
2.925515651702880859e+00 3.139025211334228516e+00 3.056610822677612305e+00 3.137289762496948242e+00
2.575510978698730469e+00 2.612217426300048828e+00 2.716048955917358398e+00 2.559562444686889648e+00
2.515854835510253906e+00 2.545689105987548828e+00 2.564626216888427734e+00 2.620740652084350586e+00
2.605452299118041992e+00 2.529648780822753906e+00 2.624568700790405273e+00 2.670119762420654297e+00
2.361004352569580078e+00 2.319340467453002930e+00 2.514014482498168945e+00 2.421144008636474609e+00
3.760567188262939453e+00 3.609505653381347656e+00 3.660581827163696289e+00 3.770431280136108398e+00
2.795691490173339844e+00 2.816726922988891602e+00 2.785661935806274414e+00 2.761436462402343750e+00
3.002456188201904297e+00 3.066478967666625977e+00 3.111619710922241211e+00 3.198582172393798828e+00
2.262376785278320312e+00 2.237085580825805664e+00 2.390734195709228516e+00 2.319773912429809570e+00
3.562447309494018555e+00 3.400354146957397461e+00 3.567722797393798828e+00 3.626594305038452148e+00
2.804681777954101562e+00 2.831611156463623047e+00 3.029526472091674805e+00 2.899585962295532227e+00
3.116589546203613281e+00 3.141054153442382812e+00 3.224242448806762695e+00 3.347078561782836914e+00
3.696975469589233398e+00 3.608288049697875977e+00 3.602689504623413086e+00 3.563837289810180664e+00
2.597307682037353516e+00 2.415816783905029297e+00 2.584110021591186523e+00 2.566103219985961914e+00
3.074162960052490234e+00 3.110927343368530273e+00 3.217152595520019531e+00 3.146010637283325195e+00
3.018696546554565430e+00 2.930599451065063477e+00 3.015994071960449219e+00 3.016580581665039062e+00
3.354643106460571289e+00 3.163189649581909180e+00 3.249935865402221680e+00 3.194837808609008789e+00
3.137228012084960938e+00 2.978056192398071289e+00 3.209697484970092773e+00 3.191310167312622070e+00
2.597647666931152344e+00 2.649591684341430664e+00 2.698035001754760742e+00 2.648349046707153320e+00
2.457983732223510742e+00 2.501357316970825195e+00 2.480615854263305664e+00 2.350724935531616211e+00
2.845123291015625000e+00 2.707655191421508789e+00 2.816003799438476562e+00 2.701824665069580078e+00
2.611215591430664062e+00 2.643592357635498047e+00 2.809015035629272461e+00 2.799292325973510742e+00
3.076869010925292969e+00 3.173126697540283203e+00 3.235376834869384766e+00 3.146815538406372070e+00
2.828997135162353516e+00 2.838907957077026367e+00 2.973434448242187500e+00 2.913045883178710938e+00
2.763017892837524414e+00 2.668493986129760742e+00 2.638685226440429688e+00 2.672154664993286133e+00
3.133806943893432617e+00 3.108595371246337891e+00 3.273473262786865234e+00 3.213432073593139648e+00
2.726591825485229492e+00 2.592273473739624023e+00 2.742261886596679688e+00 2.797080039978027344e+00
2.377024412155151367e+00 2.461057901382446289e+00 2.652818441390991211e+00 2.494834899902343750e+00
2.777803897857666016e+00 2.822463274002075195e+00 3.039481639862060547e+00 2.917530298233032227e+00
2.698430061340332031e+00 2.650176048278808594e+00 2.746202468872070312e+00 2.716141462326049805e+00
3.246619701385498047e+00 3.291380882263183594e+00 3.146538019180297852e+00 3.065751314163208008e+00
2.784065008163452148e+00 2.683846712112426758e+00 2.917060375213623047e+00 2.828984975814819336e+00
3.303252220153808594e+00 3.108403682708740234e+00 3.180521249771118164e+00 3.119199752807617188e+00
3.107484102249145508e+00 3.022654533386230469e+00 3.178614616394042969e+00 3.015013694763183594e+00
3.062622070312500000e+00 2.991837739944458008e+00 3.124460935592651367e+00 3.036334991455078125e+00
2.770585060119628906e+00 2.729434013366699219e+00 2.830198526382446289e+00 2.687204360961914062e+00
2.676920652389526367e+00 2.501876354217529297e+00 2.632296085357666016e+00 2.612002134323120117e+00
2.425384521484375000e+00 2.362189292907714844e+00 2.475069522857666016e+00 2.354821920394897461e+00
2.942149162292480469e+00 2.810228824615478516e+00 2.911356925964355469e+00 2.871540069580078125e+00
3.329607248306274414e+00 3.210835695266723633e+00 3.352934598922729492e+00 3.226817846298217773e+00
3.165060520172119141e+00 3.084116220474243164e+00 3.230295658111572266e+00 3.063724756240844727e+00
2.893892049789428711e+00 2.823451995849609375e+00 2.906322956085205078e+00 2.849013090133666992e+00
3.140215873718261719e+00 3.194016933441162109e+00 3.209131717681884766e+00 3.230034589767456055e+00
2.838315725326538086e+00 2.859204292297363281e+00 2.781249284744262695e+00 2.835909605026245117e+00
2.405569076538085938e+00 2.484173536300659180e+00 2.459761857986450195e+00 2.452903747558593750e+00
2.763090133666992188e+00 2.754879713058471680e+00 2.860428571701049805e+00 2.787067413330078125e+00
3.391377687454223633e+00 3.380689620971679688e+00 3.496149301528930664e+00 3.513616800308227539e+00
2.728511333465576172e+00 2.566421747207641602e+00 2.824702978134155273e+00 2.594482898712158203e+00
2.501531839370727539e+00 2.497175931930541992e+00 2.579339981079101562e+00 2.423920392990112305e+00
2.826918363571166992e+00 2.684763908386230469e+00 2.866127490997314453e+00 2.703237533569335938e+00
3.298655271530151367e+00 3.232916116714477539e+00 3.416232585906982422e+00 3.253430604934692383e+00
2.599500656127929688e+00 2.646777868270874023e+00 2.779943227767944336e+00 2.612661123275756836e+00
2.596882343292236328e+00 2.552726268768310547e+00 2.655372858047485352e+00 2.657856941223144531e+00
3.270300388336181641e+00 3.166121959686279297e+00 3.369636774063110352e+00 3.158638715744018555e+00
3.007702589035034180e+00 2.938783645629882812e+00 2.990348577499389648e+00 3.038074970245361328e+00
4.065827846527099609e+00 4.085873603820800781e+00 4.064768791198730469e+00 3.960696935653686523e+00
2.718630075454711914e+00 2.740442752838134766e+00 2.929526567459106445e+00 2.823235034942626953e+00
3.272654056549072266e+00 3.182714700698852539e+00 3.267597675323486328e+00 3.142516613006591797e+00
3.240595340728759766e+00 3.144994258880615234e+00 3.240610599517822266e+00 3.176078796386718750e+00
2.534548997879028320e+00 2.506937026977539062e+00 2.693759679794311523e+00 2.561698436737060547e+00
3.638787031173706055e+00 3.471747398376464844e+00 3.508682727813720703e+00 3.429110765457153320e+00
3.129130363464355469e+00 3.114791393280029297e+00 3.103538990020751953e+00 3.184610605239868164e+00
2.716348171234130859e+00 2.649943351745605469e+00 2.730566978454589844e+00 2.764984846115112305e+00
2.701157808303833008e+00 2.689501523971557617e+00 2.788426876068115234e+00 2.626232862472534180e+00
2.148351192474365234e+00 2.118252038955688477e+00 2.140269994735717773e+00 2.170795679092407227e+00
2.721030712127685547e+00 2.743001222610473633e+00 2.723850488662719727e+00 2.694982528686523438e+00
3.071825265884399414e+00 3.123917579650878906e+00 3.245207548141479492e+00 3.085188627243041992e+00
2.913637638092041016e+00 3.005398988723754883e+00 3.048189878463745117e+00 3.119586229324340820e+00
3.191918611526489258e+00 3.204470634460449219e+00 3.467436552047729492e+00 3.269785404205322266e+00
3.326375961303710938e+00 3.298131227493286133e+00 3.377038478851318359e+00 3.265726327896118164e+00
2.509735107421875000e+00 2.376390457153320312e+00 2.765004634857177734e+00 2.538442850112915039e+00
2.838861465454101562e+00 2.793920993804931641e+00 2.937006235122680664e+00 2.818663597106933594e+00
3.929647922515869141e+00 4.069015979766845703e+00 4.281572818756103516e+00 4.182507514953613281e+00
3.228117942810058594e+00 3.327138900756835938e+00 3.423300027847290039e+00 3.324496030807495117e+00
3.156399488449096680e+00 3.030071973800659180e+00 3.088268756866455078e+00 3.208067655563354492e+00
2.731232404708862305e+00 2.677455902099609375e+00 2.773384571075439453e+00 2.743001222610473633e+00
3.285826683044433594e+00 3.146922588348388672e+00 3.246648788452148438e+00 3.310111045837402344e+00
2.739801645278930664e+00 2.714590549468994141e+00 2.982075691223144531e+00 2.896291255950927734e+00
2.947897911071777344e+00 3.208012819290161133e+00 3.183669328689575195e+00 3.174954652786254883e+00
2.796285152435302734e+00 2.772174596786499023e+00 2.678511381149291992e+00 2.717913389205932617e+00
3.411566734313964844e+00 3.407461166381835938e+00 3.466587305068969727e+00 3.422980785369873047e+00
2.510287284851074219e+00 2.490909337997436523e+00 2.632299184799194336e+00 2.664967060089111328e+00
2.745657920837402344e+00 2.616855144500732422e+00 2.694528102874755859e+00 2.504156589508056641e+00
2.843380928039550781e+00 2.963946342468261719e+00 2.858370542526245117e+00 2.886553764343261719e+00
2.782164096832275391e+00 2.751333951950073242e+00 2.705889463424682617e+00 2.670265913009643555e+00
3.454104423522949219e+00 3.318747997283935547e+00 3.565450191497802734e+00 3.506545305252075195e+00
2.193323373794555664e+00 2.231842756271362305e+00 2.359257936477661133e+00 2.120349645614624023e+00
2.798986911773681641e+00 2.688831567764282227e+00 2.815291166305541992e+00 2.693124055862426758e+00
2.589002609252929688e+00 2.547245502471923828e+00 2.643623113632202148e+00 2.588722705841064453e+00
2.882745027542114258e+00 2.962168455123901367e+00 2.994734287261962891e+00 3.003692388534545898e+00
3.535858631134033203e+00 3.389007806777954102e+00 3.437610626220703125e+00 3.417844295501708984e+00
3.278035402297973633e+00 3.326165199279785156e+00 3.362881422042846680e+00 3.361028194427490234e+00
3.476460456848144531e+00 3.224411725997924805e+00 3.369065999984741211e+00 3.352839469909667969e+00
2.482383012771606445e+00 2.420816659927368164e+00 2.522396802902221680e+00 2.410830974578857422e+00
3.099582910537719727e+00 3.124513149261474609e+00 3.061285972595214844e+00 2.946092128753662109e+00
3.213433265686035156e+00 3.166030645370483398e+00 3.225179195404052734e+00 3.185559988021850586e+00
2.640933752059936523e+00 2.463487148284912109e+00 2.590463876724243164e+00 2.505286931991577148e+00
2.674633026123046875e+00 2.567093849182128906e+00 2.848687887191772461e+00 2.723037958145141602e+00
2.720273256301879883e+00 2.837626457214355469e+00 2.904768228530883789e+00 2.778857231140136719e+00
2.799149036407470703e+00 2.712666988372802734e+00 2.905513048171997070e+00 2.701537609100341797e+00
3.041418552398681641e+00 3.059439182281494141e+00 3.161740064620971680e+00 3.121778249740600586e+00
2.979787111282348633e+00 2.902318716049194336e+00 2.988987445831298828e+00 2.896344184875488281e+00
3.186230421066284180e+00 3.198694467544555664e+00 3.320835113525390625e+00 3.241134405136108398e+00
3.112650156021118164e+00 3.046060562133789062e+00 3.063178777694702148e+00 3.133968114852905273e+00
3.469515800476074219e+00 3.318161725997924805e+00 3.474817514419555664e+00 3.384380578994750977e+00
3.256152391433715820e+00 3.183049440383911133e+00 3.244601726531982422e+00 3.309268236160278320e+00
2.599992990493774414e+00 2.456382036209106445e+00 2.661739826202392578e+00 2.513248443603515625e+00
2.687184095382690430e+00 2.520090341567993164e+00 2.584435224533081055e+00 2.432311534881591797e+00
2.324475049972534180e+00 2.367263078689575195e+00 2.340754032135009766e+00 2.331624031066894531e+00
3.019661903381347656e+00 2.968037366867065430e+00 3.133704662322998047e+00 3.168043851852416992e+00
3.341801166534423828e+00 3.223088741302490234e+00 3.344600200653076172e+00 3.317167997360229492e+00
3.132144212722778320e+00 3.081290245056152344e+00 3.203577756881713867e+00 3.197426795959472656e+00
2.314414739608764648e+00 2.271702289581298828e+00 2.473451614379882812e+00 2.376582622528076172e+00
3.695690870285034180e+00 3.695876359939575195e+00 3.875674962997436523e+00 3.666200637817382812e+00
2.853391647338867188e+00 2.727773189544677734e+00 2.841154575347900391e+00 2.834384918212890625e+00
2.217283487319946289e+00 2.273721218109130859e+00 2.340886831283569336e+00 2.257930755615234375e+00
2.991306543350219727e+00 2.831401348114013672e+00 3.054231166839599609e+00 2.982743024826049805e+00
2.552618980407714844e+00 2.438984394073486328e+00 2.552436113357543945e+00 2.498342037200927734e+00
3.128064632415771484e+00 3.072004795074462891e+00 3.186554193496704102e+00 3.055925846099853516e+00
3.316108703613281250e+00 3.070076942443847656e+00 3.292705535888671875e+00 3.115658760070800781e+00
2.646948575973510742e+00 2.756722927093505859e+00 2.894934415817260742e+00 2.808829784393310547e+00
3.398588895797729492e+00 3.494744777679443359e+00 3.617059469223022461e+00 3.551972627639770508e+00
2.822909355163574219e+00 2.829533576965332031e+00 2.892268896102905273e+00 2.755651950836181641e+00
2.998463869094848633e+00 2.950373172760009766e+00 3.020409584045410156e+00 2.916308164596557617e+00
2.540721178054809570e+00 2.632800579071044922e+00 2.656609535217285156e+00 2.689072847366333008e+00
