2.919261693954467773e+00 2.830090999603271484e+00 2.964582443237304688e+00 2.757035732269287109e+00
3.871658563613891602e+00 3.852783203125000000e+00 3.831420421600341797e+00 3.706026792526245117e+00
3.041701078414916992e+00 2.963223218917846680e+00 3.186525106430053711e+00 2.938296318054199219e+00
2.905134439468383789e+00 2.799722433090209961e+00 3.001690149307250977e+00 2.928749799728393555e+00
3.049859762191772461e+00 3.018805980682373047e+00 3.147482633590698242e+00 3.095430135726928711e+00
2.867362022399902344e+00 2.915774106979370117e+00 3.009380817413330078e+00 2.725300788879394531e+00
2.421323299407958984e+00 2.527135610580444336e+00 2.687432289123535156e+00 2.464762210845947266e+00
2.404373168945312500e+00 2.550793886184692383e+00 2.706880807876586914e+00 2.362343549728393555e+00
3.240207910537719727e+00 3.283208847045898438e+00 3.353324174880981445e+00 3.152965545654296875e+00
3.544830322265625000e+00 3.541593790054321289e+00 3.602772712707519531e+00 3.540882349014282227e+00
2.622538805007934570e+00 2.716110229492187500e+00 2.713244676589965820e+00 2.463759183883666992e+00
2.542313098907470703e+00 2.564828872680664062e+00 2.736893177032470703e+00 2.571746587753295898e+00
2.277616500854492188e+00 2.118755817413330078e+00 2.379090785980224609e+00 2.223376989364624023e+00
3.200845241546630859e+00 3.241581439971923828e+00 3.398852586746215820e+00 3.113777399063110352e+00
3.678498029708862305e+00 3.639753580093383789e+00 3.937194347381591797e+00 3.774286031723022461e+00
2.676837205886840820e+00 2.680282831192016602e+00 2.911537170410156250e+00 2.642402648925781250e+00
3.074657678604125977e+00 3.085873126983642578e+00 3.166037797927856445e+00 3.071783304214477539e+00
3.340376853942871094e+00 3.323592185974121094e+00 3.300071954727172852e+00 3.119920969009399414e+00
3.047797918319702148e+00 2.909321308135986328e+00 2.939295768737792969e+00 2.802163600921630859e+00
2.655475854873657227e+00 2.811993360519409180e+00 2.790681600570678711e+00 2.669987201690673828e+00
2.737192153930664062e+00 2.803014278411865234e+00 2.984642267227172852e+00 2.849306344985961914e+00
3.230886220932006836e+00 3.209838628768920898e+00 3.391813755035400391e+00 3.261122465133666992e+00
2.495550870895385742e+00 2.344204425811767578e+00 2.480405092239379883e+00 2.400442123413085938e+00
3.067104816436767578e+00 2.884955167770385742e+00 3.206216573715209961e+00 2.950582742691040039e+00
2.568323373794555664e+00 2.766101360321044922e+00 2.754170179367065430e+00 2.613546609878540039e+00
2.754223346710205078e+00 2.639185667037963867e+00 2.820944309234619141e+00 2.697491168975830078e+00
2.952429533004760742e+00 2.918056249618530273e+00 3.113382816314697266e+00 2.994688034057617188e+00
2.741838216781616211e+00 2.848193407058715820e+00 2.884009838104248047e+00 2.730236291885375977e+00
3.060792446136474609e+00 3.124194622039794922e+00 3.269023656845092773e+00 3.049726963043212891e+00
2.151958703994750977e+00 2.401673555374145508e+00 2.561474561691284180e+00 2.312313318252563477e+00
2.857575893402099609e+00 2.773384332656860352e+00 3.104846954345703125e+00 2.986422061920166016e+00
2.870348453521728516e+00 2.717063903808593750e+00 2.833785295486450195e+00 2.697154521942138672e+00
3.020555734634399414e+00 3.062652587890625000e+00 3.165416717529296875e+00 3.038413047790527344e+00
2.687578916549682617e+00 2.529514551162719727e+00 2.694957256317138672e+00 2.486345767974853516e+00
2.458753347396850586e+00 2.389256954193115234e+00 2.483887672424316406e+00 2.373175144195556641e+00
3.254552602767944336e+00 3.244841575622558594e+00 3.434246540069580078e+00 3.179070234298706055e+00
2.937344551086425781e+00 2.874471187591552734e+00 3.129554271697998047e+00 2.980183601379394531e+00
2.560717821121215820e+00 2.744290351867675781e+00 2.863882303237915039e+00 2.644375324249267578e+00
2.598795413970947266e+00 2.606080770492553711e+00 2.748952627182006836e+00 2.560474395751953125e+00
3.002111673355102539e+00 2.999301433563232422e+00 3.250964641571044922e+00 2.940249681472778320e+00
2.980002880096435547e+00 2.993460178375244141e+00 3.101644039154052734e+00 2.945209741592407227e+00
3.093504667282104492e+00 3.047757625579833984e+00 3.210626602172851562e+00 3.131963491439819336e+00
3.326007127761840820e+00 3.250621318817138672e+00 3.441919803619384766e+00 3.305398941040039062e+00
2.958476305007934570e+00 2.898990869522094727e+00 3.081320285797119141e+00 2.887145996093750000e+00
3.377532005310058594e+00 3.429077863693237305e+00 3.374921798706054688e+00 3.155005455017089844e+00
2.630848646163940430e+00 2.536080121994018555e+00 2.730489253997802734e+00 2.437326192855834961e+00
2.760964870452880859e+00 2.915619611740112305e+00 3.076017618179321289e+00 2.914829969406127930e+00
2.568637132644653320e+00 2.621900558471679688e+00 2.671024799346923828e+00 2.479500770568847656e+00
2.439105749130249023e+00 2.368908166885375977e+00 2.500029802322387695e+00 2.197899341583251953e+00
2.833339929580688477e+00 2.762730360031127930e+00 2.897474288940429688e+00 2.746837615966796875e+00
2.074310302734375000e+00 2.168055772781372070e+00 2.205935239791870117e+00 2.077240705490112305e+00
3.497826337814331055e+00 3.368813276290893555e+00 3.492645263671875000e+00 3.405852079391479492e+00
2.792039871215820312e+00 2.773642063140869141e+00 3.069004058837890625e+00 2.826886892318725586e+00
3.383570194244384766e+00 3.450524091720581055e+00 3.433262109756469727e+00 3.348222017288208008e+00
2.899377107620239258e+00 2.862226486206054688e+00 2.857010602951049805e+00 2.746466875076293945e+00
2.417697906494140625e+00 2.498246431350708008e+00 2.658407688140869141e+00 2.408555507659912109e+00
2.540110349655151367e+00 2.554040431976318359e+00 2.578678369522094727e+00 2.481918334960937500e+00
2.808978319168090820e+00 2.769000530242919922e+00 2.938623189926147461e+00 2.649842977523803711e+00
2.790254831314086914e+00 2.732519388198852539e+00 2.938589096069335938e+00 2.655859470367431641e+00
3.475793600082397461e+00 3.537135839462280273e+00 3.699305534362792969e+00 3.461318016052246094e+00
2.995605468750000000e+00 2.945723056793212891e+00 3.083969354629516602e+00 3.044503688812255859e+00
3.500536680221557617e+00 3.440706729888916016e+00 3.531262159347534180e+00 3.323770523071289062e+00
2.500806570053100586e+00 2.486502647399902344e+00 2.560750961303710938e+00 2.424848079681396484e+00
3.006414175033569336e+00 2.930560588836669922e+00 3.128343343734741211e+00 2.893861770629882812e+00
3.259135723114013672e+00 3.111773014068603516e+00 3.283980369567871094e+00 3.168364524841308594e+00
2.278121709823608398e+00 2.431715250015258789e+00 2.467065811157226562e+00 2.223979234695434570e+00
3.738464355468750000e+00 3.955422878265380859e+00 3.894763708114624023e+00 3.636286258697509766e+00
2.828813791275024414e+00 2.898823976516723633e+00 3.055937051773071289e+00 2.715620756149291992e+00
3.612121105194091797e+00 3.612649917602539062e+00 3.716223001480102539e+00 3.720341920852661133e+00
2.569876432418823242e+00 2.430688858032226562e+00 2.852947473526000977e+00 2.736448049545288086e+00
3.369587898254394531e+00 3.340260982513427734e+00 3.484938383102416992e+00 3.376911401748657227e+00
1.917708635330200195e+00 1.981101274490356445e+00 1.948057055473327637e+00 1.768911957740783691e+00
3.182170867919921875e+00 3.178097009658813477e+00 3.248121500015258789e+00 2.978511333465576172e+00
2.348706722259521484e+00 2.387455701828002930e+00 2.480205535888671875e+00 2.227394342422485352e+00
2.779379129409790039e+00 2.867832660675048828e+00 2.805757761001586914e+00 2.672807931900024414e+00
3.007764339447021484e+00 3.110758304595947266e+00 3.136789560317993164e+00 3.005880117416381836e+00
2.929834604263305664e+00 2.925097942352294922e+00 3.055791854858398438e+00 2.717494964599609375e+00
2.674119710922241211e+00 2.601898670196533203e+00 2.939669609069824219e+00 2.710423946380615234e+00
2.817512035369873047e+00 2.792461395263671875e+00 2.919596433639526367e+00 2.683624029159545898e+00
2.711179256439208984e+00 2.941779375076293945e+00 2.980501413345336914e+00 2.744192123413085938e+00
3.452219486236572266e+00 3.363083362579345703e+00 3.563119411468505859e+00 3.402032375335693359e+00
2.283267259597778320e+00 2.319244861602783203e+00 2.371490240097045898e+00 2.264273405075073242e+00
2.631037235260009766e+00 2.563419580459594727e+00 2.722194910049438477e+00 2.561627864837646484e+00
2.959574699401855469e+00 3.021113872528076172e+00 3.196154117584228516e+00 2.984158515930175781e+00
2.495090723037719727e+00 2.496163368225097656e+00 2.663474321365356445e+00 2.447427034378051758e+00
3.372603654861450195e+00 3.335008144378662109e+00 3.445059061050415039e+00 3.294044494628906250e+00
2.698269128799438477e+00 2.744498729705810547e+00 2.781634569168090820e+00 2.651260614395141602e+00
2.682975769042968750e+00 2.502849102020263672e+00 2.572509765625000000e+00 2.651568889617919922e+00
1.963928461074829102e+00 2.095064401626586914e+00 2.117200851440429688e+00 1.847634673118591309e+00
3.406624317169189453e+00 3.409216880798339844e+00 3.446546554565429688e+00 3.215333700180053711e+00
2.930233478546142578e+00 2.901281833648681641e+00 3.021582603454589844e+00 2.845682382583618164e+00
2.255465030670166016e+00 2.225351333618164062e+00 2.440443992614746094e+00 2.332722187042236328e+00
2.148746013641357422e+00 2.163328886032104492e+00 2.283028841018676758e+00 2.070317983627319336e+00
2.813450574874877930e+00 2.836252450942993164e+00 2.919849157333374023e+00 2.935233592987060547e+00
3.600175619125366211e+00 3.588438749313354492e+00 3.707681894302368164e+00 3.584392786026000977e+00
2.884736299514770508e+00 2.902806520462036133e+00 2.991550683975219727e+00 2.766308069229125977e+00
3.364935398101806641e+00 3.348517656326293945e+00 3.510866165161132812e+00 3.330142498016357422e+00
2.631342172622680664e+00 2.506391286849975586e+00 2.675805568695068359e+00 2.527733325958251953e+00
2.596313476562500000e+00 2.483771800994873047e+00 2.583942174911499023e+00 2.428884506225585938e+00
3.003188610076904297e+00 2.766704082489013672e+00 3.106662273406982422e+00 2.970501184463500977e+00
3.244320869445800781e+00 3.387669324874877930e+00 3.518708467483520508e+00 3.116624355316162109e+00
3.189353942871093750e+00 3.190356731414794922e+00 3.255505800247192383e+00 3.058892488479614258e+00
3.056801080703735352e+00 3.068319082260131836e+00 3.169943094253540039e+00 3.022446393966674805e+00
2.555256843566894531e+00 2.584591150283813477e+00 2.809941530227661133e+00 2.574112892150878906e+00
2.857810258865356445e+00 3.172431945800781250e+00 3.172624111175537109e+00 2.961653470993041992e+00
2.845467090606689453e+00 2.959366083145141602e+00 3.054252862930297852e+00 2.792712926864624023e+00
2.566924333572387695e+00 2.708267688751220703e+00 2.820001840591430664e+00 2.595204353332519531e+00
3.503076076507568359e+00 3.474785804748535156e+00 3.590345144271850586e+00 3.340710401535034180e+00
2.190167427062988281e+00 2.273216724395751953e+00 2.160418987274169922e+00 2.112193822860717773e+00
2.611953496932983398e+00 2.435753822326660156e+00 2.729256868362426758e+00 2.549455404281616211e+00
2.775043010711669922e+00 2.937466144561767578e+00 3.070201396942138672e+00 2.929271936416625977e+00
2.418926239013671875e+00 2.442537069320678711e+00 2.607125997543334961e+00 2.483793973922729492e+00
2.171227216720581055e+00 2.050828456878662109e+00 2.287980079650878906e+00 2.084205150604248047e+00
2.785965442657470703e+00 2.731164693832397461e+00 3.033250570297241211e+00 2.763908863067626953e+00
2.459746599197387695e+00 2.443465709686279297e+00 2.524978399276733398e+00 2.344434976577758789e+00
3.044390201568603516e+00 3.024925708770751953e+00 3.196823835372924805e+00 2.974594593048095703e+00
2.978764295578002930e+00 2.886636257171630859e+00 3.053921937942504883e+00 2.830530405044555664e+00
2.485819339752197266e+00 2.395477771759033203e+00 2.461859226226806641e+00 2.322517871856689453e+00
2.617041826248168945e+00 2.595671653747558594e+00 2.702361106872558594e+00 2.583196878433227539e+00
2.829708099365234375e+00 2.744135856628417969e+00 2.857798099517822266e+00 2.661723136901855469e+00
2.943646669387817383e+00 2.917615652084350586e+00 3.127016544342041016e+00 2.956754684448242188e+00
1.993550896644592285e+00 2.039293050765991211e+00 2.111445665359497070e+00 1.968576788902282715e+00
2.253204822540283203e+00 2.258582115173339844e+00 2.330065011978149414e+00 2.235936164855957031e+00
2.478539466857910156e+00 2.443735837936401367e+00 2.575467824935913086e+00 2.365738868713378906e+00
2.681430339813232422e+00 2.787360191345214844e+00 2.720815658569335938e+00 2.608975172042846680e+00
3.079641580581665039e+00 3.069575548171997070e+00 3.124087095260620117e+00 2.956885337829589844e+00
2.860776662826538086e+00 2.802409887313842773e+00 2.916271448135375977e+00 2.696064233779907227e+00
2.831437349319458008e+00 2.730922460556030273e+00 2.901491403579711914e+00 2.705284833908081055e+00
3.117615699768066406e+00 3.065904855728149414e+00 3.223815679550170898e+00 2.868762016296386719e+00
3.199251174926757812e+00 3.174673080444335938e+00 3.345771074295043945e+00 3.137627601623535156e+00
3.113135576248168945e+00 3.246281147003173828e+00 3.277693748474121094e+00 2.950124263763427734e+00
1.955404400825500488e+00 1.881129145622253418e+00 2.205886840820312500e+00 1.942329049110412598e+00
3.710469722747802734e+00 3.549579143524169922e+00 3.759781599044799805e+00 3.658149719238281250e+00
2.929859399795532227e+00 2.858894824981689453e+00 2.850260019302368164e+00 2.898898363113403320e+00
2.979781389236450195e+00 2.958621978759765625e+00 3.145525455474853516e+00 2.856699466705322266e+00
3.366486787796020508e+00 3.194972991943359375e+00 3.363732099533081055e+00 3.241661071777343750e+00
2.796726703643798828e+00 2.872808694839477539e+00 2.945629119873046875e+00 2.750097513198852539e+00
2.279241800308227539e+00 2.158371448516845703e+00 2.421079158782958984e+00 2.402095556259155273e+00
2.733247041702270508e+00 2.605134010314941406e+00 2.845813989639282227e+00 2.786927223205566406e+00
3.180103778839111328e+00 3.238489389419555664e+00 3.301711797714233398e+00 2.939197301864624023e+00
2.760183334350585938e+00 2.692950010299682617e+00 2.865379810333251953e+00 2.628616571426391602e+00
2.783759117126464844e+00 2.838849782943725586e+00 2.932540416717529297e+00 2.763464689254760742e+00
2.902057886123657227e+00 2.962200880050659180e+00 3.019290447235107422e+00 2.754726648330688477e+00
2.858807563781738281e+00 2.868010997772216797e+00 3.028958320617675781e+00 2.883484840393066406e+00
2.909683942794799805e+00 2.959113597869873047e+00 3.005750656127929688e+00 2.790351867675781250e+00
3.342156410217285156e+00 3.324222803115844727e+00 3.415891408920288086e+00 3.415494203567504883e+00
2.641629695892333984e+00 2.586185693740844727e+00 2.760201692581176758e+00 2.427579402923583984e+00
2.885537385940551758e+00 2.668838500976562500e+00 2.908581495285034180e+00 2.681688070297241211e+00
2.378890991210937500e+00 2.385811090469360352e+00 2.445411443710327148e+00 2.345566511154174805e+00
2.978962421417236328e+00 2.898060798645019531e+00 2.983763694763183594e+00 2.788271903991699219e+00
2.758661746978759766e+00 2.804084062576293945e+00 2.888315677642822266e+00 2.654551506042480469e+00
2.873750209808349609e+00 2.964789867401123047e+00 3.082350730895996094e+00 2.958957672119140625e+00
2.605286598205566406e+00 2.598019599914550781e+00 2.750653028488159180e+00 2.706521034240722656e+00
3.110297918319702148e+00 2.981734275817871094e+00 3.219754457473754883e+00 3.100882291793823242e+00
2.432214975357055664e+00 2.432971954345703125e+00 2.500201463699340820e+00 2.312545299530029297e+00
2.431807041168212891e+00 2.521370172500610352e+00 2.668093204498291016e+00 2.481912136077880859e+00
2.759793996810913086e+00 2.797877311706542969e+00 2.937762737274169922e+00 2.746014356613159180e+00
3.395387172698974609e+00 3.247125625610351562e+00 3.526856422424316406e+00 3.297081232070922852e+00
2.394167900085449219e+00 2.379711627960205078e+00 2.522984743118286133e+00 2.343379020690917969e+00
3.224705219268798828e+00 3.218893289566040039e+00 3.374184370040893555e+00 3.361445426940917969e+00
2.544993638992309570e+00 2.497210979461669922e+00 2.853314399719238281e+00 2.525163173675537109e+00
2.626153945922851562e+00 2.483953237533569336e+00 2.590705871582031250e+00 2.515532255172729492e+00
3.052894592285156250e+00 3.033042669296264648e+00 3.147062778472900391e+00 3.050919294357299805e+00
2.617289543151855469e+00 2.590475797653198242e+00 2.723278284072875977e+00 2.579374790191650391e+00
2.924007415771484375e+00 2.862056732177734375e+00 3.034446954727172852e+00 3.000886201858520508e+00
2.373253345489501953e+00 2.243207216262817383e+00 2.475762367248535156e+00 2.407407045364379883e+00
4.352576255798339844e+00 4.357288360595703125e+00 4.309325695037841797e+00 4.169246196746826172e+00
2.557485103607177734e+00 2.612116098403930664e+00 2.734334945678710938e+00 2.623552322387695312e+00
3.051237344741821289e+00 3.021335840225219727e+00 3.081946611404418945e+00 2.855848550796508789e+00
2.403343915939331055e+00 2.558928728103637695e+00 2.470779180526733398e+00 2.464536666870117188e+00
1.997815608978271484e+00 2.208691120147705078e+00 2.261089324951171875e+00 2.062184572219848633e+00
2.796114206314086914e+00 2.818176507949829102e+00 2.903107881546020508e+00 2.826847553253173828e+00
2.826163768768310547e+00 2.923708438873291016e+00 2.839521169662475586e+00 2.793630361557006836e+00
2.857667684555053711e+00 2.730157375335693359e+00 2.882529497146606445e+00 2.729855060577392578e+00
3.211890697479248047e+00 3.166108846664428711e+00 3.282370090484619141e+00 3.141313552856445312e+00
3.014917612075805664e+00 2.856225252151489258e+00 3.067766189575195312e+00 2.934768676757812500e+00
3.588436126708984375e+00 3.433077096939086914e+00 3.649110317230224609e+00 3.607990980148315430e+00
3.188060760498046875e+00 3.157926321029663086e+00 3.164269924163818359e+00 3.193288564682006836e+00
2.983069419860839844e+00 2.924289703369140625e+00 3.085196495056152344e+00 2.856353759765625000e+00
3.017595529556274414e+00 2.843118667602539062e+00 2.925984382629394531e+00 2.851509332656860352e+00
3.083857774734497070e+00 2.985636472702026367e+00 3.088797092437744141e+00 2.953048467636108398e+00
2.628847122192382812e+00 2.495188474655151367e+00 2.589100360870361328e+00 2.543567419052124023e+00
3.085533857345581055e+00 2.880061864852905273e+00 3.168198585510253906e+00 3.093747854232788086e+00
2.581074237823486328e+00 2.783960580825805664e+00 2.727665901184082031e+00 2.664840698242187500e+00
2.601845741271972656e+00 2.496673822402954102e+00 2.687947034835815430e+00 2.599927186965942383e+00
3.548272132873535156e+00 3.573234081268310547e+00 3.693778991699218750e+00 3.494123220443725586e+00
2.613022804260253906e+00 2.694552183151245117e+00 2.833112239837646484e+00 2.585791349411010742e+00
2.608735084533691406e+00 2.615951538085937500e+00 2.685515880584716797e+00 2.470681428909301758e+00
3.099139213562011719e+00 3.053861856460571289e+00 3.079277038574218750e+00 3.027731895446777344e+00
3.117932796478271484e+00 3.082386493682861328e+00 3.220168828964233398e+00 3.019644021987915039e+00
2.821013450622558594e+00 2.881963491439819336e+00 2.990343093872070312e+00 2.910188198089599609e+00
2.479767560958862305e+00 2.514792680740356445e+00 2.473687887191772461e+00 2.398570537567138672e+00
2.827137947082519531e+00 2.820374965667724609e+00 2.762962102890014648e+00 2.621806859970092773e+00
3.357959032058715820e+00 3.297914028167724609e+00 3.539482116699218750e+00 3.335630178451538086e+00
3.064350128173828125e+00 2.990128517150878906e+00 3.152060508728027344e+00 2.989473342895507812e+00
2.419967651367187500e+00 2.621054649353027344e+00 2.653503656387329102e+00 2.420090436935424805e+00
2.882936477661132812e+00 2.778263092041015625e+00 2.895462036132812500e+00 2.852581739425659180e+00
2.621743917465209961e+00 2.643424510955810547e+00 2.650022506713867188e+00 2.551976919174194336e+00
3.330390214920043945e+00 3.249745368957519531e+00 3.310817241668701172e+00 3.140688896179199219e+00
2.813222646713256836e+00 2.763992309570312500e+00 3.029993534088134766e+00 2.770714282989501953e+00
3.413425207138061523e+00 3.213020086288452148e+00 3.395372152328491211e+00 3.448760747909545898e+00
2.417690515518188477e+00 2.407747983932495117e+00 2.654022932052612305e+00 2.496828317642211914e+00
2.486537694931030273e+00 2.452020645141601562e+00 2.617099285125732422e+00 2.507487773895263672e+00
2.652293682098388672e+00 2.488079071044921875e+00 2.558870553970336914e+00 2.370233535766601562e+00
2.964889526367187500e+00 3.004003047943115234e+00 3.252944469451904297e+00 2.982991218566894531e+00
2.769321918487548828e+00 2.892743349075317383e+00 2.845713138580322266e+00 2.760025024414062500e+00
2.217302322387695312e+00 2.085317611694335938e+00 2.291966438293457031e+00 1.988140344619750977e+00
2.328823804855346680e+00 2.386500120162963867e+00 2.455405950546264648e+00 2.304317712783813477e+00
2.607263565063476562e+00 2.656227588653564453e+00 2.747198104858398438e+00 2.639883279800415039e+00
2.588593721389770508e+00 2.609076499938964844e+00 2.710939645767211914e+00 2.458773374557495117e+00
3.014295101165771484e+00 3.061420679092407227e+00 3.095806121826171875e+00 2.959156036376953125e+00
3.183917284011840820e+00 3.062694549560546875e+00 3.163457632064819336e+00 3.142126798629760742e+00
2.800257205963134766e+00 2.927802324295043945e+00 2.927080631256103516e+00 2.841682434082031250e+00
2.431448459625244141e+00 2.350243091583251953e+00 2.631810665130615234e+00 2.459848642349243164e+00
2.780967473983764648e+00 2.714716196060180664e+00 2.733904600143432617e+00 2.595855712890625000e+00
2.976560831069946289e+00 2.873292684555053711e+00 3.184079408645629883e+00 3.025078773498535156e+00
2.854809522628784180e+00 2.774575233459472656e+00 3.010959148406982422e+00 2.756550788879394531e+00
3.066867828369140625e+00 3.128506660461425781e+00 3.209945440292358398e+00 3.073146104812622070e+00
2.950134277343750000e+00 2.918463945388793945e+00 2.987591743469238281e+00 2.945704936981201172e+00
3.227704763412475586e+00 3.238161087036132812e+00 3.434222936630249023e+00 3.247354269027709961e+00
2.889341115951538086e+00 2.981479406356811523e+00 3.226617097854614258e+00 3.082237243652343750e+00
3.227410078048706055e+00 3.293506860733032227e+00 3.435775279998779297e+00 3.198794364929199219e+00
2.561222076416015625e+00 2.481130599975585938e+00 2.615024805068969727e+00 2.547562122344970703e+00
2.587955236434936523e+00 2.641669273376464844e+00 2.661576032638549805e+00 2.548871994018554688e+00
2.576845884323120117e+00 2.534230709075927734e+00 2.677435874938964844e+00 2.450684547424316406e+00
2.960101842880249023e+00 2.956935644149780273e+00 3.105979681015014648e+00 2.888462066650390625e+00
2.837630271911621094e+00 2.767561435699462891e+00 2.819822311401367188e+00 2.682594299316406250e+00
2.465956687927246094e+00 2.362358093261718750e+00 2.348368644714355469e+00 2.302565097808837891e+00
2.337630510330200195e+00 2.446430444717407227e+00 2.604825496673583984e+00 2.290919303894042969e+00
2.966045856475830078e+00 3.042941331863403320e+00 2.976151943206787109e+00 2.928926706314086914e+00
2.005170106887817383e+00 2.151395082473754883e+00 2.253724813461303711e+00 2.045888423919677734e+00
2.439335107803344727e+00 2.587574005126953125e+00 2.636496543884277344e+00 2.449645757675170898e+00
2.857733249664306641e+00 2.989602565765380859e+00 3.068024635314941406e+00 2.851019144058227539e+00
2.496808290481567383e+00 2.508791446685791016e+00 2.641746044158935547e+00 2.495438337326049805e+00
3.176170110702514648e+00 3.225408792495727539e+00 3.368261337280273438e+00 3.081058979034423828e+00
3.150233983993530273e+00 2.969039916992187500e+00 3.304098844528198242e+00 3.101972818374633789e+00
3.075333356857299805e+00 3.176692962646484375e+00 3.310622692108154297e+00 3.092583417892456055e+00
2.394770383834838867e+00 2.353394031524658203e+00 2.563832998275756836e+00 2.328652620315551758e+00
3.119916677474975586e+00 2.915564537048339844e+00 2.993602037429809570e+00 2.885539293289184570e+00
3.573266267776489258e+00 3.366618394851684570e+00 3.619879007339477539e+00 3.462946891784667969e+00
2.359731674194335938e+00 2.297087907791137695e+00 2.532341718673706055e+00 2.320214033126831055e+00
3.031271457672119141e+00 2.970865726470947266e+00 3.158216476440429688e+00 2.856131315231323242e+00
2.436760187149047852e+00 2.307863473892211914e+00 2.528868913650512695e+00 2.324670791625976562e+00
2.392439603805541992e+00 2.160333871841430664e+00 2.352778196334838867e+00 2.280550479888916016e+00
2.070515394210815430e+00 1.970189809799194336e+00 2.096342802047729492e+00 1.963497877120971680e+00
3.601461410522460938e+00 3.417912721633911133e+00 3.528527498245239258e+00 3.287715435028076172e+00
2.542280197143554688e+00 2.580687999725341797e+00 2.562444686889648438e+00 2.441530466079711914e+00
2.521501302719116211e+00 2.455604314804077148e+00 2.733067750930786133e+00 2.470086574554443359e+00
2.915976762771606445e+00 2.932608604431152344e+00 3.152201175689697266e+00 2.798803806304931641e+00
2.729477643966674805e+00 2.703810930252075195e+00 2.813782215118408203e+00 2.583020210266113281e+00
2.828489303588867188e+00 2.739907741546630859e+00 2.953354358673095703e+00 2.764836788177490234e+00
3.029679536819458008e+00 3.010699510574340820e+00 3.139009952545166016e+00 3.000899791717529297e+00
2.703077077865600586e+00 2.718973636627197266e+00 2.856976747512817383e+00 2.667581796646118164e+00
1.939115881919860840e+00 1.886229634284973145e+00 2.093912363052368164e+00 2.041495084762573242e+00
2.701295137405395508e+00 2.694381952285766602e+00 2.914591550827026367e+00 2.716972589492797852e+00
2.495151519775390625e+00 2.428589820861816406e+00 2.548229932785034180e+00 2.407969236373901367e+00
3.516044139862060547e+00 3.492099761962890625e+00 3.585864782333374023e+00 3.513557910919189453e+00
3.202375650405883789e+00 3.215196132659912109e+00 3.216014385223388672e+00 3.078428983688354492e+00
3.090794563293457031e+00 3.157313823699951172e+00 3.220907926559448242e+00 3.105530738830566406e+00
3.087055683135986328e+00 3.121827602386474609e+00 3.035412073135375977e+00 3.009060144424438477e+00
2.647548675537109375e+00 2.878578662872314453e+00 2.895176887512207031e+00 2.806615352630615234e+00
2.955004930496215820e+00 2.862070322036743164e+00 2.979092359542846680e+00 2.905406713485717773e+00
2.989187002182006836e+00 2.928870916366577148e+00 3.043860435485839844e+00 2.894536256790161133e+00
2.902420282363891602e+00 2.779215812683105469e+00 3.107631921768188477e+00 2.932322502136230469e+00
3.249102830886840820e+00 3.273830413818359375e+00 3.347850799560546875e+00 3.146941661834716797e+00
3.660440683364868164e+00 3.685809612274169922e+00 3.815840005874633789e+00 3.743241310119628906e+00
2.773424148559570312e+00 2.776481628417968750e+00 2.817582845687866211e+00 2.618269681930541992e+00
3.334487676620483398e+00 3.411380529403686523e+00 3.362621784210205078e+00 3.277419567108154297e+00
2.386637449264526367e+00 2.267797708511352539e+00 2.454122304916381836e+00 2.325174808502197266e+00
2.220669507980346680e+00 2.204124689102172852e+00 2.407445669174194336e+00 2.293303728103637695e+00
2.289518594741821289e+00 2.075533151626586914e+00 2.175051450729370117e+00 2.083252906799316406e+00
2.549407243728637695e+00 2.437188386917114258e+00 2.654961109161376953e+00 2.564417123794555664e+00
2.433320999145507812e+00 2.691471099853515625e+00 2.610263824462890625e+00 2.464541435241699219e+00
3.102754831314086914e+00 3.246115446090698242e+00 3.221569538116455078e+00 3.049607515335083008e+00
1.978628873825073242e+00 2.026470422744750977e+00 2.206203699111938477e+00 2.186375617980957031e+00
2.930668830871582031e+00 2.830607175827026367e+00 2.799852132797241211e+00 2.741555929183959961e+00
3.255346298217773438e+00 3.282174110412597656e+00 3.535745143890380859e+00 3.268800973892211914e+00
2.403832197189331055e+00 2.412562131881713867e+00 2.460342168807983398e+00 2.323024749755859375e+00
2.226655244827270508e+00 2.276112794876098633e+00 2.364477396011352539e+00 2.292271614074707031e+00
3.203436374664306641e+00 3.002752304077148438e+00 3.074886560440063477e+00 3.038004636764526367e+00
2.233943223953247070e+00 2.100879907608032227e+00 2.260345458984375000e+00 2.121782302856445312e+00
2.972672462463378906e+00 3.005278587341308594e+00 3.129040718078613281e+00 2.891813993453979492e+00
2.440166234970092773e+00 2.638418436050415039e+00 2.732372045516967773e+00 2.472795009613037109e+00
2.994041919708251953e+00 2.823298692703247070e+00 3.079896688461303711e+00 2.934468984603881836e+00
2.885576486587524414e+00 2.683245420455932617e+00 2.734127521514892578e+00 2.580976486206054688e+00
2.646117925643920898e+00 2.463946104049682617e+00 2.573821306228637695e+00 2.394804954528808594e+00
2.542015790939331055e+00 2.388863563537597656e+00 2.687459230422973633e+00 2.459857225418090820e+00
3.051797628402709961e+00 2.859164714813232422e+00 3.082040548324584961e+00 2.842950105667114258e+00
3.458515882492065430e+00 3.499917030334472656e+00 3.536787033081054688e+00 3.288354873657226562e+00
2.995005607604980469e+00 2.947443962097167969e+00 2.953985691070556641e+00 2.965748071670532227e+00
2.946006774902343750e+00 2.818326950073242188e+00 3.034636497497558594e+00 2.789083003997802734e+00
2.752156734466552734e+00 2.752788543701171875e+00 2.814174413681030273e+00 2.684325695037841797e+00
3.230837106704711914e+00 3.076961517333984375e+00 3.156145095825195312e+00 2.999706745147705078e+00
2.007438898086547852e+00 1.959132313728332520e+00 2.006335496902465820e+00 1.966220140457153320e+00
2.292336463928222656e+00 2.219941139221191406e+00 2.240831613540649414e+00 2.233929872512817383e+00
2.683555364608764648e+00 2.643322467803955078e+00 2.781773805618286133e+00 2.668875455856323242e+00
2.566201686859130859e+00 2.500382661819458008e+00 2.589484930038452148e+00 2.496940851211547852e+00
3.051116466522216797e+00 2.868654489517211914e+00 2.947174072265625000e+00 2.799899578094482422e+00
2.438462018966674805e+00 2.422514915466308594e+00 2.551174640655517578e+00 2.445740222930908203e+00
2.580650568008422852e+00 2.476015329360961914e+00 2.527445793151855469e+00 2.615083932876586914e+00
2.438493251800537109e+00 2.299819707870483398e+00 2.458026647567749023e+00 2.195250034332275391e+00
3.722394466400146484e+00 3.616374254226684570e+00 3.682836294174194336e+00 3.651103973388671875e+00
3.022782087326049805e+00 3.013346672058105469e+00 3.116876602172851562e+00 2.988931417465209961e+00
3.440839052200317383e+00 3.246775865554809570e+00 3.515534877777099609e+00 3.383925199508666992e+00
3.553288459777832031e+00 3.401410102844238281e+00 3.621685743331909180e+00 3.492561101913452148e+00
2.132900238037109375e+00 2.076295852661132812e+00 2.194909811019897461e+00 2.062878131866455078e+00
2.501743555068969727e+00 2.446672677993774414e+00 2.603821992874145508e+00 2.501719236373901367e+00
2.741494894027709961e+00 2.762192726135253906e+00 2.781358957290649414e+00 2.830950736999511719e+00
2.584416866302490234e+00 2.524498224258422852e+00 2.820734024047851562e+00 2.602961063385009766e+00
2.645049571990966797e+00 2.547375440597534180e+00 2.670785665512084961e+00 2.637911319732666016e+00
3.217655181884765625e+00 3.059597492218017578e+00 3.298734188079833984e+00 3.210343837738037109e+00
2.748834609985351562e+00 2.594341754913330078e+00 2.734068393707275391e+00 2.587537765502929688e+00
2.848037004470825195e+00 2.770807027816772461e+00 2.903563737869262695e+00 2.795092105865478516e+00
2.733787059783935547e+00 2.614676713943481445e+00 2.753457069396972656e+00 2.598861932754516602e+00
2.965472459793090820e+00 3.131163597106933594e+00 3.098523616790771484e+00 3.111673831939697266e+00
2.447522163391113281e+00 2.405873775482177734e+00 2.527864694595336914e+00 2.575565576553344727e+00
2.797468900680541992e+00 2.818707466125488281e+00 2.878907680511474609e+00 2.641716718673706055e+00
2.668166160583496094e+00 2.585274457931518555e+00 2.678384304046630859e+00 2.584300756454467773e+00
3.223430156707763672e+00 3.163997888565063477e+00 3.266687870025634766e+00 3.095260858535766602e+00
3.307134866714477539e+00 3.421468019485473633e+00 3.442138671875000000e+00 3.285715818405151367e+00
2.728322744369506836e+00 2.657059431076049805e+00 2.816735506057739258e+00 2.620707511901855469e+00
3.148562431335449219e+00 3.050904512405395508e+00 3.270940780639648438e+00 3.019042491912841797e+00
3.158485889434814453e+00 3.129574298858642578e+00 3.147834777832031250e+00 3.048314094543457031e+00
3.870164632797241211e+00 3.914441585540771484e+00 3.998985290527343750e+00 3.972114324569702148e+00
3.128144741058349609e+00 3.148153543472290039e+00 3.178951501846313477e+00 3.052604436874389648e+00
2.318719387054443359e+00 2.270986795425415039e+00 2.485314846038818359e+00 2.409315109252929688e+00
2.519851684570312500e+00 2.546663045883178711e+00 2.647323846817016602e+00 2.451119422912597656e+00
2.375033378601074219e+00 2.367117881774902344e+00 2.705327987670898438e+00 2.468551158905029297e+00
2.521349191665649414e+00 2.521620988845825195e+00 2.514979362487792969e+00 2.424689531326293945e+00
3.260838747024536133e+00 3.370428800582885742e+00 3.317985057830810547e+00 3.226932287216186523e+00
2.944344758987426758e+00 3.089004516601562500e+00 3.126158237457275391e+00 3.003546953201293945e+00
2.268004655838012695e+00 2.255443811416625977e+00 2.364857912063598633e+00 2.199548482894897461e+00
3.196227550506591797e+00 3.239495754241943359e+00 3.518292427062988281e+00 3.184424400329589844e+00
2.644038677215576172e+00 2.672758579254150391e+00 2.713277339935302734e+00 2.532360553741455078e+00
2.214998245239257812e+00 2.222276449203491211e+00 2.483569860458374023e+00 2.271498203277587891e+00
2.868249893188476562e+00 2.898659706115722656e+00 3.049393653869628906e+00 2.862622499465942383e+00
2.905782938003540039e+00 2.761714220046997070e+00 3.072192907333374023e+00 2.938872098922729492e+00
3.577986478805541992e+00 3.451529741287231445e+00 3.559589147567749023e+00 3.332956790924072266e+00
2.355439662933349609e+00 2.279639959335327148e+00 2.449098348617553711e+00 2.384882688522338867e+00
3.014318704605102539e+00 2.858052492141723633e+00 3.105567693710327148e+00 3.085027456283569336e+00
2.372991561889648438e+00 2.290436506271362305e+00 2.499504566192626953e+00 2.352237224578857422e+00
2.851630687713623047e+00 2.826294422149658203e+00 2.971725702285766602e+00 2.788557291030883789e+00
2.805128335952758789e+00 2.683511734008789062e+00 2.740664720535278320e+00 2.703291893005371094e+00
2.826047897338867188e+00 2.581286191940307617e+00 2.713881492614746094e+00 2.673905134201049805e+00
2.518808603286743164e+00 2.601782321929931641e+00 2.842218637466430664e+00 2.568500757217407227e+00
3.017158269882202148e+00 3.130643844604492188e+00 3.185825347900390625e+00 3.082458972930908203e+00
2.769601583480834961e+00 2.907973051071166992e+00 3.085745811462402344e+00 2.833851337432861328e+00
3.020150661468505859e+00 3.085699796676635742e+00 3.237190961837768555e+00 3.122153520584106445e+00
3.149637937545776367e+00 3.189291954040527344e+00 3.210023641586303711e+00 3.145824909210205078e+00
3.617540836334228516e+00 3.501431226730346680e+00 3.535623311996459961e+00 3.438061952590942383e+00
2.291857481002807617e+00 2.249414205551147461e+00 2.373484611511230469e+00 2.267844676971435547e+00
2.746730804443359375e+00 2.888112545013427734e+00 2.871027708053588867e+00 2.719256162643432617e+00
3.099285840988159180e+00 2.952223777770996094e+00 3.265059947967529297e+00 3.143361330032348633e+00
2.577485799789428711e+00 2.524594306945800781e+00 2.672033309936523438e+00 2.560995578765869141e+00
3.921303272247314453e+00 3.860074281692504883e+00 3.853365659713745117e+00 3.767138481140136719e+00
2.460631608963012695e+00 2.561666965484619141e+00 2.618848800659179688e+00 2.632888317108154297e+00
2.820796489715576172e+00 2.823165655136108398e+00 3.064460277557373047e+00 2.824181795120239258e+00
3.406365633010864258e+00 3.325685262680053711e+00 3.309642791748046875e+00 3.154615402221679688e+00
2.814110279083251953e+00 2.721720933914184570e+00 2.939665794372558594e+00 2.759672880172729492e+00
2.817752599716186523e+00 2.878872632980346680e+00 2.863473653793334961e+00 2.662417650222778320e+00
3.103646516799926758e+00 3.261072635650634766e+00 3.205161333084106445e+00 3.131630182266235352e+00
2.501183986663818359e+00 2.554503679275512695e+00 2.753205537796020508e+00 2.522019386291503906e+00
3.005214452743530273e+00 2.983233690261840820e+00 3.091315746307373047e+00 2.959409236907958984e+00
2.762354135513305664e+00 2.858383178710937500e+00 2.960746049880981445e+00 2.815286636352539062e+00
2.633720874786376953e+00 2.596895933151245117e+00 2.829592943191528320e+00 2.646067619323730469e+00
3.208076000213623047e+00 3.236835241317749023e+00 3.240570306777954102e+00 3.123767375946044922e+00
3.121283531188964844e+00 3.129819869995117188e+00 3.064288377761840820e+00 3.067432403564453125e+00
2.418129920959472656e+00 2.376761913299560547e+00 2.587317466735839844e+00 2.385442495346069336e+00
3.372097730636596680e+00 3.241463661193847656e+00 3.336959600448608398e+00 3.188354492187500000e+00
2.926193237304687500e+00 2.917921543121337891e+00 2.998989582061767578e+00 2.773061275482177734e+00
3.010541915893554688e+00 3.033421516418457031e+00 3.178959131240844727e+00 3.044805049896240234e+00
2.564089298248291016e+00 2.692783594131469727e+00 2.698503255844116211e+00 2.596690177917480469e+00
2.851377248764038086e+00 2.806903600692749023e+00 2.986557006835937500e+00 2.878813743591308594e+00
2.258217334747314453e+00 2.273512840270996094e+00 2.308529615402221680e+00 2.044329166412353516e+00
2.872722625732421875e+00 2.707537889480590820e+00 2.811492919921875000e+00 2.772816181182861328e+00
3.054541826248168945e+00 3.036521196365356445e+00 3.077658891677856445e+00 2.969095706939697266e+00
2.540405035018920898e+00 2.599740982055664062e+00 2.637843132019042969e+00 2.522560119628906250e+00
2.402497768402099609e+00 2.498991727828979492e+00 2.636678457260131836e+00 2.508698225021362305e+00
2.621744871139526367e+00 2.548599958419799805e+00 2.701561450958251953e+00 2.445125818252563477e+00
2.330721616744995117e+00 2.367798566818237305e+00 2.484047412872314453e+00 2.318677425384521484e+00
3.671325445175170898e+00 3.654165029525756836e+00 3.736741065979003906e+00 3.566156864166259766e+00
2.630878210067749023e+00 2.824867248535156250e+00 2.886626720428466797e+00 2.709133863449096680e+00
3.086944818496704102e+00 2.969739913940429688e+00 3.148819923400878906e+00 3.027192831039428711e+00
2.257465124130249023e+00 2.206194162368774414e+00 2.385831594467163086e+00 2.154827117919921875e+00
3.483787059783935547e+00 3.457087278366088867e+00 3.554547309875488281e+00 3.449467897415161133e+00
2.971515178680419922e+00 2.879019021987915039e+00 3.148669242858886719e+00 2.926890850067138672e+00
3.182355642318725586e+00 3.180250406265258789e+00 3.243742704391479492e+00 3.041574478149414062e+00
3.669036865234375000e+00 3.611172199249267578e+00 3.755980253219604492e+00 3.600723743438720703e+00
2.537316322326660156e+00 2.450879096984863281e+00 2.724959135055541992e+00 2.521847486495971680e+00
3.122072458267211914e+00 3.017115592956542969e+00 3.217570066452026367e+00 3.000072479248046875e+00
2.949270486831665039e+00 2.811568737030029297e+00 3.002245187759399414e+00 2.867615222930908203e+00
3.190999746322631836e+00 3.106244087219238281e+00 3.121808767318725586e+00 3.073459148406982422e+00
3.087016105651855469e+00 3.132904291152954102e+00 3.097877979278564453e+00 3.012811183929443359e+00
2.583311319351196289e+00 2.516845464706420898e+00 2.641000509262084961e+00 2.467580556869506836e+00
2.420571565628051758e+00 2.542400836944580078e+00 2.595201730728149414e+00 2.345449686050415039e+00
2.822567224502563477e+00 2.735895156860351562e+00 2.743091106414794922e+00 2.706414937973022461e+00
2.676398754119873047e+00 2.682307243347167969e+00 2.770564556121826172e+00 2.698419570922851562e+00
3.029998302459716797e+00 3.011875391006469727e+00 3.215332746505737305e+00 3.047503232955932617e+00
2.797671079635620117e+00 2.850220441818237305e+00 2.919416189193725586e+00 2.780504226684570312e+00
2.769746065139770508e+00 2.693992376327514648e+00 2.772888660430908203e+00 2.597179889678955078e+00
3.001157760620117188e+00 3.010717630386352539e+00 3.148021697998046875e+00 2.981455087661743164e+00
2.661952257156372070e+00 2.784507036209106445e+00 2.847868442535400391e+00 2.558383464813232422e+00
2.592719078063964844e+00 2.440043926239013672e+00 2.525397777557373047e+00 2.473225831985473633e+00
2.791140794754028320e+00 2.780973196029663086e+00 2.910801410675048828e+00 2.844239950180053711e+00
2.602118015289306641e+00 2.637340068817138672e+00 2.890613317489624023e+00 2.617584228515625000e+00
3.006281614303588867e+00 3.284863710403442383e+00 3.379392385482788086e+00 3.126352071762084961e+00
2.861579895019531250e+00 2.665807247161865234e+00 2.919308662414550781e+00 2.926491737365722656e+00
3.168880462646484375e+00 3.029057025909423828e+00 3.287935495376586914e+00 3.109154224395751953e+00
2.942695379257202148e+00 2.869510889053344727e+00 3.226126194000244141e+00 3.001137018203735352e+00
3.118332147598266602e+00 3.129240751266479492e+00 3.079728126525878906e+00 2.871074438095092773e+00
2.735944747924804688e+00 2.739344358444213867e+00 2.975882530212402344e+00 2.807550430297851562e+00
2.582688808441162109e+00 2.596763610839843750e+00 2.722939491271972656e+00 2.588499307632446289e+00
2.391179561614990234e+00 2.370569705963134766e+00 2.502318382263183594e+00 2.396340608596801758e+00
2.957185506820678711e+00 2.784867763519287109e+00 3.137412786483764648e+00 2.815782308578491211e+00
3.155005455017089844e+00 3.169293403625488281e+00 3.457831382751464844e+00 3.297746896743774414e+00
3.104100465774536133e+00 3.242262840270996094e+00 3.252978563308715820e+00 3.075533151626586914e+00
3.015633583068847656e+00 2.783757686614990234e+00 2.826308965682983398e+00 2.672886848449707031e+00
3.078347682952880859e+00 3.087762594223022461e+00 3.219292879104614258e+00 3.064620256423950195e+00
2.859008073806762695e+00 2.752730369567871094e+00 2.981303691864013672e+00 2.714003562927246094e+00
2.407499074935913086e+00 2.367310762405395508e+00 2.553844690322875977e+00 2.499344825744628906e+00
2.914235830307006836e+00 2.804549694061279297e+00 2.996886968612670898e+00 2.779432535171508789e+00
3.370694398880004883e+00 3.294559478759765625e+00 3.690830469131469727e+00 3.482051849365234375e+00
2.565661430358886719e+00 2.610805034637451172e+00 2.685779094696044922e+00 2.524751186370849609e+00
2.398724555969238281e+00 2.512537956237792969e+00 2.601544618606567383e+00 2.452660083770751953e+00
2.842024087905883789e+00 2.690830945968627930e+00 2.764055252075195312e+00 2.667448520660400391e+00
3.199295759201049805e+00 3.158982515335083008e+00 3.337942600250244141e+00 3.196892023086547852e+00
2.544782400131225586e+00 2.545266866683959961e+00 2.692000150680541992e+00 2.504256725311279297e+00
2.586250543594360352e+00 2.516741991043090820e+00 2.824139833450317383e+00 2.599767923355102539e+00
3.058232784271240234e+00 3.140123605728149414e+00 3.206795454025268555e+00 3.004846572875976562e+00
2.963318824768066406e+00 3.050606250762939453e+00 3.058167219161987305e+00 2.789402484893798828e+00
4.032756805419921875e+00 4.059136390686035156e+00 4.130669593811035156e+00 3.898961544036865234e+00
2.760586977005004883e+00 2.869249105453491211e+00 2.965080499649047852e+00 2.748594522476196289e+00
3.183756828308105469e+00 3.191223859786987305e+00 3.331611871719360352e+00 3.059628963470458984e+00
3.153146982192993164e+00 3.194492578506469727e+00 3.225856781005859375e+00 3.076784372329711914e+00
2.564303398132324219e+00 2.538995265960693359e+00 2.794584274291992188e+00 2.543851613998413086e+00
3.589629888534545898e+00 3.598378181457519531e+00 3.494842290878295898e+00 3.490628242492675781e+00
3.069549322128295898e+00 3.044269084930419922e+00 3.128963232040405273e+00 3.135739564895629883e+00
2.722565412521362305e+00 2.737772703170776367e+00 2.929935932159423828e+00 2.546694278717041016e+00
2.754816293716430664e+00 2.678060531616210938e+00 2.681879281997680664e+00 2.635998010635375977e+00
2.007691860198974609e+00 1.993647456169128418e+00 2.184010505676269531e+00 1.963266730308532715e+00
2.674781084060668945e+00 2.646204710006713867e+00 2.742514133453369141e+00 2.678242444992065430e+00
3.051943302154541016e+00 3.063869237899780273e+00 3.220711231231689453e+00 3.021288156509399414e+00
2.965356826782226562e+00 2.993298768997192383e+00 3.124953746795654297e+00 2.929311990737915039e+00
3.191115856170654297e+00 3.272131919860839844e+00 3.209009885787963867e+00 3.081514835357666016e+00
3.121991634368896484e+00 3.222895622253417969e+00 3.259311914443969727e+00 3.204844236373901367e+00
2.518400430679321289e+00 2.401190519332885742e+00 2.642285108566284180e+00 2.459189891815185547e+00
2.907762527465820312e+00 2.784197092056274414e+00 2.895644664764404297e+00 2.797773361206054688e+00
4.091037750244140625e+00 4.061126708984375000e+00 4.058981895446777344e+00 4.046692848205566406e+00
3.109645843505859375e+00 3.257150650024414062e+00 3.338793039321899414e+00 3.202250242233276367e+00
3.207780361175537109e+00 2.928819656372070312e+00 3.182225942611694336e+00 3.083020210266113281e+00
2.690779685974121094e+00 2.666538238525390625e+00 2.699134349822998047e+00 2.617958307266235352e+00
3.341089010238647461e+00 3.115862846374511719e+00 3.398241519927978516e+00 3.262953042984008789e+00
2.752321481704711914e+00 2.685679197311401367e+00 2.957757711410522461e+00 2.683349609375000000e+00
3.088901996612548828e+00 2.968951225280761719e+00 3.023725986480712891e+00 3.070090055465698242e+00
2.722015619277954102e+00 2.667446136474609375e+00 2.921909093856811523e+00 2.661427736282348633e+00
3.398018360137939453e+00 3.302085161209106445e+00 3.443245887756347656e+00 3.369571685791015625e+00
2.593439579010009766e+00 2.477774858474731445e+00 2.758779525756835938e+00 2.598995447158813477e+00
2.662099123001098633e+00 2.552717924118041992e+00 2.798268318176269531e+00 2.732216358184814453e+00
2.899044513702392578e+00 2.843788862228393555e+00 2.875719308853149414e+00 2.605802774429321289e+00
2.654309034347534180e+00 2.772504806518554688e+00 2.918476581573486328e+00 2.698342800140380859e+00
3.549139738082885742e+00 3.430962324142456055e+00 3.390998601913452148e+00 3.312763929367065430e+00
2.045015573501586914e+00 2.132334709167480469e+00 2.379169702529907227e+00 2.323215723037719727e+00
2.753186702728271484e+00 2.679651975631713867e+00 2.846596717834472656e+00 2.700709342956542969e+00
2.573265790939331055e+00 2.390383958816528320e+00 2.559009313583374023e+00 2.577615261077880859e+00
2.931987524032592773e+00 3.021169424057006836e+00 3.179261445999145508e+00 2.978176355361938477e+00
3.357724666595458984e+00 3.451664209365844727e+00 3.483699321746826172e+00 3.417853116989135742e+00
3.373210191726684570e+00 3.374555349349975586e+00 3.402098178863525391e+00 3.309940338134765625e+00
3.293277502059936523e+00 3.250999450683593750e+00 3.262327432632446289e+00 3.201521158218383789e+00
2.380796194076538086e+00 2.317341566085815430e+00 2.526708841323852539e+00 2.399873733520507812e+00
3.067345142364501953e+00 3.141319274902343750e+00 3.301172256469726562e+00 2.982392549514770508e+00
3.261890888214111328e+00 3.206606388092041016e+00 3.310437440872192383e+00 3.115482091903686523e+00
2.504266262054443359e+00 2.481077432632446289e+00 2.659258127212524414e+00 2.413345575332641602e+00
2.715521097183227539e+00 2.757879972457885742e+00 2.876673936843872070e+00 2.558934211730957031e+00
2.996911764144897461e+00 2.792672872543334961e+00 2.939277887344360352e+00 2.759025096893310547e+00
2.694944620132446289e+00 2.748025417327880859e+00 2.900482654571533203e+00 2.809118986129760742e+00
3.112138271331787109e+00 3.071244239807128906e+00 3.129798650741577148e+00 3.010442495346069336e+00
2.922985792160034180e+00 2.736240863800048828e+00 2.851830720901489258e+00 2.871865510940551758e+00
3.189509153366088867e+00 3.241348505020141602e+00 3.344195604324340820e+00 3.160827875137329102e+00
3.162287950515747070e+00 3.088439941406250000e+00 3.222119331359863281e+00 3.068830728530883789e+00
3.373214006423950195e+00 3.286580324172973633e+00 3.494274377822875977e+00 3.408188819885253906e+00
3.250121593475341797e+00 3.084189891815185547e+00 3.306375503540039062e+00 3.146640300750732422e+00
2.530666351318359375e+00 2.464114189147949219e+00 2.577755689620971680e+00 2.449405193328857422e+00
2.537063121795654297e+00 2.463418722152709961e+00 2.572660684585571289e+00 2.441002607345581055e+00
2.371308088302612305e+00 2.187079191207885742e+00 2.312024593353271484e+00 2.261115789413452148e+00
3.203658580780029297e+00 3.046572923660278320e+00 3.214288949966430664e+00 2.990089178085327148e+00
3.201262712478637695e+00 3.185774564743041992e+00 3.304916858673095703e+00 3.239913225173950195e+00
3.100323677062988281e+00 2.988534688949584961e+00 3.155721187591552734e+00 3.032251834869384766e+00
2.244602441787719727e+00 2.351253747940063477e+00 2.367374181747436523e+00 2.292734861373901367e+00
3.694062232971191406e+00 3.755797863006591797e+00 3.780246973037719727e+00 3.668429136276245117e+00
2.845214128494262695e+00 2.720199823379516602e+00 2.965171337127685547e+00 2.822460174560546875e+00
2.367246627807617188e+00 2.286194086074829102e+00 2.290770292282104492e+00 2.126965761184692383e+00
3.087097883224487305e+00 2.919413805007934570e+00 3.164308071136474609e+00 2.841052770614624023e+00
2.439110994338989258e+00 2.463088512420654297e+00 2.588556051254272461e+00 2.486497163772583008e+00
3.152782678604125977e+00 3.127071142196655273e+00 3.271840572357177734e+00 3.085749864578247070e+00
3.178766965866088867e+00 3.170985698699951172e+00 3.370644330978393555e+00 3.117054224014282227e+00
2.702510356903076172e+00 2.591863870620727539e+00 2.630652904510498047e+00 2.518378973007202148e+00
3.579644918441772461e+00 3.527067899703979492e+00 3.686383485794067383e+00 3.447276115417480469e+00
2.540997266769409180e+00 2.807392120361328125e+00 2.967301607131958008e+00 2.700556278228759766e+00
2.913146018981933594e+00 2.952734470367431641e+00 3.140374422073364258e+00 2.872947454452514648e+00
2.584918975830078125e+00 2.626137971878051758e+00 2.829096078872680664e+00 2.512533903121948242e+00
