1.398518204689025879e+00 1.476711034774780273e+00
1.646941423416137695e+00 1.805631995201110840e+00
1.443563818931579590e+00 1.460468053817749023e+00
1.415438890457153320e+00 1.525354623794555664e+00
1.396674990653991699e+00 1.556347012519836426e+00
1.363045096397399902e+00 1.587756872177124023e+00
1.173586606979370117e+00 1.385154128074645996e+00
1.307646751403808594e+00 1.471073985099792480e+00
1.534396290779113770e+00 1.529176831245422363e+00
1.465446591377258301e+00 1.623227357864379883e+00
1.333988904953002930e+00 1.507157802581787109e+00
1.347418904304504395e+00 1.415300369262695312e+00
1.367967486381530762e+00 1.325321555137634277e+00
1.476118564605712891e+00 1.629134774208068848e+00
1.566351652145385742e+00 1.600005984306335449e+00
1.367174863815307617e+00 1.417829871177673340e+00
1.549535870552062988e+00 1.448503971099853516e+00
1.523150920867919922e+00 1.475630521774291992e+00
1.391043424606323242e+00 1.551050424575805664e+00
1.312509179115295410e+00 1.472503066062927246e+00
1.474993467330932617e+00 1.308859825134277344e+00
1.485451459884643555e+00 1.599271059036254883e+00
1.366798877716064453e+00 1.338863611221313477e+00
1.426320314407348633e+00 1.514896988868713379e+00
1.435157179832458496e+00 1.440549015998840332e+00
1.478582501411437988e+00 1.522292494773864746e+00
1.443986892700195312e+00 1.415617942810058594e+00
1.533870220184326172e+00 1.436508536338806152e+00
1.460115075111389160e+00 1.479931831359863281e+00
1.100254058837890625e+00 1.272226691246032715e+00
1.458877086639404297e+00 1.515384674072265625e+00
1.312547802925109863e+00 1.579122900962829590e+00
1.478310227394104004e+00 1.550576686859130859e+00
1.459144234657287598e+00 1.464599490165710449e+00
1.224487543106079102e+00 1.434334516525268555e+00
1.437282323837280273e+00 1.471443176269531250e+00
1.475589871406555176e+00 1.429411411285400391e+00
1.306223630905151367e+00 1.472065687179565430e+00
1.295176029205322266e+00 1.360449552536010742e+00
1.450878620147705078e+00 1.556822776794433594e+00
1.407599210739135742e+00 1.414978027343750000e+00
1.492631554603576660e+00 1.502204060554504395e+00
1.548597574234008789e+00 1.628064513206481934e+00
1.550728082656860352e+00 1.457734465599060059e+00
1.452965855598449707e+00 1.525966525077819824e+00
1.374413132667541504e+00 1.462950348854064941e+00
1.541361927986145020e+00 1.412570238113403320e+00
1.449420452117919922e+00 1.371322512626647949e+00
1.367708444595336914e+00 1.452283143997192383e+00
1.447963833808898926e+00 1.354541063308715820e+00
1.179331660270690918e+00 1.300000667572021484e+00
1.465868592262268066e+00 1.535240292549133301e+00
1.494608163833618164e+00 1.511156558990478516e+00
1.615709304809570312e+00 1.570238947868347168e+00
1.362635016441345215e+00 1.488665342330932617e+00
1.299242258071899414e+00 1.418007731437683105e+00
1.350989937782287598e+00 1.367211818695068359e+00
1.366510272026062012e+00 1.497010827064514160e+00
1.408551096916198730e+00 1.410560250282287598e+00
1.387856721878051758e+00 1.601071476936340332e+00
1.433739304542541504e+00 1.573357224464416504e+00
1.600681304931640625e+00 1.547521352767944336e+00
1.401660919189453125e+00 1.366232037544250488e+00
1.373834967613220215e+00 1.608893752098083496e+00
1.526372313499450684e+00 1.561546564102172852e+00
1.176598429679870605e+00 1.516602516174316406e+00
1.548261880874633789e+00 1.581743001937866211e+00
1.527486681938171387e+00 1.499642610549926758e+00
1.665625929832458496e+00 1.703694105148315430e+00
1.359148025512695312e+00 1.484031081199645996e+00
1.553143262863159180e+00 1.581146478652954102e+00
1.065090656280517578e+00 1.321719884872436523e+00
1.509256839752197266e+00 1.644493341445922852e+00
1.259769916534423828e+00 1.391229987144470215e+00
1.589565038681030273e+00 1.400370001792907715e+00
1.394343972206115723e+00 1.418983697891235352e+00
1.538546085357666016e+00 1.399880766868591309e+00
1.404405713081359863e+00 1.349276661872863770e+00
1.403259396553039551e+00 1.435667872428894043e+00
1.366012215614318848e+00 1.322881221771240234e+00
1.600339531898498535e+00 1.509849429130554199e+00
1.421072840690612793e+00 1.325307011604309082e+00
1.468631148338317871e+00 1.407030224800109863e+00
1.502068996429443359e+00 1.428713679313659668e+00
1.264858603477478027e+00 1.373993515968322754e+00
1.664035677909851074e+00 1.599507331848144531e+00
1.373790621757507324e+00 1.481127977371215820e+00
1.354728221893310547e+00 1.471385359764099121e+00
1.188184976577758789e+00 1.347014904022216797e+00
1.485807895660400391e+00 1.683372735977172852e+00
1.315890431404113770e+00 1.583264946937561035e+00
1.290708422660827637e+00 1.329532265663146973e+00
1.324029684066772461e+00 1.378558278083801270e+00
1.419008851051330566e+00 1.525078773498535156e+00
1.530113816261291504e+00 1.731966972351074219e+00
1.415239691734313965e+00 1.470837831497192383e+00
1.478518486022949219e+00 1.710370182991027832e+00
1.355384707450866699e+00 1.331209182739257812e+00
1.391324043273925781e+00 1.450487375259399414e+00
1.397824406623840332e+00 1.426836729049682617e+00
1.512529611587524414e+00 1.560657382011413574e+00
1.411567091941833496e+00 1.543328285217285156e+00
1.483474612236022949e+00 1.426133036613464355e+00
1.428428888320922852e+00 1.434808135032653809e+00
1.366639375686645508e+00 1.582516074180603027e+00
1.505030751228332520e+00 1.469718575477600098e+00
1.439195275306701660e+00 1.419857144355773926e+00
1.730079770088195801e+00 1.528479456901550293e+00
1.289600491523742676e+00 1.227568984031677246e+00
1.257365226745605469e+00 1.391947150230407715e+00
1.417661309242248535e+00 1.517662763595581055e+00
1.236977934837341309e+00 1.348667383193969727e+00
1.309334754943847656e+00 1.319145321846008301e+00
1.475631594657897949e+00 1.403862357139587402e+00
1.396322011947631836e+00 1.363417029380798340e+00
1.454142093658447266e+00 1.477357864379882812e+00
1.465804219245910645e+00 1.523740887641906738e+00
1.315771222114562988e+00 1.370400190353393555e+00
1.391003727912902832e+00 1.327946543693542480e+00
1.514797329902648926e+00 1.423327803611755371e+00
1.294533014297485352e+00 1.532980442047119141e+00
1.206153273582458496e+00 1.226935863494873047e+00
1.290181279182434082e+00 1.382621645927429199e+00
1.275001883506774902e+00 1.526676416397094727e+00
1.218901515007019043e+00 1.428945779800415039e+00
1.496676921844482422e+00 1.575929522514343262e+00
1.450940012931823730e+00 1.356559753417968750e+00
1.310807943344116211e+00 1.499205470085144043e+00
1.395953774452209473e+00 1.457242131233215332e+00
1.399817109107971191e+00 1.417908549308776855e+00
1.603624343872070312e+00 1.479099631309509277e+00
1.244859099388122559e+00 1.194472789764404297e+00
1.663754105567932129e+00 1.630427479743957520e+00
1.401846647262573242e+00 1.321012973785400391e+00
1.491263628005981445e+00 1.431601405143737793e+00
1.584912061691284180e+00 1.533979177474975586e+00
1.377963662147521973e+00 1.464631557464599609e+00
1.222832918167114258e+00 1.293563008308410645e+00
1.379074692726135254e+00 1.507168292999267578e+00
1.491004824638366699e+00 1.541285037994384766e+00
1.289312601089477539e+00 1.454472780227661133e+00
1.285406231880187988e+00 1.483117818832397461e+00
1.377730011940002441e+00 1.478043794631958008e+00
1.411587119102478027e+00 1.487929224967956543e+00
1.451512932777404785e+00 1.470358610153198242e+00
1.531097531318664551e+00 1.522654652595520020e+00
1.365001559257507324e+00 1.544277310371398926e+00
1.542618870735168457e+00 1.319383502006530762e+00
1.205936670303344727e+00 1.512232661247253418e+00
1.395082950592041016e+00 1.503826737403869629e+00
1.420922279357910156e+00 1.470632195472717285e+00
1.484238743782043457e+00 1.433030366897583008e+00
1.437696933746337891e+00 1.381584525108337402e+00
1.381220936775207520e+00 1.434763669967651367e+00
1.205437064170837402e+00 1.444351315498352051e+00
1.220441937446594238e+00 1.450606584548950195e+00
1.502034306526184082e+00 1.557251095771789551e+00
1.392252087593078613e+00 1.625629901885986328e+00
1.403436183929443359e+00 1.374247908592224121e+00
1.423531770706176758e+00 1.670863509178161621e+00
1.293426513671875000e+00 1.392328739166259766e+00
1.369483828544616699e+00 1.285932302474975586e+00
1.587134122848510742e+00 1.414093375205993652e+00
1.407781481742858887e+00 1.470323204994201660e+00
1.466978430747985840e+00 1.486519813537597656e+00
1.464128136634826660e+00 1.494895458221435547e+00
1.602741837501525879e+00 1.706166863441467285e+00
1.251925826072692871e+00 1.455650091171264648e+00
1.468403458595275879e+00 1.467178583145141602e+00
1.421508073806762695e+00 1.369100570678710938e+00
1.179455876350402832e+00 1.268380880355834961e+00
1.491623044013977051e+00 1.342101335525512695e+00
1.487219929695129395e+00 1.437443852424621582e+00
1.407901525497436523e+00 1.475113868713378906e+00
1.566366553306579590e+00 1.612813711166381836e+00
1.416522622108459473e+00 1.379262447357177734e+00
1.615438461303710938e+00 1.526056766510009766e+00
1.449185490608215332e+00 1.611357569694519043e+00
1.525231719017028809e+00 1.451012253761291504e+00
1.555094838142395020e+00 1.516115784645080566e+00
1.432318568229675293e+00 1.491171240806579590e+00
1.272326469421386719e+00 1.483477830886840820e+00
1.385017991065979004e+00 1.459946393966674805e+00
1.439801573753356934e+00 1.450597524642944336e+00
1.359885692596435547e+00 1.459184408187866211e+00
1.542678475379943848e+00 1.603453993797302246e+00
1.348641633987426758e+00 1.498523235321044922e+00
1.304091334342956543e+00 1.423896193504333496e+00
1.505614995956420898e+00 1.488265633583068848e+00
1.448094487190246582e+00 1.620871782302856445e+00
1.396904110908508301e+00 1.462039113044738770e+00
1.456552028656005859e+00 1.450881481170654297e+00
1.348226904869079590e+00 1.524652719497680664e+00
1.691230297088623047e+00 1.371885061264038086e+00
1.527282953262329102e+00 1.339365959167480469e+00
1.414127469062805176e+00 1.285421967506408691e+00
1.427432894706726074e+00 1.394869089126586914e+00
1.381270766258239746e+00 1.480782866477966309e+00
1.508779168128967285e+00 1.580517172813415527e+00
1.413995385169982910e+00 1.365638852119445801e+00
1.580070018768310547e+00 1.711447477340698242e+00
1.301379680633544922e+00 1.467683792114257812e+00
1.331267237663269043e+00 1.435041069984436035e+00
1.456256747245788574e+00 1.494183182716369629e+00
1.357675433158874512e+00 1.558488726615905762e+00
1.311458826065063477e+00 1.498750805854797363e+00
1.280091762542724609e+00 1.287687659263610840e+00
1.275182962417602539e+00 1.344896912574768066e+00
1.501367807388305664e+00 1.444918155670166016e+00
1.410722017288208008e+00 1.517379045486450195e+00
1.457813620567321777e+00 1.481971025466918945e+00
1.413452744483947754e+00 1.409408211708068848e+00
1.445918083190917969e+00 1.584944009780883789e+00
1.420563578605651855e+00 1.384232759475708008e+00
1.354705214500427246e+00 1.482943415641784668e+00
1.474455237388610840e+00 1.425752401351928711e+00
1.537906169891357422e+00 1.578713536262512207e+00
1.325193285942077637e+00 1.548733949661254883e+00
1.428230166435241699e+00 1.471758723258972168e+00
1.486760258674621582e+00 1.522282838821411133e+00
1.446857810020446777e+00 1.441975593566894531e+00
1.530893802642822266e+00 1.540244579315185547e+00
1.232656836509704590e+00 1.539461255073547363e+00
1.371764183044433594e+00 1.446046590805053711e+00
1.392481923103332520e+00 1.423560619354248047e+00
1.503323793411254883e+00 1.526765108108520508e+00
1.389948368072509766e+00 1.419415950775146484e+00
1.286372303962707520e+00 1.383302450180053711e+00
1.305462002754211426e+00 1.359951734542846680e+00
1.404488086700439453e+00 1.445074319839477539e+00
1.292335033416748047e+00 1.248747825622558594e+00
1.345683693885803223e+00 1.542047977447509766e+00
1.547717571258544922e+00 1.448607683181762695e+00
1.364744782447814941e+00 1.360338449478149414e+00
1.474535822868347168e+00 1.527379155158996582e+00
1.500698208808898926e+00 1.456364750862121582e+00
1.529806256294250488e+00 1.603652238845825195e+00
1.270690798759460449e+00 1.319185495376586914e+00
1.579929113388061523e+00 1.561423182487487793e+00
1.440447330474853516e+00 1.771187543869018555e+00
1.361812591552734375e+00 1.362805604934692383e+00
1.397618055343627930e+00 1.603543519973754883e+00
1.299065828323364258e+00 1.458744764328002930e+00
1.322298884391784668e+00 1.416738033294677734e+00
1.326591730117797852e+00 1.276335716247558594e+00
1.826389789581298828e+00 1.820411682128906250e+00
1.222275853157043457e+00 1.554370284080505371e+00
1.358579158782958984e+00 1.278228282928466797e+00
1.461818099021911621e+00 1.438936233520507812e+00
1.491573572158813477e+00 1.491693258285522461e+00
1.338968515396118164e+00 1.552581548690795898e+00
1.533258676528930664e+00 1.473770022392272949e+00
1.419501543045043945e+00 1.528431773185729980e+00
1.289883136749267578e+00 1.329834222793579102e+00
1.398693561553955078e+00 1.538894891738891602e+00
1.342462182044982910e+00 1.446638822555541992e+00
1.492854475975036621e+00 1.647811174392700195e+00
1.502917885780334473e+00 1.526539325714111328e+00
1.473753929138183594e+00 1.537645936012268066e+00
1.585972070693969727e+00 1.602177500724792480e+00
1.572181105613708496e+00 1.381495714187622070e+00
1.354246497154235840e+00 1.565565347671508789e+00
1.365583777427673340e+00 1.623686313629150391e+00
1.458421707153320312e+00 1.539009094238281250e+00
1.499859213829040527e+00 1.505415916442871094e+00
1.639196038246154785e+00 1.645180463790893555e+00
1.482308626174926758e+00 1.379932403564453125e+00
1.517820477485656738e+00 1.593655347824096680e+00
1.307750940322875977e+00 1.439742445945739746e+00
1.113678812980651855e+00 1.230114102363586426e+00
1.256864428520202637e+00 1.398141741752624512e+00
1.310455083847045898e+00 1.374653458595275879e+00
1.335472226142883301e+00 1.445333600044250488e+00
1.445204973220825195e+00 1.469408392906188965e+00
1.241514325141906738e+00 1.358626127243041992e+00
1.493704795837402344e+00 1.477005124092102051e+00
1.641724586486816406e+00 1.536079168319702148e+00
1.389747142791748047e+00 1.302613735198974609e+00
1.299709677696228027e+00 1.417048096656799316e+00
1.547410964965820312e+00 1.504373788833618164e+00
1.161725163459777832e+00 1.376704692840576172e+00
1.442723751068115234e+00 1.436929106712341309e+00
1.314556837081909180e+00 1.467383265495300293e+00
1.405910968780517578e+00 1.512273550033569336e+00
1.427278518676757812e+00 1.505011677742004395e+00
1.294395327568054199e+00 1.437123179435729980e+00
1.180540561676025391e+00 1.393969297409057617e+00
1.459167361259460449e+00 1.458625435829162598e+00
1.611872434616088867e+00 1.617758870124816895e+00
1.574936151504516602e+00 1.462876319885253906e+00
1.511760234832763672e+00 1.460090398788452148e+00
1.399275660514831543e+00 1.483425855636596680e+00
1.420857667922973633e+00 1.527163386344909668e+00
1.144908189773559570e+00 1.254528045654296875e+00
1.294168472290039062e+00 1.280174374580383301e+00
1.348069190979003906e+00 1.405057907104492188e+00
1.420073866844177246e+00 1.402281522750854492e+00
1.336858630180358887e+00 1.479539275169372559e+00
1.292919874191284180e+00 1.372347712516784668e+00
1.264471530914306641e+00 1.446731090545654297e+00
1.253990292549133301e+00 1.310665726661682129e+00
1.643451929092407227e+00 1.606774210929870605e+00
1.479812860488891602e+00 1.314723372459411621e+00
1.640351653099060059e+00 1.584707617759704590e+00
1.481162309646606445e+00 1.595911979675292969e+00
1.152161121368408203e+00 1.331917881965637207e+00
1.348226904869079590e+00 1.429726719856262207e+00
1.406802654266357422e+00 1.501515030860900879e+00
1.374135136604309082e+00 1.382995128631591797e+00
1.287819027900695801e+00 1.364542245864868164e+00
1.510097861289978027e+00 1.672875523567199707e+00
1.321213483810424805e+00 1.433624982833862305e+00
1.460728406906127930e+00 1.426257610321044922e+00
1.472596287727355957e+00 1.352930545806884766e+00
1.427919745445251465e+00 1.581085085868835449e+00
1.352933764457702637e+00 1.389019370079040527e+00
1.250812530517578125e+00 1.544652819633483887e+00
1.318335413932800293e+00 1.339973330497741699e+00
1.472847938537597656e+00 1.599453210830688477e+00
1.526359081268310547e+00 1.633639693260192871e+00
1.410489678382873535e+00 1.511320352554321289e+00
1.528398871421813965e+00 1.512156724929809570e+00
1.497593522071838379e+00 1.521005511283874512e+00
1.611208081245422363e+00 1.705622553825378418e+00
1.567941904067993164e+00 1.421809792518615723e+00
1.324423313140869141e+00 1.271759629249572754e+00
1.384143829345703125e+00 1.495387315750122070e+00
1.461525559425354004e+00 1.355426192283630371e+00
1.357369780540466309e+00 1.482469558715820312e+00
1.447772145271301270e+00 1.541178703308105469e+00
1.379826426506042480e+00 1.377194643020629883e+00
1.355581521987915039e+00 1.391834616661071777e+00
1.485049843788146973e+00 1.478869438171386719e+00
1.370121359825134277e+00 1.480595588684082031e+00
1.353605389595031738e+00 1.452824354171752930e+00
1.447481513023376465e+00 1.449519991874694824e+00
1.375053644180297852e+00 1.446468472480773926e+00
1.529170274734497070e+00 1.577067375183105469e+00
1.262053847312927246e+00 1.467499613761901855e+00
1.327279806137084961e+00 1.608404517173767090e+00
1.344000458717346191e+00 1.330254912376403809e+00
1.441582083702087402e+00 1.442004323005676270e+00
1.432146668434143066e+00 1.439041614532470703e+00
1.413503646850585938e+00 1.598301053047180176e+00
1.317718267440795898e+00 1.298088550567626953e+00
1.462190270423889160e+00 1.458012104034423828e+00
1.360843658447265625e+00 1.393519163131713867e+00
1.314632296562194824e+00 1.506930112838745117e+00
1.476026773452758789e+00 1.485699892044067383e+00
1.629781842231750488e+00 1.676564931869506836e+00
1.327743172645568848e+00 1.363366007804870605e+00
1.303980112075805664e+00 1.443554759025573730e+00
1.430567383766174316e+00 1.537299752235412598e+00
1.324717402458190918e+00 1.447016716003417969e+00
1.656636118888854980e+00 1.693245172500610352e+00
1.417055368423461914e+00 1.360622644424438477e+00
1.458899021148681641e+00 1.452025532722473145e+00
1.527598500251770020e+00 1.524259686470031738e+00
1.372649073600769043e+00 1.491111397743225098e+00
1.394845008850097656e+00 1.433356046676635742e+00
1.440369486808776855e+00 1.593403100967407227e+00
1.475531578063964844e+00 1.371470570564270020e+00
1.475704073905944824e+00 1.423880577087402344e+00
1.499154329299926758e+00 1.491223216056823730e+00
1.420780539512634277e+00 1.288681268692016602e+00
1.675985097885131836e+00 1.544501066207885742e+00
1.488747119903564453e+00 1.610896944999694824e+00
1.381823897361755371e+00 1.252055287361145020e+00
1.514575242996215820e+00 1.540439128875732422e+00
1.441220760345458984e+00 1.498123526573181152e+00
1.556818127632141113e+00 1.519338488578796387e+00
1.270037770271301270e+00 1.453873276710510254e+00
1.394091010093688965e+00 1.449239015579223633e+00
1.280241012573242188e+00 1.340692520141601562e+00
1.473837137222290039e+00 1.389569997787475586e+00
1.369259953498840332e+00 1.485660314559936523e+00
1.335289597511291504e+00 1.530770778656005859e+00
1.406080245971679688e+00 1.425130009651184082e+00
1.425702571868896484e+00 1.608191370964050293e+00
1.328445672988891602e+00 1.307615995407104492e+00
1.597717046737670898e+00 1.673173785209655762e+00
1.297038555145263672e+00 1.422596096992492676e+00
1.436037898063659668e+00 1.539975643157958984e+00
1.288831233978271484e+00 1.276664137840270996e+00
1.520599722862243652e+00 1.539809346199035645e+00
1.498874783515930176e+00 1.506786108016967773e+00
1.487648844718933105e+00 1.527030110359191895e+00
1.579356312751770020e+00 1.650703191757202148e+00
1.393636584281921387e+00 1.451493144035339355e+00
1.353019356727600098e+00 1.435018897056579590e+00
1.492680907249450684e+00 1.523113489151000977e+00
1.534423828125000000e+00 1.557839989662170410e+00
1.565542221069335938e+00 1.490347504615783691e+00
1.277853965759277344e+00 1.378671526908874512e+00
1.169163107872009277e+00 1.437968492507934570e+00
1.289522409439086914e+00 1.362735509872436523e+00
1.480691194534301758e+00 1.422238111495971680e+00
1.505244612693786621e+00 1.446260094642639160e+00
1.517141580581665039e+00 1.502769351005554199e+00
1.403334617614746094e+00 1.590586423873901367e+00
1.484104156494140625e+00 1.505793571472167969e+00
1.362562537193298340e+00 1.493113398551940918e+00
1.328952789306640625e+00 1.372231721878051758e+00
1.534316182136535645e+00 1.482488989830017090e+00
1.484608411788940430e+00 1.436403155326843262e+00
1.508829712867736816e+00 1.664138078689575195e+00
1.390762448310852051e+00 1.513171076774597168e+00
1.518751025199890137e+00 1.501465320587158203e+00
1.586240172386169434e+00 1.428615093231201172e+00
1.395868420600891113e+00 1.595994830131530762e+00
1.422426104545593262e+00 1.521557569503784180e+00
1.375096559524536133e+00 1.336561560630798340e+00
1.196188688278198242e+00 1.327776432037353516e+00
1.550763487815856934e+00 1.510425448417663574e+00
1.617953658103942871e+00 1.688100576400756836e+00
1.458890914916992188e+00 1.521366000175476074e+00
1.449017882347106934e+00 1.527301311492919922e+00
1.406984210014343262e+00 1.590699076652526855e+00
1.378256440162658691e+00 1.540853619575500488e+00
1.257670640945434570e+00 1.381278276443481445e+00
1.362060666084289551e+00 1.497582077980041504e+00
1.473956465721130371e+00 1.568590283393859863e+00
1.425305724143981934e+00 1.498151302337646484e+00
1.416440844535827637e+00 1.378393173217773438e+00
1.385184049606323242e+00 1.531227946281433105e+00
1.452930927276611328e+00 1.501485824584960938e+00
1.382800340652465820e+00 1.344146251678466797e+00
1.419280290603637695e+00 1.399189949035644531e+00
1.576315283775329590e+00 1.497827529907226562e+00
1.490367174148559570e+00 1.609393954277038574e+00
1.676601171493530273e+00 1.750114440917968750e+00
1.225864768028259277e+00 1.421225070953369141e+00
1.342860937118530273e+00 1.668796300888061523e+00
1.406749844551086426e+00 1.567057728767395020e+00
1.332119703292846680e+00 1.449431777000427246e+00
1.526008009910583496e+00 1.546045780181884766e+00
1.606806874275207520e+00 1.590854406356811523e+00
1.405472397804260254e+00 1.589164257049560547e+00
1.304664373397827148e+00 1.297162890434265137e+00
1.197008609771728516e+00 1.325444936752319336e+00
1.374731540679931641e+00 1.471030235290527344e+00
1.393058180809020996e+00 1.537942051887512207e+00
1.431604146957397461e+00 1.548853158950805664e+00
1.504690527915954590e+00 1.602356791496276855e+00
1.439781785011291504e+00 1.428271770477294922e+00
1.317440867424011230e+00 1.305096507072448730e+00
1.529766917228698730e+00 1.400386691093444824e+00
1.715694546699523926e+00 1.764271855354309082e+00
1.482257485389709473e+00 1.669469952583312988e+00
1.469215750694274902e+00 1.559109807014465332e+00
1.461442589759826660e+00 1.465168476104736328e+00
1.604623913764953613e+00 1.507425665855407715e+00
1.460614800453186035e+00 1.397072196006774902e+00
1.522373080253601074e+00 1.574837684631347656e+00
1.511367082595825195e+00 1.527637839317321777e+00
1.529614806175231934e+00 1.668529510498046875e+00
1.440917015075683594e+00 1.406336188316345215e+00
1.196388483047485352e+00 1.501895904541015625e+00
1.423859119415283203e+00 1.589865684509277344e+00
1.442363381385803223e+00 1.492433786392211914e+00
1.529254317283630371e+00 1.650923252105712891e+00
1.430356025695800781e+00 1.358213067054748535e+00
1.329371094703674316e+00 1.454129457473754883e+00
1.193293094635009766e+00 1.298166990280151367e+00
1.461953878402709961e+00 1.340155720710754395e+00
1.547358989715576172e+00 1.617777943611145020e+00
1.359127283096313477e+00 1.720139503479003906e+00
1.483804702758789062e+00 1.614451527595520020e+00
1.323913574218750000e+00 1.481852173805236816e+00
1.421405315399169922e+00 1.566790819168090820e+00
1.528620958328247070e+00 1.569798946380615234e+00
1.248592257499694824e+00 1.446429491043090820e+00
1.292992591857910156e+00 1.406485438346862793e+00
1.433342695236206055e+00 1.455880880355834961e+00
1.426423072814941406e+00 1.454636812210083008e+00
1.343897938728332520e+00 1.489027380943298340e+00
1.370132088661193848e+00 1.473990201950073242e+00
1.545956969261169434e+00 1.518690228462219238e+00
1.554540157318115234e+00 1.517385363578796387e+00
1.519380569458007812e+00 1.628843903541564941e+00
1.545733213424682617e+00 1.555036783218383789e+00
1.284083485603332520e+00 1.407805323600769043e+00
1.241074204444885254e+00 1.356576681137084961e+00
1.288318395614624023e+00 1.324218750000000000e+00
1.451242804527282715e+00 1.534901738166809082e+00
1.625428915023803711e+00 1.521964550018310547e+00
1.547948002815246582e+00 1.547567725181579590e+00
1.211189270019531250e+00 1.264332890510559082e+00
1.506652832031250000e+00 1.704678535461425781e+00
1.401885151863098145e+00 1.526424288749694824e+00
1.222530722618103027e+00 1.421401977539062500e+00
1.408900022506713867e+00 1.333084464073181152e+00
1.311454296112060547e+00 1.291932702064514160e+00
1.431150317192077637e+00 1.582708954811096191e+00
1.582067131996154785e+00 1.603527545928955078e+00
1.247255444526672363e+00 1.528624892234802246e+00
1.517488121986389160e+00 1.658362746238708496e+00
1.333163499832153320e+00 1.418790459632873535e+00
1.445143222808837891e+00 1.559381842613220215e+00
1.279041409492492676e+00 1.488799571990966797e+00
1.539988994598388672e+00 1.685889244079589844e+00
1.498139858245849609e+00 1.438291668891906738e+00
1.497246146202087402e+00 1.574052810668945312e+00
1.288010358810424805e+00 1.232916593551635742e+00
1.453194737434387207e+00 1.455524325370788574e+00
1.287128806114196777e+00 1.450822949409484863e+00
1.472365975379943848e+00 1.526685118675231934e+00
1.419694781303405762e+00 1.336207628250122070e+00
1.533509016036987305e+00 1.644873857498168945e+00
1.449560761451721191e+00 1.497551441192626953e+00
1.288216948509216309e+00 1.433276414871215820e+00
1.546270608901977539e+00 1.541432857513427734e+00
