8.438382148742675781e-01 8.845153450965881348e-01 1.129844188690185547e+00 9.432452917098999023e-01
8.754475712776184082e-01 9.400415420532226562e-01 1.132527351379394531e+00 1.088089823722839355e+00
9.770316481590270996e-01 9.263706207275390625e-01 1.142981529235839844e+00 8.696176409721374512e-01
9.531041383743286133e-01 9.684164524078369141e-01 1.094273686408996582e+00 9.400319457054138184e-01
8.033053278923034668e-01 8.875010013580322266e-01 1.000936150550842285e+00 1.109163880348205566e+00
9.837998151779174805e-01 9.140240550041198730e-01 1.012409567832946777e+00 9.847347140312194824e-01
9.779222011566162109e-01 9.863236546516418457e-01 1.145330667495727539e+00 9.795447587966918945e-01
8.335725665092468262e-01 9.402449131011962891e-01 1.054961442947387695e+00 9.844865798950195312e-01
8.807944655418395996e-01 1.009261012077331543e+00 1.048277497291564941e+00 9.787227511405944824e-01
9.277802705764770508e-01 8.876982331275939941e-01 1.077930450439453125e+00 1.036298274993896484e+00
9.715970754623413086e-01 9.364208579063415527e-01 9.813426136970520020e-01 1.128899097442626953e+00
9.504862427711486816e-01 9.348306059837341309e-01 1.024888157844543457e+00 1.076338768005371094e+00
8.994610309600830078e-01 9.473759531974792480e-01 1.205880284309387207e+00 9.849269390106201172e-01
9.995244741439819336e-01 9.766840338706970215e-01 1.081029891967773438e+00 1.055610418319702148e+00
9.374267458915710449e-01 9.029699563980102539e-01 1.108047008514404297e+00 1.027969717979431152e+00
9.301676750183105469e-01 9.330184459686279297e-01 1.064101576805114746e+00 9.895621538162231445e-01
8.529013991355895996e-01 8.588503003120422363e-01 1.037157654762268066e+00 1.006911635398864746e+00
9.835158586502075195e-01 9.742861986160278320e-01 1.060745835304260254e+00 9.958359599113464355e-01
8.336182832717895508e-01 8.491461277008056641e-01 1.072084784507751465e+00 1.026318073272705078e+00
8.961346149444580078e-01 9.905905723571777344e-01 1.046578407287597656e+00 1.021025061607360840e+00
9.662384390830993652e-01 9.925233721733093262e-01 1.013881564140319824e+00 1.068133473396301270e+00
8.993992209434509277e-01 8.921451568603515625e-01 1.021737217903137207e+00 9.621947407722473145e-01
8.737908601760864258e-01 9.627423882484436035e-01 1.218089342117309570e+00 1.043244838714599609e+00
1.012385606765747070e+00 9.325775504112243652e-01 1.048167705535888672e+00 9.163063764572143555e-01
8.887053132057189941e-01 1.028452038764953613e+00 1.046969294548034668e+00 1.096161723136901855e+00
8.657810688018798828e-01 8.795199990272521973e-01 1.072458267211914062e+00 9.679680466651916504e-01
9.054954648017883301e-01 8.480331301689147949e-01 1.137297153472900391e+00 9.081905484199523926e-01
8.496006131172180176e-01 9.008167982101440430e-01 1.144029140472412109e+00 9.858005046844482422e-01
8.598886132240295410e-01 9.647800922393798828e-01 1.009009122848510742e+00 1.012247085571289062e+00
8.479970097541809082e-01 9.672683477401733398e-01 1.035346746444702148e+00 9.942800402641296387e-01
8.874034285545349121e-01 1.000349879264831543e+00 1.107536792755126953e+00 1.040405631065368652e+00
8.984711766242980957e-01 9.235026240348815918e-01 1.122148633003234863e+00 9.623912572860717773e-01
9.370983839035034180e-01 9.988620877265930176e-01 1.063545227050781250e+00 1.002884030342102051e+00
8.782864809036254883e-01 9.518995881080627441e-01 1.136114478111267090e+00 9.545620679855346680e-01
9.543219208717346191e-01 1.031652450561523438e+00 1.052457928657531738e+00 9.907768368721008301e-01
9.553909301757812500e-01 9.739891290664672852e-01 1.078241825103759766e+00 1.047327399253845215e+00
8.880739212036132812e-01 9.122561812400817871e-01 1.064641833305358887e+00 9.470018744468688965e-01
8.211798667907714844e-01 8.873775005340576172e-01 1.159084916114807129e+00 1.025350689888000488e+00
7.571988105773925781e-01 9.732391238212585449e-01 1.246859550476074219e+00 8.821303844451904297e-01
9.319493770599365234e-01 9.821327924728393555e-01 9.479852914810180664e-01 1.031212687492370605e+00
8.563187718391418457e-01 8.259131312370300293e-01 1.045353770256042480e+00 9.829232692718505859e-01
8.333691358566284180e-01 9.472308754920959473e-01 1.145177602767944336e+00 9.673647284507751465e-01
9.384596943855285645e-01 1.045717239379882812e+00 1.018248081207275391e+00 9.457445740699768066e-01
9.699600934982299805e-01 9.066127538681030273e-01 1.002364516258239746e+00 9.542102813720703125e-01
9.591264724731445312e-01 8.276471495628356934e-01 1.064442753791809082e+00 9.339793920516967773e-01
8.565888404846191406e-01 8.467669486999511719e-01 1.098907828330993652e+00 9.753362536430358887e-01
8.580133914947509766e-01 1.023048043251037598e+00 1.069308042526245117e+00 1.093394875526428223e+00
9.156687855720520020e-01 8.975567221641540527e-01 1.067979574203491211e+00 9.813128709793090820e-01
9.383041858673095703e-01 9.461817741394042969e-01 1.092669725418090820e+00 1.128206729888916016e+00
7.685748934745788574e-01 8.864803910255432129e-01 1.083188056945800781e+00 9.364490509033203125e-01
8.938939571380615234e-01 8.047567009925842285e-01 1.098220825195312500e+00 9.155212640762329102e-01
9.613702893257141113e-01 8.969544172286987305e-01 1.077264070510864258e+00 1.018477082252502441e+00
9.128923416137695312e-01 1.011132478713989258e+00 1.063861608505249023e+00 1.002648711204528809e+00
9.589440226554870605e-01 1.026528239250183105e+00 1.030014514923095703e+00 9.852036237716674805e-01
9.546118974685668945e-01 1.089073061943054199e+00 1.025658130645751953e+00 1.035492658615112305e+00
8.594766259193420410e-01 1.009412169456481934e+00 1.224071145057678223e+00 9.628724455833435059e-01
9.033831357955932617e-01 1.021946549415588379e+00 1.044489502906799316e+00 8.717691302299499512e-01
9.756543636322021484e-01 1.014822840690612793e+00 1.084162116050720215e+00 9.244583249092102051e-01
9.935263991355895996e-01 8.750125169754028320e-01 1.104958295822143555e+00 9.584183692932128906e-01
8.820782899856567383e-01 9.240785837173461914e-01 9.263783693313598633e-01 9.593800306320190430e-01
8.199780583381652832e-01 9.937140941619873047e-01 1.125791788101196289e+00 9.123502373695373535e-01
8.297157883644104004e-01 9.889039993286132812e-01 1.065246820449829102e+00 1.059045314788818359e+00
8.753507137298583984e-01 9.187155961990356445e-01 1.038052201271057129e+00 9.917360544204711914e-01
9.361539483070373535e-01 1.083017110824584961e+00 1.105420470237731934e+00 9.293712973594665527e-01
8.987058401107788086e-01 8.120182752609252930e-01 1.134014964103698730e+00 9.687798619270324707e-01
9.934315085411071777e-01 9.317799210548400879e-01 1.163814306259155273e+00 1.071578741073608398e+00
9.875621199607849121e-01 9.251856207847595215e-01 1.068057656288146973e+00 9.276481270790100098e-01
1.023503303527832031e+00 1.020184397697448730e+00 1.218312501907348633e+00 9.898565411567687988e-01
8.823972344398498535e-01 1.001787781715393066e+00 1.070198178291320801e+00 1.002852797508239746e+00
9.557042717933654785e-01 9.339666962623596191e-01 1.042770862579345703e+00 1.160058259963989258e+00
9.291895627975463867e-01 9.175283908843994141e-01 1.055592179298400879e+00 9.085706472396850586e-01
9.228578805923461914e-01 8.800328969955444336e-01 9.573009014129638672e-01 1.044059276580810547e+00
9.931349754333496094e-01 9.231604337692260742e-01 1.049836277961730957e+00 9.540098309516906738e-01
9.029802680015563965e-01 9.603801369667053223e-01 1.127140522003173828e+00 1.036057949066162109e+00
7.869361639022827148e-01 8.354087471961975098e-01 1.064528107643127441e+00 9.729400277137756348e-01
9.042907953262329102e-01 1.015147566795349121e+00 9.396162629127502441e-01 1.029686331748962402e+00
9.864592552185058594e-01 8.595852255821228027e-01 1.096425056457519531e+00 1.043472528457641602e+00
8.822940587997436523e-01 8.603757619857788086e-01 1.047521948814392090e+00 9.121389985084533691e-01
1.006122827529907227e+00 9.179730415344238281e-01 1.006873488426208496e+00 9.031845927238464355e-01
1.018014311790466309e+00 9.523851871490478516e-01 9.850210547447204590e-01 9.923793673515319824e-01
8.567662239074707031e-01 9.486228227615356445e-01 1.055170893669128418e+00 1.034130573272705078e+00
9.622667431831359863e-01 1.013781785964965820e+00 1.032278656959533691e+00 9.491900801658630371e-01
8.483868241310119629e-01 9.081888794898986816e-01 9.744523167610168457e-01 1.097495198249816895e+00
9.456769227981567383e-01 1.066158652305603027e+00 1.110681056976318359e+00 1.043573379516601562e+00
9.778593778610229492e-01 8.693375587463378906e-01 9.722448587417602539e-01 9.650447368621826172e-01
8.676941394805908203e-01 9.405757784843444824e-01 1.176463246345520020e+00 9.404102563858032227e-01
9.062297940254211426e-01 8.933825492858886719e-01 1.059104919433593750e+00 9.225977659225463867e-01
8.939959406852722168e-01 1.016464233398437500e+00 1.153618454933166504e+00 1.004610538482666016e+00
8.985643386840820312e-01 9.843481183052062988e-01 1.226910471916198730e+00 1.103859782218933105e+00
9.602945446968078613e-01 1.026924610137939453e+00 1.032332301139831543e+00 9.127706289291381836e-01
9.846958518028259277e-01 8.944215774536132812e-01 1.009479522705078125e+00 9.787569642066955566e-01
9.609124660491943359e-01 9.103745818138122559e-01 1.034538984298706055e+00 1.016274452209472656e+00
9.004259705543518066e-01 9.774305820465087891e-01 1.025004863739013672e+00 1.055629014968872070e+00
9.228345751762390137e-01 1.043044447898864746e+00 1.046243429183959961e+00 1.078969597816467285e+00
8.268989920616149902e-01 9.217457175254821777e-01 1.014191031455993652e+00 1.020548343658447266e+00
8.353011012077331543e-01 8.535764813423156738e-01 1.039877176284790039e+00 1.047862887382507324e+00
9.526729583740234375e-01 8.248312473297119141e-01 1.086423754692077637e+00 1.064150333404541016e+00
8.418163061141967773e-01 9.260053038597106934e-01 1.129612922668457031e+00 1.005129098892211914e+00
8.634451627731323242e-01 8.877565264701843262e-01 1.090999841690063477e+00 9.630287289619445801e-01
8.216350674629211426e-01 9.594573974609375000e-01 9.849126338958740234e-01 1.104676604270935059e+00
1.040638804435729980e+00 9.459226727485656738e-01 1.120442986488342285e+00 1.021803855895996094e+00
9.041840434074401855e-01 9.741650223731994629e-01 1.038453817367553711e+00 9.270420670509338379e-01
9.592301249504089355e-01 9.061573147773742676e-01 9.964324831962585449e-01 1.010774374008178711e+00
8.695924282073974609e-01 9.189630150794982910e-01 1.123107552528381348e+00 9.936811923980712891e-01
8.796417713165283203e-01 1.028188347816467285e+00 1.062466621398925781e+00 1.086408734321594238e+00
8.131780028343200684e-01 1.010151743888854980e+00 1.208142280578613281e+00 9.566954970359802246e-01
8.395336866378784180e-01 9.201765656471252441e-01 1.103929996490478516e+00 8.915120363235473633e-01
8.166968822479248047e-01 8.879323005676269531e-01 1.041468381881713867e+00 1.033917427062988281e+00
9.137002229690551758e-01 9.037232995033264160e-01 1.194766759872436523e+00 9.862443804740905762e-01
1.077497482299804688e+00 8.949199318885803223e-01 1.042563199996948242e+00 9.553419947624206543e-01
8.777765631675720215e-01 9.120263457298278809e-01 1.090640902519226074e+00 1.051471352577209473e+00
9.438913464546203613e-01 9.401251077651977539e-01 1.128738403320312500e+00 8.986817002296447754e-01
8.545523285865783691e-01 8.798168897628784180e-01 1.162116050720214844e+00 1.017317175865173340e+00
1.003044366836547852e+00 9.579257369041442871e-01 9.444851279258728027e-01 9.324227571487426758e-01
7.972421050071716309e-01 8.992451429367065430e-01 1.092809438705444336e+00 1.108283519744873047e+00
9.246833324432373047e-01 8.776897788047790527e-01 1.025413870811462402e+00 1.091075897216796875e+00
9.732301235198974609e-01 1.016225337982177734e+00 1.129069685935974121e+00 9.854928255081176758e-01
9.780548214912414551e-01 1.034102439880371094e+00 1.079085350036621094e+00 1.044854998588562012e+00
9.038880467414855957e-01 9.663596749305725098e-01 1.136936426162719727e+00 9.690334796905517578e-01
8.912073373794555664e-01 8.669523000717163086e-01 1.197530746459960938e+00 9.492627978324890137e-01
1.013113141059875488e+00 9.636297225952148438e-01 9.437224268913269043e-01 1.052307605743408203e+00
9.357169270515441895e-01 9.285899996757507324e-01 1.168003320693969727e+00 9.467150568962097168e-01
7.587438821792602539e-01 8.073573112487792969e-01 1.189516782760620117e+00 9.573051929473876953e-01
9.836126565933227539e-01 9.314607977867126465e-01 1.123538494110107422e+00 9.449568390846252441e-01
9.473038911819458008e-01 9.203293919563293457e-01 1.032482862472534180e+00 1.043473362922668457e+00
8.232968449592590332e-01 1.056569814682006836e+00 1.042505025863647461e+00 1.035177826881408691e+00
9.598746895790100098e-01 9.355775713920593262e-01 1.063980817794799805e+00 1.064559102058410645e+00
1.007894515991210938e+00 1.077483534812927246e+00 1.094556331634521484e+00 9.784433245658874512e-01
9.126321077346801758e-01 9.247249364852905273e-01 9.797958135604858398e-01 9.979221820831298828e-01
1.003496289253234863e+00 1.006752490997314453e+00 1.034080505371093750e+00 1.028817653656005859e+00
9.354671239852905273e-01 9.980300664901733398e-01 1.088096141815185547e+00 9.751973152160644531e-01
8.480081558227539062e-01 9.721720814704895020e-01 1.173381447792053223e+00 1.100425839424133301e+00
9.422888159751892090e-01 9.259783029556274414e-01 1.065406322479248047e+00 1.022228240966796875e+00
8.556960225105285645e-01 9.414379000663757324e-01 1.175312042236328125e+00 9.355034828186035156e-01
9.837464690208435059e-01 8.601146340370178223e-01 9.561979174613952637e-01 1.070022225379943848e+00
8.645071387290954590e-01 8.210345506668090820e-01 1.022743344306945801e+00 1.012919783592224121e+00
1.055706024169921875e+00 8.891210556030273438e-01 1.061267018318176270e+00 1.036983489990234375e+00
9.884625673294067383e-01 1.101060271263122559e+00 1.046043276786804199e+00 9.825481176376342773e-01
8.131853938102722168e-01 9.875746369361877441e-01 1.025663733482360840e+00 9.544690847396850586e-01
1.046777606010437012e+00 1.024256110191345215e+00 9.349086284637451172e-01 1.034026622772216797e+00
1.033672213554382324e+00 1.028365015983581543e+00 1.164543151855468750e+00 9.360584020614624023e-01
9.801369905471801758e-01 9.973305463790893555e-01 1.114418148994445801e+00 8.991865515708923340e-01
9.385164380073547363e-01 9.637187123298645020e-01 9.299184083938598633e-01 9.935367107391357422e-01
9.503154754638671875e-01 9.655287861824035645e-01 9.404709935188293457e-01 1.074153780937194824e+00
8.084052205085754395e-01 9.803081750869750977e-01 1.074311971664428711e+00 1.049194097518920898e+00
9.209330081939697266e-01 8.699436783790588379e-01 9.945590496063232422e-01 9.368392229080200195e-01
9.984131455421447754e-01 1.018663406372070312e+00 1.075526952743530273e+00 1.024116992950439453e+00
8.168528676033020020e-01 9.266237616539001465e-01 9.534558057785034180e-01 9.718165397644042969e-01
9.533928632736206055e-01 1.075092792510986328e+00 1.062831997871398926e+00 1.010092377662658691e+00
8.198666572570800781e-01 8.600138425827026367e-01 1.018854618072509766e+00 9.836632609367370605e-01
9.413875937461853027e-01 9.311184883117675781e-01 1.063543438911437988e+00 8.532770872116088867e-01
8.794581294059753418e-01 1.005093932151794434e+00 1.047147989273071289e+00 1.033945083618164062e+00
9.485942125320434570e-01 8.319093585014343262e-01 1.024354696273803711e+00 1.008602261543273926e+00
8.985049724578857422e-01 9.636635184288024902e-01 9.363598823547363281e-01 1.035550475120544434e+00
1.005198597908020020e+00 8.946530818939208984e-01 1.074568271636962891e+00 9.252125620841979980e-01
9.502453207969665527e-01 1.000416159629821777e+00 1.187777638435363770e+00 9.851589798927307129e-01
9.067396521568298340e-01 8.423612713813781738e-01 1.122399568557739258e+00 9.742534756660461426e-01
1.021170854568481445e+00 9.353133440017700195e-01 1.138986110687255859e+00 9.173581004142761230e-01
1.021862864494323730e+00 9.217221140861511230e-01 1.032916426658630371e+00 9.467163681983947754e-01
9.144419431686401367e-01 9.285643100738525391e-01 1.008835434913635254e+00 1.011153817176818848e+00
9.376032948493957520e-01 9.333905577659606934e-01 1.115733385086059570e+00 9.792944192886352539e-01
9.010171890258789062e-01 9.316612482070922852e-01 1.035934686660766602e+00 9.762169718742370605e-01
9.583605527877807617e-01 9.124209880828857422e-01 1.073949456214904785e+00 9.235150218009948730e-01
8.881348371505737305e-01 9.471350908279418945e-01 1.076967835426330566e+00 9.457747340202331543e-01
1.014532327651977539e+00 8.968669176101684570e-01 1.008260607719421387e+00 1.106304526329040527e+00
9.306715726852416992e-01 9.996901750564575195e-01 1.041992187500000000e+00 1.006765127182006836e+00
8.401176333427429199e-01 1.027417063713073730e+00 1.011274814605712891e+00 1.075902938842773438e+00
9.956487417221069336e-01 9.426385760307312012e-01 1.050360083580017090e+00 1.142051458358764648e+00
9.194321036338806152e-01 9.236958026885986328e-01 1.051900386810302734e+00 1.033452391624450684e+00
8.090334534645080566e-01 8.209195733070373535e-01 1.061106085777282715e+00 1.061822414398193359e+00
9.239220619201660156e-01 9.625862240791320801e-01 1.185356974601745605e+00 1.045548915863037109e+00
7.939527034759521484e-01 7.995930314064025879e-01 9.471117258071899414e-01 9.861146807670593262e-01
9.576942324638366699e-01 8.953047394752502441e-01 1.137536764144897461e+00 1.074107170104980469e+00
9.539573192596435547e-01 9.628915786743164062e-01 1.122851848602294922e+00 1.129007339477539062e+00
7.836290001869201660e-01 8.441137075424194336e-01 1.108620285987854004e+00 9.552630782127380371e-01
8.768673539161682129e-01 9.407990574836730957e-01 9.950442910194396973e-01 9.605566859245300293e-01
9.081135988235473633e-01 1.027701854705810547e+00 9.786734580993652344e-01 1.112079858779907227e+00
9.013730287551879883e-01 8.940374255180358887e-01 8.292475938796997070e-01 9.641729593276977539e-01
8.575012683868408203e-01 8.909974694252014160e-01 1.168329238891601562e+00 9.901368618011474609e-01
8.453136682510375977e-01 9.813539385795593262e-01 1.027916073799133301e+00 9.494650959968566895e-01
8.625466227531433105e-01 9.000145196914672852e-01 9.556501507759094238e-01 9.923305511474609375e-01
9.989465475082397461e-01 1.000990390777587891e+00 1.039235115051269531e+00 9.693302512168884277e-01
1.046326875686645508e+00 9.837411046028137207e-01 9.594208002090454102e-01 9.099002480506896973e-01
9.148882031440734863e-01 9.628722071647644043e-01 1.034956693649291992e+00 1.084849357604980469e+00
9.395359754562377930e-01 9.049320816993713379e-01 9.980913400650024414e-01 9.587942361831665039e-01
1.018973231315612793e+00 9.490199089050292969e-01 1.156663060188293457e+00 8.690490126609802246e-01
8.593829274177551270e-01 9.520636200904846191e-01 1.190799236297607422e+00 9.674111008644104004e-01
8.556649684906005859e-01 9.416935443878173828e-01 1.179622411727905273e+00 9.696936011314392090e-01
1.002258539199829102e+00 8.417273759841918945e-01 1.198115706443786621e+00 1.018459558486938477e+00
9.471642374992370605e-01 9.430542588233947754e-01 1.078972339630126953e+00 1.008872151374816895e+00
1.026511788368225098e+00 9.099170565605163574e-01 1.028756141662597656e+00 1.016501188278198242e+00
9.577820301055908203e-01 8.480910658836364746e-01 1.014066934585571289e+00 1.022464036941528320e+00
8.090113997459411621e-01 9.675861597061157227e-01 1.085549354553222656e+00 1.014479756355285645e+00
8.949090242385864258e-01 8.497914075851440430e-01 1.066038250923156738e+00 1.032963275909423828e+00
8.617613315582275391e-01 9.470981359481811523e-01 1.101685523986816406e+00 8.212953805923461914e-01
8.050090670585632324e-01 9.352461099624633789e-01 1.115525007247924805e+00 8.420164585113525391e-01
8.907452225685119629e-01 7.616367340087890625e-01 1.036436319351196289e+00 1.000952124595642090e+00
8.675251007080078125e-01 9.034592509269714355e-01 1.045789361000061035e+00 9.032901525497436523e-01
8.542681336402893066e-01 1.015586376190185547e+00 1.007287621498107910e+00 9.444956183433532715e-01
9.899300932884216309e-01 9.291036128997802734e-01 1.191079378128051758e+00 9.080409407615661621e-01
9.959068894386291504e-01 9.711816310882568359e-01 1.063062071800231934e+00 1.027055382728576660e+00
9.598321318626403809e-01 9.377074241638183594e-01 1.216075897216796875e+00 8.769202232360839844e-01
9.747520089149475098e-01 8.809641003608703613e-01 1.100841522216796875e+00 8.746553063392639160e-01
9.724242687225341797e-01 9.643519520759582520e-01 9.867081642150878906e-01 9.172779917716979980e-01
9.120888113975524902e-01 9.469484090805053711e-01 1.064697384834289551e+00 1.086615681648254395e+00
1.017138838768005371e+00 1.017616510391235352e+00 1.115810155868530273e+00 8.985677361488342285e-01
8.661107420921325684e-01 8.907458782196044922e-01 1.066848754882812500e+00 1.109396219253540039e+00
9.320969581604003906e-01 8.777765035629272461e-01 1.052427411079406738e+00 8.996751308441162109e-01
8.840535879135131836e-01 9.787293076515197754e-01 1.084892868995666504e+00 9.275482296943664551e-01
9.991418719291687012e-01 1.049872398376464844e+00 1.218168854713439941e+00 9.786948561668395996e-01
9.739990234375000000e-01 8.626996278762817383e-01 1.098346710205078125e+00 9.693725705146789551e-01
8.452138304710388184e-01 8.464849591255187988e-01 1.073032975196838379e+00 9.339933395385742188e-01
9.054834246635437012e-01 9.512012004852294922e-01 1.119611263275146484e+00 9.121204018592834473e-01
8.859670162200927734e-01 9.635212421417236328e-01 1.084609985351562500e+00 9.210906028747558594e-01
1.020956993103027344e+00 8.565531969070434570e-01 1.109049677848815918e+00 9.473617076873779297e-01
8.873509168624877930e-01 9.676593542098999023e-01 1.097350120544433594e+00 9.652978777885437012e-01
1.001303195953369141e+00 1.035065889358520508e+00 1.089971184730529785e+00 9.355383515357971191e-01
1.080473661422729492e+00 9.883839488029479980e-01 1.039245963096618652e+00 1.037232160568237305e+00
8.330152034759521484e-01 9.389599561691284180e-01 1.138913035392761230e+00 1.017992258071899414e+00
9.917377233505249023e-01 1.092103004455566406e+00 1.148079991340637207e+00 9.383086562156677246e-01
9.424075484275817871e-01 9.566866755485534668e-01 1.081154704093933105e+00 9.997245073318481445e-01
8.967143893241882324e-01 9.592161178588867188e-01 1.035432696342468262e+00 1.070189118385314941e+00
9.647755622863769531e-01 9.888474941253662109e-01 9.751526117324829102e-01 9.628658294677734375e-01
9.653979539871215820e-01 8.730521202087402344e-01 9.939382076263427734e-01 1.011477589607238770e+00
1.002885103225708008e+00 8.414569497108459473e-01 1.115191459655761719e+00 8.995665311813354492e-01
8.637908101081848145e-01 1.015099883079528809e+00 1.083934903144836426e+00 9.192482233047485352e-01
1.023112654685974121e+00 8.512396812438964844e-01 1.048781633377075195e+00 9.596582055091857910e-01
9.214168190956115723e-01 9.345483779907226562e-01 1.161215066909790039e+00 9.180353283882141113e-01
9.575747251510620117e-01 1.020743966102600098e+00 1.093495130538940430e+00 1.094969749450683594e+00
8.878807425498962402e-01 8.800180554389953613e-01 1.045984625816345215e+00 1.111444234848022461e+00
1.035956382751464844e+00 9.530739188194274902e-01 1.065696597099304199e+00 9.365357160568237305e-01
8.719784021377563477e-01 9.118114709854125977e-01 1.051022052764892578e+00 1.042778611183166504e+00
7.803137898445129395e-01 9.361335635185241699e-01 1.089384913444519043e+00 9.983618855476379395e-01
9.349927902221679688e-01 9.778288602828979492e-01 9.954182505607604980e-01 9.807762503623962402e-01
1.016976952552795410e+00 9.793031215667724609e-01 1.056612849235534668e+00 1.072415828704833984e+00
9.653649330139160156e-01 9.270934462547302246e-01 1.023116111755371094e+00 1.019157528877258301e+00
9.291405081748962402e-01 1.095303177833557129e+00 1.040460586547851562e+00 9.953117370605468750e-01
9.750749468803405762e-01 8.823646306991577148e-01 9.900585412979125977e-01 1.007906913757324219e+00
9.092379212379455566e-01 9.024921655654907227e-01 1.098418235778808594e+00 1.076595067977905273e+00
9.946737289428710938e-01 9.782419800758361816e-01 9.937150478363037109e-01 1.060892701148986816e+00
8.990412950515747070e-01 1.008653640747070312e+00 1.129447340965270996e+00 1.018215298652648926e+00
9.784567356109619141e-01 9.906564950942993164e-01 9.337115883827209473e-01 9.718338251113891602e-01
8.516707420349121094e-01 8.961224555969238281e-01 1.086650013923645020e+00 1.015326261520385742e+00
9.569818377494812012e-01 9.544708132743835449e-01 1.035509467124938965e+00 9.851478338241577148e-01
9.544909596443176270e-01 8.883944153785705566e-01 9.452416896820068359e-01 1.026471734046936035e+00
7.630867362022399902e-01 1.033526420593261719e+00 1.023463726043701172e+00 1.042372465133666992e+00
8.595249056816101074e-01 8.951480984687805176e-01 1.022984266281127930e+00 1.027880787849426270e+00
8.668882250785827637e-01 8.479573130607604980e-01 1.183012127876281738e+00 8.768833279609680176e-01
9.154534935951232910e-01 9.655832052230834961e-01 1.121285557746887207e+00 1.010140061378479004e+00
9.443907141685485840e-01 9.318825006484985352e-01 1.091883420944213867e+00 9.468284249305725098e-01
1.031849622726440430e+00 1.079089522361755371e+00 1.022711992263793945e+00 1.070020318031311035e+00
9.485140442848205566e-01 9.787513613700866699e-01 1.068116903305053711e+00 9.620313048362731934e-01
9.449048638343811035e-01 9.236365556716918945e-01 1.103767871856689453e+00 9.765270948410034180e-01
8.935611844062805176e-01 8.654497861862182617e-01 1.052753686904907227e+00 1.037798047065734863e+00
8.950293064117431641e-01 9.190197587013244629e-01 1.036186218261718750e+00 1.110694050788879395e+00
1.031391859054565430e+00 9.673858284950256348e-01 1.136301398277282715e+00 9.748569130897521973e-01
7.789273858070373535e-01 1.085482954978942871e+00 1.088027954101562500e+00 1.066904783248901367e+00
8.413626551628112793e-01 9.586810469627380371e-01 1.042659640312194824e+00 9.568017721176147461e-01
7.635855078697204590e-01 9.164035916328430176e-01 1.212252616882324219e+00 1.031431674957275391e+00
9.307537674903869629e-01 9.092795252799987793e-01 1.023711204528808594e+00 9.184736609458923340e-01
9.198580980300903320e-01 1.020204067230224609e+00 1.163216590881347656e+00 1.008563518524169922e+00
9.374280571937561035e-01 8.621065616607666016e-01 1.124534606933593750e+00 8.797686696052551270e-01
9.910402297973632812e-01 1.001328349113464355e+00 1.003017306327819824e+00 1.046605825424194336e+00
9.439171552658081055e-01 1.009034395217895508e+00 1.124648332595825195e+00 9.120911359786987305e-01
9.624064564704895020e-01 8.895926475524902344e-01 1.059347867965698242e+00 9.527539610862731934e-01
9.109751582145690918e-01 8.897390961647033691e-01 9.503723382949829102e-01 9.996759891510009766e-01
8.013578653335571289e-01 9.271733760833740234e-01 1.056250333786010742e+00 1.111241698265075684e+00
9.984856843948364258e-01 9.586136341094970703e-01 9.622010588645935059e-01 1.099139332771301270e+00
1.042757987976074219e+00 9.658980369567871094e-01 1.131387472152709961e+00 9.196388125419616699e-01
9.560526013374328613e-01 1.088766098022460938e+00 1.049944400787353516e+00 9.283485412597656250e-01
1.010075569152832031e+00 9.841223955154418945e-01 9.707632660865783691e-01 9.686688184738159180e-01
9.375822544097900391e-01 9.154526591300964355e-01 1.192898154258728027e+00 8.608596324920654297e-01
9.716191291809082031e-01 8.149465918540954590e-01 1.009749531745910645e+00 1.092534422874450684e+00
8.077086806297302246e-01 9.547109603881835938e-01 1.100241780281066895e+00 9.824819564819335938e-01
8.711016178131103516e-01 9.461479187011718750e-01 1.027902364730834961e+00 9.771039485931396484e-01
8.452379703521728516e-01 9.449423551559448242e-01 1.049182653427124023e+00 1.012782692909240723e+00
9.590304493904113770e-01 9.057189226150512695e-01 1.122899532318115234e+00 9.322727918624877930e-01
9.521158933639526367e-01 9.070162177085876465e-01 1.042905569076538086e+00 9.516411423683166504e-01
1.007236838340759277e+00 9.726947546005249023e-01 1.099304080009460449e+00 1.000733017921447754e+00
9.529322385787963867e-01 9.937351942062377930e-01 1.057252407073974609e+00 9.639391303062438965e-01
8.915700316429138184e-01 9.872869253158569336e-01 1.023634552955627441e+00 8.806448578834533691e-01
9.521694779396057129e-01 7.519834637641906738e-01 1.234380006790161133e+00 9.567857980728149414e-01
9.693410992622375488e-01 9.565685987472534180e-01 1.059352397918701172e+00 1.085972905158996582e+00
9.322181344032287598e-01 1.009966254234313965e+00 1.007333040237426758e+00 1.066779136657714844e+00
9.949426054954528809e-01 9.800349473953247070e-01 1.089979887008666992e+00 9.173538088798522949e-01
1.022134423255920410e+00 9.602135419845581055e-01 1.188145756721496582e+00 1.011664032936096191e+00
1.030148148536682129e+00 1.073108553886413574e+00 1.109519362449645996e+00 1.111629605293273926e+00
8.733827471733093262e-01 9.391411542892456055e-01 1.135336160659790039e+00 9.944032430648803711e-01
1.011391520500183105e+00 1.018866062164306641e+00 1.065424680709838867e+00 9.668280482292175293e-01
1.050835609436035156e+00 1.049806714057922363e+00 1.103027582168579102e+00 9.264503121376037598e-01
9.150405526161193848e-01 9.928168654441833496e-01 1.075459361076354980e+00 1.008322477340698242e+00
9.206450581550598145e-01 9.388441443443298340e-01 9.157029390335083008e-01 1.019824862480163574e+00
9.496633410453796387e-01 9.364251494407653809e-01 1.080686807632446289e+00 8.888361454010009766e-01
8.859849572181701660e-01 8.169721961021423340e-01 1.139665126800537109e+00 8.650732040405273438e-01
8.581866025924682617e-01 9.530071616172790527e-01 1.011200547218322754e+00 1.042304277420043945e+00
8.213012218475341797e-01 9.441703557968139648e-01 1.110009908676147461e+00 1.064002633094787598e+00
8.201970458030700684e-01 9.900388121604919434e-01 1.136254787445068359e+00 1.040089488029479980e+00
9.183662533760070801e-01 1.064550876617431641e+00 1.052034020423889160e+00 1.091869473457336426e+00
1.036692857742309570e+00 8.783445954322814941e-01 1.115582704544067383e+00 1.005761861801147461e+00
1.005728960037231445e+00 9.988354444503784180e-01 1.082144737243652344e+00 9.177854657173156738e-01
8.346552252769470215e-01 8.767133355140686035e-01 1.134826779365539551e+00 9.538858532905578613e-01
9.547107815742492676e-01 8.841997981071472168e-01 1.009309768676757812e+00 1.000512123107910156e+00
8.891361355781555176e-01 8.406534194946289062e-01 1.055758118629455566e+00 9.819105267524719238e-01
8.860610127449035645e-01 9.218835234642028809e-01 9.944894909858703613e-01 8.807903528213500977e-01
9.140373468399047852e-01 1.001131176948547363e+00 1.109617233276367188e+00 9.145404696464538574e-01
9.054419398307800293e-01 9.659160971641540527e-01 1.194653630256652832e+00 9.787992835044860840e-01
8.103838562965393066e-01 8.256070613861083984e-01 1.117019772529602051e+00 9.997963905334472656e-01
7.960621714591979980e-01 9.899232387542724609e-01 9.986017346382141113e-01 1.004389405250549316e+00
1.011617064476013184e+00 1.000343084335327148e+00 1.058195590972900391e+00 1.013069152832031250e+00
9.003316164016723633e-01 9.277133941650390625e-01 1.021282911300659180e+00 1.066931724548339844e+00
9.476860165596008301e-01 9.617796540260314941e-01 1.020149230957031250e+00 1.023217439651489258e+00
9.065661430358886719e-01 8.275018334388732910e-01 1.115176439285278320e+00 8.935237526893615723e-01
7.396104931831359863e-01 1.018263936042785645e+00 1.049861907958984375e+00 9.118598699569702148e-01
8.623843789100646973e-01 9.229888916015625000e-01 1.130603075027465820e+00 8.545119762420654297e-01
8.089253306388854980e-01 9.982671141624450684e-01 9.344728589057922363e-01 1.007716417312622070e+00
9.521673321723937988e-01 9.117940068244934082e-01 1.181373834609985352e+00 1.018372058868408203e+00
1.024418115615844727e+00 9.210339784622192383e-01 1.039332628250122070e+00 9.239099025726318359e-01
8.393784761428833008e-01 9.589961767196655273e-01 1.133661389350891113e+00 9.828616976737976074e-01
9.246444106101989746e-01 9.193899631500244141e-01 1.102185368537902832e+00 1.051007270812988281e+00
9.169030785560607910e-01 8.584128022193908691e-01 1.003163576126098633e+00 9.419472217559814453e-01
9.268952608108520508e-01 9.949468970298767090e-01 1.060284376144409180e+00 9.278177022933959961e-01
1.008466005325317383e+00 9.671131372451782227e-01 1.066708683967590332e+00 1.056470870971679688e+00
9.354720711708068848e-01 9.620338678359985352e-01 9.595029950141906738e-01 9.220153093338012695e-01
9.167504310607910156e-01 9.860450029373168945e-01 1.156178474426269531e+00 1.017092943191528320e+00
8.620036840438842773e-01 9.167467951774597168e-01 1.074922800064086914e+00 9.416910409927368164e-01
7.975811362266540527e-01 9.732384681701660156e-01 1.192260384559631348e+00 1.034534454345703125e+00
9.101150631904602051e-01 9.353306889533996582e-01 1.005870342254638672e+00 1.029861688613891602e+00
1.030728578567504883e+00 9.258974790573120117e-01 1.053766489028930664e+00 9.327355027198791504e-01
7.868152260780334473e-01 8.861412405967712402e-01 9.715895652770996094e-01 1.129494786262512207e+00
8.809567093849182129e-01 1.041631698608398438e+00 1.003701925277709961e+00 1.126971364021301270e+00
9.072465300559997559e-01 1.003592014312744141e+00 9.628890752792358398e-01 1.054678201675415039e+00
9.110555648803710938e-01 9.937144517898559570e-01 1.076986432075500488e+00 9.493924975395202637e-01
8.879212141036987305e-01 1.015424132347106934e+00 1.035684347152709961e+00 1.039372205734252930e+00
9.191933274269104004e-01 9.087883830070495605e-01 1.154101014137268066e+00 1.049850821495056152e+00
9.367066621780395508e-01 8.566538095474243164e-01 1.070518374443054199e+00 1.002562403678894043e+00
9.301504492759704590e-01 9.375050663948059082e-01 1.096416592597961426e+00 1.015520215034484863e+00
9.182870388031005859e-01 1.071168184280395508e+00 1.028377890586853027e+00 9.132252335548400879e-01
8.667830228805541992e-01 8.639090061187744141e-01 1.008470058441162109e+00 1.073311924934387207e+00
9.675198197364807129e-01 9.989047646522521973e-01 9.922054409980773926e-01 1.052312612533569336e+00
8.369120359420776367e-01 9.375988841056823730e-01 9.497430324554443359e-01 9.818593859672546387e-01
8.946565389633178711e-01 8.914337754249572754e-01 1.196509003639221191e+00 9.634800553321838379e-01
9.485846161842346191e-01 9.917648434638977051e-01 9.485890269279479980e-01 9.510991573333740234e-01
9.647831916809082031e-01 9.487636685371398926e-01 1.102262735366821289e+00 8.662353754043579102e-01
9.587934017181396484e-01 9.585847258567810059e-01 1.060898542404174805e+00 9.226993322372436523e-01
8.830374479293823242e-01 9.626106023788452148e-01 1.031079053878784180e+00 9.730810523033142090e-01
1.011163592338562012e+00 8.782802820205688477e-01 1.063474893569946289e+00 8.919854164123535156e-01
9.103480577468872070e-01 7.986343502998352051e-01 1.031972050666809082e+00 8.077896833419799805e-01
9.812334179878234863e-01 1.032291173934936523e+00 9.803536534309387207e-01 9.322693347930908203e-01
8.505135774612426758e-01 9.649888277053833008e-01 1.066585898399353027e+00 9.703462123870849609e-01
9.275126457214355469e-01 8.761610984802246094e-01 1.131972074508666992e+00 9.970596432685852051e-01
9.248776435852050781e-01 9.474229812622070312e-01 1.062010526657104492e+00 9.613374471664428711e-01
8.056121468544006348e-01 9.358599185943603516e-01 1.091747283935546875e+00 9.540885090827941895e-01
1.117349863052368164e+00 1.015354752540588379e+00 1.246378779411315918e+00 9.955548048019409180e-01
9.470781087875366211e-01 1.018949866294860840e+00 1.007246613502502441e+00 9.693112969398498535e-01
8.175530433654785156e-01 8.117990493774414062e-01 1.004425525665283203e+00 1.025184631347656250e+00
9.212356209754943848e-01 8.555323481559753418e-01 1.039686560630798340e+00 9.682387709617614746e-01
8.737477660179138184e-01 9.600394368171691895e-01 1.074772834777832031e+00 1.103790163993835449e+00
8.212987184524536133e-01 9.796809554100036621e-01 1.147826790809631348e+00 1.075399756431579590e+00
9.495434761047363281e-01 1.000846266746520996e+00 1.124030709266662598e+00 9.732846021652221680e-01
8.272030353546142578e-01 8.334130644798278809e-01 9.202575087547302246e-01 9.614384770393371582e-01
8.761824369430541992e-01 9.752220511436462402e-01 1.073040843009948730e+00 1.039661407470703125e+00
9.542811512947082520e-01 1.020641446113586426e+00 1.027651429176330566e+00 8.376222848892211914e-01
8.499409556388854980e-01 9.961034655570983887e-01 1.144492745399475098e+00 8.130384087562561035e-01
9.030138850212097168e-01 9.744163751602172852e-01 1.116474747657775879e+00 9.341953396797180176e-01
8.866481781005859375e-01 9.027044773101806641e-01 1.047657251358032227e+00 9.062683582305908203e-01
9.216625094413757324e-01 9.592503905296325684e-01 1.097324371337890625e+00 1.030941009521484375e+00
8.915156126022338867e-01 9.806430935859680176e-01 9.808921217918395996e-01 8.520214557647705078e-01
9.080679416656494141e-01 8.179122209548950195e-01 1.106437206268310547e+00 9.953104853630065918e-01
8.419359922409057617e-01 9.082399010658264160e-01 1.099402427673339844e+00 9.692397117614746094e-01
1.010821342468261719e+00 9.177583456039428711e-01 9.457979202270507812e-01 9.794654846191406250e-01
9.815297722816467285e-01 9.531564712524414062e-01 1.094229340553283691e+00 1.075516462326049805e+00
1.003892421722412109e+00 1.006063938140869141e+00 1.191604137420654297e+00 9.641152620315551758e-01
9.240260720252990723e-01 9.349080920219421387e-01 1.028268218040466309e+00 1.052878856658935547e+00
8.953529596328735352e-01 8.981840014457702637e-01 1.083316802978515625e+00 9.115257859230041504e-01
8.481884002685546875e-01 9.353044629096984863e-01 1.000845432281494141e+00 1.052190899848937988e+00
9.852278828620910645e-01 9.346975088119506836e-01 1.103815197944641113e+00 1.069081425666809082e+00
9.246453642845153809e-01 1.006746530532836914e+00 9.961209893226623535e-01 1.114703536033630371e+00
8.299475312232971191e-01 9.106694459915161133e-01 1.073667764663696289e+00 1.047608375549316406e+00
1.026201367378234863e+00 9.251501560211181641e-01 1.035662889480590820e+00 9.438678026199340820e-01
8.268021345138549805e-01 9.019804000854492188e-01 1.021528482437133789e+00 9.529761075973510742e-01
8.071437478065490723e-01 9.489687681198120117e-01 9.904322624206542969e-01 1.059649825096130371e+00
9.663267135620117188e-01 9.698426723480224609e-01 1.061774969100952148e+00 8.716803193092346191e-01
7.632248401641845703e-01 8.897942900657653809e-01 1.085883378982543945e+00 1.042680859565734863e+00
9.218838214874267578e-01 8.773462772369384766e-01 9.992538690567016602e-01 1.108777999877929688e+00
8.827260136604309082e-01 9.440932273864746094e-01 9.656315445899963379e-01 9.062756299972534180e-01
9.175066351890563965e-01 9.444882869720458984e-01 1.103756427764892578e+00 9.421722292900085449e-01
9.639760255813598633e-01 9.699066877365112305e-01 1.024397134780883789e+00 1.007875442504882812e+00
1.042397737503051758e+00 9.671715497970581055e-01 1.038217782974243164e+00 9.590531587600708008e-01
9.861440658569335938e-01 9.107431173324584961e-01 1.091792941093444824e+00 1.093940615653991699e+00
8.351246118545532227e-01 1.067325711250305176e+00 1.021009445190429688e+00 1.123325586318969727e+00
8.814525604248046875e-01 9.939220547676086426e-01 9.685587882995605469e-01 1.063413977622985840e+00
8.465687036514282227e-01 9.992377758026123047e-01 1.094754338264465332e+00 1.030900478363037109e+00
9.498771429061889648e-01 1.031621813774108887e+00 1.041862964630126953e+00 1.119281649589538574e+00
9.306997060775756836e-01 9.493486881256103516e-01 1.110154151916503906e+00 8.760230541229248047e-01
8.896769285202026367e-01 9.511202573776245117e-01 1.165311694145202637e+00 1.078122973442077637e+00
9.344731569290161133e-01 8.828303813934326172e-01 1.034873723983764648e+00 1.043039083480834961e+00
9.838473200798034668e-01 9.282363653182983398e-01 1.049579262733459473e+00 9.884696006774902344e-01
8.883647322654724121e-01 9.677181243896484375e-01 1.089592933654785156e+00 1.012372612953186035e+00
9.368754625320434570e-01 8.536789417266845703e-01 1.015719652175903320e+00 9.749846458435058594e-01
1.021233320236206055e+00 9.360554814338684082e-01 1.135872125625610352e+00 9.522745609283447266e-01
9.061019420623779297e-01 8.002718091011047363e-01 1.056226491928100586e+00 8.287479281425476074e-01
8.404787182807922363e-01 9.671591520309448242e-01 9.989895224571228027e-01 1.120823025703430176e+00
8.250715136528015137e-01 1.026956439018249512e+00 1.013386726379394531e+00 9.480082392692565918e-01
9.538149237632751465e-01 9.799919128417968750e-01 1.009994506835937500e+00 8.966283202171325684e-01
8.707659840583801270e-01 9.559649825096130371e-01 1.037909984588623047e+00 9.831169247627258301e-01
8.359364867210388184e-01 9.743471145629882812e-01 1.046195626258850098e+00 9.418395757675170898e-01
9.575029015541076660e-01 9.212650656700134277e-01 1.033007979393005371e+00 1.054892897605895996e+00
1.079100251197814941e+00 9.105882644653320312e-01 1.004390716552734375e+00 9.057837724685668945e-01
1.014307737350463867e+00 1.085897803306579590e+00 1.086860418319702148e+00 9.955866336822509766e-01
9.421330094337463379e-01 9.867140650749206543e-01 9.177361130714416504e-01 1.037546515464782715e+00
9.383715987205505371e-01 9.454551935195922852e-01 1.036078095436096191e+00 1.062933564186096191e+00
8.054390549659729004e-01 9.276406168937683105e-01 1.153151154518127441e+00 1.095310688018798828e+00
9.283676147460937500e-01 8.906107544898986816e-01 1.183656692504882812e+00 9.731601476669311523e-01
8.826103806495666504e-01 1.012154102325439453e+00 1.255616903305053711e+00 9.748393893241882324e-01
9.717018604278564453e-01 9.498927593231201172e-01 9.807066321372985840e-01 9.249137639999389648e-01
8.500875830650329590e-01 9.241463541984558105e-01 9.814360737800598145e-01 1.103770613670349121e+00
1.038589954376220703e+00 9.391505122184753418e-01 9.968080520629882812e-01 9.529027938842773438e-01
9.524208307266235352e-01 9.924443364143371582e-01 9.631422758102416992e-01 9.899312853813171387e-01
9.954663515090942383e-01 1.061767578125000000e+00 1.112562537193298340e+00 1.057328581809997559e+00
8.502256274223327637e-01 8.836553096771240234e-01 1.077823400497436523e+00 9.988095164299011230e-01
1.004703521728515625e+00 8.922827839851379395e-01 1.086576104164123535e+00 9.654858112335205078e-01
9.299377202987670898e-01 9.024578332901000977e-01 1.122333168983459473e+00 1.077732205390930176e+00
9.784790873527526855e-01 8.935660123825073242e-01 1.041897535324096680e+00 9.166609644889831543e-01
8.481118679046630859e-01 9.680849909782409668e-01 1.020278692245483398e+00 1.129310011863708496e+00
1.004203915596008301e+00 8.772667050361633301e-01 1.157787442207336426e+00 1.007357954978942871e+00
9.683903455734252930e-01 9.954822659492492676e-01 1.056490540504455566e+00 9.325845837593078613e-01
7.511910796165466309e-01 9.477699398994445801e-01 1.100203752517700195e+00 1.044997096061706543e+00
1.022772789001464844e+00 9.439578056335449219e-01 1.052193641662597656e+00 9.821758270263671875e-01
8.709307312965393066e-01 9.330435395240783691e-01 1.080359578132629395e+00 9.505906701087951660e-01
9.147151708602905273e-01 9.054650664329528809e-01 1.008549809455871582e+00 9.849782586097717285e-01
9.833224415779113770e-01 9.991880059242248535e-01 1.174883246421813965e+00 8.882548213005065918e-01
7.928615212440490723e-01 1.005528450012207031e+00 1.111829400062561035e+00 9.696491956710815430e-01
1.096305370330810547e+00 9.327806234359741211e-01 1.132946252822875977e+00 8.877902626991271973e-01
8.856850862503051758e-01 9.566044807434082031e-01 1.126027584075927734e+00 1.054457306861877441e+00
9.419124722480773926e-01 9.630008339881896973e-01 1.109423875808715820e+00 9.989213347434997559e-01
9.764282703399658203e-01 9.618472456932067871e-01 1.032658338546752930e+00 9.392957687377929688e-01
9.444621801376342773e-01 9.756566882133483887e-01 1.145198225975036621e+00 1.044550061225891113e+00
9.505826234817504883e-01 1.026432156562805176e+00 1.099642634391784668e+00 9.522514343261718750e-01
1.002974152565002441e+00 8.156648874282836914e-01 9.976931810379028320e-01 9.575884342193603516e-01
9.618670940399169922e-01 9.803482294082641602e-01 1.012982726097106934e+00 9.586144685745239258e-01
8.959720730781555176e-01 8.735811114311218262e-01 1.032772064208984375e+00 9.322532415390014648e-01
8.795065879821777344e-01 8.511722683906555176e-01 1.078147172927856445e+00 9.766767621040344238e-01
8.773503899574279785e-01 1.006789684295654297e+00 9.111559391021728516e-01 8.879447579383850098e-01
1.025032043457031250e+00 9.189404845237731934e-01 1.114764571189880371e+00 8.932613134384155273e-01
9.784073829650878906e-01 8.947957754135131836e-01 1.032270193099975586e+00 9.926710128784179688e-01
8.943259716033935547e-01 9.873649477958679199e-01 1.045012235641479492e+00 1.061249136924743652e+00
9.510537385940551758e-01 9.444427490234375000e-01 1.154160976409912109e+00 1.005029320716857910e+00
8.152343630790710449e-01 1.034349560737609863e+00 9.409034848213195801e-01 9.932150840759277344e-01
9.419161677360534668e-01 9.610115885734558105e-01 9.675718545913696289e-01 1.068330526351928711e+00
1.049884319305419922e+00 9.865563511848449707e-01 1.072439074516296387e+00 1.013412952423095703e+00
8.104304075241088867e-01 9.909822940826416016e-01 9.933623671531677246e-01 9.665216803550720215e-01
8.746361732482910156e-01 1.000737428665161133e+00 1.124305009841918945e+00 1.082446336746215820e+00
9.083373546600341797e-01 9.277717471122741699e-01 1.105898737907409668e+00 9.933324456214904785e-01
9.471544027328491211e-01 8.469724655151367188e-01 1.107321619987487793e+00 9.531182050704956055e-01
9.493070244789123535e-01 9.149765968322753906e-01 1.202169775962829590e+00 1.094040393829345703e+00
9.257946610450744629e-01 9.433523416519165039e-01 1.043967843055725098e+00 9.523916840553283691e-01
9.087668657302856445e-01 9.245044589042663574e-01 1.044516921043395996e+00 9.019660353660583496e-01
1.028642416000366211e+00 8.805981278419494629e-01 1.220408320426940918e+00 9.345083832740783691e-01
8.357659578323364258e-01 9.229966998100280762e-01 1.041304826736450195e+00 1.120762944221496582e+00
8.956006765365600586e-01 8.581887483596801758e-01 9.899597167968750000e-01 1.027964711189270020e+00
1.050497651100158691e+00 9.871694445610046387e-01 1.075714945793151855e+00 9.831568598747253418e-01
8.465854525566101074e-01 8.726919889450073242e-01 1.114248394966125488e+00 1.009071707725524902e+00
8.995246291160583496e-01 1.005289912223815918e+00 1.065181374549865723e+00 1.001009225845336914e+00
8.398149013519287109e-01 8.925002217292785645e-01 1.163506746292114258e+00 9.527775049209594727e-01
8.784217834472656250e-01 9.596984982490539551e-01 9.893873333930969238e-01 9.962697625160217285e-01
1.025094151496887207e+00 9.997753500938415527e-01 1.046686410903930664e+00 9.289767742156982422e-01
8.895354866981506348e-01 8.799039125442504883e-01 1.128193378448486328e+00 1.009562134742736816e+00
8.317461013793945312e-01 9.629473090171813965e-01 1.072017431259155273e+00 9.653011560440063477e-01
8.786793947219848633e-01 9.716024994850158691e-01 1.013502836227416992e+00 9.682283997535705566e-01
8.293921351432800293e-01 9.674946069717407227e-01 1.084977149963378906e+00 1.045196771621704102e+00
8.518558740615844727e-01 8.368534445762634277e-01 1.105832934379577637e+00 9.879290461540222168e-01
1.093561172485351562e+00 1.018099188804626465e+00 9.712568521499633789e-01 9.045371413230895996e-01
9.134769439697265625e-01 9.233217835426330566e-01 1.045629382133483887e+00 1.023504614830017090e+00
8.909735679626464844e-01 9.004424214363098145e-01 1.052579283714294434e+00 1.035289049148559570e+00
9.515787959098815918e-01 9.267474412918090820e-01 1.005726456642150879e+00 9.934820532798767090e-01
1.143290162086486816e+00 9.648951292037963867e-01 1.118082046508789062e+00 9.048193097114562988e-01
9.948041439056396484e-01 9.550136327743530273e-01 1.069629669189453125e+00 9.753613471984863281e-01
8.702664971351623535e-01 8.939306139945983887e-01 1.043953299522399902e+00 9.702205061912536621e-01
9.127264022827148438e-01 9.813866615295410156e-01 9.141762852668762207e-01 9.176814556121826172e-01
9.950454831123352051e-01 8.944421410560607910e-01 1.093433141708374023e+00 9.206049442291259766e-01
9.599843025207519531e-01 9.882413744926452637e-01 1.023030519485473633e+00 1.025300025939941406e+00
8.390927910804748535e-01 9.018613696098327637e-01 1.073095560073852539e+00 1.036626696586608887e+00
8.812292218208312988e-01 9.595586657524108887e-01 1.134626030921936035e+00 9.915319085121154785e-01
8.291822075843811035e-01 9.470099806785583496e-01 1.111897230148315430e+00 9.345774650573730469e-01
9.840403795242309570e-01 1.019118428230285645e+00 9.929943680763244629e-01 9.340267777442932129e-01
9.927504658699035645e-01 9.208365678787231445e-01 9.959955811500549316e-01 9.760516285896301270e-01
8.075141310691833496e-01 1.037931561470031738e+00 1.008214831352233887e+00 9.184320569038391113e-01
8.848696947097778320e-01 9.527678489685058594e-01 1.105782151222229004e+00 8.894704580307006836e-01
9.462286829948425293e-01 9.334366917610168457e-01 9.621905088424682617e-01 1.028575420379638672e+00
8.595128059387207031e-01 9.329913258552551270e-01 1.155780553817749023e+00 1.077780723571777344e+00
9.908477067947387695e-01 9.106383323669433594e-01 1.077271342277526855e+00 9.249463677406311035e-01
9.021483063697814941e-01 8.833528161048889160e-01 1.045915842056274414e+00 1.057560205459594727e+00
9.405096769332885742e-01 9.859462380409240723e-01 1.089593172073364258e+00 9.407080411911010742e-01
1.033469200134277344e+00 9.774946570396423340e-01 1.163931250572204590e+00 9.305414557456970215e-01
9.224758148193359375e-01 9.474146962165832520e-01 1.086844444274902344e+00 1.148142814636230469e+00
8.951228260993957520e-01 8.374432921409606934e-01 1.031207680702209473e+00 8.789631128311157227e-01
8.099576830863952637e-01 8.676723241806030273e-01 1.093772411346435547e+00 9.969594478607177734e-01
1.007728099822998047e+00 9.283561110496520996e-01 1.118785262107849121e+00 9.429386854171752930e-01
9.320667982101440430e-01 8.738772273063659668e-01 1.078356862068176270e+00 1.005334854125976562e+00
9.725636243820190430e-01 1.005677223205566406e+00 1.109956860542297363e+00 1.047089338302612305e+00
