1.416026353836059570e+00 1.586022019386291504e+00 1.708900094032287598e+00 1.498323440551757812e+00
2.650482177734375000e+00 2.808334112167358398e+00 2.952642917633056641e+00 2.748358488082885742e+00
1.560028433799743652e+00 1.751288056373596191e+00 1.887516736984252930e+00 1.620946884155273438e+00
1.784726500511169434e+00 2.008749961853027344e+00 2.076445341110229492e+00 2.047563314437866211e+00
1.585884809494018555e+00 1.766718864440917969e+00 1.757224559783935547e+00 1.768744111061096191e+00
1.780735373497009277e+00 1.940252661705017090e+00 1.910516381263732910e+00 1.776482939720153809e+00
1.588996648788452148e+00 1.761216878890991211e+00 1.817576885223388672e+00 1.660913944244384766e+00
1.913039922714233398e+00 2.014621734619140625e+00 2.071032285690307617e+00 2.005138635635375977e+00
2.043291568756103516e+00 2.216764211654663086e+00 2.295852661132812500e+00 2.114937543869018555e+00
1.899567723274230957e+00 2.085433483123779297e+00 2.128958463668823242e+00 2.092543363571166992e+00
1.624906659126281738e+00 1.776559352874755859e+00 1.890179991722106934e+00 1.522932887077331543e+00
1.593091487884521484e+00 1.759786367416381836e+00 1.762616753578186035e+00 1.643235921859741211e+00
1.564820408821105957e+00 1.869253754615783691e+00 1.855877757072448730e+00 1.824065685272216797e+00
1.922082185745239258e+00 1.984912872314453125e+00 2.179201602935791016e+00 1.943307280540466309e+00
1.843518614768981934e+00 2.160373687744140625e+00 2.216223239898681641e+00 2.046537399291992188e+00
1.396982073783874512e+00 1.616155624389648438e+00 1.808581113815307617e+00 1.483763813972473145e+00
1.719844698905944824e+00 1.873742461204528809e+00 2.113218784332275391e+00 1.804854512214660645e+00
2.226760387420654297e+00 2.481856822967529297e+00 2.435199499130249023e+00 2.304322481155395508e+00
1.943461179733276367e+00 2.029694318771362305e+00 2.164281606674194336e+00 1.919366598129272461e+00
1.844723463058471680e+00 2.078692436218261719e+00 2.075074911117553711e+00 1.962158322334289551e+00
1.866466283798217773e+00 2.062606811523437500e+00 2.229677915573120117e+00 2.135991096496582031e+00
2.165212869644165039e+00 2.220808029174804688e+00 2.278594732284545898e+00 2.105493783950805664e+00
1.432633161544799805e+00 1.778451561927795410e+00 1.693690061569213867e+00 1.686457157135009766e+00
1.734227776527404785e+00 1.872837901115417480e+00 1.964052915573120117e+00 1.721936821937561035e+00
1.597307682037353516e+00 1.738078355789184570e+00 1.911610841751098633e+00 1.747311472892761230e+00
1.794670820236206055e+00 2.052817106246948242e+00 2.020334720611572266e+00 1.941599369049072266e+00
2.105611562728881836e+00 2.307453155517578125e+00 2.232091665267944336e+00 2.176102399826049805e+00
1.788378953933715820e+00 1.961253643035888672e+00 2.032964706420898438e+00 1.819182276725769043e+00
2.136281967163085938e+00 2.370096683502197266e+00 2.450826883316040039e+00 2.382749557495117188e+00
1.325884222984313965e+00 1.465974211692810059e+00 1.619145631790161133e+00 1.492655754089355469e+00
1.461956024169921875e+00 1.909460306167602539e+00 1.879749178886413574e+00 1.714296340942382812e+00
2.039450645446777344e+00 2.092352867126464844e+00 2.208148479461669922e+00 2.183041572570800781e+00
1.896290183067321777e+00 2.004008293151855469e+00 2.016121387481689453e+00 1.898776173591613770e+00
1.744794607162475586e+00 1.817951321601867676e+00 2.012856245040893555e+00 1.607780575752258301e+00
1.684704065322875977e+00 1.894265055656433105e+00 1.860242724418640137e+00 1.693356275558471680e+00
1.987836241722106934e+00 2.247061014175415039e+00 2.248745203018188477e+00 2.062482357025146484e+00
1.613503932952880859e+00 1.865140318870544434e+00 1.833193898200988770e+00 1.803828001022338867e+00
1.694886922836303711e+00 1.947861313819885254e+00 2.015500545501708984e+00 1.951127409934997559e+00
1.950708866119384766e+00 2.210648536682128906e+00 2.046229600906372070e+00 2.268167734146118164e+00
1.798310399055480957e+00 1.914026141166687012e+00 2.079372644424438477e+00 1.849100470542907715e+00
1.951232075691223145e+00 2.221116304397583008e+00 2.234206199645996094e+00 2.107098817825317383e+00
1.468016266822814941e+00 1.753521919250488281e+00 1.828653097152709961e+00 1.787799119949340820e+00
2.147089481353759766e+00 2.302026748657226562e+00 2.329090833663940430e+00 2.196959495544433594e+00
1.824171423912048340e+00 2.108343124389648438e+00 2.005947113037109375e+00 2.070680141448974609e+00
1.860857248306274414e+00 2.056745767593383789e+00 2.069612979888916016e+00 1.947921395301818848e+00
1.874415636062622070e+00 2.098815917968750000e+00 2.044487237930297852e+00 1.885606884956359863e+00
1.603289604187011719e+00 1.966057538986206055e+00 1.996235251426696777e+00 1.949917435646057129e+00
1.717486381530761719e+00 1.896624445915222168e+00 1.805562973022460938e+00 1.781632542610168457e+00
1.357962131500244141e+00 1.637825846672058105e+00 1.619806766510009766e+00 1.498842716217041016e+00
1.654304742813110352e+00 1.712132096290588379e+00 1.815161824226379395e+00 1.689186811447143555e+00
1.407111525535583496e+00 1.478574872016906738e+00 1.648917675018310547e+00 1.651435494422912598e+00
2.033360958099365234e+00 2.159101963043212891e+00 2.320395708084106445e+00 2.175072908401489258e+00
1.828925251960754395e+00 2.120309591293334961e+00 2.141342163085937500e+00 1.942028641700744629e+00
1.492309570312500000e+00 1.706408858299255371e+00 1.768083453178405762e+00 1.643877506256103516e+00
2.243767499923706055e+00 2.256426095962524414e+00 2.352859497070312500e+00 2.240067481994628906e+00
1.782215237617492676e+00 1.980765819549560547e+00 2.091251611709594727e+00 1.938110589981079102e+00
1.514585614204406738e+00 1.659981012344360352e+00 1.892742156982421875e+00 1.485402226448059082e+00
1.989766001701354980e+00 2.196740627288818359e+00 2.207338571548461914e+00 2.065790414810180664e+00
2.038186788558959961e+00 2.167647838592529297e+00 2.258828639984130859e+00 2.114670991897583008e+00
2.137084007263183594e+00 2.155948638916015625e+00 2.281117677688598633e+00 2.227284193038940430e+00
1.699686288833618164e+00 1.906099438667297363e+00 1.956718683242797852e+00 1.928799510002136230e+00
1.518676280975341797e+00 1.841591238975524902e+00 1.838265419006347656e+00 1.621771693229675293e+00
1.637463212013244629e+00 1.866390109062194824e+00 1.942369937896728516e+00 1.663471341133117676e+00
2.081783533096313477e+00 2.137146949768066406e+00 2.204379081726074219e+00 2.211722135543823242e+00
1.975774645805358887e+00 2.085128545761108398e+00 2.230426788330078125e+00 1.880504369735717773e+00
1.347598552703857422e+00 1.549311041831970215e+00 1.656526327133178711e+00 1.614617943763732910e+00
1.728747010231018066e+00 1.941093683242797852e+00 1.964344382286071777e+00 1.928099870681762695e+00
1.842484116554260254e+00 1.840088486671447754e+00 2.083910226821899414e+00 1.846089243888854980e+00
2.584011316299438477e+00 2.821540594100952148e+00 2.715196847915649414e+00 2.608652353286743164e+00
2.019327163696289062e+00 2.176300525665283203e+00 2.325298309326171875e+00 2.244536161422729492e+00
2.123146533966064453e+00 2.183912038803100586e+00 2.414226293563842773e+00 2.155254840850830078e+00
1.277332901954650879e+00 1.460142493247985840e+00 1.589771151542663574e+00 1.295771121978759766e+00
2.558333635330200195e+00 2.550874710083007812e+00 2.550911664962768555e+00 2.600913763046264648e+00
1.408773183822631836e+00 1.572189927101135254e+00 1.656624555587768555e+00 1.500085353851318359e+00
1.687986850738525391e+00 1.918092250823974609e+00 1.878085374832153320e+00 1.821861267089843750e+00
1.514001727104187012e+00 1.693694472312927246e+00 1.800814509391784668e+00 1.628528714179992676e+00
2.081627607345581055e+00 2.374011754989624023e+00 2.333090543746948242e+00 2.194276571273803711e+00
1.957348227500915527e+00 2.104194164276123047e+00 2.075688362121582031e+00 2.058799743652343750e+00
1.583897590637207031e+00 1.779987096786499023e+00 1.702922940254211426e+00 1.747996687889099121e+00
2.169631004333496094e+00 2.395948410034179688e+00 2.322856664657592773e+00 2.205246686935424805e+00
2.438523054122924805e+00 2.840288162231445312e+00 2.776848554611206055e+00 2.452364206314086914e+00
1.294481992721557617e+00 1.575775384902954102e+00 1.485328674316406250e+00 1.518216609954833984e+00
1.551155924797058105e+00 1.670745849609375000e+00 1.751241326332092285e+00 1.654161334037780762e+00
2.270287752151489258e+00 2.511900663375854492e+00 2.435183763504028320e+00 2.436977863311767578e+00
1.777040719985961914e+00 1.983724832534790039e+00 2.108071565628051758e+00 1.873130798339843750e+00
2.341876506805419922e+00 2.512311458587646484e+00 2.590655326843261719e+00 2.333470344543457031e+00
1.405797123908996582e+00 1.693241238594055176e+00 1.843203425407409668e+00 1.625820755958557129e+00
1.507119536399841309e+00 1.728502631187438965e+00 1.779865145683288574e+00 1.569548606872558594e+00
1.130187988281250000e+00 1.433438539505004883e+00 1.396357655525207520e+00 1.318251848220825195e+00
1.553090572357177734e+00 1.726266741752624512e+00 1.690464377403259277e+00 1.564873814582824707e+00
2.085226774215698242e+00 2.188804626464843750e+00 2.358222007751464844e+00 2.074700355529785156e+00
1.772754311561584473e+00 1.907591462135314941e+00 1.906442165374755859e+00 1.866283416748046875e+00
1.276686906814575195e+00 1.458268284797668457e+00 1.534889459609985352e+00 1.341956496238708496e+00
1.499274730682373047e+00 1.761945128440856934e+00 1.752441287040710449e+00 1.781902194023132324e+00
2.116866827011108398e+00 2.134924173355102539e+00 2.272062778472900391e+00 2.173319339752197266e+00
1.975107312202453613e+00 2.255976676940917969e+00 2.206153631210327148e+00 2.115842580795288086e+00
2.101773738861083984e+00 2.228287220001220703e+00 2.336321830749511719e+00 2.193865776062011719e+00
1.957504153251647949e+00 2.122096061706542969e+00 2.046992301940917969e+00 2.196586132049560547e+00
1.710676074028015137e+00 1.891718149185180664e+00 1.997033715248107910e+00 1.915846109390258789e+00
1.801662683486938477e+00 1.952421903610229492e+00 2.179096460342407227e+00 1.996371269226074219e+00
1.884586215019226074e+00 2.105420589447021484e+00 2.163926839828491211e+00 1.929374575614929199e+00
2.010452747344970703e+00 2.116926908493041992e+00 2.101707458496093750e+00 1.909459471702575684e+00
2.153228521347045898e+00 2.402720451354980469e+00 2.302248239517211914e+00 2.198126792907714844e+00
1.716329216957092285e+00 1.937152147293090820e+00 2.160032272338867188e+00 1.881974220275878906e+00
2.006810188293457031e+00 2.138820171356201172e+00 2.277383089065551758e+00 2.151506185531616211e+00
1.573671817779541016e+00 1.780445098876953125e+00 1.800722837448120117e+00 1.709687352180480957e+00
1.455716133117675781e+00 1.568292140960693359e+00 1.588655352592468262e+00 1.560651183128356934e+00
2.106314182281494141e+00 2.410079956054687500e+00 2.440721988677978516e+00 2.304764747619628906e+00
1.491787075996398926e+00 1.753881096839904785e+00 1.653382420539855957e+00 1.598704934120178223e+00
1.326358079910278320e+00 1.408485531806945801e+00 1.515327453613281250e+00 1.504941225051879883e+00
1.576934218406677246e+00 1.752050161361694336e+00 2.019533872604370117e+00 1.677212238311767578e+00
1.653872489929199219e+00 1.859125137329101562e+00 1.888719439506530762e+00 1.789822816848754883e+00
1.457729101181030273e+00 1.662354230880737305e+00 1.648250699043273926e+00 1.719692230224609375e+00
1.876803755760192871e+00 1.946354389190673828e+00 2.051277160644531250e+00 1.998878002166748047e+00
1.605404257774353027e+00 1.726378917694091797e+00 1.891767501831054688e+00 1.730943083763122559e+00
2.044813632965087891e+00 2.138973712921142578e+00 2.337219238281250000e+00 2.188736915588378906e+00
1.691653609275817871e+00 1.936199545860290527e+00 1.996026039123535156e+00 1.894547104835510254e+00
1.549649834632873535e+00 1.769714355468750000e+00 1.802430987358093262e+00 1.573211789131164551e+00
1.734169483184814453e+00 1.710852384567260742e+00 2.047080993652343750e+00 1.971046209335327148e+00
1.824833154678344727e+00 1.940246701240539551e+00 2.158034086227416992e+00 1.846824407577514648e+00
2.071249008178710938e+00 2.196671009063720703e+00 2.340967655181884766e+00 2.170183181762695312e+00
1.241499662399291992e+00 1.614008545875549316e+00 1.420912146568298340e+00 1.397039771080017090e+00
1.691153407096862793e+00 1.922436952590942383e+00 1.945430994033813477e+00 1.745504498481750488e+00
1.390541076660156250e+00 1.755787611007690430e+00 1.726424694061279297e+00 1.688372850418090820e+00
1.819918155670166016e+00 1.983501076698303223e+00 2.161860942840576172e+00 1.909161329269409180e+00
1.575866222381591797e+00 1.896514177322387695e+00 1.809138298034667969e+00 1.754384517669677734e+00
1.679078578948974609e+00 1.736701011657714844e+00 1.876614212989807129e+00 1.759132385253906250e+00
1.351232051849365234e+00 1.514713525772094727e+00 1.732154846191406250e+00 1.482321858406066895e+00
1.557914614677429199e+00 1.666484594345092773e+00 1.619582176208496094e+00 1.480719923973083496e+00
2.082829475402832031e+00 2.283746719360351562e+00 2.401816368103027344e+00 2.286994218826293945e+00
1.833260655403137207e+00 1.973364830017089844e+00 2.057868719100952148e+00 1.850342392921447754e+00
1.406178712844848633e+00 1.666728854179382324e+00 1.803785204887390137e+00 1.572161674499511719e+00
2.176686763763427734e+00 2.529700756072998047e+00 2.412791252136230469e+00 2.429277420043945312e+00
1.633444905281066895e+00 1.870973348617553711e+00 1.847398400306701660e+00 1.941097617149353027e+00
2.064050436019897461e+00 2.279430866241455078e+00 2.291487693786621094e+00 2.254570007324218750e+00
1.589418888092041016e+00 1.802427411079406738e+00 1.847864985466003418e+00 1.691926121711730957e+00
1.690050244331359863e+00 1.915423989295959473e+00 2.030210733413696289e+00 1.781673192977905273e+00
1.520984888076782227e+00 1.819667339324951172e+00 1.891369938850402832e+00 1.803686022758483887e+00
1.576551198959350586e+00 1.890366315841674805e+00 1.910618782043457031e+00 1.868975996971130371e+00
2.085464954376220703e+00 2.208038330078125000e+00 2.246350049972534180e+00 2.158816576004028320e+00
1.754854202270507812e+00 1.901274681091308594e+00 1.957974672317504883e+00 1.826149582862854004e+00
1.701053738594055176e+00 1.833346009254455566e+00 1.950545430183410645e+00 1.829993367195129395e+00
2.170516490936279297e+00 2.199709892272949219e+00 2.273287773132324219e+00 2.049556732177734375e+00
1.794732689857482910e+00 2.101967334747314453e+00 2.113746166229248047e+00 1.885269641876220703e+00
1.601538777351379395e+00 1.700137019157409668e+00 1.754184007644653320e+00 1.676797628402709961e+00
1.791637063026428223e+00 1.928148865699768066e+00 1.929281473159790039e+00 1.790363907814025879e+00
1.835069537162780762e+00 1.921049237251281738e+00 2.100958347320556641e+00 1.925213217735290527e+00
1.801913499832153320e+00 2.059708833694458008e+00 2.128907918930053711e+00 1.946261286735534668e+00
1.363870143890380859e+00 1.355090379714965820e+00 1.788132309913635254e+00 1.379076600074768066e+00
2.159531593322753906e+00 2.247843503952026367e+00 2.364754915237426758e+00 2.264918088912963867e+00
1.887177824974060059e+00 1.966932892799377441e+00 2.131464004516601562e+00 1.864860296249389648e+00
1.410102367401123047e+00 1.724045753479003906e+00 1.827512741088867188e+00 1.684824347496032715e+00
1.759686827659606934e+00 1.954557418823242188e+00 1.980703592300415039e+00 1.928090453147888184e+00
1.862261295318603516e+00 1.920412063598632812e+00 2.108369588851928711e+00 1.773191094398498535e+00
1.785902261734008789e+00 1.942136287689208984e+00 2.021731853485107422e+00 1.754582405090332031e+00
1.673542022705078125e+00 1.920198440551757812e+00 1.873821854591369629e+00 1.774860501289367676e+00
1.477458596229553223e+00 1.615608811378479004e+00 1.730521082878112793e+00 1.627948760986328125e+00
1.937872648239135742e+00 2.164648294448852539e+00 2.160211086273193359e+00 2.177122592926025391e+00
1.514858722686767578e+00 1.774503827095031738e+00 1.815172672271728516e+00 1.727803587913513184e+00
2.461260557174682617e+00 2.598057508468627930e+00 2.566176414489746094e+00 2.432043075561523438e+00
1.454916238784790039e+00 1.673674583435058594e+00 1.723545432090759277e+00 1.564175486564636230e+00
1.693214654922485352e+00 1.850405335426330566e+00 1.899406075477600098e+00 1.756789445877075195e+00
1.950752258300781250e+00 2.125683784484863281e+00 2.172019958496093750e+00 2.086330652236938477e+00
1.542416691780090332e+00 1.688811898231506348e+00 1.724135518074035645e+00 1.650785446166992188e+00
1.809228301048278809e+00 2.126647949218750000e+00 1.958664655685424805e+00 1.893994808197021484e+00
1.699555873870849609e+00 1.858248710632324219e+00 2.022586822509765625e+00 1.984094977378845215e+00
2.387406826019287109e+00 2.575161695480346680e+00 2.494806289672851562e+00 2.250483751296997070e+00
1.503880977630615234e+00 1.730699419975280762e+00 1.766114234924316406e+00 1.720790028572082520e+00
1.639003038406372070e+00 1.793061137199401855e+00 1.983870387077331543e+00 1.632275700569152832e+00
1.546658277511596680e+00 1.601957678794860840e+00 1.726146578788757324e+00 1.579017996788024902e+00
1.594998121261596680e+00 1.618105053901672363e+00 1.963778614997863770e+00 1.659140944480895996e+00
1.447973847389221191e+00 1.831586241722106934e+00 1.791795730590820312e+00 1.684584498405456543e+00
1.857273221015930176e+00 2.258764028549194336e+00 2.171121835708618164e+00 2.028792142868041992e+00
1.843933582305908203e+00 2.039474725723266602e+00 2.075761318206787109e+00 1.963222861289978027e+00
1.975739240646362305e+00 2.132044792175292969e+00 2.010408878326416016e+00 2.000006198883056641e+00
2.219069719314575195e+00 2.362835407257080078e+00 2.264106273651123047e+00 2.456743717193603516e+00
2.230187416076660156e+00 2.438279867172241211e+00 2.349490404129028320e+00 2.171391010284423828e+00
2.060691833496093750e+00 2.162120103836059570e+00 2.237556934356689453e+00 2.027208089828491211e+00
2.358527421951293945e+00 2.523977518081665039e+00 2.447762966156005859e+00 2.365932941436767578e+00
1.306572318077087402e+00 1.480994701385498047e+00 1.523427486419677734e+00 1.466237902641296387e+00
1.787265062332153320e+00 1.932872533798217773e+00 2.064482450485229492e+00 1.846818804740905762e+00
1.428437352180480957e+00 1.378234624862670898e+00 1.506968498229980469e+00 1.417734384536743164e+00
2.143673896789550781e+00 2.107149839401245117e+00 2.257585287094116211e+00 2.175459384918212891e+00
1.421696066856384277e+00 1.806870341300964355e+00 1.787746787071228027e+00 1.680936217308044434e+00
1.652072191238403320e+00 1.774237632751464844e+00 1.715143918991088867e+00 1.767067670822143555e+00
2.114351987838745117e+00 2.282263755798339844e+00 2.170006513595581055e+00 2.234183073043823242e+00
1.590168833732604980e+00 1.473488569259643555e+00 1.708249449729919434e+00 1.709967374801635742e+00
1.513812065124511719e+00 1.798164367675781250e+00 1.912282705307006836e+00 1.745039105415344238e+00
1.662815451622009277e+00 1.901800274848937988e+00 2.034122467041015625e+00 1.827872276306152344e+00
2.055679559707641602e+00 2.204704523086547852e+00 2.346403360366821289e+00 2.040787935256958008e+00
1.771245002746582031e+00 1.993299603462219238e+00 2.035463809967041016e+00 1.834556818008422852e+00
1.851313710212707520e+00 1.936535835266113281e+00 2.126949787139892578e+00 1.973907589912414551e+00
1.778805613517761230e+00 1.973810553550720215e+00 1.899991273880004883e+00 1.873213768005371094e+00
1.746570348739624023e+00 2.148689270019531250e+00 2.099720716476440430e+00 1.897013068199157715e+00
2.060019016265869141e+00 2.326175212860107422e+00 2.236453056335449219e+00 2.311695814132690430e+00
1.554625630378723145e+00 1.762444138526916504e+00 1.744943857192993164e+00 1.612494945526123047e+00
1.818799138069152832e+00 1.962598681449890137e+00 2.032116174697875977e+00 1.872872948646545410e+00
1.434496879577636719e+00 1.551645994186401367e+00 1.573193430900573730e+00 1.481319189071655273e+00
1.426365256309509277e+00 1.656353831291198730e+00 1.739709019660949707e+00 1.509201526641845703e+00
1.872199654579162598e+00 2.219072580337524414e+00 2.135897397994995117e+00 2.036096096038818359e+00
1.939606904983520508e+00 2.236077070236206055e+00 2.073918819427490234e+00 2.073177814483642578e+00
2.046581983566284180e+00 2.133982181549072266e+00 2.174286127090454102e+00 2.083916425704956055e+00
1.207530617713928223e+00 1.384712100028991699e+00 1.607806086540222168e+00 1.253719210624694824e+00
1.362896561622619629e+00 1.503562688827514648e+00 1.605647444725036621e+00 1.411076903343200684e+00
1.620086073875427246e+00 2.014194965362548828e+00 1.956104874610900879e+00 1.780402541160583496e+00
2.027666568756103516e+00 2.299376726150512695e+00 2.137096881866455078e+00 2.047173023223876953e+00
1.481135845184326172e+00 1.662400722503662109e+00 1.702787876129150391e+00 1.515722513198852539e+00
1.385779023170471191e+00 1.547005653381347656e+00 1.657003283500671387e+00 1.457930088043212891e+00
1.874937891960144043e+00 2.002966165542602539e+00 2.025504112243652344e+00 2.071217060089111328e+00
1.609200119972229004e+00 1.754929184913635254e+00 1.796988725662231445e+00 1.654874086380004883e+00
1.580308914184570312e+00 1.816565990447998047e+00 1.813361644744873047e+00 1.624743461608886719e+00
1.967652201652526855e+00 2.074804544448852539e+00 2.219545125961303711e+00 2.313486576080322266e+00
1.622722506523132324e+00 1.812306880950927734e+00 1.998789072036743164e+00 1.914316058158874512e+00
1.557780623435974121e+00 1.813070297241210938e+00 1.744338989257812500e+00 1.753978610038757324e+00
1.664790272712707520e+00 1.787573337554931641e+00 1.932889819145202637e+00 1.875034213066101074e+00
2.263031482696533203e+00 2.463602542877197266e+00 2.538543939590454102e+00 2.523762226104736328e+00
1.919090032577514648e+00 2.052308797836303711e+00 2.284851312637329102e+00 2.051751613616943359e+00
2.372967243194580078e+00 2.585034847259521484e+00 2.602982521057128906e+00 2.477983951568603516e+00
2.150363206863403320e+00 2.387721061706542969e+00 2.324820995330810547e+00 2.211141824722290039e+00
2.232918739318847656e+00 2.548317670822143555e+00 2.504227638244628906e+00 2.461628437042236328e+00
1.726330161094665527e+00 1.972199678421020508e+00 1.962010860443115234e+00 2.096641302108764648e+00
1.881410121917724609e+00 2.067625284194946289e+00 2.271236181259155273e+00 2.094354867935180664e+00
1.793650150299072266e+00 1.862588167190551758e+00 1.926915884017944336e+00 1.775315523147583008e+00
1.814396858215332031e+00 1.876695990562438965e+00 1.971100926399230957e+00 1.890589594841003418e+00
1.383551001548767090e+00 1.662988543510437012e+00 1.688885450363159180e+00 1.618561148643493652e+00
1.974305748939514160e+00 2.223720788955688477e+00 2.199568271636962891e+00 2.075022220611572266e+00
1.724210739135742188e+00 1.848376035690307617e+00 1.758196353912353516e+00 1.652118206024169922e+00
1.798729181289672852e+00 1.947267413139343262e+00 1.939626216888427734e+00 1.833109617233276367e+00
1.732452988624572754e+00 1.850780487060546875e+00 2.161960124969482422e+00 1.913846254348754883e+00
1.675583600997924805e+00 2.001989364624023438e+00 1.843291521072387695e+00 1.869886398315429688e+00
1.330532670021057129e+00 1.432507038116455078e+00 1.631655693054199219e+00 1.434376239776611328e+00
1.587709069252014160e+00 1.623536229133605957e+00 1.622374415397644043e+00 1.595158457756042480e+00
2.045607328414916992e+00 2.137991905212402344e+00 2.282468557357788086e+00 2.068049430847167969e+00
1.319487810134887695e+00 1.743126988410949707e+00 1.614981174468994141e+00 1.451292634010314941e+00
1.915820598602294922e+00 2.190118551254272461e+00 2.119656085968017578e+00 1.974356412887573242e+00
2.004576206207275391e+00 2.250931978225708008e+00 2.442439556121826172e+00 2.162384748458862305e+00
2.157720327377319336e+00 2.316003084182739258e+00 2.502128124237060547e+00 2.205401182174682617e+00
1.750828623771667480e+00 1.883154869079589844e+00 1.801321268081665039e+00 1.724555492401123047e+00
2.004636049270629883e+00 2.305486202239990234e+00 2.454171657562255859e+00 2.234526634216308594e+00
2.142479419708251953e+00 2.499303102493286133e+00 2.389474868774414062e+00 2.538609743118286133e+00
1.368850111961364746e+00 1.491259813308715820e+00 1.538468837738037109e+00 1.544653773307800293e+00
1.879722833633422852e+00 2.097095489501953125e+00 2.038037776947021484e+00 1.984538316726684570e+00
1.950477242469787598e+00 2.129191875457763672e+00 2.123246192932128906e+00 1.966700792312622070e+00
1.589856624603271484e+00 1.618355393409729004e+00 1.676558017730712891e+00 1.636028647422790527e+00
1.531222701072692871e+00 1.643682360649108887e+00 1.687386631965637207e+00 1.629520773887634277e+00
1.889874696731567383e+00 2.086236000061035156e+00 2.197442770004272461e+00 1.945407152175903320e+00
2.018278598785400391e+00 2.242481708526611328e+00 2.093218803405761719e+00 2.094741821289062500e+00
1.937153816223144531e+00 2.086431503295898438e+00 2.152423620223999023e+00 2.012440443038940430e+00
1.378427624702453613e+00 1.676441431045532227e+00 1.787462234497070312e+00 1.572867870330810547e+00
1.631725907325744629e+00 1.769831180572509766e+00 1.810258626937866211e+00 1.922336339950561523e+00
1.824402689933776855e+00 2.034409999847412109e+00 2.153130531311035156e+00 1.961749315261840820e+00
1.275690674781799316e+00 1.575262069702148438e+00 1.551506638526916504e+00 1.451148629188537598e+00
1.927571654319763184e+00 2.120080232620239258e+00 2.199874162673950195e+00 2.012643814086914062e+00
1.313020825386047363e+00 1.492180466651916504e+00 1.644675612449645996e+00 1.553226351737976074e+00
1.988137483596801758e+00 2.001099109649658203e+00 2.189658164978027344e+00 2.034194946289062500e+00
1.756252884864807129e+00 1.771970987319946289e+00 2.011392354965209961e+00 1.917604207992553711e+00
2.363166332244873047e+00 2.621844291687011719e+00 2.614243030548095703e+00 2.476050615310668945e+00
1.877126336097717285e+00 2.117166757583618164e+00 2.109889984130859375e+00 1.972488045692443848e+00
1.704403400421142578e+00 2.157426595687866211e+00 1.933363795280456543e+00 1.837037920951843262e+00
1.725827574729919434e+00 1.954770922660827637e+00 2.074257850646972656e+00 1.869205713272094727e+00
1.905954241752624512e+00 2.107679367065429688e+00 2.202719211578369141e+00 1.999557495117187500e+00
1.969197750091552734e+00 1.994115591049194336e+00 2.172556400299072266e+00 2.028207063674926758e+00
1.392286539077758789e+00 1.494587182998657227e+00 1.535181879997253418e+00 1.632959246635437012e+00
1.831146717071533203e+00 1.905739188194274902e+00 2.224730730056762695e+00 2.081752777099609375e+00
1.837456226348876953e+00 1.982588648796081543e+00 2.011955022811889648e+00 1.941748857498168945e+00
2.327535867691040039e+00 2.440392017364501953e+00 2.653315544128417969e+00 2.519436836242675781e+00
1.754320263862609863e+00 1.839597821235656738e+00 2.025464057922363281e+00 1.818658590316772461e+00
1.990030169486999512e+00 2.101902008056640625e+00 2.132401466369628906e+00 2.030241727828979492e+00
1.439371943473815918e+00 1.671794414520263672e+00 1.629024744033813477e+00 1.480557799339294434e+00
1.092544436454772949e+00 1.319611907005310059e+00 1.403569221496582031e+00 1.241322994232177734e+00
1.415426135063171387e+00 1.603206992149353027e+00 1.589736938476562500e+00 1.443762063980102539e+00
1.954392552375793457e+00 2.008838176727294922e+00 2.201823234558105469e+00 2.044819355010986328e+00
1.286891698837280273e+00 1.371416568756103516e+00 1.574173450469970703e+00 1.375272393226623535e+00
2.150530099868774414e+00 2.380171298980712891e+00 2.362661838531494141e+00 2.121805906295776367e+00
1.303747057914733887e+00 1.404466390609741211e+00 1.390169382095336914e+00 1.366902589797973633e+00
1.568431377410888672e+00 1.832951903343200684e+00 1.878435015678405762e+00 1.593319654464721680e+00
2.400127410888671875e+00 2.672008275985717773e+00 2.672516822814941406e+00 2.551530599594116211e+00
1.649353742599487305e+00 1.867778182029724121e+00 1.854936599731445312e+00 1.696427822113037109e+00
1.374410271644592285e+00 1.506137371063232422e+00 1.580034613609313965e+00 1.557340264320373535e+00
1.851073741912841797e+00 1.968680858612060547e+00 1.973508834838867188e+00 1.850301623344421387e+00
1.689836502075195312e+00 1.766350746154785156e+00 1.813052415847778320e+00 1.739391446113586426e+00
2.245250701904296875e+00 2.325210571289062500e+00 2.301388740539550781e+00 2.128439664840698242e+00
2.067966222763061523e+00 2.217397451400756836e+00 2.294800281524658203e+00 2.134078502655029297e+00
1.879858970642089844e+00 2.077036857604980469e+00 2.121896982192993164e+00 2.003495693206787109e+00
1.348289012908935547e+00 1.552771687507629395e+00 1.706234931945800781e+00 1.426439642906188965e+00
1.742540478706359863e+00 1.970484495162963867e+00 2.124347448348999023e+00 1.836186528205871582e+00
1.721304655075073242e+00 1.836343407630920410e+00 1.706073760986328125e+00 1.739952325820922852e+00
2.058145284652709961e+00 2.359006881713867188e+00 2.538557767868041992e+00 2.272482872009277344e+00
1.970041990280151367e+00 2.205600976943969727e+00 2.327584743499755859e+00 2.219331741333007812e+00
2.302151679992675781e+00 2.573873043060302734e+00 2.528473854064941406e+00 2.534029483795166016e+00
1.683795332908630371e+00 1.936581492424011230e+00 1.843776822090148926e+00 1.926244497299194336e+00
2.080653905868530273e+00 2.167631387710571289e+00 2.319753885269165039e+00 2.129333972930908203e+00
2.280664920806884766e+00 2.367395162582397461e+00 2.368752241134643555e+00 2.312745809555053711e+00
1.239721655845642090e+00 1.588792324066162109e+00 1.471102714538574219e+00 1.479239583015441895e+00
1.480353951454162598e+00 1.673570871353149414e+00 1.486996650695800781e+00 1.524483561515808105e+00
1.919784307479858398e+00 2.065087556838989258e+00 2.150048255920410156e+00 2.092347145080566406e+00
1.523613095283508301e+00 1.695789098739624023e+00 1.851607799530029297e+00 1.620668292045593262e+00
1.977147459983825684e+00 2.028173446655273438e+00 2.133504152297973633e+00 2.017814636230468750e+00
1.091797471046447754e+00 1.382865428924560547e+00 1.241696238517761230e+00 1.265219330787658691e+00
1.552799105644226074e+00 1.725914478302001953e+00 1.795253872871398926e+00 1.815530896186828613e+00
1.344825029373168945e+00 1.507161498069763184e+00 1.555865287780761719e+00 1.442193150520324707e+00
1.927859187126159668e+00 2.146829128265380859e+00 2.169055223464965820e+00 2.088529825210571289e+00
1.645120143890380859e+00 1.784704685211181641e+00 1.882648229598999023e+00 1.808360457420349121e+00
1.776869177818298340e+00 2.003671169281005859e+00 1.981821060180664062e+00 1.968091726303100586e+00
1.829415559768676758e+00 2.064347505569458008e+00 2.042649745941162109e+00 1.950566172599792480e+00
1.283322334289550781e+00 1.466725945472717285e+00 1.630160331726074219e+00 1.455468058586120605e+00
1.507076144218444824e+00 1.518523097038269043e+00 1.795217633247375488e+00 1.611972808837890625e+00
2.004490375518798828e+00 2.142389059066772461e+00 2.108339309692382812e+00 2.154567956924438477e+00
1.606802105903625488e+00 1.869564056396484375e+00 1.781742811203002930e+00 1.721511840820312500e+00
1.880837917327880859e+00 2.097629070281982422e+00 1.937081933021545410e+00 1.958013772964477539e+00
1.712071776390075684e+00 1.986594796180725098e+00 2.072821855545043945e+00 2.043494939804077148e+00
1.570675253868103027e+00 1.749581813812255859e+00 1.602282047271728516e+00 1.610781192779541016e+00
1.648436307907104492e+00 1.824239969253540039e+00 1.869573593139648438e+00 1.924092292785644531e+00
1.530123353004455566e+00 1.851578950881958008e+00 1.784076571464538574e+00 1.607771039009094238e+00
2.041309833526611328e+00 2.208038091659545898e+00 2.393372774124145508e+00 2.330434083938598633e+00
1.690142750740051270e+00 1.914528489112854004e+00 2.197654008865356445e+00 2.128191471099853516e+00
1.879467368125915527e+00 1.950132489204406738e+00 1.970369338989257812e+00 1.878769159317016602e+00
1.733207941055297852e+00 1.744163393974304199e+00 1.855929851531982422e+00 1.791768074035644531e+00
2.163489341735839844e+00 2.177361726760864258e+00 2.379282474517822266e+00 2.276728153228759766e+00
2.131717205047607422e+00 2.290416002273559570e+00 2.400151968002319336e+00 2.279224634170532227e+00
1.701556801795959473e+00 1.936141371726989746e+00 1.831475138664245605e+00 1.836230874061584473e+00
2.066567659378051758e+00 2.342864036560058594e+00 2.242518186569213867e+00 2.201785087585449219e+00
1.925848841667175293e+00 2.053502559661865234e+00 2.131448268890380859e+00 1.981477737426757812e+00
2.322408914566040039e+00 2.440884828567504883e+00 2.556964397430419922e+00 2.529635429382324219e+00
1.657465100288391113e+00 1.885322570800781250e+00 1.926544189453125000e+00 1.856570005416870117e+00
1.513222098350524902e+00 1.727593302726745605e+00 1.667886257171630859e+00 1.624652266502380371e+00
1.707703709602355957e+00 1.843659877777099609e+00 1.761664628982543945e+00 1.701179623603820801e+00
1.384422659873962402e+00 1.549378991127014160e+00 1.622419595718383789e+00 1.545614838600158691e+00
1.524577021598815918e+00 1.593849897384643555e+00 1.602726578712463379e+00 1.522219181060791016e+00
2.168973684310913086e+00 2.426699399948120117e+00 2.348981380462646484e+00 2.224993705749511719e+00
1.820872783660888672e+00 1.977219104766845703e+00 2.195657968521118164e+00 1.983063936233520508e+00
1.566675424575805664e+00 1.796931982040405273e+00 1.760058999061584473e+00 1.640716433525085449e+00
1.637358546257019043e+00 1.685354232788085938e+00 1.839361071586608887e+00 1.604254007339477539e+00
1.507914304733276367e+00 1.879363059997558594e+00 1.741698384284973145e+00 1.668972969055175781e+00
1.680211186408996582e+00 1.831025838851928711e+00 1.840774059295654297e+00 1.846207499504089355e+00
2.061733722686767578e+00 2.224039793014526367e+00 2.346943855285644531e+00 2.129692316055297852e+00
2.102882862091064453e+00 2.343394279479980469e+00 2.194664955139160156e+00 2.154651165008544922e+00
1.814974904060363770e+00 1.939576983451843262e+00 2.073306798934936523e+00 1.850800633430480957e+00
1.582489132881164551e+00 1.657139301300048828e+00 1.881260871887207031e+00 1.661661386489868164e+00
2.084677696228027344e+00 1.957917451858520508e+00 2.239418983459472656e+00 2.263954401016235352e+00
1.345177650451660156e+00 1.552339076995849609e+00 1.561399936676025391e+00 1.656121492385864258e+00
1.971260190010070801e+00 1.882459402084350586e+00 2.223937511444091797e+00 2.014117479324340820e+00
1.716965556144714355e+00 1.847727060317993164e+00 1.934025168418884277e+00 1.976031184196472168e+00
1.813005685806274414e+00 1.874833345413208008e+00 1.977973699569702148e+00 1.919491171836853027e+00
1.731868028640747070e+00 2.063617706298828125e+00 2.043689727783203125e+00 1.981576204299926758e+00
2.015005111694335938e+00 2.231030702590942383e+00 2.222245216369628906e+00 2.227651357650756836e+00
1.805571913719177246e+00 2.018051624298095703e+00 1.929152607917785645e+00 1.848504900932312012e+00
2.477578639984130859e+00 2.553138017654418945e+00 2.496102809906005859e+00 2.536149263381958008e+00
2.327124834060668945e+00 2.448017597198486328e+00 2.473634958267211914e+00 2.257361888885498047e+00
1.958837628364562988e+00 2.203789949417114258e+00 2.212224006652832031e+00 2.101515293121337891e+00
1.632886767387390137e+00 1.782562613487243652e+00 1.795001983642578125e+00 1.816365122795104980e+00
1.975218892097473145e+00 1.956221103668212891e+00 2.291867017745971680e+00 2.144453048706054688e+00
1.923694610595703125e+00 2.052980422973632812e+00 2.211915254592895508e+00 2.061948299407958984e+00
1.630068540573120117e+00 1.746771454811096191e+00 1.856583356857299805e+00 1.707924246788024902e+00
2.147289276123046875e+00 2.285511016845703125e+00 2.327394485473632812e+00 2.198680400848388672e+00
1.826039552688598633e+00 1.844876527786254883e+00 1.878191590309143066e+00 1.908314943313598633e+00
1.935717344284057617e+00 2.265035867691040039e+00 2.265639781951904297e+00 2.270424365997314453e+00
2.173884630203247070e+00 2.387943983078002930e+00 2.509946823120117188e+00 2.387524127960205078e+00
1.922017574310302734e+00 2.028224468231201172e+00 2.182658910751342773e+00 2.087369441986083984e+00
1.577878594398498535e+00 1.757970571517944336e+00 1.786594152450561523e+00 1.669011473655700684e+00
1.517544984817504883e+00 1.748771667480468750e+00 1.714606165885925293e+00 1.616906762123107910e+00
1.621925950050354004e+00 1.853587746620178223e+00 1.956598997116088867e+00 1.788683772087097168e+00
2.178361415863037109e+00 2.443218946456909180e+00 2.386037826538085938e+00 2.359979867935180664e+00
1.690873622894287109e+00 1.693911075592041016e+00 1.623020410537719727e+00 1.681178212165832520e+00
1.999809503555297852e+00 2.275722980499267578e+00 2.118268251419067383e+00 2.114691495895385742e+00
1.688025593757629395e+00 1.838525176048278809e+00 1.962266683578491211e+00 1.721161127090454102e+00
1.438188433647155762e+00 1.497260808944702148e+00 1.572675466537475586e+00 1.674336552619934082e+00
1.434015870094299316e+00 1.557283401489257812e+00 1.609641909599304199e+00 1.515842556953430176e+00
1.725635290145874023e+00 1.812492609024047852e+00 1.980098605155944824e+00 1.831479549407958984e+00
2.000490903854370117e+00 2.215133428573608398e+00 2.067521333694458008e+00 1.842084288597106934e+00
2.304918289184570312e+00 2.495440721511840820e+00 2.601797342300415039e+00 2.359539031982421875e+00
2.105614185333251953e+00 2.159394502639770508e+00 2.131252050399780273e+00 2.056810379028320312e+00
2.014029026031494141e+00 2.172457695007324219e+00 2.260817527770996094e+00 2.224242687225341797e+00
1.222383975982666016e+00 1.311340808868408203e+00 1.502895712852478027e+00 1.388389468193054199e+00
1.560889840126037598e+00 1.829083442687988281e+00 1.823079109191894531e+00 1.643574833869934082e+00
1.830686807632446289e+00 2.049906253814697266e+00 1.996329665184020996e+00 1.900747179985046387e+00
1.798774480819702148e+00 2.043933391571044922e+00 1.969226837158203125e+00 1.918411374092102051e+00
1.391524195671081543e+00 1.744209289550781250e+00 1.710811495780944824e+00 1.592294216156005859e+00
1.743457078933715820e+00 1.759909510612487793e+00 1.995092511177062988e+00 1.822480678558349609e+00
1.944216370582580566e+00 2.029165983200073242e+00 2.125228404998779297e+00 1.977436900138854980e+00
2.408147811889648438e+00 2.617702484130859375e+00 2.639625787734985352e+00 2.578556060791015625e+00
1.897456884384155273e+00 1.961742997169494629e+00 2.015909910202026367e+00 1.842325329780578613e+00
1.621899366378784180e+00 1.989442348480224609e+00 1.984515070915222168e+00 1.821230888366699219e+00
1.721837162971496582e+00 1.787479877471923828e+00 1.837875008583068848e+00 1.740750551223754883e+00
2.329526185989379883e+00 2.483155250549316406e+00 2.546625137329101562e+00 2.436104297637939453e+00
1.831432342529296875e+00 2.231083154678344727e+00 2.166876316070556641e+00 2.117947578430175781e+00
1.674201965332031250e+00 1.764961600303649902e+00 1.805775046348571777e+00 1.645070791244506836e+00
2.126956462860107422e+00 2.208904504776000977e+00 2.285716295242309570e+00 2.270874261856079102e+00
1.630823731422424316e+00 1.832966446876525879e+00 1.954156875610351562e+00 1.760214090347290039e+00
2.559443950653076172e+00 2.665343284606933594e+00 2.736444950103759766e+00 2.584474086761474609e+00
1.818954467773437500e+00 1.968850731849670410e+00 2.036262273788452148e+00 1.761856198310852051e+00
1.686842322349548340e+00 1.952444434165954590e+00 1.974044322967529297e+00 1.948805928230285645e+00
2.036001682281494141e+00 2.273664474487304688e+00 2.388066291809082031e+00 2.061684131622314453e+00
1.264151096343994141e+00 1.463977575302124023e+00 1.546513438224792480e+00 1.394153714179992676e+00
1.626477599143981934e+00 1.914681077003479004e+00 1.905750393867492676e+00 1.678117036819458008e+00
1.488080382347106934e+00 1.699145317077636719e+00 1.932936429977416992e+00 1.796289443969726562e+00
1.575475096702575684e+00 1.830847978591918945e+00 1.760207056999206543e+00 1.547342300415039062e+00
2.187760353088378906e+00 2.347723960876464844e+00 2.344698905944824219e+00 2.257809400558471680e+00
2.076499223709106445e+00 2.200631856918334961e+00 2.217946767807006836e+00 2.187064886093139648e+00
1.596621513366699219e+00 1.682070016860961914e+00 1.760019659996032715e+00 1.702482461929321289e+00
1.871075391769409180e+00 2.006883144378662109e+00 1.973159551620483398e+00 1.950593233108520508e+00
1.547516584396362305e+00 1.715647101402282715e+00 1.903648614883422852e+00 1.644853234291076660e+00
1.447639465332031250e+00 1.566827178001403809e+00 1.705566048622131348e+00 1.597087860107421875e+00
2.266401052474975586e+00 2.339277029037475586e+00 2.425250530242919922e+00 2.578950643539428711e+00
1.541506290435791016e+00 1.819397687911987305e+00 1.885526299476623535e+00 1.712684512138366699e+00
2.286242246627807617e+00 2.501968860626220703e+00 2.512982845306396484e+00 2.342312812805175781e+00
1.683315396308898926e+00 1.842818260192871094e+00 1.930102348327636719e+00 1.837048411369323730e+00
2.033715486526489258e+00 2.313560485839843750e+00 2.293123483657836914e+00 2.048998832702636719e+00
1.554070353507995605e+00 1.859663367271423340e+00 1.902352690696716309e+00 1.865052223205566406e+00
1.691259264945983887e+00 1.783226490020751953e+00 1.997448801994323730e+00 1.816958904266357422e+00
1.755235910415649414e+00 2.033080816268920898e+00 1.994472742080688477e+00 1.978332519531250000e+00
1.108145952224731445e+00 1.361638665199279785e+00 1.390799999237060547e+00 1.163336753845214844e+00
1.704009771347045898e+00 1.793660640716552734e+00 1.828366637229919434e+00 1.830291986465454102e+00
1.667323112487792969e+00 2.047651767730712891e+00 2.055657386779785156e+00 1.812354087829589844e+00
1.755768775939941406e+00 1.977880477905273438e+00 2.081561803817749023e+00 1.859052419662475586e+00
1.872715711593627930e+00 2.077697515487670898e+00 2.078018188476562500e+00 1.995961785316467285e+00
2.001861572265625000e+00 2.273137807846069336e+00 2.191858053207397461e+00 1.966660261154174805e+00
2.361254930496215820e+00 2.484695672988891602e+00 2.568547964096069336e+00 2.452893257141113281e+00
1.965300321578979492e+00 2.123526096343994141e+00 2.184923887252807617e+00 2.117641210556030273e+00
1.506431579589843750e+00 1.697298407554626465e+00 1.644336938858032227e+00 1.686304688453674316e+00
1.458425164222717285e+00 1.683632016181945801e+00 1.758017897605895996e+00 1.624401211738586426e+00
1.918502569198608398e+00 2.107626438140869141e+00 2.297028303146362305e+00 2.143748521804809570e+00
1.441078186035156250e+00 1.739036917686462402e+00 1.747679948806762695e+00 1.674070000648498535e+00
1.341842174530029297e+00 1.600412845611572266e+00 1.622332572937011719e+00 1.471448898315429688e+00
1.869453668594360352e+00 2.052383899688720703e+00 1.984612464904785156e+00 1.989453792572021484e+00
2.245862007141113281e+00 2.407278299331665039e+00 2.537798166275024414e+00 2.437222719192504883e+00
1.594662785530090332e+00 1.873102307319641113e+00 1.897899866104125977e+00 1.702543020248413086e+00
1.574650526046752930e+00 1.751546382904052734e+00 1.872253775596618652e+00 1.814615488052368164e+00
1.726834416389465332e+00 2.126634359359741211e+00 2.091647863388061523e+00 2.145340442657470703e+00
2.002729654312133789e+00 2.062015533447265625e+00 2.139869451522827148e+00 2.036412239074707031e+00
2.654782533645629883e+00 2.762752056121826172e+00 2.831383466720581055e+00 2.504734039306640625e+00
1.617734193801879883e+00 1.777475953102111816e+00 1.933725833892822266e+00 1.885074615478515625e+00
2.700736045837402344e+00 2.847773551940917969e+00 2.915918350219726562e+00 2.788900375366210938e+00
2.012016296386718750e+00 2.208749294281005859e+00 2.298311710357666016e+00 2.161245107650756836e+00
2.001692771911621094e+00 2.243855714797973633e+00 2.265959262847900391e+00 2.157258272171020508e+00
2.387016534805297852e+00 2.524499654769897461e+00 2.494024276733398438e+00 2.341960430145263672e+00
1.916908383369445801e+00 2.044902563095092773e+00 2.121089220046997070e+00 2.009794473648071289e+00
1.335503101348876953e+00 1.581645488739013672e+00 1.603798270225524902e+00 1.526015877723693848e+00
1.959045410156250000e+00 2.221719026565551758e+00 2.267136335372924805e+00 1.973266959190368652e+00
1.592390894889831543e+00 1.640797257423400879e+00 1.669518351554870605e+00 1.463723897933959961e+00
1.638246178627014160e+00 1.762600064277648926e+00 1.834886312484741211e+00 1.641034841537475586e+00
1.962940931320190430e+00 2.056982517242431641e+00 2.123847961425781250e+00 2.164099216461181641e+00
1.979795098304748535e+00 2.104720115661621094e+00 2.270908355712890625e+00 2.078048467636108398e+00
1.414073944091796875e+00 1.548426389694213867e+00 1.721838951110839844e+00 1.567110061645507812e+00
2.384289026260375977e+00 2.481683492660522461e+00 2.551488161087036133e+00 2.346222877502441406e+00
1.778225660324096680e+00 1.959948539733886719e+00 2.011338472366333008e+00 1.807415843009948730e+00
1.839768886566162109e+00 2.002686977386474609e+00 2.000940561294555664e+00 2.007355928421020508e+00
1.801174521446228027e+00 1.926073789596557617e+00 2.108442306518554688e+00 1.932505726814270020e+00
2.265662193298339844e+00 2.533673286437988281e+00 2.442211151123046875e+00 2.458916425704956055e+00
2.180663585662841797e+00 2.182746887207031250e+00 2.246078014373779297e+00 2.182376623153686523e+00
1.861329317092895508e+00 2.214614868164062500e+00 2.257464885711669922e+00 2.258807420730590820e+00
1.773454904556274414e+00 1.958492040634155273e+00 2.000608682632446289e+00 1.931524753570556641e+00
1.590119004249572754e+00 1.694730997085571289e+00 1.748794317245483398e+00 1.654264688491821289e+00
1.761090040206909180e+00 1.962224006652832031e+00 1.931362390518188477e+00 1.849823236465454102e+00
1.839437723159790039e+00 2.212758064270019531e+00 2.227095365524291992e+00 1.942847251892089844e+00
1.921470999717712402e+00 2.018740653991699219e+00 2.122953414916992188e+00 1.980442523956298828e+00
1.388252973556518555e+00 1.607938051223754883e+00 1.765623092651367188e+00 1.664560317993164062e+00
1.659619331359863281e+00 1.756906986236572266e+00 1.698259592056274414e+00 1.867217063903808594e+00
1.680471777915954590e+00 1.844843864440917969e+00 1.912103891372680664e+00 1.847579598426818848e+00
2.053663730621337891e+00 2.228151559829711914e+00 2.121674537658691406e+00 2.021577119827270508e+00
2.354933023452758789e+00 2.585438728332519531e+00 2.564668655395507812e+00 2.414390563964843750e+00
1.460183739662170410e+00 1.780275940895080566e+00 1.672044992446899414e+00 1.633247256278991699e+00
1.791760087013244629e+00 1.949602723121643066e+00 1.905920982360839844e+00 1.722532629966735840e+00
1.527669787406921387e+00 1.741601705551147461e+00 1.781058549880981445e+00 1.664275646209716797e+00
1.678363084793090820e+00 1.909649014472961426e+00 2.020388126373291016e+00 1.930439352989196777e+00
1.686593055725097656e+00 2.018417596817016602e+00 1.902029156684875488e+00 1.829005241394042969e+00
1.710285902023315430e+00 1.754047393798828125e+00 1.886145830154418945e+00 1.785721778869628906e+00
1.513918399810791016e+00 1.573846817016601562e+00 1.861859917640686035e+00 1.744544863700866699e+00
1.703451752662658691e+00 2.007793664932250977e+00 1.998602390289306641e+00 1.928597211837768555e+00
2.304218053817749023e+00 2.364583730697631836e+00 2.423939943313598633e+00 2.392034292221069336e+00
1.624353289604187012e+00 1.845735073089599609e+00 1.870200872421264648e+00 1.807069659233093262e+00
1.440893173217773438e+00 1.457410097122192383e+00 1.649650335311889648e+00 1.539799928665161133e+00
2.009887695312500000e+00 2.123101472854614258e+00 2.230667829513549805e+00 2.167897939682006836e+00
1.648051381111145020e+00 1.941928386688232422e+00 1.801341056823730469e+00 1.733032226562500000e+00
1.831010818481445312e+00 1.838235974311828613e+00 1.944384455680847168e+00 2.031954526901245117e+00
2.625608921051025391e+00 2.702076435089111328e+00 2.574428081512451172e+00 2.489014387130737305e+00
1.881811618804931641e+00 2.185736656188964844e+00 2.149952650070190430e+00 1.991252303123474121e+00
1.782031416893005371e+00 1.933215260505676270e+00 2.087616682052612305e+00 2.049556255340576172e+00
2.090299129486083984e+00 2.207147598266601562e+00 2.368738651275634766e+00 2.272807121276855469e+00
1.409017443656921387e+00 1.629009962081909180e+00 1.734417200088500977e+00 1.644436001777648926e+00
2.276430368423461914e+00 2.485156774520874023e+00 2.474427461624145508e+00 2.354416370391845703e+00
1.858123302459716797e+00 2.136930704116821289e+00 2.043197154998779297e+00 1.993158936500549316e+00
1.865697741508483887e+00 1.942183494567871094e+00 1.901670575141906738e+00 1.915569663047790527e+00
1.505529165267944336e+00 1.714972257614135742e+00 1.653921365737915039e+00 1.524467468261718750e+00
1.664015054702758789e+00 1.760594129562377930e+00 1.879553794860839844e+00 1.701791286468505859e+00
2.217721223831176758e+00 2.355624198913574219e+00 2.556368350982666016e+00 2.366503477096557617e+00
2.176054954528808594e+00 2.453057765960693359e+00 2.390475273132324219e+00 2.296674966812133789e+00
1.541326403617858887e+00 1.669193148612976074e+00 1.623036503791809082e+00 1.616647601127624512e+00
2.056037902832031250e+00 2.187200069427490234e+00 2.428782701492309570e+00 2.231993675231933594e+00
1.930517315864562988e+00 2.178049325942993164e+00 2.217878103256225586e+00 1.994021773338317871e+00
1.394907355308532715e+00 1.612627267837524414e+00 1.667291283607482910e+00 1.605847001075744629e+00
1.756887078285217285e+00 1.996442675590515137e+00 1.982095241546630859e+00 1.806501507759094238e+00
1.537711143493652344e+00 1.627200245857238770e+00 1.672668457031250000e+00 1.713053345680236816e+00
2.506129026412963867e+00 2.531432151794433594e+00 2.542448043823242188e+00 2.541960239410400391e+00
2.001951217651367188e+00 2.309560060501098633e+00 2.380812644958496094e+00 2.115892410278320312e+00
1.725177407264709473e+00 1.711124062538146973e+00 1.941612958908081055e+00 1.773360013961791992e+00
1.553884744644165039e+00 1.775007128715515137e+00 1.829483747482299805e+00 1.612872362136840820e+00
1.478753328323364258e+00 1.815021038055419922e+00 1.904060482978820801e+00 1.757032155990600586e+00
1.854791998863220215e+00 2.064981222152709961e+00 2.272458076477050781e+00 2.018169879913330078e+00
1.820126056671142578e+00 1.841650009155273438e+00 1.917016386985778809e+00 1.822610616683959961e+00
