1.990282311709492991e+00 1.768804689423107535e+00 1.263446000716796913e+00 5.728691520270359216e-01 1.913272173037654511e+00
3.089803073962016366e-01 -9.052797350898920126e-01 6.644814264612914911e-01 -2.829362274053042192e-01 1.659800232960992217e+00
6.887651556560742128e-01 9.168078850401042423e-01 6.249849608693731629e-01 1.189600552173740278e+00 2.085456826146926401e-01
1.306274345575946239e+00 1.449340628980558598e+00 1.433432736967588994e+00 3.970282486935897692e-01 1.418633282273940699e+00
1.442656816808176146e+00 1.708877403118017613e-01 2.846345046439535231e+00 7.147621156028354239e-01 1.745702502273572154e+00
1.940430858338593190e+00 1.144735849816936213e+00 8.920933852777479522e-02 1.436608756439287760e+00 9.167530374543917393e-01
2.191747776758891320e+00 1.161391541450576659e+00 1.628263146877780843e-01 1.805412301969289146e-02 -1.424583821607505740e-02
3.189852200694026640e-01 1.378981827915463754e+00 2.000758333404218270e+00 2.338484553373417096e+00 1.411310611075049515e+00
6.944796896410225795e-01 2.208431582112690528e+00 5.327122784174455061e-01 -1.155697384854744048e+00 7.472143689243638809e-01
2.252630602234957369e+00 6.542658443930633450e-01 -2.119881598555670710e-01 2.033267032561499654e+00 -8.521309525997544654e-02
2.241660810783530522e+00 3.993367063147339469e-01 8.717598254295397808e-01 1.692502371650001169e+00 2.780157908125148847e+00
5.238423044268214479e-01 1.586152246620469830e+00 1.393453326110614121e+00 1.813754438665401203e+00 6.394882189432660180e-01
2.102152661735496864e-01 2.445530204629837723e-01 2.507671679108014473e-02 1.499866401186577658e+00 5.516825740997284289e-01
1.024956497794085264e+00 1.158122153980824631e+00 8.654125441220297255e-01 1.330557822259400780e+00 6.644212532663593684e-01
9.012954719208351451e-01 7.503306546017090017e-01 1.673760702263596301e+00 -3.468938163465353774e-01 1.852362200540835779e-02
-1.785731741946328111e-01 1.495799337968975573e+00 1.169085595316790682e+00 1.693044426562171134e+00 -5.059135255264979314e-02
1.193011948790319243e+00 2.482423873458152741e+00 2.531477433480691541e+00 1.899216367075140077e+00 3.340157283675854183e-01
7.326173645077522778e-01 1.581511693723205880e+00 1.441543949479403119e+00 3.348242613990375816e+00 -6.771373757419993922e-01
9.890619320396816239e-01 -1.633572460210307220e+00 1.172460562614494384e+00 -5.029935822123832168e-02 1.324208182554989399e+00
2.142171571368066019e+00 2.070302334747106343e+00 1.919618151241729187e+00 -6.628789884279040479e-02 6.223962886907872250e-01
-2.497016825471858326e-01 2.838752695797946979e-01 2.275280241451138163e+00 2.089731341750050930e+00 3.693422111286709608e+00
6.216751911634741390e-01 8.176207243172890493e-01 1.530107031189406275e+00 -2.594484042498674814e-01 1.671542421126028355e+00
2.164632790395933926e-01 1.320124974062299561e+00 1.949960163592053153e+00 7.722856681912959598e-01 3.254441352805190313e+00
2.471559401800998312e+00 2.114109272916131932e+00 1.455767995570169226e+00 -4.235768785757274557e-01 2.452513067652312362e+00
4.682402182313848416e-01 4.483806935350155287e-01 1.022030414440507684e+00 2.333276440747775737e-01 8.365462374861378780e-01
4.343130555720898789e-01 1.178711396517286403e+00 2.161196577614279413e+00 1.295294260842341227e+00 6.768839940543760481e-01
2.239988068978009395e+00 1.591643317807690750e+00 -8.590074137864167625e-03 2.307893844270553885e+00 1.331263217850733760e+00
5.747908179155217789e-01 2.340926632100891691e+00 2.631792631410823091e+00 -8.235299039611505556e-01 1.663143931997962621e+00
5.241566199582101682e-01 1.695536446818625365e+00 2.212423290837973067e+00 2.234394488580584870e+00 1.291134767427191576e+00
8.587228688055872361e-01 7.947931137361590181e-01 1.349446345323817020e+00 -6.291372218745574507e-01 1.484562110078145647e+00
7.084402478670219772e-01 -8.884393416598235227e-02 1.693955772563575657e+00 2.695786905604889760e+00 2.526077062796140638e+00
1.793091125712518608e+00 1.847064500915775787e+00 5.487590956600536529e-01 1.039057506224036143e+00 2.725481618888283553e+00
-1.083326878008739946e+00 1.927155683698711375e-01 1.746063089661457957e+00 -1.972732460421999789e-01 3.288518021925720403e-01
1.027158015141220293e+00 -4.265467616836988718e-01 3.609279314963138585e-01 1.087531466067047647e+00 1.342502980567370052e+00
-3.199966595938645852e-01 5.758842505707681969e-01 -6.473234429214518304e-01 1.615468774103193228e+00 2.124519139682093272e+00
5.423242237912628827e-01 5.401566323240343248e-01 1.770164941480958820e+00 4.379155544787132204e-01 4.538825881263095496e-01
-5.606255458717128715e-01 7.088452484193497050e-01 1.496775694613477370e+00 8.667314207495402378e-01 7.700636697273832709e-01
1.769560339955586592e+00 1.730289048270023500e+00 1.211993000992219738e+00 -2.568482345731619709e-01 2.281916685332661565e+00
1.604668445561036716e+00 2.346744352801609423e+00 2.577578747237999401e+00 2.018551107891811469e+00 1.775072832758013419e+00
1.405318127604945566e+00 1.054605611563467882e+00 8.299489663708571330e-01 3.658722134903355627e+00 1.326201241609663350e+00
2.534411455732080043e+00 1.541237326677870945e+00 9.256269313902423246e-01 1.768994697431833352e+00 6.513578677847398080e-01
1.497630584693142586e+00 2.108328284660325735e+00 1.561121703893480817e+00 6.701525563912006378e-01 1.066563293827822889e+00
2.221565146266172963e+00 1.622408167712415805e+00 -1.656993492733192852e+00 3.365850960871372699e-01 1.321732636234385749e+00
-2.267539635289599342e-01 1.623472729559372496e+00 1.815193626375607217e+00 1.404935733394010233e+00 2.104259649319896397e+00
-6.260272411220846323e-03 1.475993375869657065e+00 7.444366217505629102e-01 9.623156073175317404e-01 1.188293241242582843e+00
2.617438832998934650e+00 -1.261451841920891326e+00 2.026644677257087412e+00 1.731953201291604127e+00 4.318764096031113553e-02
2.207765901740976311e+00 -7.931551994501151448e-02 4.098329656669302823e-01 1.168372197857453276e+00 5.255320269021354074e-01
6.242806141525324426e-01 1.256734759413776992e+00 1.560705851723190207e+00 1.869158106486711102e+00 2.009381824271919470e+00
6.310359523188098230e-01 1.288508473048093128e+00 -4.514456792911067939e-01 2.138477751782983383e-01 1.063703807780916888e+00
4.680353180651037892e-01 -1.173474694614908387e+00 1.070638655784126758e+00 1.133957206904137260e+00 -3.180022446634509503e-01
1.331361095063321676e+00 1.403408979222941388e+00 -3.929815696221139465e-01 3.432874354061379307e+00 1.027858052874950578e+00
6.007618328440178512e-01 -8.587812915322132756e-01 1.355324607771387635e-01 -1.431763665671854646e+00 -1.364358813489789934e-01
5.260029267793638885e-01 1.423954842766366857e+00 8.570647114748298767e-01 2.191271792368103544e+00 1.201415079509934314e+00
1.710645679597873059e+00 1.220529985272947204e+00 -2.771683917948115639e-01 1.033287720799006992e+00 2.133273648494998120e+00
-2.570353836667547132e-01 -4.125305353601891323e-01 4.168128652123453959e-01 1.468901873668554403e+00 2.492419921073106615e+00
6.361929951205063105e-01 1.676011109756327722e+00 5.835975229666017228e-01 2.230426292200828442e+00 2.417542261573279561e+00
1.654151681128492868e+00 3.721284689392038159e-01 1.370734559426307175e+00 -2.351356631113898921e-01 1.288797654906215229e+00
1.235610984818159785e+00 1.191949114113365793e+00 1.739613772643691103e-01 1.644923869084841339e+00 7.218629573403230193e-01
6.906158661718211356e-01 1.018071169230474471e-01 -8.886800028332515478e-01 -3.354221699152051261e-01 2.581281528199850239e-01
2.483624199903745833e+00 2.271900313683362871e+00 2.371495643022678568e-01 1.187599443052404835e+00 8.957124029263797693e-01
1.343519134526305336e+00 1.555969589106744877e+00 2.410861186909828646e+00 1.761162677568799406e+00 1.422095989609036382e+00
2.974298026007903273e-01 2.074741779499491123e+00 4.166073946649632154e-01 1.183371891971934042e+00 -7.203759620613472414e-01
1.037673687252174126e+00 -8.745765745817202230e-02 1.772217252038589264e+00 9.917264828689331679e-01 2.644098529442164391e+00
7.435721853969483597e-01 -5.134854321321720150e-01 -1.734637474089086862e-01 1.181639380466223965e+00 4.108400122760200723e-01
1.671001891122765981e+00 1.798108627778943314e+00 4.453923236122436791e-01 2.250312216058802051e+00 1.355987357316627229e+00
4.739708673595796062e-01 1.656837763969865485e+00 3.375388182713581209e+00 6.038633185598153430e-01 9.832515114679255541e-01
1.365544911630725000e+00 1.478051285297983686e+00 2.895449517673056583e+00 1.554486923652276698e+00 9.053139054780122708e-01
2.882764254270488546e+00 4.438302152004069967e-01 1.630904861870285938e+00 -4.249499939108725144e-02 -3.999664836537242252e-03
2.760070899688430446e-01 -1.722637922660303911e-01 1.584500641175445868e+00 -1.924587301451126109e-01 2.362088435297509115e+00
1.551560130255236647e+00 1.911342022343367031e+00 2.842515432488672111e+00 9.800058113117549041e-01 6.629074301768141941e-01
-3.234076369124565531e-01 9.136348022422005055e-01 5.709277077601961903e-01 2.529597993049900406e+00 1.345048703933400702e+00
2.251984768570802764e+00 -3.956515012391037533e-01 1.736564383965489622e+00 9.218935417201988836e-01 1.443981001071168224e+00
1.983622406669622418e+00 3.476611206566424528e-01 1.405795989166714222e+00 9.877597513460423251e-02 2.059073345292673274e+00
7.389919151067356751e-01 1.012290093277617098e+00 5.463321028212451136e-01 8.072302948845575532e-01 5.703087427845381363e-01
1.719903369453553044e+00 2.005997246052083405e+00 1.704147215302605600e+00 9.839618489186452432e-01 7.262382648317966538e-01
1.203866794447093547e+00 3.315258725431489140e-01 3.917317183429008587e+00 -8.943092326668193870e-01 3.406577133069047303e+00
1.600311986609994408e+00 1.730336254871813750e+00 1.739901197341922057e+00 9.371881279810903020e-01 1.530884647378591978e+00
1.381501924613445897e+00 -5.510601018167404774e-01 1.971206779440737300e-03 1.068429333769258971e+00 1.809890180921586822e+00
-1.886251837922525709e-02 2.089351351897696052e+00 1.328234482373259695e+00 -5.122145790112537789e-01 8.262564621501178319e-01
-8.388012245859965965e-02 1.392893740527423763e+00 2.222037668338599836e+00 1.333718099831674664e+00 1.446774414133938480e+00
1.099510426306325339e+00 5.625030754543201006e-01 8.342658674352010362e-02 -1.268869353219934659e-01 -3.792611785550881187e-01
6.847456712310335813e-01 9.774259589206886201e-01 1.269133724910831429e-01 1.204206901032717436e+00 1.210551343423912352e-01
1.119802916391534842e+00 3.647016028278919908e+00 1.821878754812249479e-01 8.961305967091049984e-01 1.353621910384100735e+00
-1.770514224834471850e-01 -1.115892092006400826e+00 2.473819648654396186e-01 3.123329051654354371e-01 1.034531773984130432e+00
1.278063179247505454e+00 7.579281508438080461e-01 1.084657153472347257e+00 5.583033482245624013e-01 1.998228572919634960e+00
1.312719044605515917e+00 9.114823444653078477e-01 1.064139817634809804e+00 5.219711889154428075e-01 1.952507660462222461e+00
1.882215920983451252e+00 3.344357076983656141e-01 -1.281709855320352087e-01 8.297565527030602572e-01 1.600551850379909880e+00
3.257218851700058870e-01 2.069349879827965033e+00 1.210003728335312667e+00 2.612427971250184555e+00 1.634656850865278788e+00
1.704765779305017492e+00 7.780677370816645455e-01 3.446646078059300011e-01 1.937428960858665228e+00 9.539768089640223714e-01
-9.530102107530846745e-01 -4.541459742888021012e-02 5.506862180010694274e-01 1.093746121397296100e+00 4.838438007066614421e-02
-1.558306146395100900e-01 3.286752812188084016e-01 1.979892979077483073e+00 2.133368872944801264e+00 8.843939639266261699e-01
3.243303295445236767e-01 5.910937234025990250e-01 3.603669478879074628e-01 -1.163836838702695609e+00 2.662381425296933557e+00
1.257683998291892147e+00 -2.254612753791083168e-01 -1.775057219021687338e-01 1.752079688730591167e+00 1.672279651140684553e-01
2.039207480331183930e+00 5.431010602325303527e-01 -4.443635626540798356e-02 -8.350307468780737707e-03 1.284034478533100154e+00
7.308892754587139606e-01 -3.942332264207373260e-01 1.850037322434630482e+00 4.532845020259335111e-01 2.778875951637402864e+00
6.572043851460942498e-01 9.834147380591511389e-01 3.305329978137133695e-01 1.117610461190711613e+00 1.227108067268603664e+00
-4.361319232081548591e-01 1.128802917935801675e+00 3.753005201535946078e-01 2.634275049167061900e-01 4.083883929598101092e-01
8.399251680122253871e-01 -7.501513716086265493e-01 2.406376228587044253e+00 -5.150305928126035493e-01 1.064627463276461850e+00
3.963603868281728726e-02 1.844634160605371997e+00 1.479591139121220422e+00 1.062334770338109857e+00 9.273412860583469808e-01
5.889244411237135601e-01 2.347909437615155248e+00 7.705081883270353815e-01 -3.422024908684935252e-01 9.281826713205366675e-01
5.721772999631016265e-01 2.666507075495315959e+00 6.734630629904617694e-01 3.611205099449199540e-02 2.823058167543166519e-01
4.941144169710417478e-01 3.337344238431080301e-01 6.988861691173480217e-01 5.641178131775523852e-01 8.854026350623216413e-01
1.697137055874804901e+00 1.265936815625518186e+00 1.074772684439568415e+00 3.329464661839360851e-01 1.699998172470927216e+00
5.263259453044968339e-01 2.989115568650598576e+00 1.886070737674834241e-01 1.031673841219258092e+00 1.894741644144967818e+00
3.723565213874874269e-01 7.171748779253448447e-01 3.779423411288523660e+00 2.185091395759978461e+00 1.402848552652088410e+00
7.665622883993861159e-02 5.218873899504319347e-01 1.388408471476648698e+00 2.453867880833823234e-01 4.048601254072328182e-01
8.101576095838058933e-01 1.107198619664216066e+00 -3.838939079993675119e-01 8.190746673908276820e-01 1.741658263898969050e+00
2.138475761152871524e+00 1.820080525752458822e+00 1.638861378694195681e+00 5.330044920639218642e-01 6.742092844764717707e-01
1.758143059747760972e+00 -1.193545895067533724e-01 1.205467728723741860e+00 2.499815274646752794e+00 2.585253019899325988e+00
2.567281141842740588e+00 -2.086160372859351408e-01 2.247975406448368130e+00 1.296839999543309752e+00 6.654901495171965387e-01
3.320181149949466004e+00 2.444630360109980138e+00 3.950754783184055041e-01 1.253234639703116660e+00 1.299784662339043884e+00
2.350508176304521246e+00 4.765346746201342132e-01 1.865667431759956640e+00 4.061524933929933079e-01 5.241287772114664456e-01
1.806864009166337492e+00 7.093401747336756102e-01 1.711240562397600584e+00 -5.116874145087484393e-01 1.492020056440930276e+00
-4.748115026235930625e-01 9.744859616377077316e-01 3.238886023043038298e-01 1.323705693916406467e+00 2.186750020149563767e+00
-2.151988300388194553e-01 2.468804191081241051e+00 2.200881939115322261e+00 7.766755337721262809e-01 8.603071006614200211e-01
-1.711122166749714957e+00 1.206826247695117482e-01 6.566260321216512708e-01 1.573365702497289575e+00 1.246630551797615283e+00
4.589005043832428132e-02 3.018673374583424884e-01 8.571280085921292313e-01 1.356720013461782059e+00 1.593979275735295964e+00
1.516159609301367173e+00 2.300799579434554154e+00 4.510301897238911950e-01 1.474117766245409022e+00 1.902996410681457862e-01
6.188147358432576350e-01 -2.655710663158585838e-01 1.988876554514129147e+00 -4.288643024764995371e-01 5.699543316506880952e-01
1.312700350997471732e+00 -8.723679769042314014e-02 1.406465442180699910e+00 4.978798435575185755e-01 1.242145274997805693e+00
1.270121070887841874e+00 1.826877913780920792e+00 1.062012782745763495e+00 1.049013705651867800e+00 4.447941402794797217e-02
7.584563973938284187e-01 4.125959905074529921e+00 9.265285374092818715e-01 1.351831353537038094e+00 1.603368637019950693e+00
8.252173327975309558e-02 -9.380239960303984326e-01 1.701665798007950148e+00 6.068143785534271251e-01 -1.802390085770861905e-01
6.277137671297933208e-01 3.405987413464051095e-02 1.998782891970261266e+00 6.037048166839626973e-01 6.161136552311141656e-01
1.323074084444046727e+00 2.315682589329230545e+00 8.783162728918006978e-01 1.440498983255240173e+00 1.184648110360377871e+00
9.605195768396346256e-01 1.120778692868304116e+00 2.573362119633818335e+00 1.682173621771934524e+00 3.640358551952345145e-01
1.336649610047361270e-01 1.574502723905809365e+00 6.274187910312176708e-01 6.313922306331950507e-01 6.661102721101648250e-01
1.512229998895000982e+00 1.464158731433799376e+00 1.276229357775563455e+00 1.129287754454638915e+00 1.004337381679944574e+00
-5.521116766580778101e-01 8.783686630120353112e-01 -4.406949592580755581e-01 3.091935630307691252e+00 1.386450857730053610e+00
4.063219386753095241e-01 8.208704846850468639e-01 1.740582875808895924e-01 1.407014900022379278e+00 2.063271018653797473e+00
-1.821516863453251922e-01 1.697889902116442418e+00 1.224114487715992405e+00 9.774794089486043003e-01 1.776482837173027907e+00
6.948135848223030431e-01 1.609021790048788425e+00 1.978050174381716708e+00 6.089038424401037597e-01 -2.186975428055075721e-01
1.986005644052039276e+00 2.853165831866631974e-01 2.214036073808039351e+00 2.659704099426819290e+00 2.035124134383320182e+00
1.589356647384441157e-01 1.147754356170310075e+00 1.423689568002378003e+00 1.530877893880908669e+00 2.758489691016370315e-01
5.550160205541359026e-01 2.806155966716938899e+00 2.356944374460251401e-01 -2.717955648260981238e-01 1.363476814176221463e+00
3.039153611380236431e-01 4.999936940606707347e-01 6.018782399467070832e-01 1.123911570526899162e+00 3.333327515851559619e-01
-1.082795506072868896e-01 -8.492145970356259621e-01 1.805274223958888147e+00 6.895592621556811963e-01 2.528288890013636880e+00
9.214177495998011613e-01 1.265845961275106735e+00 2.289118798146537515e+00 1.695185269457845312e+00 9.123908035282767282e-01
-3.896769106403650262e-01 4.076506348026028848e-01 2.421754673236063304e+00 2.361377539480803200e+00 2.110395611211624889e+00
4.093214046741362466e-01 1.458104824712068481e+00 1.634008226975825373e+00 -5.645135756644161784e-01 5.869820566649753824e-01
1.094492810890681289e+00 2.109563641216468000e+00 9.718272218286743147e-01 1.439093053933002464e+00 1.973889892619720143e-01
1.099627811425895496e+00 1.395899676658167499e+00 1.175976990582426884e+00 5.615195888186873541e-01 -5.741824858416044730e-01
7.635952962991648940e-01 6.666676722566572399e-01 2.640486954410016018e+00 9.370540996572234160e-01 -5.846242937356538327e-02
2.578015295443078614e+00 2.585842877849658272e+00 -2.291128851332056016e-01 8.249961420787428334e-01 1.522006202718889423e+00
1.021209477259405363e+00 2.041008915333400786e+00 4.356964830502807473e-01 8.882889685560657611e-01 4.041265316012314646e-01
1.234163778965256197e+00 1.994424252465243796e+00 1.688806870100272972e+00 2.771502536731442756e+00 7.551305235309767605e-01
1.022420859509911351e+00 -3.738721871636745409e-01 3.802625585828161459e+00 7.766059432272228724e-01 9.710771654111644002e-01
1.455542909214763148e+00 1.446379626821715059e+00 1.682207916832406669e+00 1.698799744018834268e+00 2.294884733051696379e+00
1.051411477373102032e-01 1.550593849959492010e+00 1.885763692445115991e+00 2.995197509063372898e+00 1.487724641934191627e+00
1.985229899832570144e+00 9.121841338579055325e-01 -5.713809488939036729e-01 2.777712352386933148e+00 1.057156387668098274e+00
1.083772728997467683e+00 9.780925133573232788e-01 1.069798425242102224e+00 1.349777323737573198e+00 5.255684736983303740e-01
6.067640486293368607e-01 -2.603772877231935734e-01 9.845756714916179542e-01 -1.432205924946901021e-01 8.921397413323365333e-01
3.965381269621589544e-01 -6.840109384982846485e-01 1.598003626673549782e+00 7.192097296601871470e-01 -6.529454012122259954e-02
6.924402932492368379e-02 -4.111555346089896812e-01 -9.557356900658064980e-01 -7.488175521035345117e-01 1.494531443738614573e+00
2.873179813270732907e+00 1.815046328437432299e+00 3.465605450794958520e-01 -1.170696727205070786e+00 1.262988408784288863e+00
9.869165435715612222e-01 1.709359485800599820e+00 1.918289810933731410e+00 1.354119953748945671e+00 2.379795134885918095e+00
1.395557921677527791e+00 1.004571062186222274e+00 -2.803583349286853377e-01 2.260075151904713531e-01 -1.506612339405608569e-01
1.066405129854746336e+00 3.659151743702571125e-02 1.163230398280759248e+00 2.020216165284456800e+00 -7.561447085224533016e-01
5.243389134740490398e-01 2.083621441972626220e-01 2.109849814902208243e-01 7.170478752405762268e-01 2.426778892164974888e+00
9.751353250156593599e-01 -3.709053881114021678e-01 5.843799626490853161e-01 3.066647990594775219e-01 1.589750852718343044e+00
1.517520946632753720e+00 8.047325860207610315e-01 1.566235296227221685e+00 4.406234310236385454e-01 8.873068626675851833e-01
-2.141924840426390197e-01 1.027457973751927378e+00 -5.282026870846028288e-01 1.899185159296866265e+00 1.740303344326575408e+00
6.909075738063799044e-01 5.616740003704743245e-01 9.827931358865998890e-01 -4.937293974585685863e-01 6.319157569286748544e-02
1.087732713079523128e+00 -6.891410242782363138e-01 2.093116337490374956e-01 2.329737723333015209e-01 1.601982445321308957e+00
1.916700145504091068e-02 5.374447889326514627e-01 8.323893698076612058e-02 9.873098099093802205e-01 8.061583302777550752e-01
9.979367063201066701e-01 2.631474884834683614e-01 2.289178903914483865e+00 1.775482555898880932e+00 6.252745362420513153e-01
-1.126172866351520252e+00 -8.859492447536505555e-01 3.779979373984662105e-01 1.360224929951614481e+00 -1.317981294792490932e+00
-1.667066783923731865e-01 1.558437734978670886e+00 -2.779175881187712083e-01 1.536224996132087295e+00 2.266850097879008707e+00
1.346114145394733619e+00 1.262477563816859494e+00 1.804368751128248238e+00 2.191771369778662049e+00 -6.036884502033277311e-01
-2.759571288356614804e-01 8.747817205690987530e-01 -1.067744325168304975e-01 3.369886593828409493e-01 -1.757008526836788764e+00
1.796887527066330925e-01 -8.608248139826792933e-01 2.718608648486940282e+00 2.736138911254164974e+00 -4.290286343584972517e-01
2.144570080821381897e+00 1.084390384628850512e-01 5.984196419065432870e-01 5.879299043669645730e-01 1.200490317805772200e+00
1.289896177544055611e+00 2.402558412532757259e+00 1.305870200750465449e+00 1.301309681766853910e+00 2.143757711952920531e+00
6.717783747542656059e-01 7.792472531815710646e-01 2.369911596273019505e+00 -1.613233586082476467e-01 6.730850519090951778e-01
7.154308157346134234e-02 6.750555447673797227e-01 1.806926425555002380e+00 1.453795669851358108e+00 9.769545314411677284e-01
5.190739756903530733e-01 4.641462985024232824e-01 1.290143104106895144e+00 1.590905368702698164e+00 7.476969379116189529e-01
2.585489462979508879e-01 -1.137132811882084482e+00 -1.495988003368264874e-01 1.495479982352510895e+00 2.334272588031853779e+00
4.026358041272899424e-01 -6.859962477804737446e-03 1.125425144665277877e+00 9.018785732141516576e-01 2.620422816178690217e-01
1.331501059754351513e+00 2.052845914876991529e+00 1.596745857343875530e+00 7.563966470013245846e-01 8.479072181060547386e-01
1.112628478972990997e+00 1.513841026388789590e+00 8.336720820814107480e-01 3.398632204069945928e+00 1.431940356727633423e+00
-1.043809927848425190e+00 8.734183140944591361e-01 1.501301028845383190e+00 2.335232956926104997e+00 -8.174319645762047060e-01
8.265930009145170398e-01 -2.278026026571056128e-02 9.107605941744113531e-01 1.600832007774908750e+00 1.009156472803766080e-01
1.205907240466850050e+00 6.704519073149777242e-01 5.343456442745456725e-01 7.395189016653964664e-01 1.160322818337736761e+00
2.311135602005484735e+00 9.866284434070702325e-01 1.045997849297584770e+00 1.731736257764171949e+00 8.908000130562899743e-01
2.313146555067226551e+00 1.960536977036376971e+00 3.689021024627052725e-01 1.420473256057646960e+00 2.133098899291180350e-01
5.448060997348413981e-01 -1.067169830637679340e+00 2.231374140286004337e+00 7.221934974493662285e-01 1.087686465421503046e+00
-2.143840036503759094e-01 1.444363095601755465e+00 1.109986520134594867e+00 1.278364148041081005e+00 1.573802181873877437e+00
6.021491319680993826e-03 1.799559210763967965e-01 -1.391157274568401991e-01 -4.165771425431572528e-01 2.706902220150475991e+00
-3.924653425297297549e-01 3.163530216657428618e+00 1.298614639432469353e+00 -2.128528455278180243e-01 1.958218028900504670e-03
6.610253735564626254e-01 6.330406883649959404e-01 -7.172050776771410341e-02 7.253430489007556270e-01 1.361185890836838830e+00
5.496191047824406262e+00 5.929829363430692446e+00 3.669593949213874495e+00 4.343679708034281717e+00 5.145493008879725494e+00
4.011012764875854231e+00 6.973564162087470208e+00 4.983194250658282698e+00 3.783609958572720977e+00 4.950397711382850119e+00
4.917202806196907083e+00 4.845083000455091771e+00 5.749543237289003628e+00 5.827174520533725754e+00 5.052412815467954843e+00
5.177064071993012107e+00 4.152699775866876664e+00 3.940216947834557448e+00 5.744549886018741169e+00 5.874306579917932147e+00
3.166309685916349093e+00 4.562547567654277714e+00 5.483156410847167983e+00 4.256356891093993511e+00 4.412972502641221872e+00
3.285458369777674470e+00 5.231523145474250569e+00 4.882661320387803983e+00 4.945775676597705228e+00 5.062373573751075106e+00
4.484184717648261653e+00 3.812281959555808619e+00 5.824797438157514939e+00 3.375421669452399964e+00 4.394392373545551678e+00
6.944488283754687963e+00 4.573826120515267490e+00 7.609087099866005843e+00 5.189383667657676114e+00 2.513239314500384847e+00
6.106416629322682255e+00 4.450599697310979153e+00 4.591906594969739963e+00 6.428531379027953463e+00 4.075552977857960890e+00
4.444191683324852704e+00 4.317785763941293098e+00 4.461630367960752075e+00 4.356983803677487721e+00 2.616384243042475077e+00
