2.837266897435436697e+00 1.225948895271674388e+00
8.054172040195891613e-01 -2.252551771115591794e-01
-3.113101339925830047e-01 1.120405802064221579e+00
-1.943609635303574557e+00 1.234056617311952042e+00
1.204935869992636466e+00 7.208730670196485946e-01
1.615339396829160723e+00 1.500875494129062737e+00
1.295322092645064149e+00 6.297321714573969054e-01
-2.788705901338541793e-01 -4.025191581900398052e-01
3.071501748130576193e+00 2.866853150246469362e+00
1.829654719082886016e+00 2.270187297578698526e+00
1.308913834430743606e+00 3.246237841529469037e-01
3.884938160251487638e-01 2.325390493556961147e+00
2.809311446337745988e+00 2.054022533715176735e+00
3.328000137637793232e-01 5.181693169425930501e-01
-1.384096707178692043e+00 1.304267080072641694e+00
1.779944760968041884e+00 -1.026798028783049155e-01
3.475257153259285747e-01 5.128974593617452449e-01
2.034266948126894015e+00 6.574855170187563491e-01
9.139257047673960965e-01 1.139369110375012539e+00
1.486045893413566077e+00 -6.183438184646035118e-01
-5.477245850374934388e-01 2.764119078292099907e+00
2.642878111203661451e-02 3.090461135288702366e+00
4.233655554809745425e-01 3.230495744750770726e+00
1.568703124839957219e+00 6.155973068122644332e-01
3.690095470971213043e-01 7.417941060353525629e-01
3.655052846274458034e-01 1.752577833953387731e+00
-7.368876015709697747e-01 1.735593572638933768e+00
1.727720602911643866e+00 1.303510308088295044e+00
1.358469476319463576e+00 -1.761079311098583400e+00
5.312587823292274081e-01 -4.793739359035300573e-01
1.716531392820200841e+00 6.786642131910483045e-01
1.477616422023636522e-01 2.051013679475675477e+00
1.059618819457490924e+00 3.470201117220664822e-01
1.345309898758263012e+00 1.430882827964723436e-01
1.907655335149796016e+00 7.513506218273018344e-01
8.907697909394733937e-01 -4.771761716861553371e-01
8.377843431423056542e-01 1.276809746085590946e+00
3.411241814496472902e-01 1.741034166176307796e+00
2.107988059368491207e+00 1.564565591791209354e+00
1.170207212452438306e+00 -1.803897538945742340e+00
9.780256701630529736e-02 1.220309384213588144e-01
3.230565927229425149e-01 1.379590366294024761e+00
1.689097334178294219e+00 2.235543908845849082e+00
1.338635009974135981e+00 4.109402532993148283e-01
1.556866061733187090e+00 4.451915399633105119e-01
6.903683446423295456e-01 1.215449885068530245e-01
1.200536137661257108e+00 -8.027002208204794265e-01
-3.696987745229436406e-01 1.562723313538445069e+00
-3.748769001369043341e-01 3.709884172718418416e-01
1.872752376027437826e-01 5.822969348803799239e-01
1.302199822434719323e+00 2.482870893043676919e+00
8.131227245275530757e-01 1.549599564695864684e+00
2.078419931007075228e+00 1.697908170023308738e+00
2.330396132866447978e+00 1.794653741753197362e+00
6.303338138628731269e-01 -4.139454264577948628e-01
8.378209550876936085e-01 8.373620820155192046e-01
1.039599203103870328e-01 -3.494237445603769476e-01
1.442189339906567058e+00 1.408765975070388476e-01
1.950407851510184365e+00 4.062068882318222718e-01
7.024023665510054082e-01 2.291496541336726533e+00
2.011994069570197663e+00 4.637715390787237046e-01
1.967390218777957944e-01 1.030736299835219638e+00
2.977814214350269495e-01 4.961945776575515943e-02
-2.040266820215121957e-01 6.034325925733042828e-01
1.220378990370680095e+00 9.003512068726123863e-01
1.411183050124689142e+00 1.421905157516745177e+00
2.767865310161593539e-01 1.805644241624198898e+00
8.326074408731156673e-01 1.395801539480083120e+00
1.027712851102439595e+00 1.377792160293588752e+00
2.275051424444598069e+00 6.723034437611343783e-01
1.927072986037094093e+00 5.789439944504517488e-01
1.152973303890180157e+00 2.101469093898149509e+00
1.849570687861761265e-01 8.888390775262015042e-01
1.764289782802253459e+00 1.883392194639982087e+00
2.776347434039324824e+00 1.587247503877655674e-01
1.292945631679078389e+00 9.363156130481629091e-01
2.374607832966882270e+00 1.407523815690116864e+00
9.066163434100924512e-01 -8.292347253963217035e-02
1.880400606995991986e+00 1.304106076700428440e+00
5.328295948146858363e-01 -6.420083571081736107e-01
2.372086189522327082e+00 -9.786715868822035702e-01
1.002048582360411721e+00 1.148167392466514780e+00
3.395585210179506319e+00 6.926760953397067544e-01
3.019460052139968376e-01 1.206624489277867696e+00
2.047392757663857754e+00 3.850333473820672925e-01
2.358061317340839125e+00 1.471458789299282532e+00
6.217541549962627423e-01 1.912440371872900613e+00
1.829228547639346170e+00 7.187086824647757055e-01
1.026938083078196007e+00 2.428060881021261164e+00
2.189959428081460491e+00 -1.112046498874633027e+00
3.155513509993491006e+00 3.320633359911508986e-01
1.708596508131480451e+00 5.598262772307178725e-01
1.233156986297275992e+00 1.596778617256417121e+00
2.809710147710257733e+00 5.521285356456349103e-01
1.396599827809150263e+00 -5.202998438292858463e-01
4.292587402737553237e-01 2.791338543670238259e+00
1.008828473618979205e+00 1.889092736088328506e+00
1.548125468308002128e+00 4.804331748812369351e-01
5.454138328561555227e-01 2.438712454275031583e+00
-1.367752406973862467e+00 2.250614841790643972e+00
-1.082943036456211594e+00 -5.564686675868601995e-02
2.135046811639057518e-01 6.400787127776063068e-01
1.859465005780071012e-01 4.112855196152249704e-01
5.559749154526862913e-01 9.123175273057455570e-01
6.734613249941366897e-01 1.437929314956188476e+00
1.348179928047585907e+00 2.949891063500622135e+00
1.086637528823917176e+00 1.675016147646122278e+00
1.588660340974952900e+00 5.881410219172119591e-01
1.685608574236419743e+00 1.863788143113932261e+00
2.935332076736716367e-01 1.667629084281689877e+00
1.072252574953188597e+00 1.432220951811483234e+00
-6.931921190459346960e-01 1.188426060259266226e+00
1.452939292981183517e+00 2.098676720307226073e+00
3.105775660333313093e-01 -2.206154152634427490e-01
2.142502779377731592e+00 1.450023127960128555e+00
-1.445007995700673398e-01 1.669021661192628958e+00
2.253748972093153391e+00 1.189216211392015721e+00
2.531656492588016505e+00 5.067067110509778649e-01
1.464626392759847295e+00 8.184314406371495654e-01
3.201462053777333061e-01 1.299324947338092784e+00
8.875641504066572596e-01 1.341212976540149260e+00
1.284187441730821888e-01 4.663896727597249825e-01
9.970385244207216058e-01 2.280050025826901638e+00
7.264662660903642433e-02 -1.637960432329552685e-01
9.834522017967273211e-02 2.305537714681230366e+00
3.473888996910655669e-01 2.284692851823971971e+00
4.118508533193626642e-01 8.259752070054986461e-01
8.504645111006281510e-01 -1.823424054380872406e+00
1.211911613131864796e+00 -1.544381640980676540e-01
5.573602235060731713e-01 2.101012682765798445e+00
1.274208364911247449e+00 1.524606066881751598e+00
-5.915350979365399109e-01 1.159046034622799537e+00
1.411698240511467306e+00 1.363936709036118744e+00
-4.414238590127483874e-01 7.039486872617082280e-01
1.695478419752247001e+00 1.540827946990820374e+00
2.981921984055406760e-01 7.377221602617524132e-01
1.585514425682972295e-01 1.781556528764598690e+00
2.174806931257368348e+00 3.437288894854473309e-02
1.050594699460561277e+00 1.099629972383673326e+00
1.221852854934403210e-01 -5.285583885646230051e-01
1.324283708463037446e+00 3.429291952240078878e-01
1.393064115794668822e+00 2.495730160881958426e+00
-6.331347923707515424e-01 2.606019586437364755e+00
1.746785717953362571e+00 2.298742604193126926e-01
3.207967179710454975e+00 2.394520073708098273e+00
5.620746722072194057e-01 1.875141419650493413e-01
2.679604159886135761e+00 2.162651099133070520e+00
-5.891747033792635868e-01 -1.151120160371026380e+00
1.090269514216364088e+00 2.593363115386837947e+00
1.655115603841818217e+00 1.622990284933106597e+00
1.938871495243728926e+00 1.603507371513860802e+00
-1.428220284531991346e-01 -1.034150193871562262e+00
3.353230197944075952e-01 1.159893907957723291e+00
5.954098513858294695e-01 -2.877059704916360428e-01
5.987238092264695055e-01 3.234263346075346046e+00
1.423400182322612340e+00 8.593512000527768757e-01
3.552877384938726291e+00 1.049155216606300511e+00
3.061732877863670987e-01 1.216419437119587998e+00
5.412319118245221272e-01 4.237884063581984773e-01
6.846860649775323715e-01 -2.274572354152324394e-01
1.998415487602853036e+00 1.098912144504142541e+00
1.911270142752089285e+00 1.656086992565121152e-01
6.037997422562663141e-01 4.175750149410890621e-01
1.396339384086445534e+00 1.089890510681187363e-01
-2.355171400769362489e-01 1.969540680012275224e+00
1.414044443846866228e+00 1.336537535574218172e-01
1.738460562734297943e+00 2.313348433994872888e+00
-4.959523858071601676e-01 1.603447897678139000e+00
-4.902819914604303886e-01 -5.540942401576853804e-01
7.440728590753648009e-01 1.391228613062531094e+00
7.386128209528581845e-01 1.144495213208249318e+00
2.105308536475297920e+00 8.372379139647924129e-01
1.729172150935787133e-01 9.713584287339115386e-01
2.600330828105026360e-01 1.125280408123688236e+00
1.139649560593085864e+00 1.795700154230930323e+00
-8.395174228688060403e-01 -3.216619116532490885e-01
-1.028990250702572773e-01 1.278113735910448412e+00
2.896971971444576965e+00 1.726455091455747493e-01
3.050013884563192779e+00 5.749917564518053359e-01
6.993251165964898819e-01 2.483325131006782538e+00
1.341085998916996314e+00 9.137788798806552037e-01
1.810336610695944870e+00 7.658726150649779463e-01
2.159536197489886789e+00 -4.634428711391314071e-01
7.230689056323440500e-01 1.940850531203900164e+00
1.786219885969764665e+00 1.644543502767884302e+00
5.709118179221730482e-01 4.686838398479281631e-01
1.400579418749668514e+00 3.075723290111538333e+00
-5.482846040228148699e-01 1.258050630125624236e+00
4.957336669097373028e-01 2.636957546346859971e+00
1.657876995981040880e+00 1.870337343011379438e+00
2.833296332073115265e-01 1.230034085366078944e+00
-2.003011972058066359e-01 4.027880260225386033e-01
2.492653804047439081e+00 -2.109105870420935336e-01
-9.886992233000002628e-01 3.934092151207049248e-01
1.171330158166842494e+00 1.204972888700190925e+00
1.836350951301583212e+00 8.685885213163695440e-01
9.473113669274060289e-01 1.074731330244286465e+00
1.905504682866308475e+00 6.570315845444958391e-01
1.676644301400867842e+00 3.045583975539261079e-01
1.825989039030025740e+00 1.195015609555344360e+00
