7.758822808583338837e-01 7.586654912755579350e-01 3.098396692834866073e-01 4.683276012041229786e-01
3.164846012608957260e-01 1.395760212774170839e+00 9.529352057774786999e-02 1.963611786900258283e+00
4.346382557186593276e-01 -3.708949691535603499e-01 1.055013659197653109e+00 4.227448158879287821e-02
-1.143117287279020289e+00 1.887804215313797052e+00 1.957247077933216728e+00 7.286657070571348482e-01
1.704298432095033844e-01 1.694324122340664651e-01 3.671025576356560238e-01 7.028127610953451843e-01
5.976970587910421795e-01 -2.857049948066121559e-01 -5.973588377497354163e-01 1.973379084774328218e-01
1.839988387998405805e+00 -1.542605757988289028e-01 1.793067340527980891e+00 5.925568761461190714e-01
1.486904307814529869e+00 -6.172153933201709464e-01 9.382572170347072138e-01 1.143767398650913591e+00
2.431577677214547428e+00 8.065861717355872207e-01 1.214185835563206250e-01 2.325959088123231933e+00
9.034365836616315981e-01 2.145753337708042885e+00 -1.757155613899634705e+00 2.071156499080140101e+00
3.218281806628787711e-01 2.353840446983287427e-01 -6.628827135473907006e-01 7.419541159298391753e-01
1.883107160437815342e+00 5.629670767662573461e-01 1.346172176641717178e+00 4.323503314655370744e+00
1.118411389585893811e+00 9.637225901008885653e-01 1.294717142374782082e+00 -5.189548067063309844e-01
1.554558468228735224e+00 7.041650099227761972e-01 2.343748032245077439e+00 9.623954566874868277e-01
1.315660900621353102e+00 7.661638098767392657e-01 4.580686257740786971e-01 1.650724239776077518e+00
1.381936409863721016e+00 -1.043437966503817815e+00 1.401789662438930995e+00 2.911385854872837520e+00
3.146111161837612524e-01 1.363111952280110506e-01 -1.107404729399484200e+00 -4.433187932162010458e-01
7.456050080605316488e-01 -4.535573441821250107e-01 6.207453489726748597e-01 1.630509918482761833e+00
1.082300736998333068e+00 1.381439668745281679e+00 8.218213375660808895e-01 1.262742977362329766e+00
2.920798055536061533e+00 8.096306927258808406e-01 8.416003705990461325e-01 1.789053211473575988e+00
-6.955873380975186038e-02 3.352840050458268939e-01 2.376958390273901323e+00 1.153674866996247106e-01
4.917236233403634582e-01 2.190590329815227388e-01 1.310565674968267258e+00 7.735537416068944960e-01
-1.013124072367352912e-01 2.328050585046510079e+00 1.551228613896888486e+00 3.110422037208798729e-01
2.109951487687396821e+00 1.425409392416310483e+00 1.798940828169866002e+00 4.539092062684275675e-01
1.384328110658264332e+00 1.332233896877841328e+00 7.257266341147031730e-01 1.170742752614768900e+00
2.130962772065851940e+00 1.084333773777411691e+00 1.515322299649006332e+00 2.111799196531221057e-01
3.461775036406301576e-01 1.359778650929095001e+00 1.195287073497296682e+00 2.917562409003079171e+00
1.108959661890351889e+00 2.222513915616431301e+00 2.900878837698116719e+00 6.881259977153909579e-01
1.626077903215490394e+00 -3.374209716687082139e-01 7.474580745050986019e-01 1.369551560757769071e+00
9.426532207611603154e-01 1.710504562153689623e+00 1.806184742000544130e+00 1.170360490632909256e+00
6.033029055125198603e-01 -7.141468478063439651e-01 1.693993427024796494e+00 7.368671574227598775e-01
1.463375626619319192e+00 -3.053535836112208912e-01 -2.759181258436482764e-02 1.198778720213296900e+00
1.311474516108596333e+00 1.485575776167157080e+00 7.203616635055621886e-01 3.000460414196740588e-01
1.668681482545255168e+00 9.691059514329790625e-01 2.527297084020400320e+00 -7.736800755083379499e-01
-3.314383295884200109e-01 1.243612925700155802e+00 5.861468465059854749e-01 7.142782035580956812e-01
2.627195712519625470e+00 6.709301860871230705e-01 1.289598703339413621e+00 2.487541047562541685e+00
1.832034748729773899e+00 2.822340787570645659e+00 1.673549104905945883e-01 6.641175622409571933e-01
-3.230362666747486067e-01 1.452046038030289532e+00 7.141154441768662320e-01 1.677032637951623162e-01
1.242141481932636404e+00 1.083843158975745569e+00 2.118435953493180701e-02 1.314548339047341363e+00
-3.477325636964456734e-01 1.441967896120441850e+00 1.634506319279495079e-01 9.910537043176673722e-01
4.926601813393760576e-01 3.880647484101960032e-01 -1.913714728115791797e-01 3.724425457666900030e-01
1.009818288968000299e+00 1.462079539993910160e+00 1.706519540843181471e+00 1.995111857269082467e+00
3.946368438274227008e-01 3.109364850233388156e-01 1.669776475543983230e+00 1.716151767378328863e-01
3.573159452063255914e-01 -1.061882681564058739e+00 9.419328862534863678e-01 1.863589480183961866e+00
1.421812745934566191e+00 1.420943189387257721e+00 1.096641018690504232e+00 5.324890020813519698e-01
8.860098332693308043e-01 5.284699737864734237e-01 1.275866856210355893e-01 2.158571086164955410e+00
1.180016151823706450e+00 1.524462888869755339e+00 2.977080985609366515e+00 2.206610214665844616e+00
5.673812466390599774e-01 1.079263810685716862e+00 5.561681146252701602e-01 3.954826115320431157e-02
1.186218756183899048e+00 1.009894881685716950e+00 -2.068411522810265080e-01 3.473833633909999552e-01
6.022310791185352397e-01 2.159771907304497418e+00 3.874055910592407059e+00 1.693985652087804716e+00
-9.522614340867898708e-01 1.788894020687114228e+00 -6.644598756080255519e-01 -5.677136745105508808e-01
1.200156480169282558e+00 2.935508259292284094e+00 1.398505996857797751e+00 7.019141039088829803e-01
-1.570273677423654757e-01 1.094471805237863249e-01 1.806394465987906539e+00 1.323271273535416404e+00
1.369461254042507292e+00 7.547834273802991323e-01 2.239663419292939661e+00 8.317875200833116933e-01
2.074807071186875795e+00 1.492905214124398361e+00 1.555039263068014987e+00 9.866262915441063042e-01
2.116806912444434641e+00 2.316677837267497431e+00 1.445977875875948282e+00 1.692529108196163978e+00
2.039378845665801299e-01 1.281588322898336907e+00 1.959964997648044882e-01 1.728187066255677085e+00
3.913347940134705993e-01 3.332832132392067770e+00 1.729266837570313076e+00 1.076150848441642216e+00
1.567070802138084362e+00 1.102591558460659371e+00 1.018783865116912324e+00 6.846811353741288908e-02
1.927580799763332076e-01 1.300048253293304645e+00 1.065520337668073747e+00 2.417123644505039248e-01
1.454559641145381388e+00 2.132241381221642307e+00 5.326194308119905907e-01 1.589324476016215737e+00
3.783250538913920380e-01 -1.022375742004372867e+00 8.752333767538329479e-01 1.754042338187891570e+00
6.032503778615796453e-01 -6.761606472261809664e-01 6.473719154104178308e-01 7.608343310838385776e-01
2.980094049839310255e-01 -8.166150029123775411e-01 3.812014495729683095e-01 1.147711520827351173e+00
1.618592246494148013e+00 1.099796321745435401e+00 1.519303500200795742e+00 -1.321843895513046263e-01
6.721530334074135027e-01 3.153680519465723586e-01 -1.931420232910017187e-01 1.489599421251246447e+00
-9.104558615529261267e-01 2.068293691707909332e+00 1.605714820032860590e+00 6.970972453319184137e-01
5.411127676977321999e-01 1.138137441279996276e+00 2.275441507165860244e+00 2.759739874221892375e+00
4.188483892728165348e-01 1.460777196196823446e+00 2.271566508442669274e+00 7.512385151920744075e-01
1.074207643562611558e+00 9.769886460418553131e-01 5.199521502467974177e-01 3.055703093889350352e-02
1.123670082090702182e+00 -4.207188699535804322e-01 -7.004262821368179015e-01 1.556271530202434139e+00
2.678256068719009342e-01 1.881056861267788705e+00 2.448561914791086203e+00 2.217459575986740372e+00
1.503021053171798016e+00 -3.353476853670120938e-01 -1.027155102242807594e+00 6.853915673717766444e-01
2.288991910342986991e+00 1.019904996398766972e+00 1.291165766397927017e+00 1.132168395527392679e+00
1.335625973224616736e+00 2.526958435514755408e+00 8.561431680430591218e-01 -8.116203090520937025e-01
-2.906598362144907632e-02 8.291057513863270279e-01 4.797426186003678206e-01 5.362291895120501195e-01
8.102603701895834121e-01 1.222525498467071037e+00 3.004481081570671286e-01 8.505833194156828814e-01
5.062260349795882908e-01 6.794278254308443454e-01 2.743203005938626760e+00 1.055200274275942096e+00
-9.033246226068569751e-01 8.111947080728165727e-02 1.743622926124059447e+00 8.913780119399722368e-01
2.451197645075566811e+00 1.357151587030868578e+00 1.549315052094028200e+00 8.241663360008354422e-01
-1.057642072653674159e+00 9.537134103072850699e-01 -3.141547688617907230e-01 4.534881283532474772e-01
1.756385901808023009e+00 1.880532982039196943e-01 3.396444514319142405e-01 -1.592635457204738536e-01
2.027386947291513586e+00 8.920250217961794847e-01 1.279485948764397030e+00 -8.225453510689828551e-01
1.467547505189356061e+00 1.138696392811640257e+00 2.841222631905440554e+00 1.218393096115847118e+00
9.599067033602975973e-01 8.846788987942408866e-01 1.334170556900310167e+00 8.028754594996356797e-01
9.929307782918317393e-01 -1.642946630889676740e+00 6.926516946400308461e-01 1.423143217565811192e+00
6.389422094515310180e-01 1.080285242151002967e+00 1.419569932221293351e+00 1.676667639054872705e+00
8.081311126022678870e-01 2.572957639077799286e+00 -1.950667479381005265e-01 1.132320196728138217e+00
-3.664161729019694835e-01 1.250119575484154089e+00 1.830175664353674181e+00 1.792341851659365659e+00
1.254135635964559903e+00 3.742724189496365872e-01 1.289119976916161203e+00 1.266727705145642036e+00
4.837724051249779889e-01 2.353475803651154941e+00 -4.216616542487947594e-01 3.977608808881243352e-01
-4.747448067069930389e-01 1.137123298228571722e+00 7.072335809875605062e-01 8.212855153524185603e-01
1.801576490109146889e+00 -2.981821450476647151e-01 -6.792419773958353613e-01 2.199496473851311196e-01
1.611380856357326419e+00 1.153324559546842876e+00 3.445987716999481254e+00 4.167943549898528444e-01
2.792661646786311902e-01 -3.601608307444603696e-01 9.857880285595980174e-01 1.325527995928122982e-01
1.797717369190720671e+00 1.704126847668612443e+00 1.141994650884871065e+00 2.530961768726252004e-01
2.799507835443284520e-01 1.856423773972995184e+00 2.581203336414392702e+00 1.776716504214467029e+00
-3.453459540703018860e-02 1.675577355319306516e+00 7.774736028410056399e-02 9.227215356566591531e-01
1.562805945482929504e+00 1.395455076304668252e+00 2.330867847622042799e+00 3.419288291180538897e-01
-1.344865828206736058e-01 -1.948826219029755613e-01 8.520705954248026792e-01 5.933019326218593736e-01
-1.656053391072953573e-02 6.221861772238708177e-01 1.435861137554176992e+00 1.813137168037986413e+00
1.858950735297124623e+00 3.622109746613270786e+00 1.529517368918132947e+00 1.244880327982251567e+00
1.524501239064494085e-01 1.281586581175059303e+00 1.003105888042361782e+00 1.375414758687926398e+00
-9.694720101025005032e-01 6.721848078927759040e-01 2.702771045002663186e+00 2.100030683180265534e+00
-5.519041133101909580e-02 8.315605935817951266e-01 9.925580866438560301e-01 6.425729292631958689e-01
3.436722571834518902e+00 5.078097392616593986e-01 3.661322623243443264e+00 5.036530932835645569e-01
2.509172234236145993e+00 1.140337798562807592e+00 1.265403125726493050e-01 1.420723198131749632e+00
1.297663483283453045e+00 7.589920082254518752e-01 2.731084416370753942e+00 2.626638542165935064e+00
9.848064473370775618e-01 6.069775092343563383e-01 -6.121932142240893437e-01 -6.352104036824339772e-01
2.775344104017171354e+00 2.215223990948114619e+00 9.140279624194043162e-01 1.096404019959176468e+00
1.281459831128476834e+00 1.316312189971683200e+00 4.528338631495776312e-01 8.319673432174825578e-01
6.586396625026382790e-01 1.376815037793729601e+00 1.760128123049884641e+00 1.752433806503400637e+00
-3.181177099795320373e-01 1.534265656982074510e+00 4.591659661868867648e-01 7.980707940570419545e-01
-3.267652619548866433e-02 2.268882559033142066e+00 1.792837153322389021e+00 -7.696625994132790805e-01
-1.570379983011362945e-01 1.956858486317202273e+00 2.210643704441998203e+00 1.687240289688016759e-01
-2.717199685939930554e-01 6.143071039388564580e-01 8.749806161296350693e-01 5.726469134821106088e-01
1.006114037376188541e+00 1.928913413068165550e+00 1.841857838568558448e+00 9.914993793144877277e-02
1.821200064218015058e+00 1.412529956500019779e+00 2.149569405027956570e+00 5.298981785116376741e-01
-5.506113920740451917e-01 1.932217336254729911e+00 3.186712093081479624e-01 1.841333665918191143e-01
-1.990310876762224623e-02 -1.230266775345849606e+00 -3.733326571945032590e-01 4.939431944646809347e-01
-3.136721378748681399e-01 -9.524386470669161664e-01 1.119623301649445901e+00 3.135453468893914408e+00
1.153283541365007991e+00 5.510920520336057837e-01 2.773937370467981722e+00 7.268382189310079733e-01
-1.058985396758426401e+00 5.259636082785312805e-01 -4.318308174184868342e-01 2.073177003934259854e+00
2.484617280675256445e+00 1.676339764442283942e-01 1.158057337629450512e+00 -6.409747908566729713e-01
2.451581020109026010e+00 2.150514622061212577e+00 9.020161249399283321e-02 2.952597856545699173e+00
7.683899094273427544e-01 1.447097673501111403e+00 1.098161827556791703e+00 1.445714007976554916e+00
-2.569431913294530911e-01 1.074744367208722684e+00 2.141928495036645952e+00 1.567318846335010729e+00
9.052586385223700960e-01 6.484480765608124919e-01 1.776207566048815245e-02 1.785502592861460958e+00
-4.931000872132198509e-01 7.539109428511976407e-01 2.395283669058078768e+00 -1.560372769981133168e-02
3.080930848669545252e-01 1.605619895375912876e+00 1.207194884186367778e+00 -6.429311972497990801e-01
1.125902293943797261e+00 -4.316859258804723876e-01 1.235889888399654968e-02 1.158193147393085765e+00
1.180481895390878888e+00 1.524249443093253831e+00 2.460207448149962950e+00 9.928567123259826044e-01
1.935067350481970205e+00 1.305726301330324857e+00 6.435343603004199942e-01 1.175652472329813847e+00
-9.098536751611077111e-01 1.672154210199146895e+00 1.277838882527887909e+00 1.955501837572156232e+00
-9.264179461087360679e-01 1.548580764630147488e-01 1.567236962262166688e+00 1.562445984827927514e+00
-5.217596450784345308e-02 1.307811494575586986e-01 1.905449174819146219e+00 -5.298337170005522623e-01
1.739716777513831802e+00 -4.431422399019484537e-01 1.405624009336432501e+00 2.248037972283092323e+00
2.262811173457112357e+00 1.353845132607871093e+00 2.807907344800326221e+00 1.325530887493288512e+00
-4.860427186929474619e-01 2.220845170736616581e+00 2.187029980669569440e+00 6.119765664429133167e-01
8.676465906153197905e-01 4.703034623092670063e-01 3.441439664883690908e-01 -6.195920035250683799e-01
3.029556064253645875e+00 -5.093329946598232905e-01 1.472195764913005522e+00 -1.642910947560627388e-01
1.709853382918945064e+00 9.290008128106715946e-01 1.000223976142510240e+00 1.639432672050482154e+00
2.787772706279225687e+00 -7.534606202897482508e-01 4.646360401734148660e-01 2.134924565042361166e+00
1.517022329407458514e+00 2.259590810515806680e+00 -4.301526024927948555e-03 1.406709799285630336e-01
5.855539191499776752e-01 1.388701139608120361e+00 1.433299631466608659e+00 1.066934191339087734e+00
5.698761302630971359e-01 -2.793148770959008598e-01 2.044611851174270356e+00 1.803257646423296112e+00
2.615773775752590069e+00 -1.213279497491173142e-01 1.243610379716316272e+00 1.102356950610443143e+00
5.561501890840012674e-01 6.354370060371317130e-03 3.275771381217707834e+00 2.248962117447844022e+00
9.397443399823626198e-01 1.436849182862516727e+00 -5.522278816581123184e-01 2.226087425749202486e-01
4.098932006603602796e-01 2.030193314482322542e+00 1.203526119926579430e+00 5.756941143751892476e-01
2.340355139760371905e+00 2.718899656413616972e-01 2.123955666057725455e+00 1.107505307851352372e+00
2.418734273397920020e+00 -9.695624200948858018e-01 5.151117354057110909e-01 2.437742303977695757e-01
1.313325543933584916e+00 -5.060509929469292345e-01 -7.702739363218746860e-02 1.658478170651323857e+00
2.906448301056768768e-01 9.731114588425606726e-01 6.303687143450955599e-01 -9.582308525696805468e-01
7.856758717099202594e-01 -4.519292821331410970e-02 1.915096707527490505e+00 7.652670134651248235e-01
-9.851897682846693094e-01 2.140148230716223399e-01 2.896888391897052273e+00 1.392699206582465044e-01
1.498988594509071959e+00 -4.850387858164562083e-02 1.844825875608274712e+00 -3.888737509250914659e-01
6.714093475245539455e-01 1.549188767329201522e+00 1.439192906224468160e+00 1.817656821319848515e+00
1.270663896208850563e+00 3.661528180279960853e+00 1.147710109034576043e+00 -6.635409632577553563e-01
2.180452357245691530e+00 6.669269637834507325e-01 -1.874261068801750252e-01 2.124001846781509162e-02
2.679638353941804496e-03 3.278247632808285683e+00 1.653382107514104193e+00 1.986096051395214834e+00
1.414936409711579968e+00 7.107164250517874482e-01 3.495945994356738362e-01 2.691900316367293877e-01
1.168477646471492770e+00 3.769994645718212078e-01 9.843990321509907826e-01 1.881625497394490587e+00
2.205968174407556770e+00 2.780820661698865770e+00 1.368195444742774214e+00 3.105284218790670403e-01
-2.816482921430940589e-01 2.656822139713051811e+00 2.883659504353007774e-01 4.488524940447240485e-01
1.200579263257386398e+00 9.959434699756690712e-01 2.897241434530374304e-01 3.586962126029985543e-01
2.704756215221981730e-01 1.745438746339960545e+00 1.440717022360846311e+00 -4.141507010646419129e-01
2.213838240373353194e+00 2.383427573536192501e+00 5.787867132305997142e-01 -3.458306799611148286e-01
2.034042714515457817e+00 -1.984125898172273139e-01 6.188092676691958616e-01 1.351466372452123421e+00
2.507235548511106416e+00 3.280798513735738720e-01 -5.695433559541500657e-01 2.697373093259245458e-01
2.389521405023170786e+00 1.394967778401593250e+00 7.141648647874322409e-01 9.183292575975759986e-01
1.997860041838884548e+00 3.764189934340925747e-01 8.794399185595703772e-01 1.018644631824364710e+00
-2.773414715997357671e-01 2.293013151463724419e+00 1.279772856530080993e+00 1.378398501066538717e+00
6.107275752897964871e-01 2.525158220679903032e+00 2.492278766291625036e+00 1.101996251944252769e+00
-1.324933166525332773e-02 1.396119795941035413e-01 1.506586429465195609e+00 1.715257338660447939e+00
1.069013558476816339e+00 1.566720945140284149e-01 3.074858433122890755e+00 1.007492750641850066e+00
2.008154363756366134e+00 7.142067429021141667e-01 -8.011002980629380321e-01 1.187430550711617405e+00
2.578309486128085304e+00 1.726457588256216313e+00 2.150291686561093263e-01 -9.887913081311006103e-02
1.859697941408567035e+00 -6.012903864246603725e-01 2.406138555936937262e+00 1.954060015459723409e+00
1.882219957054116266e+00 9.575185919040767324e-01 1.160848211438637145e+00 1.120596772070859171e+00
2.051918537920261798e+01 2.100078065988052245e+01 1.855208417383757080e+01 1.969189996127960995e+01
2.017083676587098040e+01 1.964849952503862340e+01 1.947685929474769750e+01 1.844510021302997771e+01
1.974359512931237504e+01 1.972573953869451913e+01 2.085420296913178362e+01 2.001436468911467870e+01
2.037786258906032799e+01 1.945802027055250605e+01 2.013885518966594645e+01 2.008234055989991873e+01
1.926763636628559340e+01 2.053586674788517641e+01 1.893649233127852227e+01 1.885626658797041344e+01
1.925547904296036350e+01 2.020877197508488621e+01 2.094633407168540273e+01 1.855606941691633693e+01
2.082977050655994944e+01 1.985949174503095094e+01 1.984826013328459737e+01 2.074321439162687852e+01
2.008746421498509704e+01 2.022527629890937106e+01 2.194731017939790974e+01 2.062573686752029545e+01
2.121113952165352146e+01 2.101286778423231993e+01 1.849088902175884641e+01 2.092120864624949306e+01
2.194490528648118399e+01 2.162310552345223869e+01 2.008968846271335451e+01 2.055692050280518401e+01
2.085093063792454160e+01 1.828348424801484740e+01 2.086897346080358417e+01 2.127334693470834992e+01
2.073349147796649206e+01 1.899814651773908736e+01 1.991016292857611703e+01 1.987724769638570166e+01
1.964598878720192587e+01 1.943498589569464841e+01 1.907062825251738047e+01 1.829165106133331520e+01
2.020737568622467251e+01 2.080684647482063809e+01 2.007519247334049339e+01 2.117868009626157288e+01
1.935394441170474877e+01 2.027566210799871627e+01 1.961747062563142663e+01 1.940801045358934118e+01
2.098559225510731707e+01 2.159001793832616656e+01 1.957016127790141979e+01 1.914639636313564708e+01
1.983951187196435839e+01 2.123608981904861537e+01 1.964169490286199959e+01 1.903914281207763892e+01
2.004019546071937796e+01 1.940403435210452443e+01 2.074284418679708253e+01 2.053870110427384077e+01
1.914771651543555819e+01 2.007889328350574232e+01 1.883487974068744819e+01 1.768083310925305085e+01
1.913531089371026184e+01 1.800285107783374627e+01 2.010133902530771266e+01 2.041286326559206188e+01
