-9.194303618691612723e-01 4.196160453253842126e-01 2.927143612336214229e+00 3.759838035333497253e+00 -1.031854222961503531e-02
1.552329280450170712e+00 2.173890591935453642e+00 1.909156072225485445e+00 1.840705746767990370e+00 -1.558941102628064179e-02
1.551588341469173127e+00 2.091124694635687842e+00 -2.113652786670372485e-01 8.350816875985233034e-01 1.428152650595333029e+00
1.290364447380547563e-01 2.352907715604861671e+00 3.431135435679876888e+00 3.361181646744478169e+00 -5.995802969779446823e-01
1.682092316403171806e+00 1.549534572982486758e+00 3.178324566665071682e+00 5.096611825688330821e-01 1.514404242080127361e+00
9.770228090943046118e-01 7.091978834059661230e-01 -1.725624573380084570e-01 3.980079364143406240e-01 2.797493830261887915e+00
-1.214898538075892542e-01 3.937809408066207384e-01 2.072863726055467204e-01 -1.399400079324139679e+00 -3.311275916190647983e-01
2.966371087503055781e-01 3.730847626193899425e-01 1.647667518423503452e+00 3.971315242370796916e+00 -5.795704324050154899e-01
1.659288199626677507e+00 5.538638548117138516e-01 1.473751365915950018e+00 4.588016843605857709e-01 1.134000767566505807e+00
-3.843477241117263521e-01 1.273552812142076274e+00 1.463573044877500839e-01 2.243551191591585781e+00 9.002819911436880096e-01
6.087613573282184554e-01 9.354244987499802377e-01 2.853166035906132603e+00 4.179783057761744525e-01 1.539110948644895505e+00
1.438834375754515893e+00 -1.053504253067634178e+00 -6.176807473246448410e-02 1.687489678464463294e+00 -8.045620240519539834e-01
2.462448749174814822e+00 2.695098614430667006e+00 1.715103805694773609e+00 1.253934250261508065e+00 2.072152562726890856e+00
2.406871542054790147e+00 1.277964852540436125e+00 1.584153227096752214e+00 2.542603329931298894e-01 1.819170737958129891e+00
-3.410783306458060604e-01 1.393277288499059852e+00 9.677193668664730852e-01 2.261683782811784837e+00 3.962487003758610626e+00
2.695885373532651563e+00 -1.181658389479224081e+00 -1.988595107113710903e-02 8.978873759962603396e-01 1.183537782786893811e+00
-8.434178721291374359e-03 -1.450641351579826654e-01 1.127668960342421034e+00 -1.865184409776809993e-02 2.480582807283780333e+00
1.376560523649047685e+00 -9.183358609082081792e-02 2.407542635854245106e+00 1.192049040175866104e+00 2.570766793413326035e+00
1.275005896595052146e+00 6.115292281172044486e-01 1.187433270927897633e+00 -1.146952071281973407e+00 1.804959167296181555e+00
6.584629987240973037e-01 1.656319058727834470e+00 -3.167460506085573169e-01 -1.514921925599210795e-02 1.510086480351636284e+00
-5.436284418276160491e-01 -1.383298614788761594e-01 2.115213594585376722e+00 1.725935476634626653e+00 1.773210337387922664e-01
9.460745459902326626e-01 1.372720031765939597e+00 -1.175893274569639324e-01 9.183662783445711852e-02 2.017824189270487789e+00
3.760155580256421270e-01 -1.143266808899456866e+00 2.814728784590689870e+00 1.149204026098382680e+00 1.987928244220446228e+00
1.556225415784035171e+00 1.813211604857915438e+00 3.696485194866695467e-01 2.468855836696112194e-01 2.741488872699143764e-01
1.375143446115817181e+00 6.942477912395279560e-01 2.472913995891374839e+00 5.923655004266842328e-01 1.580356665893320578e+00
2.669045746898247806e+00 1.326735713812894346e-01 2.594876750917005648e+00 2.698949957618869355e+00 5.040421658398841487e-02
6.441365192841518317e-01 1.110622736247320885e+00 3.627657047300161253e-01 2.794809613797888392e-01 1.912828072739941376e+00
8.063929668648989191e-01 1.913111612575407738e+00 1.147056657956870618e+00 2.579495090018493642e+00 2.819291476418698927e+00
1.723391953004955734e-01 1.362624751230457232e+00 2.612149468517590556e+00 1.055453500646352349e+00 2.913611868815711992e-01
2.067543266709169991e+00 1.061297970648474642e+00 1.096989927494167016e+00 3.625524471247104641e-01 2.562486347083680727e+00
8.614074092860122267e-01 7.075460072338024542e-01 1.038051827073616984e+00 -1.249427382664474173e-01 -3.012634961962668001e-01
-3.743452397465520942e-01 1.175565586434997867e-01 1.326129103668412634e+00 2.307223967838374357e+00 1.881542109226546522e+00
1.636873243323996530e+00 9.358300918474239394e-01 1.051983235855225685e+00 -3.453449326090840543e-02 -2.669061231467262374e-03
1.012005561873379422e+00 1.748821805972460730e+00 1.882904724615252601e+00 1.373182476124231943e+00 -8.171148447132758896e-02
1.356347285130791169e-01 1.250000773945071586e+00 9.305411760630544205e-01 9.285903238992396780e-01 8.061959890763660264e-01
2.261971822640269636e+00 1.634713770196177807e-01 1.606712708802462419e+00 -4.315589203956227138e-02 2.933768483035336772e+00
2.188068223174568505e-01 1.156122208370478521e+00 1.657536601228363438e+00 1.047625986082318938e+00 1.148011266121977236e+00
2.195098714470263612e+00 -4.269467123085846083e-02 1.571001116619843874e+00 -1.863444385755805843e-01 9.935027949413209880e-01
3.072539468570569809e+00 -2.521837592529430072e-01 -6.315778741547917186e-01 1.688577448182575047e+00 5.854963778409028041e-01
-2.815963394465603731e-01 2.926850153219537010e+00 1.905762592063002803e+00 4.846286487683273414e-01 -8.028824132268470581e-01
7.054268314288723030e-01 1.754567025378433343e+00 6.787425918294236471e-01 2.153917703783129411e+00 5.393213413087956098e-01
1.590821611836756411e+00 1.068761372947536259e+00 2.426785805919877248e+00 1.460912015861598690e+00 1.587909945375252985e+00
3.233979323567056641e-01 4.728045900452335637e-01 2.718884092419621368e+00 1.777459764205719495e+00 -2.402117492588031755e-01
2.448286779323690432e+00 -8.160174220258882283e-01 2.870031822605431771e+00 1.049815384401127316e+00 -1.058331673783455162e+00
1.914270452142067480e+00 2.410388746095823542e+00 1.716986002735851002e+00 1.788706651043915796e+00 9.931265724758329139e-01
-9.333916052940671726e-02 4.048750464720785036e-01 9.511816700040011119e-01 -2.291501330755900678e-01 -2.325206350623926443e+00
9.804753716323837409e-01 1.535103961614452395e-01 9.648965722403636258e-01 9.200963096525622831e-01 2.152801980353302280e+00
1.150652417018150908e+00 1.481599587492558712e+00 1.652333740429043907e+00 5.518419981648412520e-01 1.587185999805755365e+00
1.938673673149803545e+00 -4.435794957829872764e-01 -1.207652330541958197e+00 1.229853991656994605e+00 -1.013664676763073036e+00
1.291504796669559196e-01 1.773296636968489493e+00 -2.245233221979747729e-01 6.285354062803428787e-01 5.565301323816020940e-01
2.700083091288214998e+00 7.521310792162970715e-01 2.413344870488105975e+00 3.971343410362937476e-02 2.027755770137638525e+00
1.500589773021928641e+00 5.285161259414896673e-01 6.495663527746933230e-01 2.137016345479752832e+00 8.974945667789291370e-02
3.188806603501919135e-01 1.503685367540942286e-01 1.296959011334724243e+00 -7.825043188228140156e-01 1.261655833520157088e+00
2.476038877332606525e+00 1.395662869967154940e+00 -2.523355192609795239e-01 1.796848076851345954e+00 8.057770988520533972e-01
1.791092574293168038e+00 1.757870159716487635e+00 -2.855564052074053283e-01 2.434080211525406767e-01 1.256309135912886621e+00
5.897253690000090476e-01 2.156306182052084353e+00 1.085708224477775152e+00 8.959030395064608854e-01 -6.159309815661877519e-01
1.253193344027522027e+00 9.145385387827258405e-01 2.158811051404536663e+00 1.818203805717981236e+00 1.357182453927224142e+00
4.522079646777086293e-01 3.126604876084081663e+00 -7.110840567748422103e-02 1.451314852594541405e+00 2.506032940994785685e-01
2.201698097557638789e+00 7.895552905363901752e-01 1.785955925165159552e+00 1.325706511797155152e+00 1.606025419640571439e+00
2.109138851265976111e+00 -6.605625968167938566e-04 1.447702485563705732e+00 6.634076493415665965e-01 1.938589229346098008e+00
2.867049326510530793e+00 1.674764037440684472e+00 -4.842680182334595518e-01 1.617006727594332283e-01 2.569935682264073984e-01
1.135584966502532378e+00 9.432859541413481930e-01 1.048310836464012130e+00 1.137543701239039473e+00 1.813423285866628376e+00
1.863167869327585491e-01 2.101289464197190426e+00 1.400854675615779366e+00 1.364636449770132209e+00 9.085009685497159593e-01
1.539246888807129565e+00 1.660560164317474774e+00 4.707510195898834127e-02 2.254379650101459021e+00 -1.458920753682875215e-01
2.485984213810072063e+00 6.538986145142944295e-02 2.440001811105870999e+00 1.985624965365829109e+00 6.864440704598060439e-01
2.233131000381426201e+00 1.058415792584735504e+00 2.009809432534321871e-01 9.327448301656913188e-01 1.117436946637243356e+00
9.431465358633905893e-01 1.120427766475433851e+00 2.881576688101609385e+00 1.658053665340428751e-01 1.313965329644962488e+00
1.458841057797301666e+00 2.717812959765701031e+00 5.440944804434010296e-01 -1.826967304448947615e-01 1.347908132450475582e+00
3.159914560285137508e+00 3.394000746334682628e+00 3.008411211508764671e-01 1.054944566384496740e+00 -1.500989163149888395e+00
5.767647112862424041e-01 5.052299559973421061e-01 1.131014282286266326e+00 -2.987256346753022207e-01 8.559362784373286681e-01
1.358972797132208532e+00 -9.093813990083252641e-01 -8.947065964725684495e-01 1.993628065966172702e+00 5.708935967557446922e-01
2.241462042268119959e+00 1.104319673675447699e+00 8.697360543448472425e-01 9.362019452058385482e-01 9.428883753610781682e-01
7.446361354767289109e-01 -2.608313554139929380e-03 8.958220978740252249e-01 3.294152161989425398e-01 3.422138825755638436e+00
1.069944463277609836e+00 1.499935498143703638e+00 3.849473562886326139e+00 2.039278250637227341e+00 1.041962992928143095e+00
1.387476780879169924e+00 1.071251515197937820e+00 1.061992744614544071e+00 2.861653868637849207e+00 2.300975692105132531e+00
1.390088046712148362e+00 1.966193590564366378e+00 8.454683791175184870e-01 5.238863143646876885e-02 6.473813150028442376e-01
-2.491755510031084864e+00 3.192710332181359911e-01 7.857912217679072775e-01 1.235160956151795331e+00 7.718794023082811151e-01
1.701628519373155513e+00 8.048542751524275785e-01 8.716462655719913188e-01 1.310844061388660720e+00 7.659685839696077636e-01
1.128678280770462505e+00 1.163917656876779061e+00 9.356303364480420548e-01 3.358690466682306974e-01 7.445729936680776095e-01
2.290791912382726281e+00 -2.264050094759528786e-01 8.388748401872104798e-01 1.040726332359566131e+00 1.408285988595240568e+00
2.751920571802084936e+00 1.600873809692530347e+00 1.079486992517579402e+00 1.319016429445945437e+00 9.941453531792421305e-02
1.000088130878225900e+00 -3.236406770875333017e-01 3.842120473651671198e-01 1.515741453764380520e+00 4.619561115438800547e-01
2.869331395627949810e-01 1.449014711010406575e+00 -3.067136139015638197e-01 3.065377429490824257e-01 1.722160208569265549e+00
2.278222768706513968e+00 2.148110356798165199e+00 3.271638700714499803e-01 1.651221652597202549e+00 -3.842050249452688693e-01
-1.448460153617237456e+00 7.554621273921934277e-01 1.575386090567269193e+00 3.241499455057142987e-01 1.379451622133597288e+00
-1.340415841353272963e-01 6.841149973439317744e-01 2.491833163018532638e+00 -1.029302474555526814e+00 9.395162737066087288e-01
2.508233548475391927e+00 2.292103767874258402e-01 1.961251053691283941e+00 2.146944580431445537e+00 -5.883531008205400425e-01
1.469647955910260206e+00 1.032363440302699331e+00 6.596443488185244064e-02 1.152251066696145632e+00 1.941799131816117630e+00
-2.231730652200007992e-01 1.567668165171808958e+00 3.336035023466277227e-01 1.824160247432186521e+00 7.528872255739555985e-01
1.992471807528340744e+00 6.810882527146937537e-01 -4.837595492050532631e-01 9.840172219895837458e-01 -5.885840629332743656e-01
-3.181562852277741715e-01 1.811431894960818356e+00 1.347203132961354966e+00 2.426936054853661151e+00 2.849004724800411115e+00
1.079216737043783736e+00 7.545724439820756801e-01 -7.098745849134553421e-01 1.150065781382428209e+00 8.356672031051692873e-01
3.250196798677804200e+00 3.557828306410650843e-01 4.180674898977826404e-01 2.215558481558330683e-01 2.062300633785445036e+00
1.224907656533569700e+00 -3.917366187552910883e-01 -4.349223263308368281e-01 1.663363378374095314e+00 2.064932182826263229e+00
1.483045963892053454e-01 1.375989573896788887e+00 1.693595841312048877e+00 1.983872716202936815e+00 4.124378689409112786e-01
1.749600644876767142e+00 1.377693606018063788e+00 1.958584452112446250e+00 5.176568134166741331e-01 4.837434887999412680e+00
9.422293867472987250e-01 7.656934902764460649e-01 7.618028918800054949e-01 1.228171485176679179e+00 2.797537768743990405e+00
5.278317322616821183e-01 1.319440005114225212e+00 1.471466246392989508e+00 1.992284875119742615e+00 2.870961357342974196e+00
1.909484284614250349e+00 2.510755754166924092e+00 1.271489175878616873e+00 3.340979008273937900e+00 4.599744482999950090e-01
2.352331573396686970e+00 1.263692546144681295e+00 1.363295201879229035e+00 1.145395451255222019e+00 2.459227222046213690e+00
6.517114866622178981e-01 1.034031493776875310e+00 3.131792234938619579e+00 2.677760420663428675e+00 7.631027604580024049e-01
1.521874246804817421e+00 1.888065422192241494e+00 2.477318106998045444e+00 -4.773208280083083288e-01 5.315565171886009743e-01
7.606513651383918218e-01 3.011887811253265435e-01 1.112280275350009395e+00 -4.646752982488311368e-02 1.976680293410797873e+00
1.440271843615643199e+00 3.665410121524432796e-01 5.677214720849925733e-01 -4.119137846670395398e-01 2.146706189875581261e-01
2.284018995789503848e+00 5.696020641664223394e-02 1.459785543824357656e+00 1.473555105586687342e+00 2.074804077912530076e+00
1.119925160513127960e+00 2.783955286367285176e+00 1.036715922455215821e+00 7.643334353213672161e-01 2.991655540331187524e+00
1.866184480511334787e+00 1.596017364753532064e+00 7.342536561864656530e-01 9.660442530611902390e-01 -4.432732002773716040e-01
7.564415144630300958e-01 1.786346980999817813e+00 -1.608279788011082179e-01 2.628507261469912315e-01 4.919091786904261632e-01
1.812904058816303232e+00 1.998448918893365178e+00 4.984688259589364900e-01 9.654020269781554697e-01 4.534448195047880992e-01
1.356055912975742572e+00 1.798644584457725459e+00 2.013084526640594341e+00 -1.698300477659020480e-02 1.513449473458843064e+00
7.108133903362089390e-01 -7.335477267780343702e-02 4.880329975807947696e-01 1.115798813541147849e+00 8.227568430133391786e-01
1.715570202169447889e+00 2.228308156076302282e+00 -1.397573472837831954e-01 4.501943874742991847e-01 -1.957271769605872791e-02
1.200249904497473930e+00 2.228767289606917723e-01 1.768575856329870799e+00 8.381133475051438797e-01 1.107570300249673290e+00
1.722150476440272193e+00 7.380283581986444297e-01 1.455477214474249159e+00 2.558655262480049153e+00 2.910237409769348194e+00
-2.733416233833896314e-02 -7.300588236154315069e-03 1.984595108474726644e+00 1.058761471172757762e+00 2.209598843403298041e+00
2.573145291781056443e+00 7.231499489703954175e-01 2.972720994898514491e-01 2.185020555848447010e+00 1.999531993950459885e+00
1.693932656532607828e+00 5.409874686767750518e-01 2.075251372946108397e+00 9.789244355994027869e-01 2.329617962851312285e+00
1.305090051601715873e+00 -4.632315756379412619e-01 2.567788988986313914e+00 1.990657257713320583e+00 2.535211072189358372e+00
-1.987082160167579215e-01 1.717846542866752202e+00 2.433182735048668111e+00 -1.391339908594479091e+00 -1.326557673543697913e-01
8.444881617948593044e-01 1.730879222394119621e+00 6.845420746483578123e-01 1.463592622812340149e+00 -3.117303579612138442e-01
2.555966530837184614e+00 8.189593924506156641e-01 -9.903994540277580860e-01 1.600044688000936688e+00 1.583677021675280017e+00
6.987499825317595725e-01 9.276089041840982485e-01 1.424380580490469894e+00 1.362233178510396048e+00 1.311826557774196100e+00
8.962166615276617732e-01 4.972721490733547078e-01 2.456668457773255376e+00 1.306979694624861743e+00 -4.505819385409786104e-01
3.625164334057526805e-01 2.809441088791331254e-02 1.691259459267189236e+00 1.600655068526454450e+00 2.711014684153002730e+00
1.628407687151744554e+00 3.164623373402156714e-01 2.901445789482424598e+00 1.165768609068375206e+00 1.721099207035274858e+00
4.682092055892604909e-01 4.318833156984842603e-01 1.060672669729508355e+00 4.679385892561864768e-01 1.328110234266467016e+00
2.068698762980886841e+00 9.493996323764307688e-01 -9.569965834707225838e-01 1.498849951748352893e+00 -1.078505908536379287e+00
2.771530438196867507e+00 1.062424670880603994e-01 1.308603713999371809e+00 1.716571808351439410e+00 1.565137332993349339e+00
1.264965432929024969e+00 1.436037920454185102e+00 2.462031258423721392e-01 1.558652848971648464e+00 1.795003903857364858e+00
-1.443441771761297954e-01 1.588038795371135681e+00 5.614039031562920723e-01 6.249159085609775621e-01 1.394124632444866396e+00
6.532936204159882632e-01 1.088863625539916669e+00 4.904052899909746577e-01 2.933801464811927495e+00 1.741494592273560960e+00
8.362775964474616908e-01 7.614365634031905472e-01 8.227286392715877916e-01 3.701863065409338738e-02 4.735805736530110943e-01
1.965942201828119629e+00 9.604096556876617896e-02 1.154550321386638156e+00 1.678809731602717736e+00 8.128326231962548221e-01
-1.821712908565853439e-01 1.980545985080004678e+00 1.705636844829120591e+00 9.996152223123485614e-01 -4.658810775862645137e-01
1.532890036200328598e+00 -4.607876565953143988e-01 1.730383511840732913e+00 1.745216660728232894e+00 2.522377765620206214e-01
3.230247509568163533e+00 1.591814413939610651e-01 2.007719848981925459e+00 9.123556710803462089e-01 1.245269558597015713e+00
9.430067201182301684e-01 -2.711452770515323518e-01 1.118871730403656839e+00 -4.953789623841384770e-01 1.549756382824059919e+00
-4.995044243432285036e-01 5.013014181700740091e-01 -1.727547389804806599e-02 7.962549495023791835e-01 -1.559896554615384012e+00
1.577760472769119016e+00 1.325533540652170439e+00 1.274666654805409749e+00 2.499852109367159958e-01 1.053461271787024200e+00
-1.309338818351606371e-01 2.058199541104857921e+00 2.003030932633280692e+00 1.147758856424079044e+00 8.847548088165061442e-01
1.876727377115936513e-01 -1.026647385852186289e-01 1.980986786790465803e+00 2.640945166429632174e+00 8.382534292429155709e-01
7.804420529842487353e-01 -6.717140724405734620e-01 -3.045439838419830014e-01 1.729305632979831753e+00 1.403275731204468135e+00
1.244426154991626898e+00 1.685677604522113349e+00 6.181973354688556910e-01 9.932514025219009168e-01 8.718730793505180543e-01
2.338222279745932886e-01 6.334201561860903773e-01 8.371305381389531064e-01 1.673242394230446628e+00 7.774128733014293857e-01
3.410122630630985086e-02 2.156996188587409158e+00 2.033269370067388060e+00 6.936297756091140965e-01 1.133896751662010205e+00
2.756606101106537032e+00 7.118336289259488137e-01 1.431413631545589871e+00 2.425572820000416741e-01 3.052202663221165180e-01
-7.717426441498753675e-02 2.689458008140440448e+00 8.649352405358745610e-02 -2.930017459239644406e-01 -2.405691239817664417e-02
7.896642961074740175e-01 2.522927193922333444e+00 1.345441442909926177e+00 -1.531569660107179320e-01 2.137016940653110986e+00
1.404037890398825317e+00 2.074631071155034867e+00 2.542889131897546839e+00 1.757971267738956289e+00 2.033954286678987700e+00
8.168835281772771628e-01 8.668095765179647527e-01 3.079825367430397254e+00 5.494428491988234686e-01 -6.805811685107634457e-01
8.545871487045555437e-01 2.487948939204742693e-02 1.178882891763251672e+00 3.677374571496294653e-01 1.017594078333277308e+00
7.551492386503033671e-02 1.111924906374526012e+00 -3.637233974996247898e-01 8.317953841893190869e-01 3.385593857512739779e-01
1.444122783936208076e+00 3.370428917415413395e-01 1.260266204454718597e+00 -5.236762190602466394e-01 9.800632441540667594e-01
2.390082806788273118e+00 1.728312984885147285e+00 2.016062460232350251e+00 7.697793204999121564e-01 1.829233484176116864e+00
-4.467267952568310108e-01 1.101562289564204544e+00 1.609778882800216859e+00 1.952086466294127298e+00 -1.870784541191512496e-01
-9.505622388290047020e-02 1.328740035288284771e+00 2.350795542891535028e+00 2.261348375318748882e+00 2.121539808594820720e+00
-1.628828580407010396e+00 2.024204951046155720e+00 1.926785105106963325e+00 1.055606913182021600e+00 1.538648702043296623e+00
-1.743787840158311564e+00 1.627799600198561514e+00 7.589048843744927719e-02 4.710581716469237623e-01 9.555880546982710166e-01
6.162775003876120872e-01 3.614422257846280351e-01 9.907625233949394206e-01 1.532235895336399700e+00 5.851273700416370627e-02
7.083386586479871738e-01 9.761002154882880699e-01 1.671053685815966583e+00 2.237673606658543424e-01 1.164489731068844236e+00
1.834534798843722170e+00 4.984650745499626945e-01 2.700872684204143059e-01 -1.632870198735436595e-02 1.406796059778103736e+00
1.681458306259481006e+00 1.058940740136308012e+00 2.854394776863985683e+00 -9.484560649476447836e-02 2.458485523516562576e-01
1.101348888339368282e+00 1.124446002022748248e+00 1.208199000196870321e+00 2.879274997512852874e-01 3.026678261255245861e+00
1.855196161588211989e+00 2.985592143969908463e+00 3.286715374077621377e+00 6.895179414675687291e-01 -5.483300082184867641e-01
-3.841748024877429391e-01 6.378995923229933140e-01 1.597487334868162190e+00 3.330890185334720588e+00 -5.617085707120981208e-01
8.282380782261746788e-01 6.800154384418617415e-01 2.674492909098309390e-01 9.540748073475540103e-01 1.577583326442560718e+00
3.599789209986647087e+00 -6.219504541998781555e-01 -7.416216033117128958e-02 9.508271249762625388e-01 2.659883967352079548e+00
2.511800906922510457e+00 2.383630117383700675e+00 -1.417831739745605280e-01 1.552693195723432673e+00 2.108746688710802175e+00
7.079704152641213000e-01 1.113982978161459414e+00 1.859860223511635713e-01 1.647527968871165038e+00 9.412526889241199513e-01
5.410367500285273579e-01 3.104630874700964771e+00 1.331719888940984919e+00 1.752642502505857625e+00 7.459878153867272044e-01
-7.228370429596195912e-01 1.115865858368225272e+00 1.117186193095685010e-01 1.358128262408987652e+00 5.933609990691051106e-01
1.798343818275669248e+00 1.030102698870078548e+00 1.195800125413922999e+00 8.694937733938532531e-01 1.014230490038708021e+00
2.437542808758947466e+00 -7.998673360542623012e-01 1.918661712784135442e+00 1.046975595142669802e+00 2.083456722047354326e+00
1.105092269607934385e+00 -1.453269313193230605e+00 8.763035937377913198e-01 9.786503600061895458e-01 7.001669728937587323e-01
1.899155347937825145e+00 1.234914293699737264e+00 1.338586268091565223e+00 4.934125524118385675e-01 2.504101613585572927e+00
7.173244182671314473e-01 1.986802804381519572e+00 -9.540892599987593758e-01 1.192942384897127672e+00 1.411787451397928272e+00
6.168405519193493891e-01 2.403877360362407956e+00 3.797470930066144668e-01 3.326044998782228479e+00 8.993979603759819641e-01
1.334851651799402017e+00 -1.340614465719411896e-01 2.753368031259126880e+00 2.051564400566092683e-01 1.380474523114656682e+00
-1.413006407876380432e-01 1.628193943862377591e+00 1.630325163583607129e+00 1.768524949246275568e+00 3.323182476145311259e+00
9.021959321231404205e-01 -8.866246596906512956e-01 1.406414741317675299e-01 2.320388658669567228e+00 -5.180503275718106870e-02
1.308061557374345707e+00 6.455908513384284175e-01 2.309905524290467582e+00 7.053247741248425129e-01 -5.697940059426742643e-01
2.355464115211735709e+00 -3.435260855678616831e-01 1.321969964126262553e+00 1.386090619151101322e-01 1.859953655581654708e+00
9.085182363027968222e-01 3.225090615210978839e+00 1.863751182635891901e+00 3.517361585493674614e-01 1.277953068539496417e+00
1.357485783396701340e+00 1.707371437550768700e+00 1.197725152764373746e+00 3.160220326511338218e+00 1.457954252453562694e-01
1.583253689465902614e+00 1.138613311283779739e+00 -1.357730275350432780e-01 3.581912608964282763e-01 -5.989889865409456782e-01
2.122006106825328864e+00 5.262100793490476214e-01 1.493694165830816711e-01 2.596360865650393368e+00 2.312045000089611335e+00
1.540416908911149907e+00 1.134063858144563230e+00 5.879926953733054518e-01 -6.781775047710403292e-01 5.534015916963149762e-01
1.378333640611711486e+00 1.516700087188771917e+00 2.240298178976642518e+00 1.342115062359151345e+00 1.710663684618013214e+00
-9.461434743096996947e-02 2.293578881388929069e-01 -1.098435355271659031e+00 4.520545931643933368e-01 3.248674661574472822e+00
1.959508214646903168e+00 5.334058103602342671e-01 3.125365541991598661e+00 -3.195428064560610348e-01 9.425367443325639583e-01
-2.689583099437529157e-01 3.228325938390286254e-04 1.145861034694946934e+00 3.574896068203939903e-01 -9.897567550984394114e-01
2.156494910976256119e+00 1.002086381660758585e+00 1.836798689892761516e+00 2.279615131029867570e+00 7.100288156208467427e-02
1.901089161302666808e+00 -1.416974561497460261e+00 1.170155227400905718e+00 -4.725863378876229426e-01 -5.310245391573242824e-01
3.364481042698509228e+00 1.857062205926454102e+00 1.567597475254163042e+00 3.362690243085487474e+00 1.003607148736187060e+00
2.703425957324565587e-01 1.682983057589389375e+00 2.131972334838536653e+00 9.414255397276943826e-01 3.168583605291966254e+00
-4.791743007371063179e-02 1.055059363327720767e+00 4.173359962352879426e-01 2.151851911592148614e+00 1.938680652746538779e+00
1.541218892153188857e-01 4.105854031672209192e-01 5.776143237891717686e-01 7.776153500034224120e-01 1.992131020993968438e+00
-4.226875769321061238e-01 2.122084651661226840e-02 1.715211949954647430e+00 9.524623955256691366e-01 1.517233812961483075e+00
1.508220503597381690e-01 1.729574681247837642e+00 2.940407237096112070e+00 1.327243201441230314e+00 3.283656345613290561e-01
1.077209575873558034e+00 8.078919147544048052e-01 2.284684481323804306e+00 1.347992448001932075e+00 1.620546754293344716e+00
