1.795945762804335155e+00 9.154987361241035959e-01 2.753387487006541123e-01 5.999114126273995540e-01 3.334298290466912729e-01
3.261191919619381707e-01 5.560279159153441730e-01 9.915073555886374512e-01 2.435918088427909467e+00 1.264838265983056598e+00
8.492900504077843804e-01 2.278175568228526515e+00 1.555965663876663019e+00 1.935638907969626121e+00 4.518707431911530570e-01
1.643772644392732740e+00 1.995824959100928275e+00 2.053304629361942357e+00 1.059044858142570655e+00 9.975626061799069966e-01
2.565392611600172401e+00 4.218506396113426149e-01 1.677562835034016597e-01 1.231404601448237601e+00 1.468051607446396289e+00
1.002559667115791475e+00 1.317438677963076898e+00 6.763517256759954410e-01 1.658628317223339810e+00 3.500359087369177669e+00
3.210151688240790335e+00 2.345368859867752676e+00 -5.551424644733100600e-01 2.359038500317028664e+00 1.442935599128111201e+00
4.573630174728278153e-01 5.360665348036972588e-01 2.173328746856110882e+00 2.571940622579680813e+00 1.774086200434642269e+00
4.201698622148530848e-01 -1.945492529805870063e-01 1.971304304107412086e+00 1.784322400685007803e+00 1.581701431203735853e-01
-6.236524651508088546e-01 7.517528464527689636e-01 3.569843565401620289e-01 -1.461269505835911531e-01 7.532656699673263567e-01
3.821880388934228989e-02 -5.363458902258277927e-01 5.593701706849003585e-01 2.595339353213217848e+00 7.562935593078765617e-01
-4.690873014100740424e-01 -8.867640185713980827e-01 -1.867697485612638264e-01 2.480861329012250538e-01 2.471757277865927804e+00
1.096754351062637411e+00 2.786149522907923171e+00 9.164112905728025726e-01 6.765338174159043483e-01 5.933280009746084716e-01
1.047660916945852838e+00 2.867381059681769484e-01 1.677271159677031109e+00 2.892880920408209988e+00 2.694443455190894454e+00
1.508604194298722501e+00 3.344286041873065773e-01 2.021760049538903647e+00 4.279860110421721542e-01 2.668718078959334772e+00
7.126354332394058133e-01 1.140908046618048122e+00 1.795992668664614822e+00 2.746201780559760053e+00 8.809317000734662173e-02
-4.419950329386486132e-01 4.962265898375191053e-01 1.205960879546039699e+00 9.638572385517756302e-01 8.166787809998767855e-01
5.409348747627966691e-01 2.916583090862242322e+00 -1.016982592847229583e+00 5.773468635966056972e-01 2.528860152398606065e+00
4.408084474844501388e-01 1.947442962844826431e+00 2.090537461974691702e+00 1.825979000943230623e+00 -2.770985162354693276e-01
1.680995024461449772e+00 -7.806601211529626827e-01 -3.773631662772469753e-02 -1.127255314204212322e+00 2.374515256004237074e-01
6.080991869714087450e-01 2.302620800970996973e-01 9.457103449193390299e-01 9.476352792621023369e-01 1.215143516891987963e+00
1.335846311083515259e+00 7.637869453816047427e-01 1.101518798769054230e+00 -6.581467569625865099e-01 3.277106426708642495e-03
4.987428029159087783e-01 3.222331526640300314e+00 1.431815092312236581e+00 3.154337704128240549e+00 1.492800181622014888e+00
3.415571284054133017e-01 8.599118835948137418e-01 5.524042073166496314e-01 -3.656935947342667692e-01 1.537467624370265185e+00
7.124921041185861004e-01 7.221806930582581607e-01 5.935564152312464703e-01 1.843695123759680810e+00 6.699114510449806215e-01
1.332621083955754182e+00 1.005470288618123043e+00 4.470950547974095191e-01 8.798434454412975558e-01 2.255415444288368931e-01
1.216053309672716631e+00 -1.882823928160353155e-01 6.534169415129746916e-01 2.512013103956043381e+00 1.243893510321684603e+00
3.455761964508956563e-01 1.107519071115685705e+00 1.376997879499266553e-01 1.883393253196912198e+00 -1.280211819229569947e+00
1.404454313043301594e+00 9.196270658402169174e-01 1.385426139114021904e+00 2.720550874666059826e+00 1.741627703814441208e+00
-6.931314408277251538e-01 1.299889596504800737e+00 -8.579848583000715401e-01 -2.768936973113189648e-01 2.264935924623537211e+00
-4.230665052335280674e-01 6.854384697899440493e-01 6.477817285901397160e-01 1.011162610802325945e+00 -6.531171952096126443e-01
6.769782690533150404e-01 1.476922507073340496e+00 1.253130016991612194e+00 1.601117787050976737e+00 -3.700329474602195301e-01
2.201016793897084156e+00 1.073575729424702807e+00 3.639793573576717733e+00 1.377036211894809625e+00 1.396090560044058071e+00
1.358407197109192888e+00 1.210476816606563366e+00 1.546616435199961392e+00 2.781252420692524874e-01 1.623772361359439476e+00
-7.435439360129358910e-02 4.154989009322805904e-01 2.512181532335026724e+00 1.028685694906210424e+00 6.023807122960195271e-01
4.202952430817379792e+00 1.616087213514993515e+00 -1.379597407522930030e-01 2.395164806529700208e+00 1.693033445752465393e+00
-1.686791522352652173e+00 1.271443358408078650e+00 2.417300809465599443e+00 1.616074906622203322e+00 -3.424989475766093694e-01
2.540224317364326190e+00 2.535896550655926340e+00 5.021236209847557141e-01 1.993715865991670277e+00 2.411902392975795451e-01
1.373582453615334709e+00 -1.795266730378108910e-01 1.133428455415734115e+00 1.385766453666196218e+00 1.322022660092946111e+00
1.132468669926622873e+00 2.385413805479011273e+00 2.288069636527892747e+00 2.064531034706183377e+00 -9.591863392349364581e-02
1.512603986013842716e+00 1.444890906620434290e+00 8.975749141809464815e-01 -3.537052961291076159e-01 8.800340143471018228e-01
9.397178796245064802e-02 7.031254586278522511e-01 5.040455998133774873e-01 5.603679119139906017e-01 2.151866011579681714e+00
8.635266187305602470e-01 2.344228503815397602e+00 1.141243206878376437e+00 3.024060979420622353e+00 1.250199498834780876e+00
1.404848240492572620e+00 1.227832189219946857e+00 1.478733198730270981e-01 4.831968556427550521e-01 6.610005533768670283e-03
3.880959236482152130e-01 -2.550571887762445034e-01 3.564231078364811234e-01 6.516057956012366592e-01 2.677093891264020087e+00
1.052793728368583537e+00 8.170334936287615424e-01 -2.742153633984294459e-01 7.492788351290804449e-01 -4.987361996670518494e-01
1.260897337662953310e+00 5.450912954036044589e-01 -6.103372647554372588e-01 9.742304199555328337e-01 2.232418442449807028e+00
8.748044305616695659e-01 -5.811977599031530328e-01 6.290829869167424704e-01 1.881697254012940412e+00 4.459242085118575449e-01
-1.283418261644928560e-01 1.142328511288389858e+00 2.541049623894919396e+00 2.138210709156755929e-01 1.433277922219437173e+00
1.308561412579693384e+00 4.811367142787899009e-01 2.049761632096677388e+00 -8.949570119424528070e-01 -7.374306784672908233e-01
6.710316081123104404e-01 2.377137717736975908e+00 7.431480882292221812e-01 2.236452515964551857e+00 5.314777588200652048e-01
1.323539106887612338e-01 1.674329888896212815e+00 5.037103269025245966e-01 -3.917198600640445783e-01 2.185135558277587542e+00
-9.535597538094384706e-01 1.537216073878278300e+00 8.055242121776483577e-01 -4.885480561168891178e-01 6.144078541845435781e-01
1.734190195004290391e-01 8.608945627242846621e-01 8.382799432446710330e-01 2.271052700777541400e+00 8.559994301062565647e-01
1.807851533792352416e+00 1.909108255791296394e+00 -1.320964865126668109e+00 1.810750070342302731e+00 7.485513478685383859e-01
3.889421953958160927e-02 2.135596742396766778e+00 1.684493771777422211e+00 3.052637397845813227e-01 9.476092508716702500e-01
1.889648815368815571e+00 2.238787208949697405e+00 1.652618065808079351e+00 1.191798044407313295e+00 4.291725606100250667e-01
3.172695970183607717e-01 1.331510216430727089e+00 3.462400813014108181e-01 2.248975985935484978e+00 9.746055407510727520e-01
9.222411985344820540e-01 1.069907608566172952e+00 -6.720592382012180455e-01 1.117827505774882768e+00 2.557082084949692025e+00
-5.594440351934402145e-01 3.328871583543668855e-03 1.858154505772360299e-01 1.447173360753193805e+00 1.273287516218774007e+00
-2.787308439810098903e-02 3.338628461636735878e+00 -6.251990766633990226e-01 1.359196205225117637e+00 1.060218387465941658e+00
7.975829086803107870e-01 2.243659722146287727e+00 1.247299212919156686e+00 3.476596271690937101e-01 -8.125798561140762377e-01
1.415038508043635623e+00 2.444906959184097062e+00 1.745023717794348395e-01 -3.990163055477768950e-02 2.438593010925158122e+00
1.538581281037893156e+00 7.760162448273593139e-01 2.522934810768438396e+00 1.680621418077208329e+00 1.139856263957735649e+00
1.400176973564111194e+00 1.805802369297320853e+00 -1.592015933210966683e+00 1.423713017004863080e+00 3.207806092115975449e+00
3.500591025252657307e-01 1.640799254495446835e+00 -2.867023707672966548e-01 1.500926435127988512e+00 1.784008950781702740e+00
-3.874533178220240792e-02 2.297295895973594515e-01 9.062694297907998298e-01 5.522749843858117957e-01 1.424342140636659870e+00
1.829050516132309623e+00 -9.830443085495677025e-02 3.148242946742717541e-01 4.905834847570433865e-01 5.541985323396645402e-01
-4.386806946387156181e-01 4.801652795476716307e-01 8.191097545608917452e-01 1.873497460935999115e+00 1.198223754498209281e+00
-1.180880118498969900e+00 2.463382485706641312e+00 6.428163597275131647e-01 1.200874172488580527e+00 5.675371260497437120e-01
6.274661496764172286e-01 2.254340749578418013e+00 4.117676869492169489e-01 4.754298897821096492e-02 2.427210538509928295e+00
1.200721762943445015e+00 4.001583362756684359e-01 1.220490060336792304e+00 5.252507540115598506e-01 4.186346912083210858e-01
1.322983553221228625e+00 1.321845151860478795e+00 1.288490034845770627e+00 3.376965460980769329e+00 8.901617946177929896e-01
6.524663193137716366e-01 1.236622229670323314e+00 -2.875667385047104840e-01 5.032663431368425977e-01 1.357407150337692769e+00
3.739524116453042391e-01 1.593932848557545245e+00 6.518368552523915449e-01 1.183220133444278677e+00 1.465624036189450141e+00
-1.411433883282956270e+00 1.087971839968707277e+00 1.724421606678547159e+00 1.159420299524808851e+00 1.944366043536559507e+00
9.329555370977523632e-01 -1.863630028895678858e+00 5.237670705967260032e-01 3.223535607358589239e+00 2.860485427738578501e+00
8.700981288326082863e-01 -3.928942145195650770e-01 7.053157807097533150e-01 1.666931818731523407e+00 6.902587553653840580e-01
2.810630519565217256e+00 -5.818379772506665493e-01 1.341133904836195434e+00 1.519986084753345290e+00 1.008166425761378937e+00
-2.687672997951389142e-01 3.866655743495100994e-01 1.826018319964674674e+00 1.072314156651212658e+00 4.535616034144767106e-01
1.501281301702663606e+00 1.592957837180603242e+00 4.471693058441534863e-01 1.774375082956249905e+00 1.104998942142004559e+00
1.288275724748033646e+00 9.846536020160848723e-01 7.385512024258030772e-01 2.005391520967299446e+00 8.677257831065399163e-01
4.034418264455290615e-01 5.170455249810701481e-01 9.497083177296961054e-02 6.656146162482690087e-02 1.503784132670832330e+00
2.969676906631846247e-02 7.385797002222106444e-01 1.721716158781303019e+00 -4.519043744290547338e-01 3.004948369494571558e+00
1.008205905147328219e+00 -2.635532722794553528e-02 1.037700198100734550e+00 2.069333050000300211e+00 5.857382753721664947e-01
-4.953996970945762079e-01 2.316105491363370739e+00 2.924828367923094419e+00 1.582239087677336453e+00 6.294435533637612323e-01
1.458567198154212541e+00 9.439411735080188715e-01 4.525031595368425030e-01 -2.313078623417506030e-01 1.181407913603937487e+00
1.202411155714768975e+00 1.206315951205539472e+00 4.314183521476079308e-01 1.318314353618590395e+00 2.175231251587633530e+00
-2.375194362113641766e-01 6.505038528063242786e-01 6.545256663358967053e-01 1.226018702490796253e+00 -1.060826848017569546e+00
9.725774766769708091e-01 4.384583996449764598e-01 1.747370741032830743e+00 8.968706523574869749e-01 1.603454872713772295e+00
3.872850941726728724e-01 2.338612837204184558e+00 1.058232230204875890e+00 2.078107952879578058e+00 2.479131458744486816e-01
1.435950111296569798e+00 1.408506435576556193e+00 5.807404018911624943e-01 -3.930841104156426180e-01 2.291080436742748638e+00
2.271459960182737881e+00 1.880132927470679061e+00 1.763646553865015232e+00 2.066582527071478825e+00 1.990438799780332335e+00
1.397815419552942195e+00 8.646595938663147463e-01 7.152426172236758806e-01 1.020340987807320188e+00 1.700528596918498891e+00
4.418607605347421030e-01 2.058049004352153766e+00 7.590472249133003446e-01 1.634307747814340850e-01 1.652777665386232941e+00
2.685989847182490564e-02 1.344273532237748592e-01 9.647069690396146147e-01 -1.819576869844587108e+00 9.266603694982622486e-02
7.656081519112849509e-01 1.686616941426912097e+00 2.044544011899023239e-01 1.779396633697912788e-01 9.604818090032473110e-01
6.468065890532523898e-01 -6.450632536507889814e-01 -2.135385238580826961e-01 1.966107085789000175e+00 2.790244780309870443e+00
4.756230486956170012e-01 1.653821448670131922e+00 -1.254915223931587498e-01 1.994320062244421932e+00 1.968060355769579051e+00
3.625730225417272967e-01 1.170048604656773739e-01 2.060018615409052067e+00 1.473893730758937926e+00 -7.545001900249543869e-01
-7.161626752708238897e-02 1.093320594694524361e+00 1.137493328249048474e-01 5.436061575790798184e-01 -1.385194653912908969e-01
2.764524945210363960e+00 2.375878076485959944e+00 3.404767192738185955e+00 1.991338572967841003e+00 1.357902195678802881e+00
3.178700399124184894e+00 2.075415164438561000e+00 -7.076286248291965286e-01 -4.258425839923132283e-01 1.837569540881690555e+00
2.040465648467145066e+00 1.179155585585139887e+00 1.408994899202409723e+00 1.344233536669469320e+00 2.265038861432612016e+00
1.557040465735897161e+00 1.336675452745892168e+00 2.370429410454937269e+00 1.113487480124846885e+00 9.269914578622261425e-01
1.224119749654325684e+00 -6.405090480877362324e-02 1.092941521889794210e+00 2.737879701194747106e+00 1.536687165692160795e+00
1.408426904108158961e+00 1.810636592350023832e+00 -7.757872144973365636e-04 8.738955354072899251e-01 1.275517439234881589e+00
1.454497701206985960e+00 1.574889304845811688e+00 2.382838333596693836e+00 7.319809707949167521e-01 1.737139204969726514e+00
5.481721419180386468e-01 1.354510419746100425e+00 6.160775907031549314e-01 1.375289540084665862e+00 1.871874246577369671e+00
1.065159892461050362e+00 5.886474726368984278e-01 7.126462406900069269e-02 1.499285327068582863e+00 5.227465939593596289e-01
8.463323622139962144e-01 5.603678080633458514e-01 8.865485499015702819e-01 3.693715543715416771e-01 4.205561470665111212e-01
9.612439712515234991e-01 1.184477975733356558e+00 7.190408597406339197e-02 9.044841163755146241e-01 1.681428153380412960e+00
3.411037773101979198e+00 2.561118462925965567e+00 4.893885079014335115e-01 1.012235568506668404e+00 -1.452792788421601866e-01
7.961962347418877206e-01 6.091982602095675770e-01 -1.159580933807223602e+00 2.470149303864369594e-01 5.730217159889359202e-01
2.174469530815989593e+00 -2.579278012384780272e-01 1.140274894765884950e+00 3.358273843972928052e+00 1.129927539622559873e+00
-1.181726709509595352e+00 7.060404613293639331e-01 -6.390026563238053736e-01 1.863995194029297586e+00 -2.293611049545679403e+00
2.236773124586806105e+00 7.561117323450228245e-01 9.961602833903612231e-01 1.613350554117747082e+00 1.630169830527366415e+00
9.723203317706856641e-01 1.125039169932480432e+00 -2.474642295203226539e-01 -7.094862293738322112e-01 2.188660158314306159e+00
2.358833508596783535e+00 1.737931149977024914e+00 7.984771842359442706e-01 1.168772563098883221e+00 -1.343533958615902968e+00
2.002127682738630732e+00 1.517948593886973896e+00 2.294310194399498570e+00 -4.025281112684939711e-01 2.118326049514103193e-01
2.022214155217074261e+00 -2.059268082821446466e+00 4.233074781331824799e-02 1.480471641140436834e+00 2.719990836252369260e+00
1.016929402029160601e+00 1.912403687946634179e+00 5.465093679716719333e-01 2.370160363244929513e+00 1.388356937112561695e+00
1.118576873005524108e+00 1.394479622336502356e+00 2.049517471950455860e+00 2.375042288573387950e+00 4.274781478299928272e-01
2.354709667723286159e+00 1.958937041812211177e+00 1.082225377355881202e+00 1.161600801061866139e-01 4.196526702683512910e-01
1.318106669839101297e+00 1.894441486240763250e+00 6.100312614541558709e-01 2.660033287116598366e+00 -9.002355778017727683e-01
2.030268739710938242e+00 7.025537971404383075e-02 1.028810254216819153e+00 -1.400847290573481008e+00 6.213787339426232181e-01
1.671161936408074755e+00 3.176400348342880875e+00 1.377361164798392545e+00 1.481709580942920157e+00 -9.291987261980290125e-01
1.667279569572052367e+00 6.590536038371479499e-01 6.354095590173906016e-01 2.555646282525216861e+00 1.301070717840523638e+00
4.068897827444422077e-01 2.390074862130350919e+00 7.162039876163804886e-01 2.831551129387971377e-01 6.616266694633221590e-01
3.423397490577090307e-01 -2.853968996350819687e-02 2.414443444982509845e+00 2.103942015266249577e+00 5.211140345621485537e-01
3.832690872998929521e+00 2.157233937760672404e+00 2.355050035501220940e+00 1.349735139246795335e+00 3.659282038776918711e-01
7.598557479260114045e-01 1.589201481481658851e+00 1.098241118976690966e+00 6.927191326309012354e-01 6.848886602024086834e-01
8.508886376110420535e-01 -1.797014548936714640e+00 -2.270945416010810014e-01 9.630145701965665550e-01 8.418438510407599829e-01
3.165842931408546779e-02 2.612492961734834473e+00 4.801677712645157081e-01 -1.980152155459604657e-01 2.107752244489033089e+00
6.547053345277238368e-01 1.084121701652605685e+00 1.179913650880343834e+00 1.043709749715274526e+00 2.576668915817236893e+00
1.796289315727692903e+00 1.392710642010660305e+00 6.242221566338392869e-01 -1.643841509553742863e-01 -2.543618093800543711e-01
-3.425948608207018964e-02 1.988190106974082383e+00 2.654632366807521127e-01 3.963284621468219360e-01 1.662407530091211560e+00
3.879441098181915848e+00 1.464488156290007836e+00 6.909340040931138960e-01 1.519378757613665032e+00 -4.882593502893106674e-03
4.439375698492430411e-01 6.902489050259270620e-01 1.934581306609578721e+00 1.278833163690503705e+00 2.407747207918800925e+00
-2.949551529933835958e-01 1.955074432253914640e+00 2.258914510403216447e+00 9.827755600271392833e-02 9.190456026149840252e-01
7.886754382126188734e-01 9.423872648302166199e-01 2.851248396632836801e+00 1.502524461312532145e-01 1.963196272639077922e+00
2.371973863285449236e-01 5.432187830460922795e-01 1.305127046019360915e+00 1.555919171429621883e+00 1.358622159930093609e+00
9.409874043588473125e-02 1.905012275835335167e+00 1.592531320053436339e-01 1.016966437838328519e+00 1.791051382243274981e+00
5.896279370541479548e-01 2.564291936790403348e+00 -4.480752773398197775e-01 -1.397521934965280099e-01 1.280022376647391713e+00
1.196614993119006209e+00 2.239253921993547447e+00 6.111705198051056165e-01 1.008765701980523399e+00 2.323144449505982756e-01
3.203091809143687740e-02 3.350759865146514249e-01 2.159883675928838898e+00 1.781244980816221180e+00 1.269320722945771029e+00
2.335150605874392937e+00 -3.545321381622721368e-01 1.510860443040073609e+00 1.457766776488909288e+00 2.936424474584423017e+00
-1.679850795435749333e+00 1.064895282562313028e+00 3.259302434679048233e+00 1.698427817131289430e+00 -2.297424187932530781e-01
1.872342686131134304e+00 2.410730709354194090e-01 2.112858022314803463e+00 1.763166519015930689e-01 2.242165031459875557e+00
3.276249597588934970e-01 5.744530954460298489e-01 4.475168700129141808e-01 1.053797973205357952e+00 1.233987064668392364e+00
2.343681364710994863e+00 1.567765521665549500e-01 1.503208056335835652e+00 1.133723364682565293e+00 2.223112756117251010e+00
1.795626199067506423e+00 -2.132674193406676189e-01 7.321583402833065080e-01 -1.366694331869915402e-01 2.601150582118470389e+00
1.548879532267588566e-01 4.403365290000152976e-01 1.456953857739564651e+00 7.523646775918140239e-01 1.032755469454279318e+00
1.209981312475280291e+00 1.284716921334358330e+00 4.398588708082336041e-01 2.228419497785155023e+00 4.537148517991665964e-01
3.372092292375869604e+00 1.029155046261527984e+00 -1.724130243071155810e-01 1.878562180280947569e+00 -5.656894983470528437e-01
-1.262814517874632170e+00 1.055329849663306785e+00 5.292388556925420318e-01 1.703644241830239991e+00 1.710764747661015939e+00
2.498457102291669063e-01 -4.968493612277156135e-01 2.104238763870784013e+00 7.823017718327152092e-02 8.551433449239898010e-02
1.881138148878525040e-01 1.357078171310257542e-01 9.045741623886472960e-01 -6.803997434795925336e-01 8.013370175823845143e-01
2.634749801059118823e+00 -2.951692211227441298e-01 1.565109971413391143e+00 2.029583211992949110e-01 4.275204044940942305e-01
1.842395887827518175e-01 1.106122456910416663e-01 1.892414577577560486e+00 1.638955671220026611e+00 1.796236417073071800e+00
1.684566005162824620e+00 4.840067108353325320e-01 2.337876058752272890e+00 -1.239059986833940474e+00 2.892357466724374548e-01
1.429480552692991013e+00 5.320762641335736731e-01 -3.517116086046523371e-02 -9.589238090633434020e-02 7.582240106746758190e-01
1.339445412034906413e-01 1.786522572582572188e+00 5.370678461802249615e-01 7.919165104406999944e-02 1.275505871016180404e+00
6.837678988949327241e-01 1.151932531084880029e+00 1.093048857578790445e+00 2.586091914554438098e-01 2.302370826528369108e+00
8.091855641429798185e-01 1.014358700752639342e+00 1.578478444271852243e+00 1.899705413647198027e+00 2.098493017765230562e+00
5.949627019782290915e-01 3.786945897117323101e-01 9.421505174289855900e-01 -1.704982213728953866e-01 2.931875278681324026e+00
5.828598338081152352e-01 1.404208472496646598e+00 9.434367349950343318e-01 2.503064735818547604e+00 1.272085022158053302e+00
1.336955796799437435e+00 1.002438781806268997e+00 1.661724444094435871e+00 4.597361702079627577e-02 -9.022941977413851955e-01
2.545639042854052736e+00 1.808571736819949649e+00 9.381086151687992869e-01 2.105846328652090094e-01 4.740656233199503911e-01
2.990677344648696723e-01 1.196531669841076839e+00 1.353134874873707982e+00 1.833016714647668799e+00 1.610281104523316298e+00
1.811944256505911177e+00 -8.042516741890748388e-01 8.506836138620643695e-02 8.019400129575703362e-01 -5.644247421097676742e-01
2.484279179324364151e+00 2.663632801338612355e-01 1.893983063828179603e-01 -8.724866510005191422e-02 -1.240576053848729821e-02
1.036345131304010625e+00 -6.199153970354309706e-02 4.133626013698227242e-01 1.081735286761920989e+00 3.055010247886743580e-01
1.937544761652356673e-01 3.627571466735407313e+00 1.239199913373122186e+00 1.362933796255470620e+00 3.370608995067669866e-01
3.012343466710384554e+00 1.333263413224218485e+00 1.930066837685595615e-01 4.168533142391662727e-01 1.447772900162963339e+00
1.505850399053059174e+00 2.376798093567749071e+00 2.931497867448459083e+00 2.656464510088317965e+00 1.101372840895727290e+00
1.348828659119969631e+00 -1.261426190867644959e-01 2.633114078529319002e+00 8.265910518829719944e-01 8.331040511163173568e-01
1.625038542967044197e+00 5.489151518993091727e-01 4.337625769224101591e-01 1.726358912207797136e+00 2.668662755589381597e-01
9.373271964912111009e-01 1.892747368628359794e+00 8.172986391462453426e-01 2.251281312857706496e+00 8.672021213061038569e-01
1.605069939546097668e+00 1.428730622942754325e-01 6.737864549170415884e-01 1.644244902302633093e+00 2.047755328622113957e+00
1.495301822967050942e+00 9.905315237138320184e-01 5.116627716078334664e-01 3.193898202878453496e-01 1.740637409224483401e+00
1.087850924365567851e+00 7.586908309565691955e-01 8.020182171064563770e-01 2.501199455197984367e-01 2.313189715090884224e-01
5.741130730969390417e-02 9.348982943503467702e-01 1.051583601655767808e+00 4.183202240408711026e-01 8.719834635601263484e-01
1.348190238639805472e+00 2.368979282234549455e+00 -1.221225167203844553e+00 2.760762955056463408e+00 -7.355791674525697932e-01
4.713600171325406096e-01 5.971733822357669919e-01 1.307490302042165098e+00 -2.626207015940380529e-01 9.166823046500023331e-01
9.148128256566785410e-01 5.221239668503476761e-01 2.387401393695430585e+00 -5.936892164310345610e-01 1.648382656350666942e+00
-1.338109587611659990e-01 1.583159818804462660e+00 5.497599439457856452e-01 2.322743169508769245e+00 1.225342237319837491e+00
2.997195551485460019e+00 1.871094865864205037e+00 1.860861278244757555e-01 -1.237746184497006130e+00 1.197065847137198658e-01
3.211328963746029164e+00 1.108053106365079143e+00 1.228096201032816692e+00 2.560589305095905654e+00 1.412114191373683214e+00
1.728949803569900245e+00 2.179700074477454841e+00 2.077585598869204464e+00 3.046657598161316427e-01 4.007259678027602634e-01
4.767292167913359968e+00 6.181493717181028025e+00 2.197793205375342840e+00 3.945557684201701942e+00 4.952432428274700982e+00
5.650455379854450122e+00 5.672401342627049203e+00 5.790438249995638387e+00 4.469366265439802532e+00 4.112218389490300829e+00
4.716152568578798387e+00 4.584419839864723123e+00 2.537864633067552944e+00 3.691272744669304551e+00 4.398112740660871545e+00
2.935171193279658919e+00 5.307324456622620090e+00 5.941028994917304296e+00 6.148637816146687918e+00 5.530535477871459271e+00
4.799856947455059419e+00 5.654116624148872283e+00 4.480551766396253299e+00 6.151059640997095457e+00 4.819544549749413598e+00
4.488222690306654883e+00 5.071239951471684826e+00 4.938347677331663910e+00 7.132677591804913675e+00 5.916213343589417306e+00
6.224648083395912579e+00 4.208615975519157004e+00 3.538142404709304856e+00 5.487431900148284747e+00 6.177007810876917304e+00
5.570873784783787031e+00 3.527372728605807417e+00 4.718513977941618975e+00 4.290225987317460188e+00 5.144638654013739654e+00
3.307943249778832140e+00 4.517086475932359235e+00 5.564668557641630819e+00 5.661559965052209265e+00 5.027523847789490574e+00
4.351035261326243742e+00 4.816745917407812883e+00 5.567180940180911364e+00 4.307710317051335558e+00 5.062040195690130417e+00
