-5.310454188157676114e-03 -1.441272624933671587e+00 -1.271368084803592868e+00 7.463529331698892655e-02
1.845393472545134195e+00 -5.151886998917798444e-01 3.114004359996325633e+00 5.746715034724247939e-01
-5.978467580995323605e-01 1.898124266828896678e-01 9.140204777043936524e-02 9.168966090968284632e-01
1.700110634301429835e+00 -7.781729857388863802e-01 9.116224358998078481e-01 6.259567448251749378e-01
1.542157688415312533e+00 8.119523038217999478e-01 9.298978891573421723e-01 -3.659391724689029513e-01
1.377154221719613325e+00 1.064212608127576232e+00 1.502788539941592783e+00 1.187630075505860860e+00
1.053197572766805923e+00 -2.286751232133408251e-01 2.411942827975505743e+00 1.042365446972473020e+00
2.685772200753112848e+00 2.318457972717919979e+00 3.204600313995837890e-01 9.697727448887305535e-01
2.716879383837254025e-01 1.429581333220904638e+00 2.702513701790112854e+00 -1.018753947835271401e+00
3.286367607997444651e-01 1.709936410705585663e+00 5.713493595053221741e-01 4.723678584437825956e-01
1.823572545897571562e+00 1.759123516234339712e+00 1.962162244587402071e-01 2.284640465859477665e-02
6.445166173114351693e-01 1.357585424683987574e+00 1.995107315001330761e+00 -9.776543838269113884e-01
1.231924605800101435e+00 7.060481540014207358e-01 1.908040138829561805e+00 1.472433934894138430e-01
-4.645957765923656169e-01 -2.496012425139115809e-01 2.460279232470969912e-01 4.164216445250679133e-02
7.641295276591311136e-01 2.785408078735207571e-02 2.272627305964690425e+00 2.343424266428031366e+00
4.121496242123866560e-01 1.170856306766218546e+00 2.606382353866169010e-01 1.630200427064390833e+00
3.147888594129200079e-02 1.124106705836796394e+00 -6.518346059925312908e-01 3.232249861440700922e+00
2.432522559816300500e+00 2.011316289794168322e-01 2.050895973739542688e-01 2.328307674950222506e+00
1.773077225435524928e+00 -4.638712414263415074e-01 1.713950082320660151e+00 1.460710749165434086e+00
3.045867984978971599e-01 3.036060625833615134e+00 1.536930996716932452e+00 2.837104493878636724e+00
1.684159029344569847e+00 1.766296100498205845e+00 1.054135886940328337e+00 1.046000761898541853e+00
-6.908001620699844025e-01 3.477220448527302388e+00 1.638642104643556197e+00 1.371600633510810408e+00
-5.647949977395188004e-01 -7.890919391515194281e-01 1.521121893446393702e+00 1.083733335507498730e+00
2.145701595764226255e+00 3.408107726920406311e-01 1.599816703944486607e+00 3.369607742662646954e-01
2.003083650587069720e+00 3.103462936878805589e+00 8.293054579471491605e-01 8.304015409987093310e-01
1.511802508619616958e+00 1.113725257284407633e+00 -2.591039792163600808e-01 -1.250765490223175735e+00
-1.590012043967314881e-02 2.279343049808193022e+00 2.198650025535484165e+00 1.639905449422029537e+00
9.906818057785951037e-01 1.402727394255211646e+00 2.088317347304261329e+00 8.251733181293074981e-01
6.577480100436354782e-01 3.913331791841700102e+00 3.836093346037080520e-01 1.008457965257532729e+00
1.651107964690717633e+00 1.286422065744151189e+00 1.045947046812117254e+00 1.303277732470718320e+00
2.757420116248112230e+00 9.577150507514867739e-01 -5.110882037197628236e-02 2.267152855865625760e+00
1.030950241562643921e+00 5.020476847553616562e-01 1.435579215472342796e+00 2.236759474275356929e+00
1.575449223116589081e+00 1.588187973076693904e+00 2.006838782264029675e+00 -5.179235422351800011e-01
2.884894044720720530e+00 1.120929065180929163e+00 5.365862500632500032e-01 1.624917335405430707e+00
3.525519562651482364e-01 1.429564617054120079e+00 1.190214095150296414e+00 8.571459505962837344e-01
-1.310260757778629603e-01 2.239629721422447872e+00 7.210000913976826187e-01 4.623372313184896942e-01
1.645586859999994989e+00 1.578211413527788487e+00 2.278458421951230495e+00 1.665935018121468270e+00
1.973235021566524861e+00 2.717374593798355775e+00 1.603710626443638487e+00 1.615145956441734532e+00
8.174739223239296804e-01 2.279173216131152202e+00 1.364581939357590645e+00 1.227703556470044477e+00
1.032876654234124558e+00 5.432568059007555350e-01 1.524212687725334803e+00 -1.186571847950383063e+00
1.425287255184194413e+00 1.618359324658509735e+00 3.056706747384640988e+00 1.387432871251707445e+00
9.057796102971875651e-01 1.666956859856222106e+00 -1.684846006298428289e-01 1.506088351402339542e+00
3.527489187328810560e-01 6.650622586297939565e-01 4.847612699369576728e-01 1.582231599516259246e+00
2.832983568701460619e+00 5.231255027890300280e-01 2.661993145784384840e+00 2.386494059070964013e+00
1.122892439210168680e+00 1.316117741037048372e-02 5.674001502893359916e-01 5.568264105100355632e-01
-3.517013717453587596e-02 2.315356237393579875e+00 2.164208332965060766e+00 1.676943372906778862e+00
6.726068940770475457e-01 1.672852833033402042e+00 1.240064948589393090e+00 -5.632944032023470271e-01
1.055315365491072521e+00 -1.242779788091419313e-02 -6.798754284326147257e-02 -1.059996209062068484e-01
1.230795915614689262e+00 1.431004050682059603e+00 2.290682615668168332e+00 4.801898519047410607e-01
1.348336348535137175e+00 4.378918854136366612e-01 1.056988934230282728e+00 2.025037475117147601e+00
3.401772593988183768e-02 -1.783523148561072524e-01 1.501533950038125731e+00 1.401428807206457794e+00
1.491081671436294220e+00 7.771409910488482620e-01 3.174240180424587443e+00 1.648252050288610215e+00
8.220184876723762857e-01 1.869775720611080105e+00 7.260898405603721795e-01 1.470172188263965118e+00
1.855108792041691768e+00 2.119917652822019605e+00 1.331654720109471501e+00 9.678705058179004617e-01
7.028070527100889198e-01 2.395463288598809637e+00 1.540129999975039965e+00 6.385130942921359853e-01
1.445277083564675102e+00 1.429116282302855589e+00 2.094616210162222991e+00 1.249442718569954147e+00
1.574254120502919019e+00 -2.811046045461738085e-01 3.764431461433392911e-01 1.871251833138037224e+00
-4.657947184611370695e-01 1.439602928307178509e+00 -1.468967431309921690e+00 8.757302090906037284e-01
8.384105894850762963e-01 1.485872105562514811e+00 6.891954634752502917e-01 2.219108180486195181e+00
1.377522821036397671e-01 1.549233946438260734e+00 2.107872326509140137e+00 5.045998178662982614e-01
3.082172549724527588e+00 1.226187573732714142e+00 1.658123202361264426e+00 3.485092029337460984e-01
-6.167419632779942429e-01 1.135131061606972303e+00 1.330135824838887038e+00 7.809337902150890187e-01
1.730569443004685404e+00 2.199443511607185542e+00 8.366545220339186573e-01 1.116167869781515165e+00
8.319653019117281278e-01 9.775240437544140404e-01 2.109584055917868017e-01 7.102238805892189255e-01
1.407929982815147918e+00 1.079650611539939575e-01 1.097656748310942953e+00 5.220309380399907884e-01
1.008741320404584974e+00 1.955000780122091442e-01 2.649920251085107203e-01 1.625583455583009318e+00
1.160808546761585847e+00 1.467589698788459573e-01 1.086154438832259039e+00 1.369184127717556487e+00
3.304251760061057031e+00 2.655844004429095406e+00 3.425182888731935771e-01 5.625576505158094154e-01
1.017879946607367136e+00 2.564232380323629101e+00 7.212908068864638533e-01 -3.360761385007933200e-01
8.639749142859032283e-02 3.224355840013283236e-01 1.264843711275902116e+00 1.521153752157579753e+00
2.148903864127286845e+00 1.034299274683650349e+00 1.687389263552585117e+00 5.925893543481036696e-01
8.063317580102148385e-01 1.811200394143854142e+00 5.038341097912077959e-01 7.650699239792760897e-01
1.179061903245333554e+00 7.664122964788377956e-01 6.467805258848480232e-02 2.548387624696637488e+00
7.520118209575886725e-01 3.901610299858008002e+00 2.522911393728390017e+00 3.174643058453043398e+00
2.054578845327905690e+00 9.568385664544832858e-01 3.451037592840499046e-01 2.267135194826061628e+00
-5.272169639936685748e-02 6.126101789791010832e-01 2.269833362026507206e+00 2.200900001668615324e+00
7.420943624521760817e-01 1.562892957512275416e+00 4.221445031398490810e-01 2.540566163223920704e+00
2.242144617854205935e-01 8.863285083610493720e-01 6.300154251544978212e-01 6.881834471673671239e-01
8.868990142184707270e-01 4.900390636167312186e-01 1.097641443671875328e+00 2.341065972003244511e+00
9.039753240028971515e-01 1.279147907451165578e+00 -1.533354189441249460e-02 1.722634514841381304e-02
2.761104355826010659e-01 2.582120240027405700e+00 -1.404017894771247832e-02 2.814203144710624827e+00
3.390174747072701722e-01 2.582774980007133792e+00 4.633074449961338548e-02 1.335636168716525241e+00
1.965940823441677976e+00 1.533546511261239864e+00 4.220092129525996327e-01 6.640479426905958604e-01
-1.054295325888650048e+00 7.955572386347823377e-01 -7.544404101494626147e-01 2.106193727747390776e-01
3.111459066124556694e-01 6.696410326928894374e-01 5.848772530252204227e-01 -4.800865906721805132e-01
8.013580085011422494e-01 1.588911574711751928e+00 1.057642528585237995e+00 3.346513487718712376e+00
5.982845567785460839e-01 1.106565667041536916e-01 2.482936475834645496e+00 -9.246493062373239979e-03
5.519439775652231761e-01 2.715930274360624619e+00 9.686879683393435636e-01 2.591811192393955299e+00
1.616960537201072245e+00 8.364173783052726296e-01 1.718065997326272409e-01 5.196282822126183643e-01
2.484719893174255123e+00 7.456496990777716771e-01 4.073007432448523257e-01 1.025656301402235293e+00
2.972273490232726800e+00 1.366327962773388638e+00 1.766644110341392127e+00 4.266663551385698749e-01
4.988140488294735553e-01 8.393145825206094202e-02 1.169212010951531378e+00 1.543816273878423129e+00
2.060484696061367416e+00 1.034358051273504442e+00 1.428590584960337528e+00 -3.238867766292194972e-01
1.170975535161566050e+00 4.209225528339811673e-01 1.357045135621933296e+00 -6.570993907799027589e-01
6.861698148742934045e-03 9.916137028556156752e-01 1.622978128120571517e+00 1.914130409111280073e+00
3.147368329106261520e-01 1.149190445304434816e+00 2.879883934650394828e+00 1.093400675115488774e+00
1.579756776450364386e+00 2.270477423990774124e+00 1.252902078545327313e+00 2.885116372405608365e-01
-5.190407805231767036e-02 -3.380861690704222156e-01 1.732695078961450141e+00 1.141521281874026350e+00
2.771391226991188450e+00 1.833424386284723262e+00 7.903878354903047798e-01 1.941896629437755095e+00
5.800201646873925920e-01 9.798104063808832365e-01 2.220020306764953766e-01 2.007205752296568946e+00
2.774174794553255552e+00 7.527287922377258189e-01 2.624134191167444285e+00 9.684336268708421125e-01
2.095406115367664412e+00 1.637992561529921343e+00 6.613668577694689077e-01 3.153568197302651921e-01
2.980248575278165113e+00 -1.348182560871000746e-01 -7.539280836640649408e-01 8.852186802604812277e-01
-7.127720335902070214e-01 1.639350009985412360e+00 1.075022078321935526e+00 1.273719411637932675e+00
-9.183737543056702535e-02 -8.220878141460261634e-01 1.144331699986403716e+00 -4.510121436125007488e-01
-1.227928118394734369e+00 1.640254124317800377e-01 2.718392164599235272e+00 2.357150435213113404e+00
1.734964856715298875e+00 8.825387969565677837e-01 2.860650457810335112e+00 8.237881889810007019e-01
2.812178939847643777e-01 6.504821966302345437e-01 6.828724459867038243e-01 1.782622484741044344e-01
-2.894643375592587109e-01 1.414364301166094462e+00 2.145225058928420303e+00 3.039722712955963413e-01
7.894150805490866007e-01 1.166678335841482284e-01 9.675758273608582316e-01 3.417364267240239339e+00
2.034729521679348174e+00 4.651035541255823524e-01 -1.741405908958830739e-01 2.181994638261944175e+00
8.390154483971981048e-01 6.695090399269492121e-01 -3.947293895335715064e-01 6.297048647263103760e-03
1.897873786928477191e+00 1.403732871268519977e+00 2.062053985465330364e+00 4.015496880815625502e-01
1.839740855753398074e+00 2.506363309593898858e+00 -1.876144552118975461e+00 4.158305704079929832e-01
3.481569626481761937e-01 5.786907289199593185e-01 6.856450795025984535e-01 -1.818285573029554403e-01
1.565891035960774058e+00 1.572682268578585729e-01 1.097908084912418092e+00 2.373697859423000711e+00
-4.825070062530631976e-01 4.925099115396397442e-01 2.402271393578156555e+00 3.151546126597960296e+00
1.571937740435459752e+00 6.859098622434537385e-01 1.013873558124400720e+00 -3.436109443235235705e-01
1.265894248949495093e+00 1.318229167847751793e+00 3.391820693955230892e-01 1.988478662911236983e+00
2.148540592547216299e+00 3.063706433538414542e-01 2.086116179560956407e+00 1.175551905313453549e+00
2.505044215536308627e+00 2.562371211594891562e+00 7.881166901778914324e-01 1.915442490201925807e+00
1.631769452827039224e+00 1.200051563859599879e-01 1.091063537732090971e+00 6.257232453259453653e-01
5.037929930828389802e-01 6.195463759395511971e-01 5.423562943207123066e-01 -4.097637511045946201e-01
1.548238413212317699e+00 1.641105274691377014e+00 1.140887247426887852e+00 1.367793353028584846e+00
6.889309173497473182e-01 8.924297392284397112e-01 8.969866006852735829e-01 1.122118862419035024e+00
1.623686993682343260e+00 -3.212629602599004208e-01 2.467102471425157262e+00 1.468212470018338323e+00
2.500264927833267814e-01 7.776500146337763653e-01 2.713431559231666013e-01 9.527642038730224083e-01
1.664019506199339027e+00 1.419222607561289484e+00 -1.508770501576836676e+00 1.880528954969402200e+00
7.056435111063947829e-01 1.080603543457533178e+00 1.730233210370053065e+00 5.491005030257657404e-01
3.859290105097456181e+00 2.034198436333402693e+00 8.473578985893003290e-01 1.147385808095639392e+00
1.073227383146497571e+00 1.016117069360734870e+00 9.896812791077435056e-01 2.176011874868691631e+00
1.450836349610603371e+00 5.223755749875825805e-01 1.451330734750813978e+00 -1.618253649193888144e+00
1.555577385394301793e+00 1.253999329861221312e+00 7.261333542973194000e-01 -3.562087642011229072e-01
7.447247901672140458e-01 1.693901895830294269e+00 1.018376153269205941e+00 1.937574461381846191e+00
-8.254256494149700973e-01 1.415830226537647452e+00 6.820146627630342406e-01 8.590139666115852446e-01
5.631674719425349140e-01 3.296846197804916834e-01 4.946503837392322023e-01 1.561104144607941890e+00
2.089905580466892010e-01 3.757918801472931447e-01 1.629981319909516113e+00 3.010894866615999366e+00
2.349268991560592212e+00 8.562609717627942540e-01 2.019594344045765766e+00 2.865736045999743853e-01
2.309106171740577196e+00 7.326353205309010796e-02 1.076489873192975288e+00 2.360879835370607083e+00
7.315904191042799098e-02 4.615388656022334501e-02 6.711175578779539075e-01 2.542993644718420043e+00
-2.233267459301873092e-01 -4.189138743190081726e-01 -5.575973624440482279e-01 -3.719748994958747002e-01
1.084345283837683249e+00 1.317945448679230802e+00 1.823221768391069642e+00 2.277206200183419682e+00
-5.411837946144972822e-01 1.001949165963329502e+00 4.658754205423324413e-01 1.378669138675415740e+00
4.081265242827025741e-01 2.530429564642361129e+00 1.552997850435184013e+00 1.266326971187776707e+00
5.708540392562584387e-01 1.937370565128641697e+00 1.498253282184833335e+00 4.984872986623312130e-03
8.864105084654841926e-01 1.450857706646685452e-01 3.735791628479514515e-01 1.333344504176577683e+00
9.130264746445118096e-01 2.128792740090308389e-01 1.174817995183685460e+00 1.114217277920849236e+00
2.384514402585188986e+00 1.224544801311781228e+00 7.982431464086054973e-01 7.165773721572089583e-01
1.308969289837288219e+00 2.608096389242600566e+00 1.133105284775136834e+00 6.614645775958729601e-01
3.322820119373296466e-01 7.867508375942562360e-01 -2.488951612545284853e-01 1.079159455868065720e+00
-3.830671109175416422e-01 1.150398245477178838e+00 9.858333760987636474e-01 3.659492963624765283e-01
8.217498838238058712e-01 2.311658091557345918e-01 1.117750510023735266e+00 -2.142587852491899536e-01
6.295171927136586909e-01 -8.137667862622710580e-01 -3.446615042040528376e-01 1.700310450488878189e+00
-9.997768624929721515e-01 2.094794014662757942e+00 6.716547647668253962e-01 1.138223060526804220e+00
1.274839621371048892e+00 9.631114109467664441e-02 3.209393634438973963e-01 2.654018198585112565e+00
4.655755863396267014e-01 1.408172024623629337e+00 -1.363978422335510921e+00 1.973530665249521032e-01
1.857573585214818968e-01 8.632157088992000737e-01 1.637521919473367227e+00 1.923149631966525330e+00
5.416933292681112011e-01 9.373208114546169867e-01 -9.745907647494476134e-01 1.594493908159275275e+00
7.925782928732713062e-01 1.640702706082357798e+00 1.548857494130490453e+00 1.404799361266271251e+00
2.321280981874083160e+00 2.062666684586141663e+00 1.146793689309339337e+00 8.821390432465727738e-01
9.545776756849347899e-01 2.796312558877031007e-01 -2.630467073770890174e-01 1.605630421853773804e+00
2.081125355464334525e+00 1.204201320623959681e+00 1.509374516355527440e+00 -3.035948651514974728e-01
1.636491660349195243e+00 2.647385993528597048e-01 2.205110190020548977e+00 8.375954569232004765e-01
5.573101800315392040e-01 1.118222234002079540e+00 2.281448341671365121e+00 1.024935750000580015e+00
7.658158813378863616e-01 -2.332696242202922932e-01 -5.407194785521833857e-01 1.555343330261216739e+00
-3.160318853007610951e-01 1.019093985029921656e+00 4.607187286215908006e-01 4.242159425112552729e-01
2.082348476872572185e+00 2.841277298942974650e+00 -3.228506427488664343e-02 1.358908941563109707e+00
1.293823535542776515e+00 -1.175658699700105725e+00 3.543052843335479096e-01 1.462557769524345463e+00
-2.380631924194391846e-01 3.339622708716856181e+00 7.331157354977086982e-01 8.786789400799959182e-01
1.293007063492755515e+00 -6.828715998084635697e-01 1.927933903771232860e+00 -3.359243164310921070e-01
-3.518587447540693081e-01 2.811547988022666367e+00 5.177642854740874823e-01 1.066490961863722831e+00
1.699570227427639857e+00 1.297538699430349940e+00 1.358295216530492011e+00 1.507307470529737348e+00
-1.237339268727794206e+00 1.812989773028169882e+00 9.962437455211854420e-01 2.561823761121408083e+00
1.306842873933796501e+00 1.442851647823067518e+00 2.286267414510812834e+00 -6.876990088539909340e-01
-2.138072740237624281e-01 5.511937061635008295e-01 3.605343074476133891e-01 1.364172379263045354e+00
1.017249970077193311e+00 1.778900519666807067e+00 6.418739344963436677e-01 8.594738203256937492e-01
2.411196798761044313e+00 1.503315081342603055e+00 6.782284139345644558e-01 9.760118565888153963e-02
4.614178253928457041e-01 1.640366774594255617e+00 1.157277943739034143e+00 2.339500080683907246e+00
1.026136300263674750e-01 4.764686886263032051e-01 7.973768466409878464e-01 2.606759661258839511e-01
1.874298943285127139e+00 4.096723730070251923e-01 7.482904678293417211e-01 1.639449885897477976e+00
1.065374867382299362e-01 2.244546079766347901e+00 1.335483621182977476e+00 6.178373889531199037e-01
1.689514046033909977e+00 1.332825705984796993e+00 2.887630480154244506e+00 9.900986158138511684e-01
1.497709629705235912e+00 1.319099423527194670e-01 2.414148372505683371e-01 9.718918059646830532e-02
2.154337658378863152e-01 3.342699312935983880e-01 3.261034892222846038e-01 6.361087198942901866e-01
6.706189849983799078e-01 8.508350726087959837e-01 7.637629367219755938e-02 -8.540042463605319600e-01
2.114774724404011597e-02 1.723436574872445615e+00 2.303139927295616562e-01 9.076370679477359094e-01
1.727465536507832855e+00 1.456513205768015240e+00 -7.396454486229053771e-03 3.090059346475604318e-01
-1.025831034374899087e+00 4.800173811197437912e-01 5.521650161576499016e-01 1.088871017710751454e+00
5.278564433413084345e-01 2.569459128063407150e+00 -1.380194039294626585e-01 2.169798963479657727e-01
6.227823080566796676e-02 8.905231934497648272e-02 1.713087616764047638e+00 6.438161195327412045e-01
1.893576087059033952e+01 1.905253371823428310e+01 2.014330854292020589e+01 2.000025221997129776e+01
1.965424738322116127e+01 2.017378606868237512e+01 1.946692833035142911e+01 2.023327132668626049e+01
1.921291880990833789e+01 2.175230975768394615e+01 1.875925053141186893e+01 2.054377169163025130e+01
1.876155670132302333e+01 1.964272748819322345e+01 2.067908120564116103e+01 2.000070312258901239e+01
2.036617390095214120e+01 2.004731807383983977e+01 2.078595808212182661e+01 1.950222039752519620e+01
2.150835042657361384e+01 2.123982916375466701e+01 1.963897375498213194e+01 1.872292285587623439e+01
1.958543443773968207e+01 1.973896248213224425e+01 2.132633673702522970e+01 2.016638585385848614e+01
2.002201046046385358e+01 2.056863926001879861e+01 2.040498251351445091e+01 1.807784890094642805e+01
1.861749050034091013e+01 2.022704897061386831e+01 1.992814778481191595e+01 1.859792543090550865e+01
1.974355345022345176e+01 2.054900221532770388e+01 1.718189245050285408e+01 2.024156976713084077e+01
