-3.253513052382179804e-01 9.934280714074675833e-01 -1.252813353535167096e-01 -1.014205724657892382e+00 1.356335238401718435e+00
-1.344620567563710178e-01 3.408995369986454804e+00 -4.486966281958797431e-01 2.310701233844928426e-01 3.226605139495367647e-01
-4.096446239261863909e-03 5.334619186649771638e-01 7.065336000070044919e-01 6.775616009270446494e-01 2.353427479582829829e+00
3.005330753080469819e+00 3.043604316631054907e+00 -5.898149892349746626e-01 1.625613970992758617e+00 -4.369527322751212139e-01
2.088805432235451010e-01 1.531703822259921299e+00 1.231022662886159136e+00 8.833630014252669138e-01 1.234106771073076869e-01
1.371648928760946351e+00 4.978088093534706049e-01 -4.327487344757496857e-01 4.642857137018397973e-01 8.038459658215815207e-01
-2.810131166354639110e-01 1.700167750834472802e+00 1.301146217545662731e+00 1.614930409091934749e+00 -9.600601386043872143e-01
8.702963691701115501e-01 2.244884100012952466e+00 -2.012521998646432664e-03 1.370026942420861760e+00 -3.792487101597703525e-01
-1.128729567946331613e+00 2.726901168267116482e+00 -5.004121410687123461e-01 1.301474256996343337e+00 4.624415850609109313e-01
1.817919895098139449e+00 1.162030067622026541e+00 -8.040954299693203744e-01 2.584018261344929179e+00 2.315301529721849327e+00
2.068657934507180940e+00 7.446679466561285654e-01 1.337964259778266385e+00 1.985837387735172044e-01 8.076308277485132470e-01
-4.611833150417414817e-01 7.447847417499839917e-01 3.547112859144014418e+00 2.317667233463266641e+00 -1.940508228163593252e-01
-6.804468144492268333e-01 3.626377006462133679e-02 6.239920117154524881e-01 9.671062219264933146e-01 2.311841061250874851e+00
8.153025184080074927e-01 -4.083697829171895055e-01 6.987072963207174858e-01 1.117364085360381232e+00 -7.842237733681867162e-02
2.170125044933828740e+00 -6.333746777501780834e-02 1.676711074978176619e+00 -1.023385984580982289e-01 7.611681995976438131e-01
1.068208546651008728e+00 2.685839338536863963e+00 7.742493396339886758e-01 1.332431393004661624e+00 4.644844063431287084e-01
1.145663596992838595e+00 1.528069464070814121e+00 9.628738661394522502e-01 7.376911242012025305e-01 -1.726570137194451959e-01
2.685223442349170320e+00 5.831289452698444897e-01 5.003659524906023393e-02 8.913212221529360768e-01 1.846834671617916257e+00
8.206958630596682402e-01 1.688273223801541434e+00 -1.342185585014719962e+00 1.600907900229779024e+00 -1.076444196348797622e+00
2.005546242534822277e+00 -5.162287698488476906e-02 9.799407853455799344e-01 3.428624818032428134e+00 6.951829637695976505e-01
1.462016598536535650e+00 -3.782789200423009035e-01 5.725233157526012917e-01 1.402819785348387915e+00 2.207538431277187740e+00
6.576810790317970667e-01 -1.049538348213416405e+00 2.210367069415323016e+00 1.495617920524425770e+00 7.731389172767011431e-01
1.782353573514750655e+00 2.192891566204715481e+00 6.335023416702387777e-01 9.380753872464234755e-01 -3.986484451642318128e-01
5.669023221445916860e-01 3.701706120677704437e+00 7.982231326554821704e-01 3.185902465080856505e+00 2.421776526026701681e+00
2.038901542023693558e+00 -2.750177841629402042e-01 1.912178427901712885e-01 9.118109950081459969e-01 6.591589190809066245e-01
3.914015132040782330e-01 1.736616323154753561e+00 7.015722130586388161e-01 1.103965752913709686e+00 -1.549562578069186181e+00
1.211559762069013502e+00 1.571739040167176027e+00 -7.865193541826094314e-01 1.204685071446775169e+00 9.662238934923561562e-01
-3.871548598329130897e-01 -5.792439252040633146e-01 6.747783032931056191e-01 3.115318802585721691e+00 4.449077648175351340e-01
2.944209140114610435e+00 2.879814048555082717e-01 1.050265098170750200e+00 9.433286732130136132e-01 2.255723590026348369e+00
3.295213507638219852e+00 -4.201314643113489566e-01 7.035454099929538962e-02 -4.182417216970655272e-01 3.163059735439046616e-01
1.793636710124053568e-01 2.314547834638557511e+00 1.298422148138041798e+00 7.325353001690058097e-01 1.491649714315872677e+00
2.346152570105118240e+00 6.041254643654839773e-01 2.454638282991715936e+00 8.341538905572649654e-01 1.766258575778005602e+00
5.585299085496316929e-01 2.117899228509772858e+00 1.184250056763082259e+00 7.328405495939762648e-01 6.445866913399829201e-01
-1.003846039685041269e-01 3.406231680010924912e-01 1.990229189750039041e+00 9.885875651290710886e-01 3.221716854331766466e+00
5.669208250196734467e-01 1.009584964649675731e+00 -1.185541270716528039e-01 8.755451320432239282e-01 3.853680432505816045e-01
9.173690129089463463e-01 6.583279655128964070e-01 -2.674381936807759264e-01 2.307396324663791187e+00 1.746674661430550168e+00
3.551574226098480391e+00 4.670118361119945938e-01 1.209426243838840120e+00 1.810710455956280773e+00 1.118262549031447950e+00
5.516078005377309523e-01 9.702294323856998082e-01 -5.541075656785210413e-02 -3.256591874562104749e-01 5.768280130489312763e-01
1.283452623212946619e+00 -6.374739986303961103e-01 2.298955236713704497e+00 1.701011855824385632e+00 1.432215672261930139e+00
2.387652806746536793e+00 4.414546733203671414e-01 7.359427909920035482e-01 -9.061491116581603666e-01 1.280783933698854238e+00
3.078338429259016795e+00 7.700610686451501152e-01 3.044081574265336876e+00 1.009720055964676177e+00 3.336913928203932844e-02
1.969314809269626210e+00 2.077240428963733621e-04 -5.973167031012063255e-01 2.940410796896907542e+00 1.461971152225882697e-02
7.853969374648660517e-01 1.836473826887068395e+00 -5.731482711012387821e-01 1.590230231184338372e+00 5.786080109147493378e-01
9.554166973460879175e-01 2.150390040313733264e-01 2.120567955298311880e+00 2.240761944673812955e+00 1.551322200152120967e+00
7.103644941144331426e-01 1.658405566060718872e+00 1.334527060154024003e+00 3.093456898123834620e+00 7.154189798908192621e-01
8.440841531372620388e-01 1.681088086893220535e+00 2.127743745271021503e+00 1.493956898026297386e-01 5.574323009953008334e-01
7.866795199200945499e-01 1.811743200614445826e+00 8.805212646215810901e-01 1.925536937408312443e+00 1.081702242436852757e-01
7.771818352684684017e-01 1.394431715929812299e+00 2.726188726801612283e+00 6.073894727070405786e-01 1.069849927509204157e+00
2.328405207002047561e+00 -3.402130536498781943e-01 1.263769570976151169e+00 1.256283150437909502e+00 4.627990569315812985e-01
1.119355522697296434e+00 1.527992345348611725e+00 6.525158617331344724e-01 1.971727936430061057e+00 1.656630890288112834e+00
1.299408406688696171e+00 1.361181416633859165e+00 1.384507591985860264e+00 6.211082154840816827e-01 -3.290368417302724779e-01
-4.574558839156452894e-01 1.186757041223822196e+00 1.861245542472181880e-01 2.505063579256639805e+00 1.447028104161710571e+00
7.066749541407797430e-01 9.007017992761200409e-01 2.192342291774898033e-01 1.792537593362151238e+00 -2.867854898239388106e-01
1.039641695605115768e+00 1.623211660800696343e-01 1.695947534288956504e+00 6.729969216817901501e-01 -3.862712473433322913e-01
1.015707909681885956e+00 9.199625588244303431e-01 1.689349729970697656e+00 8.515627629669246801e-01 1.283379167684407740e+00
9.640199905322647256e-01 1.332850660238571017e+00 1.978920592882349005e+00 7.142087369739502645e-01 1.137539205981501267e+00
-1.394835386051296311e-01 -9.726514866230664413e-01 2.416860702919266135e+00 1.416190966135693063e+00 1.795774411594840192e+00
6.383053152974816902e-01 7.195504647414309174e-01 1.798236823140785257e-01 1.088493383720016583e+00 1.789817239051461062e+00
1.819031769431314505e+00 1.227495530637536136e+00 2.240802868422622218e+00 8.225113006384706660e-01 2.830385992908007520e+00
7.579137046479332840e-01 -3.921973214392213691e-01 1.279643449706362457e-01 6.568467178155318331e-01 9.459992898679245865e-01
8.377855852836352257e-01 1.518989571243633430e+00 2.581513067642924320e+00 2.862922294712570981e+00 4.160746757905081639e-01
9.482504023771657353e-01 2.417055633264055814e+00 1.938332471289341274e+00 1.561915297819169268e+00 1.220224589531963666e+00
3.604627876415473775e-01 2.346345995201993606e+00 3.691413887285450723e-01 1.396377166115739588e+00 -7.213849692900931032e-01
1.311202176647596751e+00 1.870556200083690612e+00 -1.056178484479965984e-01 3.328319569928159360e+00 8.133839165284254547e-01
1.490662819291652896e+00 -2.056190763206688921e-01 2.299877190960506468e-01 1.582149610757688896e+00 1.959275218996314072e+00
2.124356754059350649e+00 1.568093232648814617e+00 1.210097469547311011e+00 2.052820286678790129e+00 -8.306637612900065193e-01
2.568937004419291625e+00 1.187646644570193200e+00 5.547867665261374537e-01 1.112279193517107689e+00 1.164860138876921081e+00
-2.056193691805163759e-02 -7.442605438389169326e-01 1.621409237964508865e+00 4.137617180851629328e-01 4.009018944655484695e-02
2.407655441669040997e-01 2.389285058197064160e+00 -1.931488940785814901e-01 -4.517304354746576323e-01 2.595140770876873670e-01
2.405820690746706347e+00 1.624607684686260267e+00 6.556198179172009199e-01 2.172111196612700024e+00 3.918869892302708768e-01
1.373084072670693878e+00 1.454024574285130766e+00 2.438359669366339855e+00 8.667528699336757292e-02 8.291474171113999425e-01
1.710434122131920809e+00 1.653465347096899185e+00 -7.454643228805541977e-01 3.116759243669279256e-01 1.012693593533715797e+00
1.012357035870155686e+00 2.583661415158880814e+00 -1.087019487426409192e+00 3.163696310353269148e+00 -2.101730783937176827e-01
1.445632706183859639e+00 4.616478474379965835e-01 1.332592408864317290e+00 1.826335630006886035e+00 -1.865900354004461636e-01
6.569217973927379273e-01 1.480057764973238710e+00 8.440054116569992715e-01 3.140520450900481375e+00 1.807112744422924688e+00
2.040409660887529064e+00 1.953232789144932813e+00 1.118537130901106735e+00 1.586357587045573503e+00 4.236534645376101027e-01
-8.110927550948063836e-01 1.463232543870408797e+00 1.713864797690305419e+00 3.245732797384279333e+00 1.161063137487928998e+00
1.290713063731151022e+00 3.072701236285080739e+00 1.366280733989925000e+00 1.080591396362249990e+00 1.276403068781835293e+00
5.111309854975427669e-01 2.027202749040599716e+00 1.821434369943182752e+00 2.328372756824079737e-01 1.038634801579275013e+00
4.551362695801066671e-01 5.738009419614022999e-01 1.179347618152852384e+00 1.670088050420317494e+00 7.519676916526460975e-01
-4.465642607915316642e-01 -4.163777282716796257e-01 2.982590860431612256e+00 1.051346035381490518e+00 1.261015599877405524e+00
-5.254522284783798014e-01 -1.106203597319591392e+00 3.900396234445079324e-01 7.352223054613116204e-01 7.060635754802111475e-01
1.242090748850670279e+00 1.885947594307406661e+00 1.814649266269708017e+00 1.811560173774401150e+00 7.002971843197434154e-01
2.343756916774952792e-01 7.754989668883853771e-01 5.719078766585805607e-01 -5.040980652514643889e-01 1.362321363545324626e+00
5.404375582025189306e-02 3.929894241134046506e-02 1.154931918147110492e+00 3.249537153317220151e-01 1.979878638775396826e+00
5.293614858133872669e-01 2.388792022069186061e+00 1.609872305709676432e+00 8.998752536424048376e-02 5.158859707199947575e-02
1.713085801581424317e-01 1.668173390961937397e+00 2.190029629495141350e+00 2.335291793581712572e+00 2.375233748745308127e+00
1.765681201186646287e+00 1.834673499558038046e+00 2.482290305460514546e+00 2.189479798543114697e+00 1.421806144983775111e+00
4.466438828141447992e-01 1.621829026396435225e+00 1.577100019452816859e+00 9.283168342932287542e-01 1.814944069002944360e+00
2.431004107706529638e+00 5.395951836405485924e-01 6.859244696939597041e-01 -9.266933818429345937e-01 1.935471181457144363e+00
2.765427488451578597e+00 1.427565325219884995e-01 1.456444364041495021e+00 1.139151174154571011e+00 1.230156660872116836e+00
1.596516663932144864e-01 1.861611519838575868e+00 1.941251485701426693e+00 1.747374246892287264e+00 1.696304033072101092e+00
1.514867524974065738e+00 2.765229169648297791e-02 6.489204635978351732e-02 -5.051341281231631619e-01 1.243695052530552347e+00
7.891923841502326287e-01 1.030573649990823792e+00 1.275596778448517599e+00 1.672789029446136055e+00 1.241573633369995600e-01
-8.167515140723686784e-01 8.262536686108530315e-01 5.599515077596735058e-01 1.329975102277080712e+00 -1.786927365970087944e+00
-3.413396476880470320e-01 2.485141980390101590e+00 1.159604398872432052e+00 1.872397859805101428e+00 9.546395745320581661e-01
-6.911778858989208185e-01 8.920350116534273566e-01 -2.688528933270057930e-01 -1.644389126859294059e+00 -2.603437369348382546e-01
2.615315174135208753e-01 2.722305168320103830e-01 -9.045018467487870861e-01 1.730261761142347421e+00 -1.113100036866296882e+00
1.567096771067723493e+00 -4.401620540333528453e-02 6.192606232675823552e-01 1.997980999150900994e+00 8.288655360813597106e-01
2.162685032521964423e+00 9.666472329481484715e-01 1.605135185597815095e+00 1.217434996669950031e+00 2.545877040736442165e+00
1.938496354739413619e+00 -3.616532947518544816e-01 1.089536793273941040e+00 -1.741629872345484831e-01 7.833523379721919477e-01
-1.059830340363429713e+00 -9.971856409217818573e-01 1.216992027692372913e+00 -7.323735461070977060e-01 8.401356605904044539e-01
9.772125559013438156e-01 7.344983420126971474e-02 1.206548402538889286e+00 1.597037956123196656e+00 1.169107704900031575e+00
1.517280236980274033e+00 1.585844727133113974e+00 -2.045111452196084478e-01 3.316750951394085156e-01 2.708397842489648877e+00
1.569590122907706942e+00 8.611806598682626435e-01 2.268037937552246364e-01 1.822555484027638784e+00 3.602754968929076096e-01
-1.045503407160033316e+00 -9.485820445629631337e-01 6.720663845881229559e-01 3.059933839388266907e+00 2.324550594687414318e+00
2.002376612685377033e+00 1.928658261751120984e+00 1.340565806611006217e+00 -7.346377546413465076e-01 1.334340416502046711e+00
1.344234021708214932e-01 -1.700875465548121745e-01 1.518251941982070585e-01 2.134865632588090367e+00 1.719883893806445352e+00
-3.644938311874943437e-01 1.541386119248244313e+00 -5.389147005612606733e-01 9.326600973086429658e-01 1.176788627230207940e+00
1.504956109020739508e+00 7.524611477048533947e-01 4.388583504604671726e-01 6.719795786589268793e-01 1.428304724049750840e+00
1.398614851464580200e+00 8.989181672777131205e-01 4.418194627860710932e-01 1.600657342392530547e+00 -1.352916985946013284e-01
4.036030981212540558e-01 1.028413136097371838e+00 1.227845098267181356e+00 1.744941905410712035e+00 1.263851251851193513e+00
4.520130514961576695e-01 -9.195613425060154000e-01 1.607959553338105030e+00 3.143519244002392909e-01 1.105453529421520864e+00
1.776508576012040930e+00 -2.335482170272318303e-01 1.720826296640602715e+00 9.490421293091569899e-01 2.859275465225735502e+00
1.270452697237743456e+00 1.491902306575912274e+00 9.973407066530312060e-01 2.255982830950159279e+00 7.311507730253317128e-01
2.145894802945732760e+00 5.302522775494473706e-01 9.639745964055572713e-01 4.279581121974925795e-01 2.374362017586166829e+00
-6.917944571909617757e-02 2.239179221606196535e+00 -1.794162569975843446e-02 -2.334159985809467486e-01 3.639892638663828617e+00
1.086954199098273621e+00 7.279622635546789677e-01 2.467997594754871571e-01 -1.839709362699808448e+00 2.767840325197454376e+00
8.067442374132162142e-01 -5.495479421752620386e-01 1.385410672008672073e+00 1.337044977539813662e+00 1.240125097894507977e+00
2.956548368782136116e+00 3.640380542380169393e-01 1.839516573491398521e+00 7.970518711583709504e-01 2.232321149364546287e+00
1.572045869169601762e+00 5.055437040270563953e-01 1.572100727362357286e+00 6.626071873162708847e-01 -7.820070930148210753e-01
-1.194899708703867081e+00 -1.286425535330255610e-01 -6.991363340737462018e-01 3.438139217033862050e-01 8.656667562537863070e-01
5.050123818466202286e-01 1.584416889831125719e+00 1.361635436516997810e+00 1.541215646701870279e+00 1.795024748345428689e+00
2.198866562413501757e+00 1.231038205041816713e-01 1.615771002477112361e+00 2.250790802714528915e+00 8.874763119863114946e-01
1.104287105687486559e+00 -1.043810038561213904e+00 -3.485726567097728879e-01 1.793908533081929324e+00 9.434387699975600450e-01
1.141073772673971032e+00 2.514726057017150573e+00 -5.356884112696174149e-01 1.216071456868907052e+00 2.639577016117974129e+00
9.203564997693436389e-02 5.276445371083828828e-01 1.291636605845563945e+00 -7.287680888641934196e-02 4.955981926226455947e-01
1.053281946351210863e+00 2.359409343259248004e+00 2.820427022443964260e-01 1.754663769171894039e+00 1.590217605101077680e+00
2.567518435940566945e+00 -9.102886722592882229e-01 1.102704063441755755e+00 9.670945868799785128e-01 -9.572014845933618510e-02
1.486038844887924704e+00 1.477298155959541948e+00 1.011292399507185635e+00 -1.643497067560513170e-01 1.758962419626462381e+00
5.892081505899865457e-01 -4.163490557753954935e-01 1.805354389219925526e+00 1.020837904005439833e+00 1.718191211348560898e-01
-1.210194851899535795e+00 1.314988028009110632e+00 3.216156994137572278e-01 1.087858698326612084e+00 4.677266365779676471e-01
8.210159275060298079e-01 1.158568532209508284e+00 -4.987852484338128889e-02 1.176475288617960135e+00 2.607868213025230641e-01
3.205217033357005807e+00 4.221193276193848654e+00 -5.493154344676853817e-01 1.462296491702928858e+00 -4.611254635713937233e-01
1.177937640572465972e+00 6.503485282629328790e-01 1.499089144323518141e+00 2.607391033762684884e-01 1.062389498727642545e+00
4.234420379335243068e-01 2.469223758045551609e+00 1.327975445257423281e-03 2.589726978195243667e+00 1.511227738019957911e+00
1.511083786071485635e+00 1.913276939607652771e+00 2.421986953666853459e+00 4.922466816230633979e-01 2.487801609322869201e+00
-2.502258956903429254e-01 9.856156935932102181e-01 1.122381541503447266e+00 5.586639219793778643e-01 8.222224612851718462e-01
3.249260277550670706e-01 1.877664168928123933e+00 1.932593301167781608e+00 1.527145866291406584e+00 2.169098995530672980e+00
2.710058870799737285e+00 9.056943375773103266e-01 -4.665594610011698506e-01 2.342558141435919783e+00 3.347963848637319106e+00
2.119159896859063252e+00 1.560293298049912014e+00 2.888309652655469684e+00 1.339567181229799786e+00 1.490408168323830385e+00
1.120327401519161770e+00 1.251138998174684325e+00 5.953662023200634312e-01 2.303836896279023438e-01 8.752819223503325308e-01
9.132990987980422748e-01 1.177848438152024890e-01 -3.038629762101030529e-02 1.209707712934235735e+00 -2.552519832762301100e-02
2.087077226729379120e+00 1.969454934333702667e+00 2.070121783175474572e+00 7.155982979673656263e-01 -8.791157867026104800e-01
-9.351149665792446442e-02 1.294349680366013278e+00 2.752997031605386447e-02 3.631168198719947338e-02 2.572829492264072648e-01
1.878105052585272050e+00 5.664760454159748493e-01 1.126018794106788290e+00 -2.401853102894095926e-01 1.596500932227273184e+00
1.130847572403190560e+00 5.375299540212590266e-01 1.535612396949109559e+00 -2.483994740844011062e-01 1.039734373876656237e+00
1.871748634983097404e+00 1.100452368328583175e+00 5.783740927332572390e-01 1.161558099260384669e+00 1.494600612261268946e+00
-1.319895029888296101e-01 1.427340402206921821e+00 8.235468496632513125e-01 -7.096106978502052520e-01 2.159768713545494823e+00
7.720248985745422621e-01 5.161442674567437994e-01 -6.187022017211558644e-01 2.109322430374630519e-01 2.551823790112289769e-01
1.733734298008757779e-01 6.099056639619668818e-01 1.429095806707700422e+00 1.063603273657573567e+00 4.933127841544749925e-01
-1.694977069436212069e-01 1.081110152867467589e+00 8.691268920036857581e-01 1.737640335255181245e+00 3.333460926245529699e+00
5.099689582996147497e-01 3.750441398113444347e-01 5.839567827168031799e-01 -1.279329448451442808e-01 -4.765679427950830771e-02
8.804611154450894261e-01 1.437778091657853086e+00 2.954641933848900504e-02 -1.222704451668306103e+00 2.306067081888374837e+00
1.379744788807890865e+00 -3.144411683801389135e-01 1.790872763782823451e+00 -1.887040899985608089e-01 1.368294063740941979e+00
4.024558801213539150e-01 9.789023442673254749e-01 1.163085982817843256e+00 5.282496377416705524e-01 1.409427020387706841e+00
4.118882624422648409e-02 3.922834718503471763e-01 1.345334494447267604e+00 1.365704357467033558e+00 1.080675327510312478e+00
-7.015768165551450330e-02 7.386077469437379861e-01 4.472371822487356541e-01 1.095836505882576972e+00 2.408296431838922391e+00
4.509513592080217625e-01 -4.538992964606698433e-01 2.503329174963030201e+00 -1.978000598669056309e-01 -2.236956798857228090e-01
-7.147864326021287074e-01 1.738625137436457191e+00 2.171281194826892413e+00 2.354155802796861430e+00 1.154319072635784149e+00
1.704669887523781124e+00 7.368701982988912214e-01 -2.112846892128965592e+00 1.132801653786748242e+00 3.638162520573390957e+00
1.659220550058154720e-01 2.535213193912240648e+00 1.511502562037221109e+00 9.315806783008950820e-01 3.103951219840248577e-01
6.352541706056850090e-01 1.384957234580598717e+00 2.600847617199059325e+00 6.084302407900543663e-01 1.147905106449054635e+00
1.673288862312635406e+00 6.888612775148073020e-01 -1.035619204298067864e+00 1.552567150018180575e+00 1.126909042882536127e+00
1.553225381163917174e+00 7.232026422913915287e-01 6.296155824412614788e-01 -1.349738678599599062e-02 -3.190193134416690057e-01
2.118540259371373580e+00 -3.040529363360962023e-01 1.331034389900216830e+00 3.567452051313013683e-02 5.713805936870810509e-01
1.843767046542830190e+00 -7.858658328481953337e-01 4.970350957915973256e-01 1.526128444968655629e+00 6.051464982328496056e-01
-1.043069461908587403e+00 2.033005719570706304e+00 -8.601628832428789284e-01 1.404078528536822468e+00 1.808158173005966152e+00
1.007845708391424733e+00 6.944968402773643579e-01 1.607786534486161267e+00 2.052973699874698355e+00 1.885898491698638324e+00
-2.283145941288526881e-01 1.210120700139058592e+00 1.141931324059899611e+00 1.653233714114882291e+00 1.446590614265043095e+00
2.163484198824401794e+00 1.810407910042870050e+00 2.876998054067430033e-01 1.507387529294723194e+00 1.122779031906153246e+00
6.793722142425147048e-01 2.553361115601796349e+00 5.626427719078599399e-01 3.365078125434028955e-02 -5.597508770001118350e-01
2.302607610502650726e+00 1.254942431379932666e+00 -4.759858117749358186e-01 1.550582138935754806e+00 6.982804186139714986e-01
8.750770338921982638e-01 1.595278175017080802e+00 3.875303883152289020e-01 1.681159119759725096e+00 9.729390376974428323e-01
1.768415122169829434e+00 2.901280235976061217e+00 2.834605614277905694e+00 -9.858793515740460478e-02 -4.776295847330769284e-01
-2.625360617150682696e-01 2.137814639183293952e+00 9.449388339296588279e-01 1.723672824425159789e+00 -4.879376362104190790e-01
-9.778053458468642933e-01 3.334829097743834847e+00 1.780089876742024790e+00 1.481512515716698841e+00 3.563364472414852768e-01
2.217285388280863412e+00 3.624006741627564532e-01 1.215294189981967810e+00 6.544870432517020387e-01 1.053835773968008871e+00
2.276469389736515581e+00 9.392049268854255617e-01 1.486944674183984683e+00 -3.651175873031173857e-01 1.667351104723903354e+00
2.822917402431313061e+00 2.301416558926951517e+00 1.738103905642861768e+00 1.222361287618008552e+00 -1.982764960502567675e-01
4.941465632869531888e+00 5.655733001916976477e+00 3.860501930249766289e+00 4.472758736789650413e+00 4.036872477643362878e+00
4.971386653152421786e+00 3.472792918124134154e+00 3.795635375763035224e+00 6.377877664317748163e+00 5.042254554466620853e+00
5.146692765020433491e+00 4.820926226814730597e+00 4.695883952268941286e+00 7.296635192551890192e+00 3.949057165447692697e+00
4.775103561475005698e+00 4.745745579189027730e+00 5.195459051981214493e+00 5.191245574853222244e+00 5.381460719501847123e+00
5.298757220842831295e+00 4.453924913597123947e+00 5.456005580412914391e+00 5.752327677450494114e+00 4.955617059281476777e+00
6.091829715311755322e+00 5.544338833787545440e+00 3.845881351798661640e+00 3.844871129323472303e+00 3.644910537523566418e+00
4.569804460342020036e+00 4.586187598477004634e+00 4.967221789746416150e+00 5.470088148462735056e+00 5.924795531632884860e+00
3.942194833268699128e+00 5.649822881537643227e+00 4.136944309848877843e+00 5.228230880091090604e+00 4.955914504222192818e+00
5.475186224381046074e+00 3.504163006167744676e+00 5.909914864844703963e+00 4.630573687150900675e+00 6.479347409954598902e+00
4.986206048964628046e+00 5.238891347720692870e+00 3.882349447748642213e+00 3.707977688927149629e+00 5.327544717864785895e+00
4.395874827772127347e+00 5.112611906816219687e+00 5.827132692437040795e+00 6.196958045813339311e+00 3.167591507112802240e+00
4.604916416573444415e+00 5.672220745343897086e+00 4.226150319744838235e+00 5.523796018322614465e+00 6.541112386701682269e+00
3.423658538982994770e+00 5.767761729420696426e+00 6.052959169658573835e+00 3.174395722441947676e+00 3.763902967374399999e+00
5.037632068403563146e+00 5.588332369646760611e+00 3.984876894918651935e+00 3.255515940434667854e+00 5.591088196823560175e+00
5.643838794019520932e+00 5.386560934186031879e+00 4.815447793877594584e+00 5.347382494990530866e+00 6.616054150667059375e+00
5.257225345437070985e+00 4.592552703441842077e+00 4.883438846717615078e+00 4.654241252088244352e+00 4.288005955510769240e+00
7.588145749203492940e+00 5.649727246125783253e+00 6.465612252179261610e+00 4.723759587673462157e+00 4.934553093497052068e+00
5.003151975831007903e+00 4.991828185801860052e+00 4.519714835279839527e+00 3.981396471938052350e+00 5.268423914009430220e+00
2.983281942565223499e+00 4.439340214660252748e+00 1.473696989388419976e+00 5.600717875717017513e+00 5.792742604353290581e+00
5.075416902132519503e+00 6.268525255044970379e+00 4.056693688857317071e+00 5.145701887019916931e+00 3.121814176743604285e+00
