1.399709856011281728e+00 1.798138503768864860e+00 9.354035671208789093e-01 4.832279745021194062e-01 2.144023918723946265e-01
-8.082635225125258671e-01 3.173794054263525233e+00 8.557037275335765969e-02 1.483086664539998489e+00 -9.128017353728390404e-01
-3.832117229022722338e-01 9.726706769692131660e-01 1.870289606976209829e+00 1.784048076234728608e+00 8.912296117469631351e-02
-9.614382489200883342e-01 1.424864983090879944e+00 1.139687215076399029e+00 5.548077099522206179e-01 7.703883889603710955e-01
2.028424478508000561e+00 1.152023959895324579e+00 1.165075525815542745e+00 1.505015137766221089e+00 2.178213335447205079e+00
2.333565773896555839e+00 2.007549484086590397e+00 9.655496438662857228e-01 1.301797608974161413e+00 -2.002486098190288111e-01
8.464067461339521703e-01 1.759624543144382214e+00 -3.319576689174204009e-01 2.351203174153567721e-01 -6.997351966249498734e-01
1.586820377817568906e+00 1.876449983719661763e+00 1.085372792314154955e+00 -1.949172697957786138e-01 -4.573943302345153672e-01
1.587484584417573785e+00 2.122737659646659836e+00 1.383283904513022522e+00 2.624759327977112200e+00 1.554888751385993473e+00
1.900568472735153946e+00 -5.327551464872213316e-01 2.208868146561903778e+00 -2.520454356274497432e-01 5.443896290941894200e-01
2.790790667441366057e+00 8.341329389805095529e-01 2.385847542718564362e+00 1.675242739551006110e+00 1.119803717389944664e+00
1.165514316238178250e+00 1.826074058028869462e+00 1.013178598322099555e+00 3.910060097841433491e-01 1.431051274221067260e+00
6.079322297586973178e-01 -4.360854955578672421e-01 9.470533347334066931e-01 1.540543902101202400e-01 1.043008007887197497e+00
1.611120644985265526e-01 1.066000306389111030e-01 1.979166951894422599e+00 8.723000489457382045e-01 1.144565483261747341e+00
1.642814241415236909e+00 5.466420252064316809e-01 1.123624016454769281e+00 1.823569818154909150e+00 1.959888602239190147e+00
1.855003116008467234e+00 1.697947569991549166e-01 7.952318457215221681e-01 1.455332413504494271e+00 -3.535558180618476598e-01
-4.472059522774971541e-01 2.388752299251001965e+00 -7.039213119380955952e-01 -6.679082693837339324e-01 9.491850377748097811e-01
8.003844356578928565e-01 6.204804910915751037e-01 1.429687518520255995e+00 1.247461358365825390e+00 1.287743120907386407e+00
2.107849939916079496e+00 1.278004823409131463e+00 1.202379868599722013e+00 6.694837863062896854e-01 5.160695388940442774e-01
2.610404799209907978e+00 1.855844576616486830e+00 2.313540413609569413e+00 1.084492767510612188e+00 5.624485550511200138e-01
1.310071813306221911e+00 1.618197483545558590e+00 8.760507597105593458e-01 1.577211442043513046e+00 2.671180689441277512e+00
4.910488744837135933e-01 1.015149168494610787e+00 1.386260134894996998e+00 1.126934744766037610e+00 1.617894224097578881e+00
-4.246363589723971543e-01 1.718051587106558475e+00 1.802120728410004924e-01 1.628236230520611949e+00 9.130123826983689295e-01
1.015600831620723676e+00 -7.175438545281869196e-01 4.568439195396791774e-01 1.331344431799960759e+00 1.293145527055263422e+00
3.297086340273078786e-01 1.005023844422638479e+00 2.048262399722274640e+00 2.612975599716012010e-01 5.518106893224612453e-01
1.229301010529884053e+00 2.484716742726527983e+00 8.687688606664885071e-01 3.799653276680514669e-02 2.341396376218450648e+00
1.062228635610108718e+00 9.074613530149467922e-01 2.307069141651125754e+00 4.817365458814253376e-01 3.044737036782216855e-01
9.318140967146842923e-01 -1.076958672928451932e-02 1.522081480097660755e+00 1.411774076330867711e+00 1.297356990450955205e+00
8.993691494012266974e-01 1.332376497673437798e+00 2.032409367373271714e+00 1.736877150001739700e+00 9.411083256039290967e-01
2.234216019170895073e+00 4.975548359457969694e-01 1.158882213639823577e+00 1.518852881660733178e+00 8.816957292638519794e-01
1.185800901548481390e+00 -4.188522895324933160e-01 1.200996886669156494e+00 4.927100674284101700e-02 1.317499567694174312e+00
2.693338383282424253e-01 2.055169204584173404e+00 9.535354929872889018e-01 2.143109141724068856e+00 1.922523798160995723e+00
9.129080272287981579e-01 -2.507699165414534193e-01 7.600433748189129313e-01 4.997639511446987370e-01 1.347681559181772126e+00
7.184713520226889694e-01 2.076455805466324023e+00 -1.303958759327863426e-01 2.640201691937180239e+00 8.971534765842912318e-01
1.027175878762834005e+00 7.758299695397168350e-01 1.932969681832934272e+00 4.163855100763811379e-01 5.697935988890856507e-01
8.824583260331479995e-01 2.958825035189111219e+00 5.070861335411462889e-01 1.786721524300562303e+00 -4.962712894961556209e-01
1.149314589243368934e+00 2.580133053809844590e+00 1.763934816416777851e-01 5.273920327135170893e-01 3.614610974601741855e-01
1.274209568880312560e+00 1.701134911412588213e+00 2.765827576766376472e-01 2.162212956527320706e+00 1.427316757492858024e+00
3.785431920308786058e-01 -1.123631356131333803e+00 2.403959469038702501e+00 1.345839262686288729e+00 -5.375026927779547048e-01
1.617736291528103942e+00 1.290808171945960980e+00 1.114649576752405169e+00 6.514559327787741161e-01 1.234357514311053006e+00
1.984514494379890026e+00 1.365520259791200841e-01 8.210141419957923681e-01 3.683765759412513052e+00 1.664279396498881347e+00
6.596840415613154374e-01 1.339713209877023470e+00 1.490368808628130370e+00 1.538182923785844203e+00 2.962059867158944648e+00
2.571276336470780244e+00 1.185835942833037615e+00 2.155337020784664936e+00 1.713155926635168580e+00 7.091435754046662154e-01
2.524003284272843040e+00 1.285911519344007159e+00 2.138134455837514381e+00 -4.389121748782838228e-01 3.369402654289193055e-01
1.227392309823068794e-01 2.109628080624912805e+00 6.110259303570648726e-01 1.444995514152346505e+00 2.898829568926946543e+00
1.062503548645050477e+00 1.515756265169297734e+00 1.304828560814201843e+00 1.426311535782168516e+00 4.760656849545749081e-01
2.080677066490908445e+00 8.452430419899877867e-01 4.663991391234201256e-01 1.621111461741634008e+00 1.752026072628046549e+00
1.468711457308172097e+00 1.931923623392751477e+00 -6.906239291663709423e-01 4.778333548846123158e-01 1.316045385997869133e+00
2.931114020966547606e+00 1.097748840958957750e+00 7.174278876318741505e-01 6.060464436333751204e-01 9.491333040449275726e-01
1.862695799922277073e-01 3.727153786841171934e-01 -1.283961675132733848e+00 -8.232881293334324280e-01 -8.588610304545956087e-01
4.898816934965802838e-01 3.278810805802482964e+00 1.625492225977323901e+00 1.086826537613728050e+00 -1.279644771103467527e-01
1.513759390376126390e+00 9.354651216688774085e-01 7.350488069936931268e-01 1.445124275096557387e+00 8.676109524050766852e-01
-1.623132560954027248e+00 2.117566636950691361e+00 7.525115467983944928e-02 5.106383032744223893e-01 8.005299158087556544e-01
3.580557421115838634e-01 1.495230251127719789e+00 2.173982966558833496e+00 8.864866033126024281e-01 2.847728067218081582e-01
8.897335662452390270e-01 4.613070562693486476e-01 1.925034988202371178e+00 1.253219981894510227e+00 8.345954744041101936e-01
2.094991583782759736e+00 -2.181381503370232178e-01 1.107860523852743473e+00 1.161501261065511326e+00 1.154467135651987997e+00
2.097262801448848357e+00 3.267512364071168962e-01 -9.408804268386499192e-01 6.275717864666806589e-01 6.940611866537340635e-01
3.553881739451842936e-01 4.213181476672521741e-01 1.742524390774939258e+00 8.566731749617121361e-01 1.793398701762632053e+00
8.901849155918580836e-01 -6.163394802854860188e-01 2.170530755900698772e+00 1.880132474584410573e+00 1.331996568933525360e+00
2.557392838127647394e+00 1.315617015701634251e+00 4.484344123023190631e-01 9.611267589116709864e-01 2.067072273323898202e+00
1.370051932858593169e+00 8.610252989327878970e-01 5.902730571764238654e-01 8.895090626302241121e-01 9.568647146695178352e-01
1.247615468815625350e+00 1.681022586136059260e+00 -7.989749128719298987e-01 -2.056160676960028244e-01 3.181986618963275060e-01
8.171095229958512673e-01 1.906013040602431152e+00 1.543364071069658339e-01 -1.801309179769239321e-02 8.640287103408216263e-01
3.787374255735523221e+00 1.860841711945822707e+00 6.901312556772607465e-01 5.153843829277682254e-02 2.083856650876270589e+00
1.863476626691776161e+00 2.132574705286801375e+00 2.029819927851487016e+00 1.576195736065023167e+00 1.531578069217479410e+00
4.844589727557806480e-01 4.380151207997584617e-01 2.179265694211919069e+00 3.679311465996252473e+00 4.287122400347864737e-01
4.140688491804387361e-01 1.056848459925440631e+00 -3.535311537262257886e-01 1.421206890772095388e-01 1.130089455262521803e+00
1.018696404347759321e+00 -3.706911258419398614e-02 1.818782116734879661e+00 9.900475760980220752e-02 1.869068762764263258e+00
-4.222930691842510242e-01 -1.151598011139745026e-01 2.149980639756280176e+00 7.581374845409697416e-01 2.098117805853562778e+00
1.083591985565708571e+00 1.096757434527252828e+00 3.305927339983139035e-02 1.714343522788242646e+00 1.833357764573841475e+00
4.127456941971852089e-02 1.644468564593954962e+00 -6.976089182516354015e-02 -3.064143099648553026e-02 -6.778432268989227349e-01
1.716145780158746081e+00 9.662725914477612310e-01 5.959228116404540199e-01 6.175118838421123080e-01 1.893599769752849493e+00
7.984373428555899821e-01 -2.669508140808296570e-01 7.187323867708504954e-01 2.544946493562660894e-01 9.682636302418256014e-01
-4.936336944780572722e-03 2.082857299204724733e+00 7.234393454742495955e-01 1.908948064888815743e+00 7.893660980012034978e-01
2.469583368480995134e+00 1.687752387123506725e+00 4.133035877515134349e-02 1.593935290596639964e+00 -9.713929263829732541e-01
1.822360345804099335e+00 3.369787228189037309e-01 4.762670980042179592e-01 6.057442379992655779e-01 -1.205815112379954535e+00
2.244437258030000049e+00 2.185915629166333751e+00 2.211384696719053355e+00 1.244274895637862866e+00 2.093196433583151439e+00
1.477670936461964235e+00 1.725879482804318910e+00 6.838464838113009758e-01 1.575396676647591310e-01 1.048059592276334939e+00
3.591082858402153688e-01 1.113603347299991775e+00 1.830173818685715270e-01 -6.316562579518605336e-01 1.176703373613832815e+00
-1.670550301573099361e-01 3.788118331472318800e-01 -3.402591171099238476e-01 2.260931896939923469e+00 6.916398678807191835e-01
2.505980805330307870e-01 1.039509179097023006e+00 -4.174145752812881138e-01 1.268996126863302987e+00 8.329555140302563609e-01
3.186931996667496936e-01 1.280508008376115558e+00 1.713544846775797215e+00 8.991756308772667072e-01 8.911647274472443980e-01
1.621758431794260158e+00 1.594060186053637196e+00 -1.748132871202066063e-01 2.858769790051330695e+00 7.256809652398177324e-01
2.663151231668190455e+00 1.054869559313154737e+00 2.305921622245318936e+00 2.744258860823239665e+00 5.967691825974734687e-01
2.695204134777596128e+00 2.658399963063017069e+00 -3.767663987302423134e-01 4.818544512602603858e-01 6.538383312486043542e-01
1.397744841237810842e+00 -8.985199889690949071e-01 1.811613918162975789e+00 7.079175038109488671e-01 2.219257944656959580e+00
1.861010634977211531e-01 6.714818304989649267e-01 -8.251327679053410691e-02 7.322889415068407626e-01 1.053405482264066606e+00
1.575727466334629456e+00 1.766018479372197136e+00 1.349996477345789536e+00 8.213252296779809392e-01 1.944327166117193251e+00
9.793535139282304458e-01 3.443737155988811915e-01 2.068975550136442187e+00 1.283825071578843957e+00 -1.162599570036489283e+00
1.595669535669751449e-01 -3.325571930826136668e-01 5.378546452675289080e-01 1.470128964533524485e+00 2.169195894488066934e+00
4.949044951762020528e-01 1.865803327561986302e+00 1.055501033102650199e+00 1.185825020620458581e+00 -8.298961396424586745e-02
-1.234626115689177350e+00 5.584816090385267273e-01 -4.661618143576611306e-01 1.117913140339408251e+00 1.385645429467907253e+00
4.899274674840978783e-01 2.254297847035749980e-01 1.557051077720070564e+00 8.147309425650355319e-01 7.600011082727198275e-02
7.693991459843987357e-01 2.648864267159944497e+00 -1.852909313751731624e-01 1.072824130648598384e+00 5.688243140799498221e-01
2.895436762543834863e-02 2.844582483080090540e+00 -3.259603135329725010e-01 8.764386179379423103e-01 1.665482791236990057e+00
-1.222189272395761694e-01 9.275604506747978650e-01 3.392660945823710028e-01 9.501863010902692475e-01 2.154871780131354608e+00
1.822437569980924543e+00 1.216750444670395837e+00 2.904956480503778637e-01 3.564918487395972058e+00 1.978174368228962532e+00
2.535622041761712575e-01 2.457312842720575041e+00 6.203844209048650082e-01 1.862935644684368786e+00 1.392868942016878941e+00
2.510956495131097199e+00 4.250521840657740524e-01 6.671583544290635714e-01 2.111444999725204497e+00 1.414107436119116379e+00
-8.979778894771195397e-03 -1.639836661830864628e-01 1.432094684717420963e-01 -3.955306808805445495e-01 -6.358947911250762974e-01
8.313147573299835003e-01 -1.042384624016262862e+00 -1.894180095913597484e+00 3.050341409381756019e+00 6.727219744072656660e-01
1.269590872937994330e+00 1.215659931887008494e+00 -9.823763514968875121e-02 1.682667796445231012e+00 1.497621299310031961e+00
1.209189798811559413e+00 -1.209869376149075304e+00 -9.787684693626057530e-01 2.266069338584065562e+00 1.102581556577395983e+00
1.347707955351878262e+00 1.579766469571595389e+00 5.100910984989618369e-01 6.074132366081561596e-01 6.282770769655778853e-01
4.496466096842255400e-01 1.647547197598068003e+00 1.088421267229692013e+00 1.369504346867635558e+00 1.445092641163175262e+00
1.045260714684199899e+00 2.902324883967860814e+00 5.837688123377593463e-02 3.605037636013649349e-01 1.227943676898469727e-01
1.583070955987030182e+00 2.071006681840652064e+00 1.721136622604779731e-02 1.011720402141912389e-01 7.528543202698043668e-01
2.146415046657718095e-01 9.485259581495752990e-01 2.232060208534478285e+00 8.423387965720536830e-01 1.716287886049868927e+00
2.134433585769708319e+00 1.095464800652254933e-01 2.021013813408503168e+00 8.414218507537569725e-01 2.449822687702482682e+00
1.563719784636092403e+00 1.933967368375408391e+00 5.375287545540334833e-01 9.467833061003152473e-01 3.170207077146044439e-01
2.553050933278066204e+00 -2.571036525992524968e-01 1.147435681988991707e+00 2.066766009425116568e+00 7.196247099017600846e-01
1.730403857854675209e+00 6.018268808423060667e-01 1.524724278004519817e+00 7.411128728022647882e-01 3.982762526219543187e-01
4.423612341447284990e-01 6.147663696289051849e-01 9.314995428866424954e-01 3.314224408047876658e-01 1.614659735661794215e+00
2.750100354303464112e-02 1.363497622053603253e+00 1.644351413530246386e+00 5.461423301450254453e-01 1.782502428376827375e+00
1.481376509652274631e+00 8.594597726122278347e-01 5.126071387697562765e-01 1.855853176301430763e+00 4.211277180583469226e-01
1.150905650773558886e+00 9.163875322631725995e-01 1.715577658950241169e+00 3.049240805767524432e+00 6.783892177156778391e-01
4.801388134105445404e-01 1.797631573725386955e+00 3.849902889622756064e-01 -1.177943272897341576e-01 1.111281206426936174e+00
-1.230588187612730700e+00 1.982005519840735364e+00 4.390122722003521050e-01 1.005853452990366437e+00 8.190711213527981371e-01
-2.753950012847530271e-01 -7.181339460658997531e-02 1.259810971279205383e+00 -5.579140997482969766e-01 6.762733667006854965e-01
2.460239533663607148e+00 2.948177799025734735e+00 -3.193671671214384222e-01 -3.661113808169162986e-01 1.160763756095586352e+00
1.158593607858626751e+00 9.171476076151293677e-01 2.337151807879371823e+00 2.410286791435726217e-01 -6.210846684581705635e-01
1.005975458983478399e+00 1.865300018998561349e-01 2.011301915454469569e+00 8.359178706392424996e-01 6.573325570592702949e-01
1.971182015786586694e+00 2.196967999239385350e+00 7.181117291541250225e-03 2.337758764719406024e+00 3.767885252336830249e+00
6.985735482509720651e-01 -6.963431762982443818e-01 1.187773893929974234e+00 2.777031656602633181e-01 3.166538091810035205e+00
-1.339723714885662886e+00 1.770759168852648724e+00 1.415940158871632049e+00 8.070884449522180981e-01 1.566778283939102900e+00
3.448551770646931303e+00 1.553570588573191191e+00 -5.755071573000813956e-02 1.038296094884703979e+00 9.622498845621917374e-01
5.674303590097866667e-01 6.681091364729940807e-02 -1.418503863770597118e-01 -4.231131917340296145e-01 1.984908767565371379e+00
1.586037679185389404e+00 9.007383280531894298e-01 1.757842812213852079e+00 3.859095036296640302e-01 7.791232418025001438e-01
2.485485644064694410e-01 8.932780455333889646e-01 -1.548186089729381987e+00 2.014770250905606908e+00 2.633917109018357294e+00
6.782390287605212231e-01 1.463308764403468798e+00 4.874332289226617210e-01 2.331434941416938855e+00 1.121077059888545557e-01
1.585567991477061067e+00 2.158357778445143538e+00 -2.444470991063873999e-01 1.484890925020991403e+00 -2.930800452226556274e-02
4.187347069178055659e-01 1.254104115937293207e+00 1.283148509137095550e+00 2.131372336887313867e+00 6.826837732709465367e-01
1.809218387205345113e+00 1.794480361827560433e+00 1.886287019560147105e+00 2.359192030233295156e+00 9.932915259980809042e-01
-5.640709978414282233e-01 2.336478228906722077e-01 3.383301870062390471e+00 7.153604103878427045e-01 1.975857136259937974e+00
1.815623044060671987e+00 -3.584241132696082133e-01 8.578548299056603099e-01 1.421578052610704468e+00 1.394533757576435162e+00
9.140779343979411609e-01 1.949169129449882298e+00 -1.728639607566015979e-01 1.695518340017303949e+00 1.680161720482241883e+00
6.411409520024714537e-01 -5.292518520735645104e-01 3.920556676912845262e-01 2.706237952795937929e-01 -1.890623851231036934e-01
8.898142393606858214e-01 6.103772673198742948e-01 6.897022397584624542e-01 7.547056535767359131e-01 1.022732998060658094e+00
-8.497463288192919073e-02 1.599476790183955277e+00 2.566730634156286328e+00 2.502584602096086019e+00 6.116788738620955179e-01
1.207225544171097731e+00 -1.353624714798171702e-01 6.525531782461106989e-01 6.529185019798805500e-01 1.912970285401614845e+00
7.825410597285314962e-01 -5.511550628742594160e-01 8.224153660176718450e-01 6.577473653884993166e-01 8.592358065044095605e-01
1.034927976264067961e+00 1.389359152616701953e+00 1.079793792911344585e+00 3.036944543778319350e-01 1.643206036739110587e+00
1.214172036540092536e+00 1.501002924617880430e+00 2.119149800311254772e+00 5.784573028606290190e-01 1.890158437274197301e+00
1.582611312450582952e+00 1.441753866680634877e+00 -1.438108052291875438e+00 1.082605512094662048e+00 1.673253407692033123e+00
7.563873744264303367e-01 -3.706195002690408913e-01 2.114594335898973831e+00 -7.419607338270985952e-01 1.307567470984830171e+00
1.564186970621694872e+00 8.207358441003866911e-01 1.712842698531956698e+00 1.830243103524981763e+00 1.074101170063929578e+00
-5.886529078050741770e-01 -5.362109087747559677e-01 6.946145976136508526e-01 2.383529125584638919e+00 -8.751479748951129789e-01
9.723262137227536295e-01 1.034814981794678568e+00 5.251252320669991258e-01 3.416817895453950982e+00 1.625732628252092749e+00
2.732632980521693344e+00 1.128761062434328277e+00 1.251946959767195500e+00 1.708475232195425297e+00 -4.863122400052490857e-01
-7.937204058889157920e-01 2.803882626609527362e-01 2.326123148973156418e+00 -1.165729190992867981e+00 1.269953555666712752e+00
1.628742653152119857e+00 5.703945047942025059e-01 7.598291174076676757e-01 1.338547382209889669e+00 1.356223058672347159e+00
1.179523963245889817e+00 2.230759637892340663e+00 -7.967938494982007569e-02 8.063913827303248461e-01 3.861341080953385241e+00
1.593739341991076808e+00 5.567380490982634100e-01 9.442450324832744046e-01 1.744300821260977408e+00 1.635694906749951549e+00
-6.861862203522228754e-01 1.323311719508338813e-01 2.081463631474298914e+00 1.715198967739465896e+00 2.777265093470461466e+00
-5.468203492317640357e-01 1.065587832703725812e+00 2.406356145131394175e-02 1.118745276072565575e+00 1.930597457899143388e+00
1.107495297250888022e+00 1.440971638831632262e+00 1.369740834119479000e+00 7.237052414974816106e-01 2.436467307059536402e+00
6.754987885390351110e-02 -5.324463872297435785e-02 -6.521266181567966225e-01 1.727365533382899443e+00 1.299688183297974087e+00
6.805424792400229794e-01 2.043220364135104994e+00 2.969272503328892476e+00 6.956156472921445344e-01 7.822084397435032921e-01
2.896250031680505543e+00 3.283013505632333295e+00 -8.425004084020464301e-01 1.884406607187288252e+00 1.073909427777948400e+00
1.168904821514598513e+00 1.870059548566220586e+00 5.099167149418049050e-02 2.813213009939207199e-01 -1.649438431857885856e-01
1.926034728767015647e+00 3.887984587737238762e-01 1.723225918012972757e-01 5.937605507668812788e-01 1.261464748952978443e-02
1.413214352270619090e+00 2.339522343090009393e+00 8.007710137603407663e-02 1.046842368680549251e+00 1.494674340193546946e+00
5.174466323283495317e-01 -2.943101739226154923e-01 2.262503375494437918e+00 2.311225780236796368e+00 1.074266400785299336e+00
2.370281675435265800e+00 3.384678292862147053e+00 3.216776798812395199e-01 7.158653010067747013e-01 2.931237615434882926e-01
-8.424868925510562434e-01 3.539498971512583747e+00 2.305394935094118303e+00 9.735542795778134861e-01 1.455671917821787398e+00
1.691715292694905282e+00 1.823566641978681790e+00 9.659789706252539521e-01 9.354301729807444898e-01 2.108038880545524130e+00
8.560300456534086777e-01 2.933004101915216433e-01 1.775656410262469009e+00 1.441024451525393602e+00 9.782891767820075524e-01
1.576078228514049329e+00 3.382470055965260958e-01 1.927623195682411694e+00 -2.747166247513377346e-01 1.027673742273809143e+00
7.582049860335786651e-01 1.684887816648819925e+00 7.299059266246357147e-01 9.564529947629487605e-01 1.195305140624229656e+00
-1.573813948606899160e-01 -1.590036308824227529e-01 2.787048343719028765e+00 1.618600927317381810e-01 2.672147042172279274e-01
2.124451433054789229e-01 1.606608687420748582e-01 -4.347276980076713038e-01 1.139399553397162368e+00 -1.308679545135871702e+00
9.969143816149821369e-01 1.204953400682424292e+00 2.174458078803910510e+00 -6.234300719160246196e-02 1.089544430207098014e+00
1.831148221211323035e+00 7.368534900032800428e-01 7.303396232561554235e-02 9.851512571396257023e-01 1.498187281077106192e+00
-1.207996365751084156e+00 5.519348091860094563e-01 6.553042078679418569e-01 1.868353172425992081e+00 6.945958898744173382e-01
8.145703598483666763e-02 5.278162134867510069e-01 1.221204059145567289e+00 3.809843318859073014e-01 8.530160698409153808e-01
3.504033044219870607e+00 2.025901699050876026e+00 7.868127420092339008e-01 2.715928060472974970e+00 2.993615491974336296e-01
-6.878758782503848757e-01 1.251189726731396057e+00 7.852689626300523029e-01 8.168291166280451376e-01 4.763435951199483931e-01
2.691532719223133086e+00 1.185376499739991152e+00 1.295210701774466067e+00 8.347685741233960011e-01 1.378018512806727491e+00
1.328987117628243064e+00 6.552001141267194129e-02 2.787119750831762222e+00 5.716518564441317451e-01 1.219289289517564878e+00
1.680643699852823580e+00 5.608198469776412010e-01 2.405593617215029845e+00 2.265098564718687424e+00 1.089365822525892868e+00
-1.610406888828683769e+00 3.683138979010023295e-01 7.591517120667685692e-01 3.232712343675068212e+00 1.699661025612382304e+00
8.149699512950537850e-01 1.466991208811992520e+00 9.657136250971565250e-01 5.605739714097455195e-01 1.419277638997579416e+00
4.365093450481722925e-01 2.169217999689680987e+00 2.474149541484668369e+00 7.353588083958211286e-01 1.984100956853286579e+00
-3.014660683087988513e-01 -5.902901652223868645e-02 2.400312720373343200e+00 -9.495767834220973924e-01 2.680081177010234850e+00
1.256276143203527429e+00 2.609529426139535424e+00 9.570267825603510081e-01 2.409167609906708307e+00 1.800433339710624470e+00
2.115698941699408309e+00 2.722151881158232367e-01 2.327659083193029943e+00 -2.427487880704346512e-01 4.186035696179264409e-01
-7.309093904706354117e-01 1.114523747836104528e+00 1.214745417315755693e+00 5.128516023254170442e-02 -2.748191932434913554e-01
5.195067198187368618e-01 4.811262103954824232e-01 2.405714833383566731e+00 1.035314411926940847e+00 1.195289096945295171e+00
3.200493690880333197e+00 1.622233792753694726e+00 1.014934819107408570e+00 7.741850175267531720e-01 1.206296418857984332e+00
1.162392879940749690e+00 1.553845431458298343e+00 4.862140696982836241e-01 -1.969253128334653713e-01 1.132832283510317062e+00
4.871748096120088078e+00 3.934306240671325838e+00 6.460240195976384214e+00 5.429179062425077973e+00 6.908416046727663407e+00
7.176870702583169503e+00 6.222439880510544974e+00 3.245357779488416305e+00 4.724356954814683540e+00 4.792196391122494958e+00
5.116354239080330046e+00 4.532364464521440262e+00 3.903308329921200581e+00 5.369709630093014496e+00 5.142972986336848074e+00
5.858026981451776471e+00 6.351304314335862955e+00 5.598395098389282509e+00 4.384255986931273164e+00 4.888677091585869938e+00
3.451925809609089679e+00 5.040257284742428290e+00 4.641540272485941365e+00 4.522498112988711405e+00 3.668553633761258759e+00
4.486788748554904949e+00 7.893295054187298376e+00 4.948420544154784828e+00 5.690963270985894162e+00 4.889942454763228419e+00
6.238360538255352417e+00 5.673722644813184779e+00 5.508025532725564943e+00 5.859815867264309475e+00 5.704962588287405545e+00
4.053210382635328735e+00 4.958511004980871384e+00 3.021359053161394304e+00 4.359160354182199271e+00 5.615630412060046872e+00
5.891187801223010112e+00 7.150376676988352997e+00 4.286516442172740859e+00 3.991469973545266114e+00 5.786311647178725259e+00
6.273350271825520963e+00 4.253728825707876027e+00 5.674638729912877544e+00 3.829149341914800608e+00 4.762874745352237760e+00
