1.133852314935902106e+00 1.187378878436904373e-01 2.001166079450364954e-01 2.673198488448961463e+00
1.054700402672984483e+00 -7.015944704852243863e-01 2.896384452164593171e-01 -2.404779424923735309e-01
7.590313308719355279e-01 -9.264942363253154678e-01 2.009317928849011281e+00 3.749809595830078113e-02
1.161300294899131114e+00 1.191841732086679650e+00 -7.428605013483751129e-01 4.235688823600156638e-01
1.916771545021001888e+00 2.671863891030206162e+00 2.717194266534072256e+00 7.170958775354310255e-01
6.867449011294886052e-01 8.187782349862200437e-01 1.645083137348279489e+00 4.986786481360762080e-01
1.568730669818378276e+00 5.709738391645261535e-01 3.450142471099804098e-02 -2.467708348964350318e-01
6.186969158606760999e-01 1.059833323217440171e+00 1.271159330186494518e+00 -6.617753978665685821e-02
9.979472600827696827e-01 1.392272498718044149e+00 9.606079455691064473e-01 1.203489985242346405e+00
6.535705815207171199e-01 -3.429372949350195654e-02 2.073577333188251215e-01 5.898483797990144994e-01
2.578917444312576635e+00 2.124779059781635393e+00 1.651915377107535887e+00 3.292067755261978146e+00
6.266352221534186029e-01 2.265765070485241672e+00 2.194843032489116386e+00 7.764482077418857209e-01
7.798785314735666718e-01 1.001293828938332631e+00 3.026771223458532001e-01 1.107685652650385544e+00
8.628025230266892498e-01 1.388681698783460927e+00 1.074948695552830014e+00 5.800623932073438738e-01
1.979832396102312098e+00 -5.021910987919468994e-01 4.499839372767541201e-01 1.423079737668892397e+00
2.894380697980873052e+00 1.047781260703566142e+00 2.691444552654188804e+00 -1.644474645023545012e+00
1.370848577182277594e+00 1.519957944911522141e+00 1.275673758570496474e+00 8.441403350399773187e-01
4.882606675907988913e-01 -7.778149218900634043e-01 8.353101905096165236e-01 2.341516654907766171e+00
9.672271614100366177e-01 1.500130795227758718e+00 -5.212202652481545684e-01 2.158883954712197628e+00
3.407796340271064484e+00 -1.010686510188603116e-01 1.175615582793555047e+00 1.537585156153737032e+00
1.901073778118041790e+00 1.226368567218959704e+00 8.934213598999973804e-01 2.221441688531841763e+00
-1.271613121036652139e-02 5.701417812582294520e-01 1.437808094677151205e+00 -1.658243198920490435e+00
2.793399508513274121e+00 2.114517241341745457e+00 1.415935236350011506e+00 1.628374170118724207e+00
2.828801458056906526e+00 1.723020035340144140e+00 -9.732230201240699152e-02 6.318142640117807574e-01
1.122035283023427699e+00 7.378702285133393879e-01 9.597378237457535599e-01 6.833206075679179037e-01
1.484620659941024989e-01 1.243920785823941833e+00 1.963116549611122919e+00 3.032769055999555707e-01
4.662001957580810263e-01 -6.327383352360174129e-01 1.214475969559236201e+00 1.294055457062968539e+00
4.016125834495029023e-01 8.564682384913744340e-01 2.083327285260982098e+00 6.260967432263744303e-01
7.557036022609313619e-01 8.433988299016352830e-01 -5.704610089376682680e-02 1.805196225391725973e+00
1.334647070399937574e+00 3.419012548941231522e-01 1.115379015279387431e+00 1.803425625346797734e+00
1.734561862639956376e+00 1.158693368384753786e+00 -1.157759146343910750e-01 3.179318770335813671e+00
2.395258178892473166e-01 7.077995563387746714e-01 1.685395893318136107e+00 3.675320400112759289e-01
4.278082885455070095e-02 1.351148944776438210e+00 2.462390449810543558e+00 2.403328378093975815e+00
-4.337987975966588472e-01 1.630839608575141764e+00 1.316299840827303225e+00 1.757639463672882485e+00
1.637889455179669662e+00 1.504454546271318360e+00 1.896891025897511351e+00 -4.996424981816447453e-01
2.404995939291597606e-01 6.039963282676821255e-01 9.263702369723126884e-01 4.257728507031915965e-01
1.289489119885690815e+00 2.232582461123804762e+00 -1.349992097800774005e-01 3.139060224873180260e-01
9.314482929787967214e-01 1.058400248770873686e+00 1.672976873662726849e+00 1.226242618035127352e+00
3.245901872483113682e+00 -1.946786912798139646e-01 1.050024557946640513e+00 6.906137538700618528e-03
1.435916957956168361e+00 -3.375500934874098302e-01 1.586187182412603480e+00 1.648889958209518447e+00
-2.568828763421326933e-01 -4.024180908766528120e-02 1.313520741123169744e+00 2.527775785868097813e+00
1.184352460620465841e+00 8.871272795562357150e-02 -3.502996436752860987e-01 1.201338901928634462e+00
-1.529777497310025325e+00 8.093310148080601341e-02 5.559211052584156487e-01 4.518465400342818183e-01
1.356633197148718661e+00 1.262487135288968387e+00 9.386475297026105613e-01 -7.175338146052971933e-01
3.791687282073618048e-01 1.758613209229116237e+00 2.728107162119060014e+00 2.043014863994487840e-01
1.088190091620497624e+00 9.570830105183998349e-01 7.695742731652243096e-01 2.337195715249419159e+00
-2.342343892640397218e-01 9.200885772942594132e-01 4.054654930224330656e-01 1.949648675812894583e+00
6.276294593761153617e-01 2.821008153609019242e+00 -6.326241074238279083e-01 -6.951323250732488468e-02
-4.507971612183481191e-02 2.068423665817870294e+00 -5.224778888869294757e-01 1.781347240772187535e-01
1.970431397172155430e+00 4.107533724228284999e-01 2.038640456493533648e+00 7.585052893219776937e-01
1.567699328404417169e+00 1.335160672091926459e+00 1.388504124011635144e+00 1.051759167833254960e-02
3.390740703657808552e-01 9.245416495838754134e-02 1.987912972168176973e+00 -4.083354322983716589e-01
2.525569189446112972e+00 1.383038698564940550e+00 1.751410622286367236e+00 3.269770776061486917e-01
3.429454234080191455e-01 2.573351633289009843e+00 1.046682886500432064e+00 -4.292732624078556825e-01
1.101011180703227010e+00 1.184956074733872544e+00 5.617012007237400795e-01 4.680554204951054009e-01
2.583369263670013183e+00 5.743667547037281107e-01 3.794140851949908910e+00 1.285226098463925437e+00
1.909506692215920953e-01 -1.510731575292187934e-01 8.800977093591679790e-01 1.760274617346893056e+00
3.013337817386585460e-01 8.185314150442546399e-02 1.177056986609549494e+00 3.248992031897550703e-01
1.173794998645415699e+00 1.849593693825048124e+00 -6.390230336704114666e-01 -1.372090414266665892e+00
9.009461542391021815e-01 2.060554389752068616e+00 4.252123202813229419e-01 2.214503878087472621e-01
2.435010244364985699e+00 5.665732980348130443e-01 3.568843535017679258e+00 3.618228443754947676e+00
1.580524477748550094e+00 1.385330882916625761e+00 1.534134934082714841e+00 -8.711890206597288078e-01
4.478536408421347481e-01 2.030434887736192628e+00 3.021342826670211146e+00 1.623600547430121832e+00
5.210089098436578858e-01 1.293224693488076449e+00 7.912743722507132871e-01 9.946515076782059817e-01
9.444130292724537412e-01 1.378998672218345822e+00 1.048620238397342863e+00 3.944900684486787323e-01
-1.300006359424015212e-01 -1.307866285120902194e-01 6.041921169447930229e-01 -8.532485771148277109e-01
-8.354111673763582324e-01 1.277948011695242858e+00 3.684319301237857225e-01 -2.218241837824368456e-01
1.292019649162376993e+00 1.615283606251056492e+00 1.051612650490711731e+00 1.425351555337204479e+00
-7.361980277181179311e-02 2.284764465298509073e+00 1.522815905375249690e+00 -3.624831315347101235e-01
2.286099262720428626e+00 1.444974583773668719e+00 -4.921133606386949300e-01 1.070822082840599432e+00
7.006925874495679718e-01 6.709334093748374750e-01 8.336176286380516665e-01 1.593524728643790578e+00
1.624930165972497065e+00 1.938692532322133122e+00 1.315752534694053510e+00 5.326654213146981842e-01
-1.000505629685498388e+00 1.073418934109588996e-01 1.348868359787145144e+00 2.729232157439468676e+00
-3.362498127629132139e-01 -6.862705050284094721e-01 -1.652270155123977347e+00 -4.326553919047939623e-01
2.346212915407174249e-01 5.530523485143206130e-01 1.453799245086969449e+00 2.102166123538868892e+00
2.396316548299213700e+00 8.146238565182588598e-01 1.413000772909765779e+00 1.095350487511713711e+00
2.271144656928577810e+00 7.136489300737034469e-01 7.382455281891746601e-01 1.669381488956705795e+00
1.056513048421932277e+00 -2.287026315536659915e-01 1.146877964940106409e+00 4.212980690720260490e-01
-7.027818612583542901e-01 7.535146195907731492e-01 1.704169132666761399e+00 -4.883767741238709270e-02
-6.671235750144242083e-01 8.571756969917195823e-01 1.261564473779152706e+00 7.597598343309599489e-01
2.471694219777431645e-01 3.336320660611490130e+00 1.291652554560600130e+00 2.295184794034783593e+00
2.736863188533496416e+00 -3.124476098343689223e-01 1.520907998561916941e+00 -6.820721779382989958e-01
7.866752266064702681e-02 -5.917289912050023304e-01 7.765104835507633529e-01 1.097309611272395902e+00
1.609977397868530336e+00 1.945498279417671394e+00 2.089944883624733407e+00 2.582018014025543984e+00
1.293467785868398057e+00 4.749075861750984284e-01 1.618334805575531998e+00 1.965566165547484978e+00
2.100135770708892125e+00 -8.373367555786481731e-02 1.235011098001492780e+00 1.686953287242461741e+00
8.466448543599098819e-01 1.239518780184400981e-01 2.318286425667909878e+00 2.875752251749201349e+00
1.184752066176212981e+00 -1.967462361476572941e-01 2.039951528995667118e+00 1.600922698512753817e+00
7.368104226611730256e-01 1.437670168487082512e+00 -2.369838986877870202e-01 -7.949500363441392992e-01
1.696505551037474469e+00 7.891618222543921313e-01 1.450634319469966016e+00 2.391709625648694271e+00
1.092726548733231384e+00 9.817262225562318756e-01 2.836794282873255080e-01 1.592387272078306104e+00
-2.404735561075965755e-02 2.489137209459874267e+00 -7.140998440916483947e-01 2.286423633226560614e+00
1.735582093647888069e+00 4.117696011262146349e-01 1.973447146819817588e+00 7.274256523936580843e-01
8.816609808710345053e-01 3.665078301938844429e-01 7.583657031465564913e-01 2.312988164938566626e+00
-4.917917308483883421e-01 7.810933379271826071e-01 1.636145794302125145e+00 -1.798432918503827249e-01
1.492481098404650375e+00 -4.845333270146665594e-01 -2.576048975879285940e-02 2.219255208346853969e+00
1.424698209655939074e+00 6.942051432044311632e-01 2.317997140207457285e+00 1.086131641559731298e+00
-1.083300422625828041e-01 2.021378459383344151e+00 1.197934567835204911e+00 2.887195054528057803e+00
9.402866286372557614e-02 1.841202242360291397e+00 7.290968405993247803e-01 4.942691085372721282e-01
1.184442868085595846e+00 1.220452044657401647e+00 1.962708853003791276e+00 9.277818099881121050e-01
4.743789926169497129e-01 1.360034424651359153e+00 -6.298927191768903810e-01 9.459427468513520454e-01
1.889492990800788474e+00 4.259042797508409972e-01 -9.143214641992081226e-01 2.896086496870206695e+00
5.453368568896388435e-01 8.854023245635823658e-01 1.070214593920501223e+00 1.093115075773305023e+00
1.736529248638591039e+00 1.546185543263218776e-01 1.193752719721303368e+00 2.353364648150479965e-01
-4.953068004779450639e-01 1.593012099169864859e+00 2.326721470117128376e+00 1.229859651279449739e+00
1.156040670317661778e-01 1.380498071710829944e+00 3.052828052314674689e+00 -1.435440251832533765e-01
4.801693553278060245e-01 4.727231565656201395e-01 1.148115723830562374e+00 2.200247829070372418e+00
5.228639589914230168e-02 1.737767813439280884e+00 -1.331549116496710816e-01 2.665982523134504234e+00
3.907439466518254356e+00 7.499304094706009671e-01 2.150155171664817733e+00 -1.831756648860445313e-01
7.574676471944220557e-01 1.675153580401100406e+00 1.795347737918275843e-01 1.733559279591498914e+00
-5.549721524618531632e-01 1.160584817727321472e+00 -5.195718379330178660e-01 8.243345357102120907e-01
5.439269971065314735e-01 5.007794862607877207e-01 3.035668377483305980e-01 1.072548905418799770e+00
1.116384647304716538e+00 2.266073062448133335e+00 6.915769724182065925e-01 1.185243905295677358e+00
1.929467937009192724e+00 9.862573637561817819e-01 1.103477261805527743e+00 1.832259597630680581e+00
2.721359852617196706e-01 -5.726556700542406730e-02 -2.222813262097580456e-01 1.281164172047112082e+00
-5.435241311578180579e-01 5.723619381837239395e-01 1.232985017176601028e+00 2.817936740255206907e+00
1.892268233554322165e+00 9.118960457555882471e-01 1.110056420011548806e+00 -1.478189743137825030e+00
1.715706250799568622e+00 1.608995828873188039e+00 8.760929183784040841e-01 2.245393565953047066e+00
1.372786540375985354e+00 7.454147935902912803e-01 1.087765273027628599e+00 5.855496994263165167e-01
-2.013245094964247528e+00 -8.926516252855032363e-01 1.108724238609062107e+00 4.462922299668435899e-01
9.352317982495753634e-01 -1.191703461417681353e-02 1.780342429742015176e+00 4.658406558347627513e-01
1.706808008560956491e+00 1.106249945496915688e+00 3.116066438418001905e+00 1.594134010501127019e+00
9.051915847603515530e-01 9.214046137946526605e-01 3.273171329746914493e-01 1.161567470524411894e+00
2.073382922195894373e+00 -2.019370869808012614e-02 1.322083699299823056e+00 2.000483934996600155e+00
4.236629736863879447e-01 1.648332510520472916e+00 -2.309876938186179895e+00 5.934472717711569700e-02
1.268124180849764748e+00 2.796511810121572461e-01 -8.809341736854010563e-01 1.207741323341804174e+00
1.406409021354913857e+00 6.776730155003038991e-01 9.303513364787057149e-01 4.314400604146598761e-01
8.466825860842938090e-01 1.046394906039083139e+00 1.094325958340867100e+00 9.287967185586731844e-02
3.178149947412081122e+00 2.258025854315504510e+00 -1.161666343358389586e-01 1.740656661836360364e+00
1.764206832985938611e+00 1.239570627243421708e+00 9.206890330076443751e-01 -4.824079852540235080e-01
1.018898398574011432e+00 2.196354950342310985e+00 2.002249857694806678e+00 1.433613267411242731e+00
1.042023908767883755e+00 1.971219996867475510e+00 6.707851688644164145e-01 3.705577519301673783e-01
1.449039563336187442e-01 7.999858507362238580e-01 1.311050202733566650e+00 9.239643374156673028e-01
3.167444945670471190e-01 5.354470437807645755e-02 2.111959594701296794e+00 2.052444487881309731e-01
6.935892898611081270e-01 -4.960503724716200935e-01 4.851433507068887430e-01 -9.881595576858783758e-01
8.464394453038779353e-01 1.821825351543512550e+00 4.665519120048773338e-01 1.542259677919768368e+00
1.859637272659899310e+00 1.118135552314961867e+00 -2.910785838890970201e-01 3.433092664338287747e+00
2.349947406418786411e+00 1.083920910592157227e+00 1.184014048088430249e+00 -1.591896272326358552e-01
1.064344736650943313e+00 1.328969837795894060e+00 5.739468076261794449e-01 1.861443599219333667e+00
2.040810983436870174e+00 7.817083323840523512e-01 1.143813899321263650e+00 1.434365777527325525e-01
1.351962084258480523e+00 9.232981178610136785e-01 5.296593608932846919e-01 9.291160277191811145e-01
1.165646375498300857e+00 -2.542705464710459662e-01 -9.933669015776112055e-01 2.841014338608731649e-01
-1.145663300725701994e+00 1.667129549030183178e+00 1.399363372370881375e+00 2.016912065437873380e+00
1.977377706705514715e+00 2.509492694511569200e-01 -5.612356038051791174e-01 1.204815786304607395e+00
1.574728127923876064e+00 2.265677549649265821e+00 1.930294607955473918e-02 3.370162075790564815e-01
-3.447246872731755118e-01 1.421112570911025053e+00 5.941174928010889422e-01 1.022571402647092897e+00
1.667158268085052519e+00 2.044510719285681510e+00 1.053226807106555807e+00 1.563738823667719879e+00
1.753238378200858483e+00 2.715030529730745101e+00 1.285403064730531675e+00 1.237796172089885793e+00
1.928803446172940195e+00 9.052340153633431363e-02 2.015036484908416803e+00 1.805229947317887662e+00
7.826305616604608550e-01 1.081486421570411416e+00 -5.319310430040229409e-01 1.892223317939654370e+00
2.462823502457984759e-01 -2.516363680540274483e-01 -8.221229895162487367e-01 9.537770993866417912e-01
2.948252336510215343e+00 1.664909833123304761e+00 1.556127287976902585e+00 1.279220910345053808e+00
8.228610341624178481e-01 4.419775610295868518e-01 2.717657127410427087e+00 5.904736715006120296e-01
-2.239347576867793954e-01 2.902495526677859594e-01 2.474194222641994401e+00 -4.397576170272012863e-01
1.508493761869722505e+00 2.321652949005041044e+00 -4.544515840017666619e-01 7.090427389915181511e-01
2.291055530591303846e+00 2.658917693696790652e-01 1.336444623920824082e+00 8.735140672536414463e-01
-1.858299139773849085e-01 1.231231290232644771e+00 -9.846154591206295326e-01 8.070387988577865102e-02
3.200400883306321331e-01 -7.146052422851201236e-01 1.077270097260212056e+00 8.495480481248229854e-01
1.570221019175123356e+00 3.152085333738203765e-01 -3.405139867763389283e-01 5.628788381620088987e-01
6.925645995174606329e-01 -3.396605334337099436e-01 7.163358598381208697e-01 1.731079193830592722e+00
2.623528732135461894e+00 9.529802872097677957e-01 1.182076935608207702e+00 3.401281441922988646e-01
4.335940844872994138e-01 1.316227251862276848e+00 -4.451687176999197249e-01 6.867839065550358502e-01
1.799090658329985715e+00 1.090917181965511018e+00 9.448109426946096345e-01 3.208877755458855452e-01
1.647362721059202340e-01 2.451203894433096053e+00 1.332649076684810918e+00 3.123200352037139860e-01
1.787524093333891617e+00 7.359461141495502456e-01 1.266032595398285165e+00 3.338356813902213727e+00
1.216715386305720514e+00 1.957552518511752826e+00 1.896697522626309862e+00 3.208799990455811768e-01
9.740523696178626789e-01 6.794784756426583971e-01 8.109938064751179843e-01 1.348757819667543156e+00
6.492598280838079994e-01 1.358975594700801093e+00 1.007041548515302809e+00 2.814020095951490497e+00
1.170537632825476848e+00 5.567094078382350819e-02 -5.298400856711560358e-02 1.248751380822386681e+00
-4.027604444725778610e-01 5.113709811582132225e-01 1.950036710255624417e+00 1.993390404440671837e+00
3.549903845677300218e-01 1.472860502446546871e+00 1.191721494183636265e+00 1.349622530697511591e+00
1.806396478730188271e+00 3.265107247651698241e+00 9.862250619203262181e-01 1.389915655203656231e+00
1.655779749189634664e+00 1.768096631554917586e+00 -2.048647985090092938e-01 1.450255862875746260e+00
1.925389026591491248e+00 1.425378433822827695e+00 2.591024930759556089e+00 2.682059508791711622e+00
-1.035214985648097663e+00 -3.941556900466394175e-01 1.296700095553394050e+00 6.233282047803040404e-01
1.817283429555787366e+00 2.175704919330216036e+00 -4.576352250316606529e-01 1.662592463151849165e+00
8.317453278705606579e-01 1.498289866128995396e+00 2.101073387918385826e+00 9.854082723254240506e-01
1.481530999022404593e+00 -8.691988297431318955e-02 -2.852111261383063479e-01 1.594201903269752307e+00
1.662839932217772265e+00 8.566310142847337605e-01 5.101391758037363555e-01 1.352054922521255254e-01
6.804660240342581545e-01 8.798283425765002219e-01 1.723460943309773619e+00 1.080106830517913785e+00
2.511152004452690711e+00 2.048028458229008031e+00 7.207072970892789421e-01 3.209003019689320002e+00
2.242138383740525764e+00 1.319307014113567877e+00 4.863596416153412871e-01 -6.944278829384240570e-01
1.837087587522792997e+00 2.495374232060056929e-01 2.811520365663833232e-01 1.882189058919011559e-01
1.108095123522968573e+00 6.698252337171648474e-01 8.124258836631734759e-01 2.814103458181914652e-01
-5.153609087094384034e-01 1.752413813300268242e+00 1.423605343754029917e+00 4.793669981585542139e-01
7.165495433371243950e-01 -4.548455407618050561e-01 1.165369620018714691e+00 4.848738594367922872e+00
1.554916537222721384e+00 3.049687499784335953e-01 1.800243894689780522e+00 7.067051712115040019e-01
3.732906254207962737e-01 -7.710439762029155375e-01 1.222829675236641656e+00 2.055632259537089279e+00
9.686035979901600479e-01 2.520615576878196817e-01 2.753234816000550422e-01 1.475295754801649650e+00
2.234113325860954902e+00 1.431083372671740905e+00 -1.389732363533893622e+00 4.245514667124257180e-01
2.058272752446053389e+01 2.093839357897279996e+01 1.952704416746474436e+01 1.976505720558674284e+01
2.058491345318011412e+01 1.849243045496400129e+01 2.057872645220842145e+01 2.110322989262947502e+01
1.961571131123932688e+01 2.097583616181704613e+01 2.089603339814379979e+01 1.946729285930168984e+01
1.964534640274257171e+01 2.066337868845513270e+01 1.980880906567612598e+01 1.910299468519902177e+01
2.104382856677386116e+01 2.001738477983738207e+01 1.895607678040515864e+01 1.841087290933437970e+01
1.900301463527358337e+01 1.911378181402547938e+01 2.071318398211639789e+01 2.054098964185602227e+01
2.033101104333334064e+01 1.899225755571306351e+01 2.157167570719325056e+01 2.240874098307592988e+01
1.884911009364480705e+01 1.911316319738185499e+01 1.947215619852084956e+01 1.873288136489265909e+01
1.885887980582294432e+01 1.776100799651711171e+01 2.092271253857151336e+01 1.833320597471595192e+01
2.058616350119221394e+01 2.020866460447088286e+01 1.931657408127265541e+01 1.982140488756376939e+01
