-1.157695290582319014e-01 -2.844610199804384898e-01 1.345143327863160376e+00 6.428379899687381993e-01
-4.254250057349469039e-01 3.580235285238071441e+00 1.164296013195410096e+00 2.804347465122624117e-01
-1.232906378125166125e+00 1.455810006068376961e+00 7.388685584888587954e-02 3.006458658126714312e+00
1.103013066446150381e+00 1.157574310996172251e+00 3.329152304139905372e+00 6.798946764498545736e-01
2.781013833945559455e+00 -1.157669153605727086e+00 -1.012071785061384954e+00 8.861832489748098229e-01
-5.777059553561016969e-01 2.591031153916700802e-02 9.910074862597575418e-01 1.988900189117946304e+00
1.660555409468660315e+00 -4.865506688716909611e-01 1.028129010179699154e+00 1.275535082211664006e-01
-1.036297369891830744e+00 7.030020518466675306e-01 3.448782902658648064e-01 -1.808033294451578676e-01
1.152910853891288001e-01 2.092478806745330822e+00 -5.413224298245267185e-02 2.247617959513635633e+00
9.651898776277145764e-03 -2.826725445140694237e-01 -9.017225552050247561e-01 2.264046830689018464e+00
7.628390666309092794e-01 -2.217729208816627828e-01 6.564284453238038441e-01 1.218767501845128276e+00
2.413566298733801574e+00 2.109396986318088807e+00 -5.439767491387907938e-01 2.156092452903727086e+00
2.514635718200286529e+00 -1.440335982022109551e-01 1.256168990168056165e+00 -3.771306459592846938e-01
1.542660905907086821e+00 1.186211139142839599e+00 1.168775405610774643e+00 1.519120567203028349e+00
1.231079089085884259e+00 1.317450575367047794e+00 -1.742155933790121569e-01 1.499019202666797446e+00
1.041476828392329690e+00 8.819272894483047853e-01 1.682186502908663783e+00 9.130990957095175276e-02
4.363278316617614783e-01 -2.062623775048066932e-01 -3.613652907892515032e-01 2.395275796758134845e+00
1.752083062912581646e+00 5.978408912471775416e-01 5.306644483194330464e-01 2.707460031607595852e+00
-1.147641592716193149e-01 3.617427860254358585e-01 -6.734264414268373855e-01 8.361059293469502718e-01
-4.002588650266805104e-01 -1.007981773639701206e-01 2.467907085550458124e-01 1.729107653809268008e+00
1.776717073259000967e+00 1.658670207146351938e+00 1.195090444033987787e+00 1.659703086106210979e+00
2.947021371275186929e+00 7.554533763777537825e-01 1.962442669169576437e+00 1.662351433240473852e+00
1.105812609584908790e+00 2.649524765901173140e+00 3.874819826763019615e-01 3.027466725584440077e-01
1.222972004884017139e+00 1.889839330994899314e+00 1.606229115273866137e+00 1.124308147546623449e+00
1.180427287273891901e-01 2.112715295663676329e+00 1.102695310570365184e+00 -2.256716032127157323e-01
6.458415954452176866e-01 1.018388558863176918e+00 7.821028663042965956e-01 1.715271090063246628e+00
1.446980897138158140e+00 2.209026554424680100e+00 1.902752886024113632e+00 1.929229995232660144e+00
8.795068569256194735e-01 -2.026752456710730232e+00 5.282587962374504231e-01 -5.487772434271120936e-01
4.990733442052108781e-01 3.347975624061605870e+00 2.169283145469205198e+00 1.337309633129029285e+00
5.878479031089516305e-01 9.904685822877381529e-01 2.219897287505731232e+00 2.279865463449800345e+00
7.252660809439305245e-01 1.031897089487266994e+00 5.922044758155542432e-01 1.052071507996392929e+00
1.378472039446881237e+00 5.965344779801559083e-01 1.119245148153928948e-01 2.050561580342356471e+00
6.061707629240766781e-01 1.818909347555080380e+00 1.526790885766674322e+00 1.146138432833046616e+00
2.043357350391894478e+00 8.424396843922639100e-01 -1.659251337748763877e-01 1.517996343865077868e+00
1.490978775971360193e+00 7.398707217644718837e-01 -3.574090041921627048e-01 1.099454680671329010e+00
-9.381076772772156680e-02 1.606306142666946268e+00 1.493092271347650879e+00 9.156211459029142130e-01
1.077648381462612992e+00 2.348073925365375736e+00 1.119767218009643628e+00 -3.995504237337506037e-01
2.102522768300192801e+00 2.152851643146665772e+00 2.512675257835065956e+00 1.165535419608954903e+00
1.788035356197699821e+00 1.542419329340700251e+00 2.530434201570357367e+00 2.441939203030617289e+00
1.744002190745669978e+00 1.143693122203198520e+00 -1.547351445198119624e-01 1.047461956156058305e+00
1.209534335613617895e+00 4.600383856024997664e-01 -5.628218095373764829e-01 1.635965606385386462e+00
1.273091957752146453e+00 1.085255692150012052e+00 4.480840958653267148e-01 5.074816009297746788e-01
4.089871312885909882e-01 3.039458065663298125e+00 9.195988500990792680e-03 1.470873214618346747e-01
1.944317834122357480e+00 2.743965251630640090e+00 1.163103245172557143e+00 2.685223325220819746e+00
1.517051545766274767e+00 7.017837120496528414e-02 2.651498470311058897e-01 8.836808936390867508e-01
5.892766524402839323e-01 7.277386741084073130e-01 1.852362086120163287e+00 4.378724657858719116e-01
1.983524656720064172e+00 4.383232741986154979e-01 1.994134654464368772e+00 1.622377046908656029e+00
1.708736231187258703e+00 -1.239432275688558960e-01 1.148695859145505871e+00 -1.432965272883781616e-01
1.938478798381474633e+00 2.470752210929265225e+00 1.841718841283448427e-01 9.848787104869030085e-01
2.052513201793111364e+00 6.388938184416721455e-01 1.893287364937373596e+00 6.455740733942859633e-01
1.397113609085745445e+00 2.669647922304317245e+00 1.238218786914461855e+00 1.358947341482450000e+00
2.600165675770361062e+00 2.624009617818245488e+00 -1.662453404379213850e+00 1.132886184684230413e+00
9.060248622778548366e-01 1.230760091522231425e+00 8.505669413528671452e-01 1.940691705421003554e+00
1.725588731866905423e+00 1.301388282657870210e+00 1.047490913932322742e+00 1.461889959610190859e-01
1.840239446584705174e+00 1.580757814577061549e+00 2.895459851450637778e+00 2.712125974455167121e+00
1.004795470917214439e+00 -9.637489395411895643e-01 1.019661153853129720e+00 -3.833910467264358690e-01
5.077327660929742414e-02 2.976289272818063436e-01 4.981551563725908904e-01 4.062613243628961923e-01
1.356996693862019265e+00 -9.769411626913138136e-03 7.369692621506561681e-01 1.877370159809972794e+00
-2.106994017385714901e-01 7.403300535532159055e-01 -4.747165099006676048e-01 -1.217612302229559962e+00
6.951668504172712204e-01 -2.788780136551953781e-01 1.338980900760087467e+00 6.074871446204543890e-01
2.049958833588593876e+00 -4.116379292895806508e-01 2.482961257110678943e+00 2.150272214160407813e+00
2.769572391488767771e+00 9.860305727759693939e-01 9.887609150093203958e-01 1.803124484529299298e+00
1.466723067997055541e-01 2.104579402688319334e+00 8.280002933127634801e-01 1.189387623573461283e+00
8.295888058065530313e-01 1.971215969231428833e+00 6.471466304333721720e-01 2.340162955768068542e+00
1.835399981789762824e+00 1.599720733567153719e-01 1.201999015948121974e+00 4.054449451130033744e+00
6.942616153116701883e-01 -1.752219209050311921e-01 1.131489564641669388e+00 -7.059055451431883732e-01
1.909757599674410500e+00 1.241343546608807857e+00 1.645658158392235837e+00 3.638555016949779564e+00
1.149671522943300106e+00 2.239311272071256020e-01 1.188050900270457122e+00 3.741693888959430891e-01
2.433705483912713241e+00 1.543772352552431837e+00 6.596895764019401476e-01 1.429616869490133446e+00
-2.602895134367630980e-01 1.872216423745723057e+00 1.794662634957429503e+00 1.345375485430243323e+00
9.009983697772260269e-01 1.279475393275901540e+00 2.158979505099030582e+00 2.495740243066244091e+00
-2.629098951998771749e-01 1.299807115977541283e+00 2.311738719863524416e+00 2.047218159907395751e+00
7.036358021535300544e-01 5.998840963136279347e-01 1.034734468431036447e+00 2.078136947021518743e+00
2.167899477527222452e+00 9.358220869613481652e-01 1.302740257094361365e+00 2.099389267712294505e+00
1.598021946285439476e-01 -4.796231170114850784e-02 -5.959490959868949389e-01 3.969709869961839388e-01
4.358361268145034551e-01 1.924734686002588235e+00 1.167049971309275902e+00 9.844263886017360354e-01
1.458820715361868636e+00 1.473443979774388346e+00 5.010429937042463200e-01 1.083641511865905516e+00
2.161677232659966919e+00 -1.254740687445087932e+00 2.428594287948378394e+00 1.473708543204759414e+00
3.824267330214331517e-01 2.387991071638182028e+00 7.700182772267268883e-01 -9.241310235079029933e-01
3.882547110180640804e-01 8.895626759832417907e-01 2.305267500902996147e+00 1.848374660736451514e+00
-4.386728455932593640e-01 1.219932836846296942e+00 2.047955750857040957e+00 8.601116032437576830e-01
1.880324357970355909e+00 2.252754003877723399e+00 1.349818579740644786e-01 2.192124972257206705e-01
1.858251951972686555e+00 1.515752221384896847e+00 3.977277488781874037e-01 2.758301129827663178e+00
6.144396880701417096e-01 -2.000983950364356723e-01 1.879337103961379984e+00 1.023891105790128764e+00
3.406153015358125646e+00 9.441163183239870138e-01 -7.193749646094851347e-01 1.585971423837815530e+00
1.250149072399307171e+00 1.191421380231925564e+00 1.425097381558209975e+00 2.152862007061926874e+00
1.002759110299944245e+00 1.439626325598415191e+00 2.541875000655088979e+00 2.171704322792824104e+00
8.148329544648613698e-01 -2.009314791694543079e-01 1.061333635784750706e+00 1.669996790721008040e+00
-1.498280517803456391e-01 2.588801103112954305e+00 1.361577999621358392e+00 1.994037846091588850e+00
4.325421226198127300e-01 -7.584378489938359280e-02 2.106305056181430047e+00 8.017593930871984576e-01
3.241152304060058942e+00 1.439691190301612966e+00 1.266352516445984566e+00 2.127274654834138801e+00
2.121401876329255920e+00 5.593056963185919495e-01 1.828128994482102421e+00 1.184452881185623863e+00
1.066816024650909744e+00 5.999104556018368672e-01 1.598031466862781746e+00 1.937888393080007710e+00
8.239202285543661963e-01 3.266606886246081753e-01 1.965880577003636942e+00 -4.912206201604636391e-01
4.763319633376714712e-01 1.326397888118553192e+00 1.286216410401390009e+00 1.533641503514906468e-01
8.523534710881716103e-01 2.122059379888924902e+00 -9.866775501405209425e-01 6.808017736052069946e-01
7.412399965571548899e-01 1.341769134867072832e+00 3.579613545728760116e+00 1.710682348104397565e-02
1.246925406053360774e+00 8.864104759178548232e-01 1.091477167907249246e+00 1.825337738350378380e+00
7.348677489469469526e-01 1.167968714369762129e+00 1.021681797343668707e-01 6.780609107230626265e-01
9.465744060332957899e-01 1.344934515279126774e+00 1.095748605688479982e+00 2.171007633545921856e+00
1.564829217876906098e+00 6.889377714098423588e-01 1.238022259642554079e+00 1.786286772108660159e+00
1.826132525430546494e+00 1.853689665638136752e+00 9.291622230971023910e-01 -1.887893438558647663e-01
2.607484806872614413e+00 7.092830856139052953e-01 6.312781169041556950e-01 1.831340130204430761e-01
1.066708723404991677e+00 2.356999559715696524e+00 1.110290886503459973e+00 1.646535051712400000e+00
1.530114014925272992e+00 1.574795083595060818e+00 5.290639448095997288e-01 -3.759278486770734062e-02
1.346858365619242770e+00 5.590784944638284015e-01 -7.527128386602717214e-01 2.542016079102752402e-01
5.941133251735892795e-01 -2.783904728700192788e-01 2.804106311532144513e+00 1.854026398846183588e-01
2.337612853282465819e-01 -6.368351594711281205e-01 6.623582467908739613e-02 2.044250590721155447e+00
4.881040484191911943e-03 2.162906169566841008e+00 1.616595495589964404e+00 3.205780049219262295e-01
8.270336864472188632e-01 9.216682956611194077e-01 1.908748332861977648e+00 1.643610659857283052e-01
-1.392790105885846508e+00 3.229762958087199820e+00 -1.832886459862772544e-01 2.126921750326830285e+00
2.131082804777993722e+00 7.905222761815791088e-01 1.547712389412989609e+00 1.094713945610081840e+00
1.330239178794191846e+00 1.161502654773343801e+00 1.756216719875787868e+00 5.673522179740650984e-01
1.930513558631862692e+00 2.005242880235956537e+00 1.702970367918127392e+00 6.831985568875258430e-01
2.195097226994041417e+00 1.329715963156514302e+00 -1.327671959349384867e+00 2.842535367524265943e-01
-7.936511238604759821e-01 8.556865544270289003e-01 1.050413681098915086e+00 2.930446387775526018e-01
-8.518211767945471635e-02 1.692450995876900066e+00 1.118642840012159523e+00 3.955188262402983268e-01
1.231294178809148043e+00 2.083263599286943712e+00 2.100842484552347678e+00 1.219924665195230462e+00
1.157991735324211735e+00 2.087925105033043849e+00 2.500211498646289776e-01 1.489547051581055825e+00
1.122245387871334099e+00 1.782495850140056071e+00 1.937475110985710458e+00 1.559979723411352159e+00
2.451303608823695024e-01 9.109165202107206705e-01 1.905208607420683098e+00 5.539748779793418620e-01
2.196473703471935046e+00 1.739357905500676926e+00 -6.088176475279816202e-03 1.903600076342764735e+00
1.272805057201285450e+00 -1.237194943954798010e-01 1.202211703183912572e+00 5.647309523829988631e-01
2.715142276227508589e+00 4.753942598502600703e-01 2.475423007349542459e+00 1.237995853275068558e+00
1.594181894395974020e-01 2.096799486173451577e+00 3.590083237664582150e+00 1.593840424908881115e-01
1.329536850511126467e+00 1.878819963655383729e+00 1.314218530142601704e+00 2.383043709912310959e+00
-5.452499816423035384e-01 1.792554554591285099e+00 5.480286241476393094e-01 2.974021008804125010e+00
2.107500402923034866e+00 2.082930761313539492e+00 1.027476902812794801e+00 2.229588887958671606e+00
1.940540576585864763e+00 1.793201359502583303e+00 1.657861483076444209e+00 1.727221841043900863e+00
2.224552396709920998e+00 3.170385895443589064e+00 -6.912359953025151160e-01 1.548971380327766045e+00
1.249999330936037545e+00 1.828301563214927539e+00 -3.714160158202139961e-02 -4.870337538349864825e-01
6.463475452663028920e-01 -5.815726524377289319e-01 1.898629369903184205e+00 1.664196264120444191e+00
-7.734789323875768119e-01 -1.204836460920192920e+00 1.450075703591813259e+00 2.427466320291687962e-01
9.050260941953420790e-01 -4.790846007111349003e-02 2.610813196068351161e-01 4.202899847474573791e-01
8.999688111148690384e-01 1.552315660073319226e+00 1.736614816290914298e+00 -4.150920668739142005e-01
-6.179925691026308954e-01 1.416319203844195629e+00 1.902458698895619582e+00 -1.912343909183741975e+00
-2.190704662880642584e-01 1.720693203457932530e+00 -6.937358383453613442e-01 1.240950734611469430e+00
2.339262259839415048e+00 8.588498265076767169e-01 1.907708650338243661e+00 6.531193302495648112e-01
1.385486048535541803e+00 -1.100837058271479929e-01 2.963468684403410602e+00 9.741837338529034662e-01
3.355759416497178904e+00 1.995546219418126821e+00 1.022983987336675948e+00 -1.205664922403149042e-01
-5.206431830837912056e-01 2.337434875230925968e-01 1.960513987093409849e+00 1.316900602819094379e+00
1.474806629065257280e+00 4.108378076171445015e-01 1.824928789330239720e+00 2.309459883496306709e+00
2.341162013979556811e+00 -9.005761114601298356e-01 9.790914688943026523e-01 -6.162708966677814537e-01
1.102616007844013923e+00 -2.339401509370755416e-01 -3.935807595638467493e-01 7.144257774244380244e-01
5.643879388265340413e-01 1.414111810290837212e+00 2.393907885735943708e+00 1.268764454411507092e+00
1.183617203632621129e+00 1.978304101319647845e-01 9.837769964252424115e-01 2.903282133667504095e-01
-8.485916740037140471e-01 3.371397033669806031e+00 1.524868909636412528e+00 3.281855847058123832e-02
4.160667374721117584e-01 1.215217705476874688e+00 1.221349923627611078e+00 2.209860810982551715e+00
-2.381053898253746581e-01 1.600822029894447107e+00 -6.155887532777510884e-01 2.733095738657378426e+00
-7.797996766405892455e-01 1.122101412501015361e+00 4.733781190429662278e-01 -1.531980474148904037e-01
1.537032175151230584e+00 4.612953528795231684e-01 5.660662339224276085e-02 1.073718406535040470e+00
9.262089603744553257e-01 4.284269211250564258e-01 1.128154043848251131e+00 7.430625867594267131e-01
2.693139673675339907e+00 1.558897274029034774e+00 1.207926145879117730e+00 4.411295575185950613e-01
-5.016628091790105159e-01 -1.009511272041126340e+00 6.861238134710061498e-01 -2.853193298006684309e-02
2.375619109819915753e+00 6.353274325719450166e-01 7.805289231775747183e-01 2.190703058906949829e-01
-5.031322759156464652e-01 4.297636090412845888e+00 8.477430261303429138e-01 2.360489255515048956e+00
2.735573343425532489e+00 6.031904698842621704e-01 1.769337724749587615e+00 -9.068796771479556984e-01
1.547666489507220966e+00 1.702876756042003503e+00 1.153811290888271834e+00 -9.487372116953165513e-01
2.818861684658100497e-01 5.344314900454285588e-01 1.468406795424642475e+00 1.626869597180476079e+00
1.501015242565374219e+00 1.800842466587297963e+00 1.122862097589418351e+00 1.205692403810923796e+00
-5.065144522600717458e-02 -4.979586040253187740e-01 9.170047264265372977e-01 2.512454338449174429e+00
2.670791727037269414e+00 3.710710107140668956e-02 1.083363938585627295e+00 1.560725434529973255e+00
1.185838344472328165e+00 1.625484904634851180e+00 7.215016591049414618e-01 6.505110829042966003e-01
1.212447702381542758e+00 1.788801623547029651e+00 1.222864347284338571e+00 -1.642891457579473968e-01
2.918962820742247999e+00 1.071607967633773750e+00 9.247170806330083925e-01 1.048791370852790283e+00
-2.970182783323889186e-01 -2.075550193638246999e-01 -4.649790926764827415e-01 -6.605980259033348290e-01
1.099733525957276248e+00 -4.017594185388428940e-02 6.538633877757649149e-01 -2.254812690423770860e-01
1.123859561684805719e+00 2.075710700549771026e+00 -1.883805454074893859e-02 8.687260110630257159e-03
7.567779727548797908e-01 1.396294333659084064e+00 1.048406870291639148e+00 2.067106038041134353e-01
7.648074340164053853e-01 -1.503810160934636375e+00 2.909518818009027008e+00 -5.000250551632046125e-02
2.339013513811870837e+00 -2.259947919555889140e-01 6.113521559173821229e-01 -8.713858465578083745e-02
4.025252258872169531e-01 2.031399743823483206e+00 1.870792633502312174e+00 1.194697127758091559e+00
-2.830223535543430202e-01 -2.382553372240423517e-01 2.547647197665209085e+00 1.726852636803387853e+00
-5.768729448822673689e-01 7.724013243452902966e-01 9.765727488572544246e-01 3.031051100687562450e+00
7.387229803991650634e-01 2.842495139099972867e+00 5.810035349327358212e-02 -4.670986932952336801e-01
1.645331733345717362e+00 1.299319994819004398e+00 -9.663399439996682716e-01 1.976738953374275187e+00
2.003057282634926883e-01 2.738093357904710423e+00 1.984277594315384974e+00 2.437847182757696629e+00
8.654648323501998863e-01 -1.448079352282765075e-01 1.370802827410581237e+00 1.847488188885076266e+00
1.491762430355039193e+00 7.567716671184143706e-02 1.136432953523226486e-01 -8.330045428392391926e-01
8.396479575965019038e-01 1.436798983394170559e+00 3.681242867157764387e+00 2.185026664153668641e+00
7.087451180654567029e-01 4.894774323529941240e-01 1.882965762501196405e+00 3.737372366288825853e-01
2.833241920384053092e-01 -4.984590686819008187e-01 1.160641195077476873e+00 9.522532000466528146e-01
1.370675814225219558e-01 9.549272267631823130e-01 7.872511111428981412e-01 -1.333463140338321473e+00
2.707301334605597187e+00 2.310558719946365080e+00 4.538332969168868969e-01 1.870339523852996511e+00
-2.124065870923117494e-01 2.252156538026398591e-01 2.142926230708542823e-01 1.691201592046384761e+00
1.390385739782705077e+00 2.198045512078179442e+00 1.244655317070525680e+00 -7.665111502974812918e-01
1.643558149533001611e+00 1.641580782794618720e+00 1.863046495872659136e+00 2.451722737401343721e+00
1.816970894323033603e+00 6.126778691973280289e-01 5.968720374939433526e-01 3.934597921061896653e+00
2.018634192025788865e-01 -5.695015149167126367e-02 1.156631683175456171e+00 1.889375069592927892e-01
3.894305470106510514e-01 2.829903652423956917e+00 7.005148063843427142e-01 2.415857705199830896e+00
3.921314868590971559e-01 2.689431258264458613e+00 1.835246087670799220e+00 2.651526115407679463e+00
-2.220326018228060416e-01 1.274140948588516231e+00 -4.272657063016396251e-01 3.280713434172760623e-01
1.796392513009262837e+00 5.198052428692646609e-01 -3.639981018660523038e-01 -4.730772472817368346e-02
2.918244514088333741e+00 -1.849227875499282803e+00 1.143903614057124818e+00 4.868163519534067785e-01
7.958629437610661439e-01 -7.465393385289766925e-01 5.567917884675632756e-01 3.996084586596099220e-01
1.667187511480449968e+00 9.549748650775675696e-01 1.712540365278378163e+00 1.196286976482774378e+00
1.334452643088663848e+00 1.899379579713046606e+00 4.874338782908019807e-01 -7.055336016662900889e-01
1.837807369919606693e+00 8.384028026456893379e-01 1.268897020218195948e+00 1.433157103627511919e+00
5.480297313884345822e-01 1.391704453898092941e+00 1.124949969175715880e+00 2.751703793795738484e+00
2.512505402394926257e+00 2.572811970380703084e+00 1.115402765346805269e+00 2.780879296369379583e-01
