2.250699518981288172e+00 4.653420015207822003e-01 -1.612331165829855806e+00 -4.231060643644646291e-04
7.678371913349673061e-01 3.313782077463396369e-01 7.539247460658411448e-01 2.459449521379742931e-01
2.013090254621075381e+00 1.573073974986509693e+00 1.290431512910443779e+00 2.442394787880102669e+00
4.972285576752312197e-01 7.988007399390073537e-01 1.641721698328894696e+00 2.193044990273104400e+00
1.517467434727609588e+00 9.969035807324536647e-01 2.658715171945932987e+00 3.938634601105476252e-01
4.055543502929669364e-01 -1.109432541948363049e-01 1.607299600438490739e+00 1.016066117087319975e+00
-3.012820753211522540e-01 1.099890902160993722e+00 9.803129533110126470e-01 2.351605527500966630e+00
9.303841150462562881e-01 1.522278758704584511e+00 1.110952368602025286e+00 4.807650618809699017e-01
1.714883769483680265e+00 1.345485921326490697e+00 1.205652812848632793e+00 1.266880438751502247e+00
1.688449030104927306e+00 4.130684088356295636e-02 2.574032228413619450e+00 -3.280679871981986295e-01
1.986380759319980704e+00 2.453293669065169436e+00 1.407514964953860082e+00 2.493143545632432456e+00
2.614282206723487878e+00 2.109928129760883397e+00 2.565267238076661460e+00 9.004047045213958711e-03
3.822053905782996086e-01 8.562065938007505927e-01 -1.129315000115866052e+00 6.624059264120853996e-01
1.984552329492753397e+00 1.072100288385499756e+00 6.556311023905267987e-01 -6.443005290182042266e-01
1.064996921895174697e+00 1.016742795720596337e+00 1.409898151251337550e+00 2.713763559195254693e-01
1.290188700619816720e+00 2.112590999420331350e+00 1.300441525159852674e+00 1.216510243125720869e+00
1.071202453664817922e+00 1.051295640111236995e+00 2.248908820212017545e+00 -1.227102613410604448e-01
6.974740571799888933e-01 -3.132728588160771377e-01 9.773826229272624122e-01 1.226604289001351100e+00
6.494124972042447652e-01 2.828311228193570726e-01 -6.454056113440498343e-01 -8.181338114573666331e-01
-1.834722307217940163e+00 2.545492000742804350e+00 6.384658475211109074e-01 2.003749187505091456e+00
-2.230912162755260830e-02 1.780682163457383727e+00 2.862860803643721752e+00 1.120692396419200598e+00
-1.493417410894920305e+00 1.766018864601894833e+00 2.622079511964906295e+00 1.538080857843946880e+00
1.430890254517310112e+00 1.885166580704786377e+00 3.591513963345231986e-01 1.034792407453710483e+00
1.718000480807067021e+00 1.268973171341805095e+00 2.392902408223505972e+00 6.961609951794190954e-01
2.889180630916241110e+00 -4.375049743950889525e-01 4.927314738087746893e-01 3.914637031538916734e-01
1.281288862235494763e+00 -3.544938686812810769e-01 1.087270276928254953e+00 1.151713681360515107e+00
4.913999045388786069e-01 -3.453813032332420097e-01 1.676408804124930318e+00 1.194611800811890889e+00
6.192016709776924088e-01 1.770893611833426640e+00 6.745207213553205960e-01 2.106452036727752386e+00
9.303288374261359239e-01 1.074444726480853873e+00 3.228400272168223673e-01 2.016960041303323958e+00
1.123348370351330505e+00 3.379749745954253592e-01 1.558422277297360603e+00 2.159289378862729869e+00
1.177675926955084718e+00 3.684340851243057546e-01 2.042686961060323547e+00 3.078001042814653143e-01
-3.314204737220107777e-01 1.724689891410826181e+00 2.626105487254978499e+00 -2.170762117930722379e-01
2.055863975516939668e+00 2.074695581261030597e+00 1.340689511439859372e+00 8.825899485055032079e-01
2.006935010732488145e+00 9.646818498093681082e-01 1.420186403903186845e+00 -5.608610995739506944e-01
-8.273067024547633430e-01 2.250546882940748894e+00 3.516139381348888371e-01 3.997899828208884010e-01
2.045628008348897797e+00 8.209535025849253875e-01 2.066450133491679608e+00 1.005954406422678860e-01
-5.452460490074932942e-01 1.426476110691854426e+00 1.836506536237080711e+00 2.820885526091346573e+00
1.123814489947197126e+00 6.246669244553888500e-01 1.855888169362630791e+00 -1.179641310130790544e+00
1.138345671456892472e+00 9.251642865473640454e-01 -6.032472606308378893e-01 2.092641519930513727e+00
2.296408994509409940e+00 -5.897810091466917370e-01 8.281251697467788553e-01 1.671543873034886385e+00
1.387245409693314224e+00 1.665701332309186267e+00 6.649623735753390497e-01 1.665949493489324418e+00
2.311097415099756969e+00 -1.096373450449121378e+00 3.445091259661742233e-01 1.740987511494194173e+00
-1.041997121961716122e+00 1.777494354647134234e+00 2.114318531695416503e+00 8.020616811507902399e-01
1.726291033945937414e+00 1.569881618805934576e+00 2.327777279085190276e+00 2.976868637786522775e+00
1.862609014081682446e+00 2.380876625826366499e+00 1.872946017051176693e+00 1.646826138204370960e+00
1.514425104066093875e-01 6.419864143201350348e-01 1.289459480330006347e-01 6.434430838226969929e-01
1.384123346259414244e+00 3.338664197213334628e-01 5.648028650505747539e-01 1.113980311810730983e+00
-4.179122253394289555e-01 -5.286888913600624740e-01 1.843940156226616445e+00 1.165746987019812941e+00
2.155312401615442575e+00 1.356823250526245861e+00 -1.100103947668707782e+00 -2.167866938711976665e+00
1.289159309173727230e+00 1.954183139933752811e+00 7.998756806950757525e-02 2.646439492277095074e+00
2.337042266490982456e+00 -1.164231978797158451e+00 -3.975983166642014233e-01 1.435114157253554623e+00
9.913382519784694757e-01 5.808465965760827299e-01 1.126190854924940865e+00 1.279661089456831879e+00
2.321354052000194734e+00 3.222777403417043551e+00 1.085935193955684275e+00 -5.782272704034538968e-01
-3.291746521102068002e-01 1.135704004214051821e+00 1.059669347639888848e+00 1.429844988060730016e+00
1.129301012747405908e+00 2.990418457856361734e+00 6.368230329213947494e-01 1.373862163242577594e+00
1.961958096466884793e+00 2.538526638741988695e+00 1.901251768259728525e+00 2.665183608120625713e+00
2.276538873643415561e-01 4.294331063011138649e-01 5.091468490080195419e-01 1.644696947608557114e+00
1.357666005586406488e+00 2.940552432491610801e+00 2.113903816929393553e+00 1.151965223893222312e+00
1.500773860514688973e+00 7.934318856335342840e-02 1.024599762666037250e+00 1.126683075782750176e+00
1.220675255953392879e-01 9.862678810874073720e-01 -2.390441951745980731e-03 -4.981170538542447623e-01
-4.654833595486240760e-01 1.921187683919571398e+00 3.153047287361969708e-01 -9.647926331377212339e-01
1.514287444010716577e+00 1.291080396415297260e-01 -4.878685041051085136e-01 1.533858487646593272e-01
-3.777150019127251124e-01 4.371708281325193957e-01 2.113538055877389743e-01 2.251899382444751296e+00
7.960837506803312147e-01 -7.034360729915534183e-01 9.799981426304849030e-01 9.490697768258754552e-01
1.656612632532144858e+00 -6.221502863447410103e-01 1.686068434037097497e+00 1.863291602706788730e+00
4.905168688917760367e-02 -1.768367806897105154e+00 3.137547242656852919e+00 4.993670553697878711e-01
2.158274381745999726e+00 1.467508365156906081e+00 1.415244423165441301e+00 9.046256395025890074e-01
1.171685052250838410e+00 2.720466387863337498e+00 -6.690000699184832644e-01 3.914812363474484691e-02
7.306701237100929891e-01 1.742217219303949793e+00 1.015400919544635627e+00 -6.367503804823382296e-02
5.585441854662848149e-01 1.027672839798028814e+00 4.058183416685795519e-01 1.452726242359658304e+00
8.628732463119702656e-01 2.651193892167471589e+00 1.346803452457593142e+00 4.288607855512170941e-01
-1.084793108423243613e+00 6.290013898694191141e-02 8.250661044247290521e-01 2.680925343618226986e+00
7.208749365075819426e-01 9.710770279363497570e-01 1.962988290512690526e-01 1.340414748148859303e-01
1.716923740430175815e+00 1.846228264476888370e+00 4.231101917169306503e-01 1.101792771181887787e+00
2.828867530158377441e+00 2.295042755380706456e+00 -1.398997836930200300e-01 1.693368474620726705e+00
1.544887092808266971e+00 1.554706850158456000e-01 1.971276094607524509e+00 1.453176194927450648e+00
3.248528467227401739e-01 2.548169908204323875e+00 8.818414488795514039e-01 1.632881351481645371e+00
-1.154765582231138676e-01 1.011109669633461605e+00 7.939320506209843753e-01 9.059395600813194838e-01
1.365746290642871896e+00 -1.766195435039958905e-01 2.316394319242415012e+00 2.017983518681383259e+00
6.222951153226575771e-01 1.117518147417708940e+00 3.025985489029860087e+00 2.766930833952278235e+00
3.648979078880937310e-01 3.440056658414241131e-01 -2.885289927219381045e-01 1.807804908674379707e-01
-8.462478673899667125e-01 6.234696165205309004e-01 6.238171940464243281e-02 2.061226739284509613e+00
8.731031016162338343e-02 -1.631509419410397399e-01 1.510705215386361155e+00 1.044260620115829763e+00
-3.563082945430424697e-01 1.310675312056048814e-01 -7.612263404960017965e-02 1.611032501807312389e-01
2.496682368705421595e+00 1.092733649698381937e-01 1.705710218599087336e+00 7.192325042547988989e-01
1.318187829046793436e+00 1.511490023063866150e+00 1.291810185277898926e+00 6.163617863790806783e-01
3.516293823810247021e-01 1.155558813216396752e+00 7.786790464918723620e-01 2.101548707731281773e+00
2.267045883074817691e+00 3.782360730557249529e+00 -6.406441566784051300e-01 9.774067348329606997e-02
-7.994757158370033867e-01 1.580351289802312209e+00 1.598198456153995473e+00 3.236146795755633576e+00
2.678441308065987458e-01 1.180816211611374511e+00 2.488429564590109999e-01 1.269607752029520586e+00
6.488066321764316413e-01 1.633489908791582845e+00 -1.382268216689588325e-01 1.036323349865374333e+00
6.474639499803158671e-02 2.247352375080071241e+00 -4.099300917875119410e-01 1.881303707967841854e-01
2.344006865689578056e+00 7.223561436406145120e-01 1.177015120442952867e+00 1.672714324321795232e+00
2.704504891679344603e+00 7.851552844728455494e-01 -3.717112382552409944e-01 1.680179993455931386e-01
1.743413424355646946e+00 1.430825087306343946e+00 1.120723315869792014e+00 1.884094354072779698e+00
1.605225007838858131e+00 8.760904328393148699e-01 2.557291355668190658e+00 5.880844859221530108e-01
1.433172528159180725e+00 8.619095334787912899e-01 1.213789737853449902e+00 7.471769603357514278e-02
2.147384181390464164e+00 8.619811033884535734e-01 -3.641065314984470724e-01 2.198928769971914221e+00
-1.760051145875678458e-01 -1.457457588665364678e+00 1.687870590149188832e+00 -7.040020081862110590e-01
1.811558053107835908e+00 1.610304287826207270e+00 -5.307835901083668428e-01 2.119565726452159016e+00
9.703268525298076597e-01 1.911087596226377361e+00 -2.786170801429115329e-01 1.698348475689326564e+00
2.788398059383829786e-01 1.163871963092538930e+00 9.961351754029705852e-01 -5.178504142386288756e-01
1.234804358879547204e+00 2.276489321267896049e+00 1.217447942586629805e+00 -2.646775918798718319e-01
1.133399061045053946e-01 -1.653060849750149774e-01 8.661736865267775087e-01 1.432158454678572390e+00
1.739623864399102438e-01 2.684316326603997549e+00 1.961992118113186079e-01 3.855874280001401200e-01
2.425261130766398487e+00 9.362672034271111166e-01 -3.222984681385385741e-01 1.193172957156706460e+00
1.160970580997706891e+00 5.525428853713769684e-01 2.186880505573443045e-01 1.917409620318381469e+00
1.808082076080098632e-01 9.990855329515256900e-01 1.421258333100210880e+00 1.004294160932048818e+00
-1.135971826767600223e+00 2.430672334926800460e+00 5.626674607812474083e-01 1.628473809397608107e+00
3.480620140350284553e-01 1.119368293949900117e+00 2.652027196464158187e+00 6.450629601917452494e-01
3.063570111045897715e+00 5.289273057918260079e-01 -3.775459882247484966e-01 1.869587890430131516e+00
1.438322975509130019e+00 2.012977158581451764e+00 1.190375568999327394e+00 1.346583359935815682e+00
1.067281998569123980e+00 1.534072162081792090e+00 2.876215244287502415e+00 1.480238869390402501e+00
1.739214705558919771e+00 1.014292618536249302e+00 1.843719152607227185e-01 1.093052876513765037e+00
2.416043551550349111e+00 -1.995369078734137158e-01 1.746219951446553509e+00 6.724482101893985986e-01
9.054257372640517332e-01 -8.223566390239802626e-01 -4.613576313879477198e-01 5.723945364778226796e-02
1.838200428382102292e+00 7.078820634850480076e-01 1.380095734380738293e+00 1.326953049380537708e+00
2.215072563581564680e+00 -4.530992171157754989e-02 6.379920338288085357e-01 2.683674288501121996e+00
1.506309810898992740e+00 5.314689066690692076e-01 7.034191941702139239e-02 1.234488497050190370e+00
5.088969893898356300e-01 -1.007828730045405852e-01 1.201516749594241595e+00 5.768215930621386489e-01
-4.356176105276381438e-01 1.098909938093283190e+00 2.725318340346138957e-02 9.204414607834902062e-01
2.426899650841146450e+00 1.360179012890862182e+00 6.096652840078014002e-01 2.921439521460594158e+00
1.443289994086742967e+00 2.061793134617725176e+00 1.234554825679921253e+00 7.138662865344103103e-02
8.958147087999770442e-01 3.020166524652252438e+00 4.632256117484020441e-01 9.167606242942760719e-01
9.295906027782219194e-02 2.285550223151977534e+00 1.878389637894730235e+00 1.281882604517138313e+00
8.353357861606115486e-01 1.866263918634363694e+00 2.830336411406932928e+00 5.875433077687904904e-01
1.488504771277935124e+00 1.359618182697633459e+00 1.598621383644795557e+00 7.416687789809529585e-01
-1.921591892378744504e-01 5.487437825100525135e-01 7.906730982727562251e-01 1.859634820797462451e+00
3.655820897245374290e-01 9.873699687243494560e-01 2.153466874071534587e+00 4.987360967382832300e-01
1.945555773419083145e-01 1.518028035730805581e+00 2.191463546830629827e+00 -3.887354956088229230e-02
1.029324490681613025e+00 2.920821466940773270e+00 2.439849001425123731e+00 2.777886166389361033e+00
-3.055194122206141838e-01 1.097024184115685141e+00 1.146839371409502206e+00 1.498139197368360653e+00
7.086299199606943544e-01 -4.588136853434598983e-02 -9.419169268147700169e-01 1.253564649768882600e+00
6.178572836545276337e-01 1.874976786374303650e+00 2.346131693171070509e+00 1.461279805555636635e+00
-4.569822040211837244e-01 1.032937838051992241e+00 4.314160672963888166e-01 -3.632357855569865457e-01
-1.360447326100565402e+00 5.135761534494485137e-01 1.489107399453425407e-01 5.223854308120259304e-01
-4.558349269028314499e-01 1.411968540887823531e-01 -1.313579438856353754e-01 -9.522255835976789484e-02
2.461247661630973305e+00 1.576002417101602493e+00 5.843803472333479743e-01 2.140519678808789905e+00
1.751603902060266726e+00 1.466709495955749398e+00 1.060912619771535947e+00 1.360975611393833162e-01
1.731592322522207184e+00 2.119156153805768827e+00 1.461204660013011747e+00 1.549218437649670488e+00
1.105153870084263135e+00 5.404830095321939698e-01 7.391848971960317538e-01 1.720427119404741800e+00
1.978490794020280052e+00 1.540993087901780800e+00 2.165633015609476075e+00 -2.265504852991766516e-01
1.516341576855355644e+00 6.795303793704979833e-01 1.297995514673599526e+00 3.644139567317519202e-01
2.637463553939713101e+00 2.040217290831820574e+00 -9.612052466076275170e-01 9.375521893043827770e-01
1.353423465701231176e-02 6.934358689882789140e-01 5.689440327025534483e-01 -2.161662966020239107e-01
8.369278375066300235e-01 9.172629486517570596e-01 1.891831366669029180e+00 4.729222028042532333e-01
4.900287954314367367e-01 1.842581054317774525e+00 -2.367038984148139846e-02 2.105067945910318983e+00
1.537419087901079617e-01 2.374429860131539449e+00 5.462592451627601431e-01 1.755779141092673745e-01
2.201438449998205371e+00 -3.890622923394491117e-01 1.484300356169984125e+00 3.419082719769990231e-01
2.390612260234900255e+00 3.838538380024875130e-01 1.650778740967083325e+00 9.215277091900052620e-01
8.388781338545026056e-02 1.312882512535719304e+00 -1.091324124916168703e+00 2.188441047664231309e+00
9.325089562244887054e-01 1.442705572948574488e+00 1.132247230240349234e+00 1.571457079906802612e+00
1.936809755461066818e+00 3.168323774005924243e+00 1.731515924214343638e+00 9.236112405027766536e-01
1.652864861087524062e+00 3.103239884659180214e-01 2.023747416114791697e-01 7.287786901749722102e-01
1.870660280696732514e+00 1.092836001959655912e+00 2.684147371094516288e+00 1.209834227686813923e+00
-1.222744159479065562e+00 1.851125911873070518e-01 5.546198641187076728e-01 -2.265241133779594129e-01
9.544280198288936923e-01 3.127316463614355779e-01 1.721952069734398627e+00 1.299563536985638201e+00
5.267571741895196169e-01 1.122168883223791935e+00 4.465894015666861394e-01 -7.048785912541744025e-02
2.084950741932403151e-01 4.837649667269167120e-01 1.215742196195670921e+00 2.183047139999111153e+00
4.214168358792170777e-01 1.664015126185521165e+00 1.322922995391221157e+00 1.157839724868730880e+00
-6.518918966356386235e-01 2.522861645596161217e+00 1.644407834935269985e+00 -2.198937596669809924e-01
9.192021123399259919e-01 4.235806667806225612e-01 5.686400444989665459e-01 7.518595401019262381e-01
-4.080941516852543138e-02 -9.371506790270613951e-01 8.826223181018481023e-01 -8.034986805551369571e-02
1.804088440706353769e+00 1.248131067443157161e+00 1.229692573321945259e+00 2.930538204757985987e+00
1.778749437569947522e-01 -1.879854714791994841e+00 2.123609606278865414e+00 4.034850460304792996e-01
5.554773551038175716e-01 1.810656798124647526e+00 9.916979147108627712e-01 -9.798009603869517470e-02
-1.617184063415782802e+00 -6.658699221402137880e-01 1.557341332492168329e+00 2.751028203076592016e-01
4.063155719552610234e-01 3.257997626868436303e-01 1.808627890936143734e+00 4.042915384884810948e-01
8.159341128483044159e-01 1.588924067158276499e+00 -9.591808798458933971e-01 -2.481015169299305434e-02
-9.347842318024308650e-01 4.152901156963991758e-01 3.615690770984009150e-01 1.268113534853846147e+00
5.447713515295147246e-01 1.744979428846622937e+00 1.084752892438924032e+00 -4.727099299431647417e-02
1.048541857853603432e+00 4.888880116548373067e-01 1.399888179889574813e+00 1.474233131862833668e+00
1.293768208394965757e+00 2.623114793672773892e-01 1.221647599691010555e+00 2.164944908622716824e+00
1.469387613408768667e+00 -5.243407726737410179e-01 -1.401507032884583559e-01 3.959051882670646449e+00
1.461179104395019301e+00 1.526268187993659708e+00 9.095925484977506192e-01 2.059809611954673159e+00
1.211848905438983603e+00 9.034872220178558067e-02 3.310148278675006939e-02 2.706592575756015862e+00
7.295558590353609096e-01 8.022620807855557201e-01 1.762046258022187395e-02 2.030589694754138641e+00
5.423114201641630050e-01 -2.336049435397224983e-03 8.874891974371889036e-01 1.844396713523058784e+00
-1.428541372698409084e+00 1.656954342352415566e+00 1.515898503148329635e-01 -2.198156143696656795e-01
2.713397790122717534e+00 5.522305415540220697e-01 1.447770956808939413e+00 2.807029311066598698e+00
1.999162484392217110e+01 1.865944498529690776e+01 1.987047715177209994e+01 2.097532118079174168e+01
1.888973748532963626e+01 1.927961223738485685e+01 2.135655944722637400e+01 1.771616314907273093e+01
2.034701745505277870e+01 2.019448425176206996e+01 2.062400229319712608e+01 1.749648338071905229e+01
1.938446308941107787e+01 1.990817210607199073e+01 1.712089292192617407e+01 2.040146962536956465e+01
1.832623895705891570e+01 2.098900860281036529e+01 1.945575516675822669e+01 1.952707196813305757e+01
2.175625840707222736e+01 2.174249682452276744e+01 2.022529969659915139e+01 2.151927486675596413e+01
1.977546568160071061e+01 1.849370148848381490e+01 1.935089033907503264e+01 2.008425659203196645e+01
1.821896320797943503e+01 2.073941561480805973e+01 2.121152957426810559e+01 1.931934962992942673e+01
1.954928751614308524e+01 2.174895178126940820e+01 2.074679449730368219e+01 2.072731438529976700e+01
2.009865015472792038e+01 1.928359737256907636e+01 2.096683080235490237e+01 1.984377838609678335e+01
1.982769381086303895e+01 1.868274588358374544e+01 1.961196919828885399e+01 1.969860684091736758e+01
1.930292819395423720e+01 2.060835186131116714e+01 1.914252306799772896e+01 2.112639630825627535e+01
2.069323855023087688e+01 2.204090778124233552e+01 1.851957625155421994e+01 1.902687436552902156e+01
2.140467892878481138e+01 1.810370208574196482e+01 1.985764524483975180e+01 2.058908775310316841e+01
2.079453714980863666e+01 1.872911014785061923e+01 2.057462272029883010e+01 2.036888990600922256e+01
2.017997625733110212e+01 2.132126452718763687e+01 2.059318632918161995e+01 1.905031922138196876e+01
1.982428880786466863e+01 1.994826914123531481e+01 2.055074182045574815e+01 1.902572302488406564e+01
2.125729694024509442e+01 2.119119106390500207e+01 1.938720626649869416e+01 1.863490093479952137e+01
1.987409907383268859e+01 2.011789740747440547e+01 2.013859692146598945e+01 1.879495687918965174e+01
1.918325230936128989e+01 2.048699764392273437e+01 1.995549280725176544e+01 2.030661345434750231e+01
