2.252202178438913016e+00 -3.046588250703601286e-01 1.954098565011376021e+00 -3.878377354694004797e-01
1.440366602360313220e+00 9.823802679944659833e-01 1.145072664353672387e+00 1.717282790713908103e+00
1.789829975933610040e+00 4.281083458252582519e-01 1.397280916924621419e+00 1.473739062901512353e+00
2.336524580759180125e+00 1.275370367282451234e+00 2.134851385963897563e+00 1.869210113317515853e+00
2.384641237575865880e+00 4.962613748605374520e-01 6.594972989621068482e-01 -5.130552872329952052e-02
1.780359297346465031e+00 3.227189406086204748e+00 1.804448266602064255e+00 1.524158499346690565e+00
2.156867307435696102e+00 -4.805462675182174959e-01 1.415634806999855666e+00 1.727747444356554363e-01
-1.148502237166431517e+00 -1.164679920337488017e-01 2.281782395113869821e+00 3.043643158278651395e+00
1.448862181743916233e+00 3.101149756018056536e+00 9.603269931639727419e-01 7.914297046579629180e-01
5.007280221626816408e-01 -2.575794378148794639e-01 1.258782058067607457e+00 1.033827323849491719e+00
5.257625226707081101e-01 2.368491890803826827e+00 6.389879638049773547e-01 2.241744306477792215e+00
8.342551195697011091e-01 -6.297673868340951664e-01 1.702262445870044605e+00 9.531755183727188552e-01
1.111120816884516138e+00 1.461990733973737022e-01 8.015206888625302506e-01 -2.265588996586165305e-01
1.790075125802045974e+00 1.771718494358076601e-02 1.938506644920211741e+00 1.220611212033061665e+00
9.500747118300296723e-01 3.302313232860157877e-01 1.781757354432944584e+00 -8.253778543328407213e-01
9.451672284008237890e-01 1.417960542447638028e+00 4.178480850102264110e-01 2.080025085137677809e+00
2.301652511832010806e+00 3.504756311908547861e-01 8.192845088788736074e-01 1.765524305675344463e-01
2.235003562382335218e+00 3.285439402349588089e-01 1.305328780141832956e+00 -1.449992198049014913e-01
1.077406585205261891e+00 2.512524398447052221e+00 2.141823625637553352e-01 1.906882314963025404e+00
2.475364738420438471e+00 5.359300901115293669e-01 1.261309190175561534e+00 2.522447019701091753e-01
6.685028167889497386e-01 2.521046023334772901e+00 3.567518084569154535e-02 -5.130547713409809862e-01
5.577151101401371935e-01 1.335621327375518197e+00 -4.416173844135091731e-01 6.717537412956744447e-01
-6.404806263716478210e-01 1.059599585149712642e+00 2.541171900782663418e+00 1.411682707490458988e+00
-8.384387802020865088e-01 1.200506050254003254e-01 1.736002655864454791e-02 2.335887691782026376e+00
-2.103084020932690645e-01 1.840206947816603211e+00 -3.364377730588250515e-01 6.646443130204277017e-01
1.487584075426030994e+00 1.484181612434241071e-01 1.863205455803286448e+00 -5.814157696021677868e-01
5.946447324989572181e-01 6.966089974444429345e-01 5.839213413036360434e-01 6.369465118068431408e-01
1.942449927101220997e+00 2.230611183937367681e-01 1.236284172114330948e+00 5.322785333191260015e-02
1.651632866214399975e+00 -5.459990289689760079e-01 6.217156448450311679e-02 7.603551161036966599e-01
2.376872233404692558e+00 1.876722499054495064e-02 1.605363108643522274e+00 1.660420624957012814e+00
2.312947804030351495e+00 1.513833849815227284e+00 1.079744716505457003e+00 -2.957683053978876764e-01
1.150654482650608212e-01 1.147472770161463096e+00 1.114744252646951761e+00 1.421300901243873538e+00
1.467930446296971780e+00 1.021114434616900768e+00 1.051995085184700640e+00 1.023971689567457100e+00
1.094922857305719033e-01 7.197037099144090178e-01 -2.429411356909911834e-01 2.356915411670014393e+00
6.641828415861574797e-01 1.960236092264691532e+00 1.149573767339255204e+00 1.457718674554085325e+00
6.284876388946819548e-01 -5.015540946975152181e-01 1.666199139842910348e+00 1.204213288789419023e+00
1.347820651947233106e+00 3.424188158568810536e+00 2.815235741630647048e+00 1.579096342751424409e+00
2.686127774083086006e+00 1.539315281478113473e+00 7.806599948697053870e-01 8.232770624202966347e-01
1.360739426768138527e+00 6.132484735348893157e-01 1.804046548826049090e+00 6.725066467531697345e-01
1.569194036372962398e+00 8.072698908398556750e-02 5.952597167654928301e-01 4.662837284639298474e-02
-7.060591295215701280e-02 1.199120215062869921e+00 2.110541923243511420e+00 2.113125468382713201e+00
2.462475607293945323e+00 3.122520248871590631e+00 6.736172562536614228e-01 1.630540651402577979e+00
-2.773281712129247456e-01 5.589817291788060638e-01 -8.802276412920282400e-01 -1.077110412539002304e+00
9.474504939027355022e-01 -4.860141022067132610e-02 4.118645501479705207e-01 2.421945434454225943e+00
8.572520806586005904e-01 3.232075641928978893e+00 -3.995883579709749167e-01 -6.831428833776116427e-01
1.120869804567447225e+00 2.547341670875451047e+00 2.261907054478179191e+00 3.469957705937458670e-01
1.691283623933362179e+00 1.042379724712442890e+00 2.623319978286268173e-01 6.074446916697326948e-01
3.598672325991279397e+00 1.631212225701435203e+00 1.511650133936786045e+00 3.504308900629916623e-01
1.088990588405153392e+00 8.380947548123073298e-01 1.636286549618375386e-01 1.283963040895963248e+00
3.317402012028455971e+00 2.126541997663955463e+00 -6.492823419319599942e-01 4.565928204231350929e-02
2.494124421496052513e+00 -6.475935182721159755e-02 -5.178243749979645205e-01 1.451150650399453124e+00
8.597347711314422547e-01 -1.053512150781792389e-01 -3.856160595238684596e-01 5.308112638964743724e-01
7.663967428806117699e-02 1.218002592753789415e+00 1.051965907073001638e+00 1.137021930044245899e+00
1.724888583192856206e+00 4.224319578651174467e-01 2.878113048183723599e+00 1.455526854376743451e+00
5.329874699698875506e-01 -5.746534114117325398e-01 5.041048060540460618e-01 5.916200919865961527e-01
-1.158686958720671623e+00 7.327256698749513575e-01 2.593016618538431572e+00 6.108864324083653763e-01
6.961451026673242115e-01 9.307163309318096100e-01 1.704823613344159661e+00 1.456886894961680001e+00
1.060149189132278735e+00 1.728489977274768385e+00 -1.495733088375827968e-01 1.968154234043142825e+00
2.397459306278660662e+00 8.755436088009018736e-01 9.249067200869838246e-01 3.531829446187068067e-01
9.065769516012204265e-01 7.203208899917159513e-01 3.227414271141573199e-01 1.177026487376116037e-01
-3.994029069457036840e-01 8.386557140665200638e-01 2.086962047553857502e+00 1.425420759787376923e-02
3.355697728073860908e+00 2.769656544754817151e-01 9.120513497329052477e-02 1.967855755330457646e-01
2.205255551216030785e+00 7.912961909813185368e-01 6.335693748078952137e-02 1.525912605715774362e+00
1.426623789313416157e+00 -1.208123371262373347e+00 -4.429396171708777086e-01 1.782937111904868033e+00
7.468702618076653588e-01 6.772061080617395312e-01 1.888333283390235540e-01 2.314027577714342421e+00
2.153431048112443236e+00 1.406629322088706946e+00 1.648823985113739621e+00 5.371028261159614958e-01
6.684471761828398861e-01 1.364586188125537891e+00 -2.510686744445742580e-01 7.590027664766791915e-01
3.798351929501031510e-01 1.317989342836358269e+00 -3.499575893379263114e-01 -8.240263400365432922e-02
7.419118598899856476e-01 8.376707693236914443e-01 1.599304797785278343e+00 -1.023862730890512385e-01
2.155986952620464470e-01 1.546850554645894604e+00 2.659146895543277989e+00 1.429760676482707105e+00
9.165921407452044534e-01 1.072101675877752625e+00 3.515046878123878615e-01 7.857052835877285091e-01
-5.094698906277184136e-01 1.020360995135095594e-01 -1.576801280502018177e-01 8.123382806684501523e-01
9.457064924190490274e-01 1.833212584232758680e+00 1.574503824532685226e+00 1.891757825928058745e-01
2.200138545782490240e+00 2.387146438242745639e+00 9.686881331045771315e-02 7.185194993633903238e-03
5.573674772464989324e-01 -9.809492903778307404e-01 7.237473720891673956e-01 2.028744921466035578e+00
8.393907298072145196e-01 3.248968697090546254e-01 1.281074104532659685e+00 1.924296782599998368e+00
6.125633475956229201e-01 1.013973875251972467e+00 1.876142765164965809e+00 3.785980694029411620e-01
-1.549888137796751053e-02 1.146280097877650839e+00 1.989800972230738374e+00 -7.999390155219532339e-02
7.018254128185910101e-01 1.688573802510549005e+00 6.598065768635295036e-01 3.130869389843778938e-01
1.046013840080420865e+00 4.007546984546748181e-01 -3.557168988085173122e-01 5.525820198718891518e-01
1.149766272284661994e+00 1.200316349858772336e+00 1.408161311604183563e-02 1.303166233201662028e+00
1.473114559259270706e+00 9.284697510438810752e-03 9.751318023961595971e-01 1.327991153024700166e-01
3.239636621502284264e-01 8.357975589808210870e-01 1.707022416027277334e+00 6.317695252841083464e-01
9.742538699173119987e-02 2.370742021945267286e+00 2.535248298441832748e+00 1.314568158022180411e+00
3.406421141984738998e-02 2.762610649169233490e+00 2.294710419279576641e+00 1.852218389666481002e+00
1.412203409666426213e+00 9.899127134852661047e-01 3.156240997812363336e+00 7.108605247304820018e-01
7.639092317110041108e-01 3.490471852989986967e-01 1.039738136883522790e+00 1.788814333230279718e+00
4.152816960890324260e-01 1.228907565954276082e+00 2.774574462494782345e+00 1.360437310129135380e+00
1.198543080185664911e+00 1.778766614536597235e+00 2.614111336346392811e+00 2.560640946846408639e+00
1.719940956608487337e+00 1.485532000660864771e+00 4.586097676941660595e-01 2.155792271508469859e+00
6.214041919038586492e-01 1.297039588419695022e+00 1.657660117045035575e-01 9.244343956360794312e-01
1.228188649880241901e-01 2.893498524908377778e-02 5.206309420099177743e-01 7.567606698422664202e-01
-8.535758231321133316e-01 2.246931932788720498e-01 4.549714676854744733e-01 8.337470992441260442e-01
8.184615432451105566e-01 -9.481591601253769319e-02 7.973525030980086470e-01 1.943376310453578615e+00
9.161715410699352580e-01 1.949769234963910192e+00 6.850376232579653557e-01 2.393902809780101837e+00
-3.578545556122822990e-01 1.293239275011098588e+00 1.573105256695590093e+00 1.937110684075892486e+00
8.081852636461406281e-01 5.856654312463480672e-01 2.659026588184212336e-01 -5.900919516131919451e-02
1.276583788861110236e+00 1.257806354594653397e+00 9.891912396454182188e-01 1.749738132353948927e+00
6.818893685715747832e-01 1.380450895299165426e+00 1.055766037183005768e+00 1.725466293341927582e+00
9.651594216459763453e-01 6.497547546964177467e-01 9.214515464263732802e-01 -2.312291644644253186e-01
-6.503191643669525845e-03 1.028757206869308716e+00 1.068506996407954102e+00 7.444015963649064371e-02
6.933728314424898453e-01 2.315411295682111792e+00 -8.530165755428162910e-01 1.151224789403582527e+00
1.718433849329946916e+00 1.640599366632941258e+00 3.104509110712373454e-01 1.210420542272247380e+00
2.725058052480392456e-01 8.903768875425188689e-01 9.354517774980570799e-01 5.584810410876952513e-01
8.343985565994914699e-01 -2.353691949594982624e-01 7.088049628966401894e-01 6.192817809973949483e-01
-3.187850985748148513e-01 1.010231987388014563e+00 -6.787619636319992544e-01 1.834791497570753105e+00
1.020442562002496834e+00 6.894255468386728536e-01 5.374655025592522950e-01 1.847195136161112750e-01
1.864716949601348261e-01 3.755611553338740194e-01 1.722801880148728149e+00 6.922455758302872297e-01
1.232600687909271242e+00 8.439098622222012125e-01 1.956178010304237880e+00 2.893048681159768876e+00
1.291254760001703694e+00 -5.547324652445324578e-01 1.125977439751799203e+00 5.131072997213113052e-01
2.075386564485394381e+00 1.665404986378262731e+00 -1.131206553772358792e+00 2.391104712602928117e+00
1.637352873986405832e+00 -9.231241157812415388e-01 2.441832082637374057e-01 -8.672491021750885487e-01
1.366632260093518569e+00 2.649066432999198195e+00 1.056565458518177181e+00 2.253405393406988200e+00
1.980040831792038380e+00 1.747883048087199187e+00 -8.394816736399139945e-01 -1.817993326078783500e+00
2.748016105659688568e-01 4.138608290121462696e-01 3.283171532453522667e-01 7.078538431645415852e-01
2.891473700120970491e+00 9.766762085819792327e-01 1.540476705295671600e+00 1.582447400186796749e+00
8.254545268439645866e-01 -8.125540158113357947e-01 8.415704434859494487e-02 1.375112565700264522e+00
1.595787681580651540e+00 1.183957105173996549e+00 1.131076162367980587e+00 2.545469548786137626e+00
1.483506900633353442e+00 4.262776733296924636e-01 8.807787544617566855e-01 7.328302053578668041e-01
1.861318698391497328e+00 4.293853051927785103e+00 1.083013829123926630e-01 1.230866514838859116e+00
2.065504371874992806e+00 1.044627844217127510e-02 2.018985230326570512e+00 8.987735104648706397e-01
-1.100467056736353477e+00 -6.159681647467016852e-01 2.722431315219793646e+00 1.918051126978301157e+00
1.395034121005995331e+00 7.791976290426699814e-01 9.127442250487184383e-01 1.372234867753431509e+00
9.870614973110946044e-01 -7.444543118957920314e-01 5.872134348069915077e-01 2.686964645839398980e+00
1.520146232500242611e+00 -3.597017531339385954e-02 2.510383481098770186e+00 -4.743402476304647841e-01
9.867938205853719058e-01 1.098579789523554284e+00 2.356498067441575639e+00 1.740118785596278084e+00
1.902455934401965365e-01 3.134499190948906833e+00 1.098856648023465832e+00 2.825704325967562269e+00
-2.470176383906628192e-01 1.937429254971877235e+00 -3.773741094772224969e-01 1.007549786090589317e+00
2.195107045153481096e+00 8.294360535383394906e-01 1.506361810061258799e+00 1.318543980397687720e+00
-6.277285311569851256e-01 1.613986602231712641e+00 1.270062868902756215e+00 2.006513062363632471e+00
1.215686081738239999e+00 2.016107152519813539e+00 1.666371552314626525e+00 -3.443189882053365736e-02
1.070860665154785840e-01 1.370417831634524131e+00 8.729798751017856517e-01 5.650411088543356719e-01
2.836448868951553237e-01 1.808315767747175062e-01 7.973499163390761479e-01 9.621700362515690497e-01
-3.471303884480358981e-01 2.567166144891187551e-01 2.737115872758806745e+00 3.109949365601363702e+00
1.756922004767626833e+00 -4.761041748140759644e-01 2.381687805155650040e+00 -1.281065701167606097e+00
9.475035844208218316e-01 8.751861982530950712e-01 1.553399680172418584e+00 3.790920972256097699e-01
1.224950110060461395e+00 -1.440397531524150398e+00 1.172349349889965087e+00 1.434068972629879424e+00
2.900367461750877229e+00 1.787560106617615219e+00 2.761385416860352215e+00 4.560909425740975465e-01
-1.112587461197303007e-01 1.556975395704973231e+00 1.858163548818264399e+00 2.156171173429124899e+00
-1.813248571333454517e-01 1.390193790836150578e-01 3.082363009568525047e+00 1.086998537558231392e+00
-6.483040250766158863e-02 2.220736260451806610e-01 1.238584359778956534e+00 2.048610163121268313e-01
1.127162526131475495e-02 -6.685249636906387405e-01 -1.742322161611455922e-01 5.780832660207957385e-01
-2.131658362715087573e-01 6.457528799215056514e-01 2.073098210719265033e+00 1.096784893228245572e+00
9.206588915175831778e-01 -4.835746828797815589e-02 2.194941152194322065e+00 7.981664720291112847e-01
-8.641662674371117792e-01 1.384114672735991869e+00 1.448377416747952395e+00 1.783933056881684021e+00
1.140313464697785939e+00 1.843343002865625690e+00 8.136407529091536084e-01 -3.764285949494809991e-01
1.939643800886150071e+00 -1.965369315436709119e-01 1.348055530231529131e+00 1.022242496888216889e+00
5.100873869204043398e-01 2.108670056818036098e-01 1.403881748101906801e+00 2.886336431881326714e-01
1.444234720082813617e+00 8.679677575588186089e-01 1.582559381150405065e+00 6.510408389821475961e-02
5.629314707233574744e-01 1.510116755688091894e+00 3.329599502964247115e+00 5.877450624449644945e-01
1.706918324537113563e+00 1.861478890624022053e+00 2.203262411444582902e+00 5.672766583791732931e-01
1.114264785400084889e+00 1.828675907002198286e+00 1.877147890898025029e+00 1.057831198703055753e+00
2.841835796302587536e-01 1.950154997604676366e+00 1.699731007312521802e+00 6.224391313642338996e-01
4.354986444314049576e-01 2.291472846466254820e-01 2.399191839934710746e+00 1.148858023761585079e+00
1.468745589284710107e-01 2.337919299291380426e+00 6.428276363418664596e-01 1.062740894089042820e+00
1.264403644099661328e+00 2.350910935606780328e+00 3.883538447323390930e+00 1.298767681473398383e-01
3.067760530050639423e-01 5.417142540721431310e-01 1.074206530892318989e+00 2.744648813534582565e+00
2.878343504804059094e+00 2.305696610482742326e+00 1.277912407413332119e+00 1.089038929233990594e+00
4.203410143603482751e+00 2.507111496344109902e+00 1.661421326255998698e+00 -4.897715876196491180e-01
2.448958658109597897e-01 1.854939079903497934e+00 -1.055827470492179287e+00 6.402314804191442388e-01
5.102880684811657019e-01 1.299399812145072053e+00 5.554950606269370983e-01 5.246678417220141943e-01
-1.698958557183930296e+00 -1.473965725479209343e-01 7.407627999073438385e-01 8.058778556736009291e-01
1.469675057608096802e+00 1.992823638982034851e+00 1.562431768241624663e+00 8.263487738107033742e-01
-7.281880222761216714e-03 2.203646806271358116e+00 4.487767865834846326e-02 1.301339480008542271e+00
4.344393316028853924e-01 1.665494289824281715e+00 1.690664203903248231e+00 2.546068797129808381e+00
6.828767886875553028e-01 1.943950602539182615e+00 7.217197326433071325e-01 2.772579894080986485e+00
1.903142556409712638e-01 9.221722970633994265e-01 -3.605281185539748190e-01 1.463695746267589026e+00
1.176221847918760499e+00 1.856836329148084275e+00 1.471119302096067116e+00 1.828491236102158801e-02
1.739739236397074063e+00 3.040861278509539023e+00 6.567770093480904681e-01 1.572732147916292345e+00
4.671503220191581818e-01 7.694752581852237761e-02 1.849173573815402705e+00 1.204586050978640133e+00
2.002200535462701048e+00 -1.825628185762115940e-01 2.491093924152325556e+00 1.802977590078695069e+00
-5.897944023136452163e-01 9.143221846467778358e-01 2.022417558670932536e+00 8.238939130563562863e-01
6.963563334988136511e-01 3.202702479666047708e+00 2.586303695022982296e-01 2.015026818073339054e+00
6.024988666411489335e-01 6.869231755730618172e-01 1.453517917044733210e-02 1.518545741723813514e-01
7.468677250100091980e-01 1.738728230273161035e-01 6.307300202652622589e-01 1.466478485348738037e+00
2.346209601711591652e+00 1.140588001768103599e+00 1.959140226778214977e+00 1.559827317468679642e+00
2.009865333166954926e+00 1.623950783733214331e+00 1.075023184053181646e+00 2.185491818856069912e+00
1.736998555896326346e+00 -1.951623696766331406e-01 1.259246883021835739e+00 8.474945583701126717e-01
1.303782427804120569e+00 4.473307278513837248e-01 1.657168085779367361e+00 2.173856704635530601e+00
2.014376585138324849e+00 6.449539047373026301e-01 1.659396229019047153e+00 -1.154083105042956525e+00
1.920352295099336004e+01 2.114800435885832286e+01 1.997499799183090730e+01 2.082100632129474249e+01
2.004473155243932680e+01 1.900112499228740859e+01 2.092145489627946731e+01 2.104032641347045995e+01
2.030873205958775785e+01 2.017654061849438918e+01 1.955156131018298282e+01 1.965864852567760579e+01
2.023785740694629709e+01 1.936813248352892813e+01 1.930244094713340886e+01 1.925093648947463265e+01
1.826519398385807591e+01 1.938862590830315824e+01 1.997236946080694864e+01 1.966085277083549343e+01
2.046085743460449891e+01 1.923954517235201678e+01 1.897967510227996968e+01 2.033552479699337567e+01
2.064662642597467013e+01 2.097167894017934131e+01 1.936800643823093537e+01 1.923987273473721871e+01
2.017453036045062831e+01 1.965500490695433911e+01 2.005670184146849166e+01 1.893962295182347688e+01
2.104117394238376804e+01 1.865762616942625129e+01 1.935716287703196059e+01 2.154295314617149160e+01
2.095757094407250420e+01 1.926921725513778938e+01 1.949187856255845475e+01 1.952969970821501988e+01
1.980404658250386163e+01 1.988051851921920488e+01 1.916594019568844232e+01 2.064111095459022138e+01
2.051955244849861160e+01 2.028411117471484459e+01 1.966916453781737317e+01 2.049932027321535699e+01
2.124210896547604221e+01 1.890726795774367019e+01 1.949312166048574468e+01 1.924372446027387440e+01
1.943756158067576223e+01 1.950496888388838812e+01 2.086836391435948812e+01 2.052928655667249913e+01
2.098332500162958425e+01 2.012181852094475332e+01 1.914309398440673604e+01 1.935988093122178100e+01
1.989494861938702286e+01 1.856060069690704495e+01 1.847982114546065091e+01 1.894261423262928190e+01
2.009434438442586313e+01 1.932893866089284529e+01 1.997789126077405797e+01 2.192558949186213013e+01
1.791324825116079822e+01 2.056074289310196690e+01 2.154253798752008109e+01 1.866813780331208861e+01
1.955217893995974521e+01 1.981813679117815852e+01 1.865741880944515785e+01 1.977115196883898562e+01
2.054472433982274637e+01 2.060778883348888613e+01 1.975130375552914685e+01 2.190310426391419441e+01
