1.632153613244882173e+00 2.275804131926125073e+00 1.311339710295488015e+00 2.078309266969275981e+00 3.500061384190426006e-01
9.859458546452865013e-01 2.424624761543948459e+00 3.620746003471009278e-01 1.300426719672078457e+00 -3.524886830131939153e-01
7.004819189938114032e-01 1.842492944773609143e+00 1.144061880056445712e+00 2.009874214466345954e+00 2.419801222725948886e+00
-8.469936003430476035e-01 2.323269102734264457e+00 1.886250118063364845e+00 -9.606559016904092640e-01 5.848173473697664271e-01
4.782658778008117562e-01 5.347814397703722911e-01 5.026832683420248138e-01 2.226599073396230644e+00 8.680292928309174538e-01
2.218817726879457553e+00 2.201674385969240699e+00 -4.751166651584708411e-01 1.221191647595015750e+00 1.965032602608819179e+00
1.317808731371340691e+00 8.392401277838319462e-01 1.477144687721458904e+00 1.465146509859492241e+00 2.316425554761224248e+00
1.395376726375786136e+00 2.374475363788619564e+00 2.869020001482114335e+00 6.776183488539513355e-01 1.001423033098083781e+00
4.110813723651054463e-01 2.216747558298029386e+00 -1.128277214011756513e+00 1.824472503541431534e+00 2.178706154909495929e+00
-9.052210781900817960e-01 1.336356484607003070e+00 8.606226364225267877e-01 2.098971945418774077e+00 1.785988394710166904e+00
1.651292822712083108e+00 4.822685424285373390e-01 5.320317935021079414e-03 -1.257700502046430024e+00 1.179985431963054499e+00
3.303606920364846822e+00 1.682911919383915489e+00 -2.002223836350951469e-01 1.011495468705887468e+00 3.389358361542214038e-01
1.099844224489671562e+00 6.533640179656144964e-01 1.254959973255274308e+00 1.575463293149178323e+00 8.666220910933150057e-01
-2.251044218853370804e+00 2.667101328751112721e+00 -5.977660826274155959e-01 1.695087412353890155e+00 7.994041944082797002e-01
1.640392745499928973e-01 -2.661759001587244988e-01 1.175260041429950331e+00 1.214307197067644672e+00 1.473526138174341416e-01
1.329554875050389828e+00 2.468132678903930621e+00 1.300405335683693320e+00 1.363169144430066648e+00 1.184524261006371315e+00
2.865223405086265718e-01 4.556911089388993030e-01 1.210652750860081062e+00 3.165097704894703767e-01 1.266136184864512515e+00
1.293724997008136590e+00 2.072412525299744512e+00 1.416291851003612656e+00 7.819550565430848366e-01 2.236518235961029610e+00
-2.120893797086251809e-01 1.269204657603786979e+00 1.378480992446629028e-01 7.015609389452315270e-01 -7.531709492814278040e-01
1.196504896644389637e+00 1.023498327685112175e+00 5.717521824929305829e-02 2.431468730192777983e+00 1.074084639554785392e-01
-1.505380774308260339e-01 1.548098286869298512e+00 9.209688508620201830e-01 4.030315344311564685e-01 -1.350736129466361124e-01
8.644223016713618035e-01 1.616888652982692909e+00 1.663182588378023574e+00 2.714960605915466729e+00 2.032264684455240555e-01
8.103305808785340458e-01 1.609732864522872120e+00 6.700260204548913467e-01 1.476695957269551940e+00 1.384971736467674575e+00
1.067301388062118050e+00 7.561434808396694240e-01 1.550583107840729724e+00 1.917926189555791971e-01 8.677536135374445125e-01
3.726168477632145759e-01 1.393536045028452852e-01 3.276735554698908537e-01 1.878088033355965525e+00 -2.392623081308731248e-01
1.616805961225701083e+00 8.333628467310012500e-01 1.654671933224485247e+00 1.775731521894773124e+00 6.360357231195552519e-01
1.751533166460301327e+00 -4.990351007323712285e-01 1.351781405146275983e+00 3.345992370064210242e-01 7.732159908384028668e-01
8.746907433807784571e-01 6.043755415315062995e-01 1.065655752589779626e+00 2.144736617988641569e+00 8.155674954496695550e-01
1.414859217026882998e+00 2.568366252190396049e-01 8.644629752588921523e-01 1.230231516121462976e+00 -3.915550412769741584e-02
5.092515374524630989e-01 1.619072361163005347e+00 1.613933215978319957e+00 8.723366089523088007e-01 -3.796865470370018869e-01
1.110946547664579676e+00 7.112335843045258787e-02 1.905843131288169845e+00 9.032936322908649007e-01 1.531230557925707281e+00
9.079046969162717362e-01 3.022483173038608584e+00 1.810911859129185508e+00 2.050832980557691698e+00 7.663845237865385407e-01
-7.526945504805417908e-01 -1.341197790349772045e+00 1.359669581670551519e+00 9.776464128686740418e-01 9.661320535066696413e-01
9.824622536376748094e-01 2.055595980127569167e+00 1.543266660772203203e+00 -3.432499987053043711e-01 1.071416945820904187e+00
2.423976802567855415e-01 2.483803083748293616e+00 2.407062827524343973e+00 6.574885371520461375e-01 2.144275340527797447e+00
4.074423367723345457e-03 -7.940430579716988291e-01 1.593956425510345998e+00 5.346420337425961122e-02 1.509216961595394313e+00
2.402529040881979050e+00 1.243094678470513248e+00 1.589006165638598755e+00 -6.395281688735598991e-01 9.807527909590080251e-01
2.041848394055451044e-01 2.376937537477024520e+00 9.141217885918857533e-01 -2.268940500968705809e-01 2.836336665543075064e+00
3.082668952491505632e+00 6.795419431223921336e-01 9.600080879936129241e-01 -3.601174700942650908e-01 2.814934048543446643e+00
7.103844098490623704e-01 -5.083680985417424747e-01 9.047382563887838014e-01 2.938300554901948081e-01 2.778274015423190413e+00
1.845211978906108330e+00 4.325187987159003766e-01 8.201997196826751324e-01 1.111066068993794564e-01 9.324075010240882033e-01
1.506670956398255878e+00 1.119731211541411753e+00 1.039200069128235038e+00 1.455996965244517494e+00 7.629740452043571874e-01
2.956063528373256144e+00 5.047115039803475867e-01 2.387855529804154386e+00 -7.584607563361522864e-02 6.322439878337717811e-01
6.984658437444727364e-01 1.039670841634499965e+00 1.443076909585715439e+00 1.929532157464795006e-01 -8.436170858012002061e-01
1.101543251332391282e+00 1.625561093764240184e+00 3.496785529614209187e-01 1.822529213044149055e+00 2.041670438285674738e+00
-7.349138362219442833e-02 1.188027923983105083e+00 1.599391986325526371e+00 3.374537832082217914e+00 9.235001410758643114e-01
9.252552080026595904e-01 9.752082948199337631e-01 1.266372389767051576e+00 1.417828425919256174e+00 5.172035350105816942e-01
1.349336479515670817e+00 9.424053669332812522e-01 2.096929539695092659e-01 8.872610328075457575e-01 -1.782855128489888585e-01
4.326358336239569669e-01 3.453912500636080463e-01 6.653733220294030248e-01 1.359291846347973065e+00 2.887279747160786947e+00
7.518667179835025749e-01 8.852869884542391432e-02 1.530373365165096811e+00 1.668990862277633491e+00 1.012966991137030259e+00
1.960506080548729102e+00 1.238501595000251587e+00 1.332280913653419940e+00 3.754658867719327109e+00 -8.900897713866584571e-01
-4.987969601471291536e-01 -7.067691695876423541e-01 2.204274094652991955e+00 1.151151289332120964e+00 4.644892705636450847e-01
1.137083319905829670e+00 8.074719341554321694e-01 1.844487543275062702e+00 7.868976778411956863e-01 1.656776375655186762e+00
1.424716828776445565e+00 1.507112267507778602e+00 1.894348259073194374e+00 1.183156185284681472e+00 4.651479325301882684e-01
5.342573312491094573e-01 2.138631099988755224e+00 2.338078473318835560e+00 1.791816071050251313e+00 8.856529954782339509e-01
2.222654987144205396e+00 4.674207090070020554e-01 3.087618481386083413e+00 5.531078466096318591e-01 -6.297777590919675372e-01
2.139860320040335218e+00 1.629078337712485336e+00 8.862511550492651047e-01 -3.681976163019256010e-01 3.283979633546288301e+00
-3.356556877060847821e-01 8.020858640717298815e-02 9.958961331287760066e-01 -9.455772025218989185e-02 1.264284350134959212e+00
-1.503491258931057839e+00 1.171244241337004999e+00 1.429645412112598990e-01 8.155956910510755442e-01 1.207546472240490054e+00
-2.567911633756660983e-01 -5.113471173914412304e-01 2.008452006552590596e+00 1.264490215046282007e+00 1.298395136915059256e-01
3.155191480966833328e+00 8.918670917378748175e-01 2.839029462019004857e-01 2.325882241055019950e+00 1.459523614545414016e+00
3.242880513690384880e-01 1.549047631054505825e+00 2.054842374038705621e+00 1.144778996966429041e+00 9.309890345540093870e-01
5.856352751178813820e-01 8.780741173889289319e-01 4.129694755120465466e-01 2.026280893107153425e+00 6.833494500255499204e-01
-8.342053405629759055e-01 2.267818811176141036e-01 1.884195244938836611e+00 7.267618162238145274e-01 2.842611526360766305e+00
6.827606152093197434e-01 3.036651439989984658e-01 8.405450489208212694e-01 2.290637908630418274e+00 1.477446179962640826e+00
1.305362670208136455e+00 1.052292532228199518e-01 1.494586147108057483e+00 -4.338853825186534952e-01 5.409852771763845602e-01
-1.664991618576592725e+00 3.983211183297776792e-01 2.209893142790352094e+00 1.687114549701019151e+00 1.733309419409369223e+00
2.888440753947328909e-01 -2.884295057744983293e-01 2.609470734911279344e+00 6.316367588577321834e-01 -2.800934867285937990e-01
1.751169270694494795e+00 -8.836374409525693530e-02 1.642892879535217343e+00 2.200647540105226341e+00 -2.069923872422252398e-01
7.466920595761352697e-01 1.638550320019626083e+00 1.532254082291089947e+00 1.876803730692809147e+00 1.050546935022469652e+00
1.510724497098080654e+00 1.378506179258292885e+00 2.442626467451350258e+00 1.574183148028922119e+00 2.245569586305445231e+00
-3.547892199218161124e-01 5.866001799354858548e-02 1.295737874614630414e+00 3.741560683875926330e+00 3.261810923457579836e-01
3.240417567875325533e-01 1.762699479317515916e+00 1.623184475226704837e+00 9.357855832004635666e-01 6.318155219929461053e-01
9.616253227480582311e-01 2.449952021381266221e+00 1.351964074887243017e+00 -7.366245749048414559e-01 1.050692592220791255e+00
-5.006834022284039065e-01 3.569982601712020642e-01 1.930848990441196511e+00 7.994224995738303807e-01 1.917950501094677129e+00
9.174297055752289598e-01 2.716664180555194985e-01 5.842336819351525712e-01 1.685860302649191844e+00 1.852166356173624129e+00
2.020773348372943978e-01 1.464941458977921496e+00 3.103964655992275556e+00 1.448576656224145776e+00 2.174858099940501166e+00
6.283508221156317575e-01 8.041957127313741349e-01 2.789467968326265535e+00 1.038184267620660073e+00 7.442862678596173787e-01
1.530959283834175677e+00 1.112564752434227477e+00 1.555425844014396874e+00 -3.904334768284294377e-01 4.513207699133592321e-02
4.941424994928386161e-01 1.242917517470927047e+00 2.383745219964352291e+00 1.988791523906747072e+00 2.076141704684673073e-01
2.156984507683910479e+00 -6.728016769011890830e-01 2.319074948951310944e+00 2.849832809652050880e+00 4.993374601110001088e-01
3.432668789449494495e-01 9.372637992036234600e-01 8.016129052853604442e-02 1.558934642565644513e+00 1.200292075170397599e+00
-1.049615754665376599e+00 1.717434769340889789e+00 9.209509014453969300e-01 5.152281519869820192e-01 1.457386538285318611e+00
2.216118279884273790e+00 5.139501703995619231e-01 1.377124010370420093e+00 3.599690929496460745e-01 -1.125769716947191412e-01
-1.985387928520094825e-01 1.589965873963698151e+00 2.243814617995698590e+00 1.560319841760823500e+00 1.660640964871137326e+00
8.644021363610987496e-01 8.616002836368412687e-01 -8.423703331942333783e-01 5.075104714447519205e-01 4.063175788261138566e-01
-4.933399027815830173e-01 7.915209837951165950e-01 1.297739401815175331e+00 4.775374365467710547e-01 1.407555966514036694e+00
-1.142423717133642214e+00 2.491653836355109952e+00 2.427812183161893955e+00 4.839281565617774561e-01 9.061737398638660679e-01
2.108261992672907148e+00 3.405206166496436149e-01 1.689292577893181102e-01 8.259787292789969593e-01 2.460258516667907180e+00
1.546028717339357428e+00 1.009052684569692770e+00 2.697371570385189710e+00 -8.600625971813542492e-01 9.390087352202032278e-01
4.953712804994960806e-01 2.678648975594647430e-01 -7.973800875546876998e-01 -7.020012786659068915e-02 1.985568347637195696e+00
2.322586450872631048e+00 1.170948261207420016e+00 2.293069520231072467e+00 1.482101765827759543e+00 1.379254933064167465e+00
1.452419845332305393e+00 5.651813000985419500e-01 9.645132555448838740e-01 1.914215551791138115e+00 1.207473885099131783e-01
-5.759752516835052738e-01 -1.110972942535561891e-01 2.382741571067366504e+00 3.817284987819693498e+00 1.773229537505588649e+00
3.028046349854848440e+00 -2.883624255722809782e-01 -1.007640093309549734e-01 1.787517424169331903e+00 -1.100065209188260340e+00
-1.897458143410073461e-01 1.192053447735635485e+00 3.972671502192950399e-01 1.503243128558338748e+00 4.955808867156248354e-01
2.139153906872747868e+00 3.293172072351933100e-01 5.850548154179047167e-02 2.701076149756326927e+00 2.142984490616342441e+00
7.771802252589379290e-01 1.137157878720888249e+00 -4.625258929658713214e-01 -3.612910285331423221e-01 3.394705666531573574e+00
1.726605164663721270e+00 1.750752379251523827e+00 1.228175968127927842e+00 6.791795104081632672e-01 5.084340845427874900e-01
2.266243738668787255e+00 -9.358480041991201759e-02 5.703742683077719366e-01 -1.702206720127181772e+00 7.358465129090479007e-01
2.121702728745545663e+00 2.508053371557507738e+00 6.285482614991126926e-01 1.841617104557001783e-01 8.923581918628001874e-01
2.206398507049986080e+00 2.187857416954636758e+00 -3.360944241255918730e-01 2.322960411465405883e+00 2.487474077208902123e+00
-3.120160719306370734e-01 -1.637889072806228974e-01 1.729763203449334874e+00 1.808763645099763284e+00 -6.753724298540895177e-01
-6.520351438681704082e-02 -3.221013912299868220e-01 2.328515126538958313e+00 2.189235764332266854e+00 3.744423286329867651e-02
1.002499574559425621e+00 2.627068525820785982e-02 3.380953680633996816e-01 4.825631885618290040e-01 6.113181023607162645e-01
4.973293196757401224e-01 3.036490818485755305e-01 4.437063120245053893e-01 3.585769792787911747e-01 1.822936455354476237e+00
2.448754495357695404e+00 1.120394209501614391e+00 -5.983635675676066690e-01 1.456047539710626726e+00 -5.195535601118486113e-01
8.403094980399747893e-01 -2.289753073368849812e-02 1.104026129863392658e+00 7.865689264212520904e-01 4.992778416231243854e-01
-3.584651478066493979e-01 1.591281055596037497e+00 2.040618907204620136e+00 1.645702396237108012e+00 1.128417135149254680e+00
-2.889553043085739681e-01 2.007371644183187254e+00 2.537541573625737179e+00 1.312316803519767427e+00 8.346133129304877940e-01
2.245173934737625387e+00 1.844759738362653501e-01 6.292076057991994320e-01 2.594276715796766553e+00 9.789637953153401684e-01
-2.405839255562165491e-01 1.920828692739121379e+00 1.483211456575193932e+00 1.184298471254978891e+00 2.047009142823782213e+00
1.231624453718496603e+00 8.067922724071530105e-03 9.770431526117483445e-01 1.316763952974369767e+00 1.731816549247499726e+00
2.633554093355808590e+00 1.825358321017564123e+00 7.051395002195810502e-01 2.094827877562246421e-01 2.354134986724887746e+00
1.450743764467958830e+00 2.256694346265572193e+00 -1.550313742324016530e-01 1.641142234740974315e+00 1.468232825218055870e+00
7.795571408886343701e-01 -8.670176130219551247e-01 -2.626742191724762421e-02 1.204641099604593313e+00 -8.223766859840271337e-01
3.245124947073713351e+00 -8.462405459074773262e-02 2.133367138173761557e+00 -5.356798294913369674e-01 9.040867958995011389e-01
-8.849551331112563979e-01 1.264057886392607966e+00 1.112305517504145635e+00 2.264178355535945153e-01 2.405016279562556925e+00
9.394416010140714812e-01 6.078369317057015220e-01 2.143491367877635723e-01 1.080026722940933492e+00 -1.314403958124114702e+00
-1.156302656368292769e+00 1.671222991121578794e+00 1.350158631612328852e+00 2.150326963292567228e+00 2.863309907575432023e-01
-3.012807303691984462e-01 2.302969563825916666e+00 1.241852236727687631e+00 1.349613398283168619e+00 8.161154737769127365e-03
3.145505422896818004e+00 2.162408694587980573e-01 2.380192019353196908e+00 3.086316546822545970e+00 1.826125015628423665e-01
1.232073293468386233e+00 1.908421780794942846e+00 1.743603258820333846e+00 2.494624956546376726e+00 1.672048801717203048e-01
2.120373789792244335e+00 1.636628691374697908e+00 2.388175245774772470e+00 4.440036023585128833e-01 1.687285153556782102e+00
1.795822913906940599e+00 -8.215935384167201150e-01 -5.544292667083161597e-02 4.162479783157564395e-01 1.551475899779918954e+00
1.706023587167108113e-01 4.129375255600256089e-01 1.522763668062705467e+00 2.116184692407454548e+00 6.433698435874646293e-01
1.963289089544178800e+00 9.961715828590989030e-01 -9.646195836647120103e-02 1.149433376449245037e+00 7.872093469762960760e-01
1.879646476981685410e+00 3.863766359437961206e-01 2.600351159883212304e+00 -9.724385594094608898e-01 2.733489893072911237e+00
6.185668780744790762e-01 1.314248972938969473e+00 1.770521445014890505e+00 1.213614655682080601e+00 -2.179492777464555608e-01
-1.073246451128428980e-01 -1.042568421260023914e-01 1.491166823176745426e+00 1.464065664109846399e+00 8.846573511096130771e-01
-1.897336938626565939e-01 1.776258038072398016e+00 1.526816330532097421e+00 2.146728485875375458e+00 6.389340391595443869e-01
-4.434681886689779695e-01 6.084642478264139509e-01 1.893646359201143659e+00 1.679306868410576747e+00 1.681573626849947489e+00
2.124825658777134585e+00 -7.897261280097134239e-02 -7.298029972353403672e-02 1.157855988042671980e+00 7.112403825481716790e-01
1.105108565159153455e+00 2.468048501237741554e+00 5.835429753795853269e-01 -1.022108597578611722e+00 8.332244388753711206e-01
3.047866905722295128e-01 2.177089388803054693e+00 1.160859550209833335e+00 3.749863021146271347e+00 1.164035204971459736e-01
4.854790873805524543e-01 9.433995262020400396e-01 1.689390473168152162e+00 1.095724800808188792e-01 -4.760962622295239477e-02
1.398994396552135200e+00 2.367577965703994369e+00 4.143784680958711775e+00 6.514346034315704470e-01 2.334789224954876730e+00
7.563980530302140126e-01 1.028037558712531885e+00 1.817309170678634844e-01 8.935287587451384850e-01 2.675642085394837721e+00
8.957538699582110464e-01 -7.322681736512406392e-01 1.884798057353113787e+00 1.770814888808338594e+00 2.099871920767756972e+00
7.833677304531840857e-01 3.501617381718111766e-01 2.238579802737237667e+00 2.127633334299876555e-01 1.622986700701738449e-01
2.269639828954137073e+00 2.006742872938058753e+00 -2.046797090890337678e+00 4.310763326946378537e-01 1.637640390053096695e-02
5.157194551776136393e-01 1.041707144921427464e+00 1.568879422688405301e+00 1.720089817242014263e+00 2.126174093663497633e-01
1.859258847400805159e+00 1.660093168069960434e+00 1.403254298145619972e+00 2.313058438621025559e+00 1.438216767849426203e+00
1.300185797983879343e-01 2.874328635354405082e-01 1.040163625273355041e+00 2.446034291646928871e+00 1.518430581797394874e+00
2.411556874055861499e+00 9.522826338955202585e-01 9.035126582526409322e-01 1.002752165611902280e+00 1.786326520423727748e-01
9.596752609633417697e-01 7.281906058599676435e-01 1.106032339775224749e-01 1.539231125639167530e+00 1.414538903963078686e+00
-3.035522311348410884e-01 -1.030103574309051861e+00 -2.857648327557533730e-01 1.591007415321513907e+00 2.111150741244766760e+00
-3.315753115030424247e-01 1.310795543642879091e+00 1.117885563010261984e+00 -2.957484693834131484e-01 9.060570478200730138e-01
2.618238829731927897e+00 6.814501324006538852e-02 -6.992880814862314498e-01 1.489718243217888372e+00 -2.556190796379047558e-01
5.588877791241609883e-01 -9.952793060354681032e-03 1.731022264258047727e+00 9.520014365474638307e-01 2.776514313327176797e+00
-1.283535417045180704e+00 3.800776525793246874e-01 -3.793382257402073687e-01 1.430577928082712447e+00 2.394848604706293127e+00
1.179133794130267310e+00 7.308434088638371406e-01 4.968570491579432646e-01 2.180712123137745984e+00 1.879084002306157242e+00
1.084417429161879332e+00 1.255283501803204471e+00 2.258054112591927787e+00 -9.093036334650816954e-02 4.993379407627633881e-01
6.040659527863514455e-01 1.853468363574014566e+00 -1.390204196136046733e-02 -9.378861585833631054e-02 1.202505437683031753e+00
6.538294296250533044e-01 4.011024520597773479e-01 -5.294128293710542721e-02 1.692879766658953677e+00 2.215824016170752309e+00
1.971763965403316110e+00 2.204840869677020088e+00 1.076339974104374209e+00 1.558620734397724306e+00 8.011131578208485760e-01
-2.653191136594559296e-01 1.259548246124807536e+00 -4.461348013554118364e-01 1.603361309445682226e+00 7.240524900516285278e-01
1.696032676759897662e+00 -9.212720285547995047e-01 2.847148196516288809e+00 6.958337887178820402e-01 -2.837497000905486733e-01
6.468201257752599354e-01 9.730818068256787967e-01 1.371606811284929117e+00 1.682710394625894113e+00 -4.041869268521769420e-01
1.979328440176179260e+00 2.167402854214047103e+00 2.315735339633646639e-01 -4.147612288233912814e-01 1.200442270014826507e+00
1.235950936346005280e+00 -4.922371932402846983e-01 6.222571825307376958e-01 1.713630601793234121e+00 -6.601853639137709173e-01
1.820726389784343979e-02 5.441154833968053772e-01 9.791206868178888856e-01 -4.064064295960112538e-01 5.323263167559468823e-01
1.834929763159285798e+00 -2.056610042151041373e-01 7.983330126751292388e-01 2.309499150919959831e+00 -6.203225816690869365e-01
2.081140355636058814e+00 -2.395592109376258882e-01 6.003637161666144362e-01 1.858894440710083140e+00 1.299048361862811918e+00
-1.632931720906705131e-01 2.234121633514560834e+00 2.706189643278305912e+00 1.809015535716650414e-01 8.835367643063554155e-01
2.534075094017257612e+00 6.877667558828071126e-01 1.860229034894690603e+00 2.735872185479596430e-01 2.610816266119831308e+00
2.174542825996452322e+00 -3.409639264896706656e-01 2.015293657524658277e-01 -6.880488424318786933e-01 8.825280155403375515e-01
-5.442087558348551735e-01 2.701820039026967546e+00 -9.003219953609864490e-02 5.168857526973941185e-01 2.331262196813457699e+00
8.041287515053507917e-02 1.331701634641658583e+00 9.861033783001822428e-01 9.976094595890983019e-02 2.530897617768870234e+00
2.578075217554546938e+00 5.491674190306994330e-01 1.590765371882050472e+00 4.588514492980952930e-01 1.938598107434448714e+00
1.768993362540941305e+00 -6.757071285263205329e-01 1.283880574467096913e+00 1.836543553606872603e+00 1.620461442495554127e+00
-8.945743839679189957e-01 5.903456651011759204e-01 1.590677331926192428e+00 1.067215710652063443e+00 2.776869825365829492e+00
1.146796658127635649e+00 1.690257900258854917e+00 2.411974137997808576e+00 9.818819247845578246e-02 9.693082643352157746e-01
5.227291577534448619e-01 6.253444229564347756e-01 6.498014619773245792e-01 1.406959861671758905e+00 7.512381898085453980e-01
1.923024123974014010e+00 1.405562424963620938e+00 1.315201989462547072e+00 1.803022017031589819e+00 1.539506109042688475e+00
9.778145846334878044e-01 -1.965010551249346538e-01 1.844772733836796075e+00 1.576574350625368659e+00 1.056711297358557511e+00
-4.694554877923697855e-01 -1.004861006961342618e+00 5.582626525708787035e-01 1.752669353547578801e+00 1.975401849063045168e+00
8.626699454427066982e-01 2.123877864492464962e-01 -5.095134747212390902e-01 8.804440017027860277e-01 5.080362627033951917e-02
4.323518811734644585e-01 2.388292358615440758e+00 2.164344116473237989e+00 1.404855938116856384e+00 8.846630018764909398e-01
-5.628083746870267134e-01 2.513753504266250882e+00 4.095048097824175670e+00 9.768908708716123046e-01 1.165502343852409473e+00
5.123117638976397714e+00 3.133736977129917278e+00 5.975290058447299657e+00 5.732487968394074151e+00 5.369027551511238450e+00
6.715861007104522606e+00 4.823282915621474487e+00 5.312105501328749035e+00 4.718723964389723413e+00 5.116231239240525142e+00
5.982439815915775227e+00 5.011016975851588562e+00 3.254055936797413118e+00 4.584573662813858697e+00 4.672531492720406021e+00
5.766423056965450655e+00 6.317547754286399808e+00 5.567584146488298025e+00 4.256168951074347007e+00 7.606784791085575037e+00
4.328155098812860757e+00 5.792860032177890695e+00 5.082874536870527926e+00 5.463954796739304065e+00 4.153901594454199930e+00
5.100799911355203164e+00 5.533866192712834753e+00 4.094797708702047956e+00 4.691266402982732231e+00 5.628675973597544235e+00
5.610261867817670556e+00 6.454724017883819442e+00 4.924788236194665103e+00 4.709826791453988193e+00 5.168646639237699070e+00
5.228527295860484259e+00 3.543609135565100487e+00 5.788980699148539522e+00 5.710672354171164145e+00 4.897293136381109413e+00
3.236570461672982901e+00 3.870455308675090578e+00 4.526308499623165282e+00 4.870609665179236991e+00 4.930161676254120273e+00
4.915112995677541896e+00 6.430532222423611444e+00 5.624918163460389309e+00 4.587688742154362842e+00 4.490354841442181666e+00
5.258660088346491790e+00 5.315708945677537045e+00 7.365422075702669602e+00 6.331401508219151708e+00 6.452139105156847521e+00
3.206782842574072312e+00 6.061136573705169894e+00 5.753425569743264134e+00 5.099055938060771176e+00 2.247451112661631445e+00
5.983734245015759790e+00 6.689170635008807153e+00 4.588321978335183182e+00 3.538709142728291290e+00 3.788977585623368505e+00
4.421774049443963683e+00 5.648376104137489584e+00 5.150744171282279460e+00 3.854849339596182922e+00 5.060993220436925455e+00
5.121498236743937227e+00 4.740629821142965383e+00 5.857126351568185285e+00 5.905238381749226662e+00 6.527727163765457696e+00
4.260802711304267021e+00 5.590736565674469638e+00 4.417706344662700957e+00 5.339603289136069186e+00 4.477234125902689321e+00
5.696492801632500047e+00 4.936988116133671944e+00 5.473389551969746414e+00 6.805665731143378139e+00 5.205541284222927167e+00
4.674969129890782504e+00 3.563352976277951889e+00 5.920380599338733951e+00 4.149072373332793440e+00 3.434636614331130211e+00
4.554833380763738226e+00 4.907793496551194679e+00 4.675440572828465591e+00 5.586490777568345223e+00 5.482969009553626982e+00
2.860845152350041332e+00 5.730941663346367676e+00 5.295307484342280269e+00 5.904677344992901311e+00 4.651541806458268979e+00
