5.726278947764972260e-01 1.940163650575857268e+00 1.169934918488656272e+00 1.781304007329037375e+00 2.089209971411871258e+00
5.627460396228218809e-01 9.793656895909447213e-01 1.494610285923188453e+00 1.275115488989589263e+00 7.908029371413642927e-01
5.773607860564219374e-01 1.697182969759378324e+00 -7.625764860786223842e-01 1.922693915784485785e+00 1.279886593497496339e+00
8.314829354505328673e-01 -1.815905075947818581e+00 1.577476356867329343e+00 8.819475215564672732e-01 -5.088437002684436106e-01
-1.748750474640454744e-01 6.796271848823614015e-01 1.328420196753178129e+00 9.232562285473329133e-01 9.770840334150637796e-01
-2.106689015665850206e-01 1.479423304571009457e+00 1.682330061598913851e+00 1.781729873775796058e+00 1.280678782030339580e+00
1.208254902919833507e+00 1.768221078096481769e+00 4.200304771116990521e-01 -3.551067680011930072e-01 2.800444790873852785e-01
1.477652472014282736e+00 5.334948596416602129e-01 1.388532891283527526e+00 -4.377079395642697879e-01 -1.404383768254322540e-01
1.885552625059818688e+00 -2.462164538644007195e-02 2.618509577591658033e+00 9.995453487572986129e-01 1.538812829950610084e+00
2.684391181411279526e+00 3.131236678807067353e+00 5.780193847490382453e-01 1.263030431640336904e+00 8.410025462903016891e-01
5.130053226234569941e-01 1.901966347857940720e+00 2.077090638344613049e-01 7.808235948027957285e-01 1.255509954885958068e+00
-4.613455435270388261e-01 4.007018195666794957e-01 1.860016550811865343e+00 2.318433365697063486e-01 1.718432701811368979e+00
1.235581282633065658e+00 2.457762792398439089e-01 2.642647424082406715e+00 1.256560706816500783e+00 5.322845141473764308e-01
3.402809594583854347e-01 -1.367061297220881766e-01 7.937103986690556834e-01 -2.830854011973482631e-01 -4.788153483780244191e-01
4.427008079896723736e-01 7.928116141360729285e-01 6.638363124081669842e-01 1.639901687290933108e+00 2.309897130142823940e+00
5.024539811240025244e-02 1.100424410657470764e+00 7.322172953403828233e-01 7.043420744684991686e-01 5.398353777421127653e-01
3.949969668974245840e-01 1.098367779519612952e+00 1.146059374468068492e+00 -5.165043937821891529e-01 1.483473522187243043e-01
1.696091628145279362e+00 1.148931304890468352e+00 2.802878025008205931e+00 5.656615395695883119e-01 7.465957755863336098e-01
7.205494074876915844e-01 2.741986199814233638e-01 2.685862112179357553e+00 -3.399638565445939342e-02 -1.232450915441551942e-01
-1.564054211290777374e-01 1.732839735747437881e-01 6.258879103300327706e-01 2.381163373464315836e+00 9.468895684455513884e-02
2.947377384860998539e-01 4.574075259760412848e-01 1.563976498055503539e+00 1.666751838915217832e+00 -2.955875872086299871e-01
-3.768055233721270270e-01 2.838954083668740580e+00 1.329736824369540660e+00 -1.067382164406442513e+00 -2.571864252793931716e-01
1.179249177691251260e+00 3.174786511560712121e+00 1.941946638933228497e-01 -2.824027586958270941e-01 -7.254151078580359790e-01
5.184401125152486856e-01 2.542099285308186740e+00 -1.330345252313525961e+00 -1.439627038076818355e-01 4.448948641209360400e-02
2.038652348033425543e+00 -1.348921291123071686e+00 1.705285627576528462e+00 1.030662931156485440e+00 -1.910074165124226564e+00
1.423397283632429344e-01 7.367701221686320245e-01 8.344505836867275317e-01 -6.691099461454907971e-01 -8.653285195637205884e-01
1.775022800333548423e+00 -8.881020536373984697e-02 1.695325367068900579e+00 8.169549774358177974e-01 2.894109164643252630e-01
5.201480399154131407e-01 2.351628224427420033e-01 -9.696038417725150182e-02 2.272245318913056700e+00 9.366763721870354775e-01
1.487389169529687916e+00 2.174138800293443197e+00 6.691281694264372693e-01 -6.280767241134843637e-01 -2.857803908111200553e-01
1.151886550268159226e+00 2.074776173704876436e-01 5.776071225902907891e-01 1.376523165540371352e+00 9.494586626946580621e-01
-1.829473991399246380e-01 1.236177393610486952e-01 -6.479833168470028326e-01 3.487851732030038399e+00 -5.396171349132599104e-01
1.182280032035395667e+00 -1.596878127139102599e+00 1.062865057139792624e+00 2.173213548929401995e+00 -1.981024571976390813e-01
-7.527460868680813100e-02 1.378380052632959485e+00 -1.214510357985698619e-03 6.762653050077795935e-01 2.177395300359789232e+00
1.289110763404521798e+00 1.320016640030336807e+00 2.564267833314838319e-01 1.526185773381499189e+00 2.633418995046724831e+00
-4.571571041766575583e-02 1.036657274176755683e+00 2.319053842131531873e+00 2.896293379861279327e+00 -4.557112578919242374e-01
1.186841092028626754e+00 1.798646724095811722e+00 2.230899220585518705e+00 -7.925326887124011233e-01 -4.674092576397557153e-01
4.346736742542759435e-01 1.145386362250038648e+00 1.792528893699603554e+00 5.961836219680016757e-01 5.288868889293841802e-01
1.866186460605029795e+00 8.147032582296441783e-01 -4.565353542579295709e-01 1.040770298440198083e+00 1.418826393026883181e+00
2.838795355745336035e-01 5.489053569126953747e-01 9.802480208209561896e-01 9.023903585178399966e-01 1.115918730235221146e+00
-6.936359351313219346e-01 2.197348032103699111e+00 1.370673805224367658e+00 3.227594099148356488e+00 9.671170912341622294e-01
1.450485659935686344e+00 1.917043285882498616e+00 2.104967307321250924e+00 4.356283278464011532e-01 1.907558169744598686e+00
6.777346230212579759e-01 1.754227975039141185e+00 6.471768012221930100e-01 2.143167940441035313e+00 1.627671840891803168e+00
1.012797435306576732e+00 3.118827900247822527e-01 9.961120460399373044e-01 5.314905670380584146e-01 1.143752859469604921e+00
1.448029652018708813e+00 1.082788485770381781e+00 1.573054505703356254e+00 5.702965121665530823e-01 1.777510795786591213e+00
2.195235858563762132e+00 2.410876960973992844e+00 5.607001745222568445e-01 1.924875621533961301e-01 3.069974773934029955e-01
1.945266719550550194e-01 1.579320120053296028e+00 2.309543192387686794e+00 1.917405561037750505e+00 1.712473825422126117e-01
7.691333201271289832e-01 1.242134266241827545e+00 -7.929064381485722013e-01 1.170483143396600534e+00 1.860528040386933313e+00
-2.118827894083847863e-01 1.127677787006454935e+00 2.737272557141072760e-01 1.616007631518067811e+00 1.255869143769455576e+00
1.478925583155221490e+00 -5.156767018114991608e-01 2.850899809518383066e+00 -1.491317216519758571e-01 1.569895542368564101e+00
1.032364430745458250e+00 -2.760258319621911038e-01 -4.758786240316827953e-01 -1.221006014921417471e-01 7.388340414773919562e-01
1.618907514688959770e-01 1.735182194465056060e+00 1.285723563132124436e+00 3.121905296628502136e+00 -1.197707178865294875e-01
2.204155615728156992e+00 -2.240444574673594591e-01 -6.642592788184591424e-01 7.066586556055338697e-01 6.882007481645123770e-01
2.820280574002964613e+00 6.680195720913598700e-01 2.012039814014097150e-01 2.135126575691672635e+00 -1.777735623354963490e-01
8.174703291947928996e-01 -5.547071581137421603e-01 7.490507746177708093e-01 1.898474999288112919e+00 1.184887045436445741e-01
2.587904797206435958e+00 5.394228646944323469e-01 -1.149155289090835197e-01 2.555905199235249725e+00 1.484814322052278701e+00
4.616292479947443628e-01 -5.326573644690009157e-01 7.606228365352641907e-01 1.577354518113667226e+00 2.912504253140792088e+00
1.790651503529388400e+00 7.422959362145586937e-02 1.448546791696874614e+00 3.730887283800213838e-01 2.903369430768929504e+00
1.573182641002274229e-01 3.748263336977477600e-01 1.545832477041119146e-01 1.987241447842442721e-01 1.553021658900050728e+00
1.477943375904941625e+00 2.643263147235586530e+00 -7.445081161953002180e-01 6.609732576801063964e-01 7.893984023375224535e-01
2.869175995380329969e+00 -5.006541695515616119e-01 2.591380746761085874e+00 9.788660089318728108e-01 6.969034743297186640e-01
8.381239879327976317e-01 2.803100953437468235e+00 7.800729407633852919e-01 1.224524049571605655e+00 1.424016039517957966e+00
2.409699746471178905e+00 -3.578383176536599208e-01 2.111094661049498278e+00 2.766761002151441051e+00 -8.386173242968615327e-01
1.095974974766500187e+00 8.447968477872904725e-01 1.533133739750780045e+00 -2.902088118544958739e-01 1.333372058992025488e+00
1.682269350823921705e-01 1.078521952170423903e+00 1.876389820627791805e-01 1.148163998065835356e+00 2.138440236337287637e+00
1.020880989959420226e+00 1.877434493859606590e-01 3.376491030558309570e-01 3.452363141025247995e+00 5.615257662881985024e-01
1.702470350242706543e+00 2.867186760554823799e+00 4.429477751734353097e-01 9.599679538524026334e-01 1.625491947701185103e+00
-1.274377236504822264e+00 3.307941265630220951e-01 8.692152516364618497e-01 -1.398629870605783143e-01 -1.004033487254778922e+00
1.960888778765658369e+00 1.673364697982581362e+00 5.167810231613995109e-01 1.239540551270245317e+00 -5.073221274800121527e-02
1.930683036575291389e+00 -1.343856154558992877e+00 7.425161847049844832e-01 6.475076045253245205e-01 3.678955399466425913e-01
7.180757778786537315e-01 -6.019380700730798672e-01 5.416810238732190363e-01 4.939001295321542306e-01 2.301316646384679476e+00
6.010255759374374396e-01 1.868300124071760937e+00 1.420416705746822439e+00 3.589169613591364216e-01 -3.220170658240135708e-01
1.154616633794647962e+00 4.150562528409535989e-01 1.269220296843122542e+00 1.648839372837530792e+00 1.634304470664045716e+00
8.429916632237467455e-01 3.108501337459955716e-01 1.319226660281881625e+00 1.212509117789242197e+00 1.548411163470376550e+00
1.009708106658950166e+00 2.494741313764590629e+00 -4.906506115108473232e-01 1.104637702872726557e+00 -1.206906779548908570e+00
2.679567228513230148e+00 1.949659382472027414e+00 2.727947403854124042e-01 1.764110552860203018e+00 9.278666187415509636e-01
-3.181671129590482039e-01 -5.190185319704938571e-01 1.945606897787406808e+00 9.548059355312659147e-01 5.760823615833061684e-01
2.294915723553087261e+00 -5.478063274745319511e-01 4.611308836481329276e-01 1.143727715136998002e+00 1.935639116110239755e+00
7.402811303924659025e-01 1.816574956681362707e+00 1.636039201721893876e-01 5.238451005197722887e-01 8.288256792551536023e-01
1.744092103766494262e+00 7.896201149654276108e-01 1.181378557767726489e+00 1.392152771986501891e+00 2.997982146609553311e+00
2.627540914741149258e+00 1.649665954550015190e+00 1.245015734321808898e+00 1.755112055922321668e+00 -7.121825835592088261e-02
3.838746212451127349e-01 1.112098119443541755e+00 2.255621159909185103e+00 1.341663925549369640e+00 1.424256164684288839e+00
1.513677227557178373e+00 1.286560328229205297e+00 8.706952770786248186e-01 1.517305465603520087e+00 2.055838766206551149e+00
1.210309342114125108e+00 1.831805659075425030e+00 3.491065839960007633e+00 3.054046701035034506e+00 -7.699665586883106538e-01
-1.898717931224349620e-01 1.533695839601089350e+00 -3.844030511792160265e-01 5.585848399248909413e-01 7.505340665074148321e-01
1.078463743398058394e+00 1.453856611412748467e+00 1.582241734394641552e-01 -6.839425603106596974e-02 2.968809182050885731e+00
7.523195288551346449e-01 2.011648824458885265e+00 4.306739932826452177e-01 -2.410240168060817645e-01 1.599962222990021221e+00
5.325762225498615887e-01 3.101581390019199080e-01 -1.486615213154593107e+00 8.173282384112079413e-01 8.238952371453907020e-01
5.971675113294052650e-01 1.480230710077013789e+00 -8.558270041155868757e-01 -5.560829982508017633e-01 -2.008483676695949072e-01
3.670658202668936054e-01 -4.344695383770218466e-01 -2.701758194718577588e-01 8.818300641517515803e-01 3.541200958945749377e-01
1.008578731895707570e+00 1.206777954978132117e+00 1.231231147166724993e+00 1.093584872358537741e+00 -4.207863159537197362e-01
2.395180642468738963e+00 2.612128911041483814e+00 7.357847020627908963e-01 1.262939059679439646e+00 -1.589931387885271885e+00
6.166463987321784135e-01 1.323791251366579491e+00 1.056325069086644364e+00 2.304436817269881033e+00 7.068560881332893731e-01
-8.611553858084231017e-02 5.964771722528035003e-01 -2.871299930142003909e-01 2.677624820837369857e+00 1.189535278984967137e+00
1.338828740250682880e+00 2.819778305542319785e-01 1.891069467036630147e+00 9.355484831089336817e-01 1.033706633498140182e+00
8.929775314842727241e-01 8.689322398890042543e-01 -4.668545386865696756e-01 2.722167953276851016e+00 1.860415118159464143e+00
1.910888586185505389e+00 2.782517234006757212e-01 1.616779984903158773e+00 2.421687828722524083e-01 -5.980180363349199002e-01
4.519633335966335430e-01 2.181628164258286873e-01 1.129573160702041390e+00 -4.834252480713920885e-01 1.497216431926289282e-01
-4.270488702604027242e-01 9.253575971482989049e-01 2.294998009025813079e+00 2.674999435324806996e+00 2.571923291753269947e+00
8.088922973455793253e-01 2.305243382060967239e+00 -7.969043393748382886e-01 -6.584263894254005489e-01 1.551295987181062763e-01
2.223485461867822366e+00 1.128829145338249074e+00 1.725512015313797942e+00 2.154737462496782996e+00 2.617786996322424287e+00
-2.209177112470708249e-01 1.569163812578372674e+00 1.952838944502120588e+00 1.946155260144830201e+00 4.625175584396474804e-01
2.514875679707331280e-01 -9.561887254296297378e-02 9.443131937649682506e-01 1.566045738853578229e+00 1.611330636900606628e+00
1.317099415532327455e+00 1.317983692630515513e+00 2.068345180732403588e+00 9.888217026873825644e-01 3.415509533088256777e-02
9.467663121624261269e-01 1.410732024171044152e-01 3.852402579841625041e-01 1.390242603926451936e+00 1.570698591227891683e+00
2.626924894230596497e+00 1.843154740371470979e+00 2.590418276465639158e-01 1.448826612965583349e+00 -8.972482120418123763e-02
2.012723194547938910e+00 1.741050126400839559e+00 -1.987188002689259658e-01 2.153665130365693958e+00 2.111231377339072068e+00
2.181503592991733242e+00 1.607249892445231865e+00 2.458097932375244099e+00 1.509760086528904921e+00 7.631058898123459500e-01
1.247992368501666949e+00 2.960522609810390948e-01 2.179141447966471468e+00 1.060410167135575232e+00 1.023429277442960972e+00
2.914858521826858784e+00 5.299471421966450713e-01 -4.197442063082394981e-01 -7.831721403547664551e-02 -9.361544135405768241e-01
5.004855374549534996e-01 9.453257855632239970e-01 4.401218779441306017e-01 1.544047948130984782e+00 9.618622513322124812e-01
9.673817961811511656e-01 2.711872481188263073e+00 1.038417412876706525e+00 1.442377707305207757e+00 1.539131614634496437e+00
3.166122542168034570e+00 6.128223886082200256e-01 1.484730434352738104e+00 -2.048962783214236527e-01 6.648123046771443612e-01
6.220768976129620320e-02 1.212779793282014351e+00 5.318004740815758247e-01 1.102119571784701435e+00 7.224377218831075087e-01
1.365267651344200805e+00 3.196268601521903285e+00 1.474134435426265322e+00 3.946492447961472694e-01 -5.057232777274356383e-01
7.601975970295651308e-01 2.106539295894171993e+00 1.846553571472649757e+00 2.600953881462574113e+00 -8.048882589581911606e-01
2.234118648578631738e+00 1.383567157566686134e+00 6.930431428859884502e-01 1.625456058354764810e+00 3.441916825106401401e-01
-3.005334658295217842e-01 1.866715892587048842e+00 9.063686169495399625e-01 1.586345435097376466e+00 -1.760139729898611005e-01
-1.566548130805049954e-01 1.421072783923178706e+00 2.474549278659323726e+00 4.852617251911188756e-01 6.231622775211598242e-02
1.113266787893704812e+00 1.881971650880184033e+00 1.065740065265252223e+00 6.347341940417878803e-01 1.606982351647533225e+00
1.125585121358803065e+00 -5.231699944620418208e-01 -8.430404686152777050e-01 1.119876864262505212e+00 1.073100207972985665e-01
1.514999737018540849e+00 7.708346511022406977e-01 1.900709635472696224e+00 1.410877032424548982e+00 6.657939545439572893e-01
2.820033564633894763e-03 1.221923454213601712e+00 1.090778643987192709e+00 -1.568142459459707094e-01 1.338765415027088901e-01
1.944122515457760825e+00 2.059890402057445780e+00 -8.011939441610180790e-01 1.418615396675393825e+00 1.106859695682315792e+00
-7.476005911597680686e-01 3.764416515599382507e-01 1.209589383899853932e+00 1.396238015000238697e+00 1.253738657245758725e+00
2.416362332677572056e+00 9.257100301095361194e-01 6.478238586938829258e-01 1.090509243469341305e+00 2.102775907890400031e+00
1.456222349628808033e+00 5.508203936536875123e-01 2.101389859844001506e+00 9.247887911699350649e-01 1.348303300042585251e+00
2.432989528615888464e+00 9.051025789406711430e-01 7.606273697339179796e-01 1.922431926802664170e+00 1.532131165602421685e-01
-1.565760230328548719e+00 7.270423158002567998e-01 2.421213860492311687e-01 9.219545156414029607e-01 -1.152489746493853495e+00
7.784009080966597383e-01 2.350014404250369893e+00 6.389012555473991828e-01 -2.621496431178615971e-02 -8.246011932831043278e-01
6.707812007158302503e-01 2.826972188116790186e+00 2.657737783441139534e+00 1.758615732698566081e+00 1.559696844389143244e+00
4.574548701167445719e-01 8.886620665085472881e-01 8.831310825768804440e-01 2.138970115129019245e+00 -1.488498789302072023e+00
-2.854161216167585557e-01 1.401353087070122516e+00 1.455482265487444415e+00 8.781467946785118661e-01 -6.687479963858278253e-01
9.351034478143158690e-01 3.333779838224300018e-01 1.397237334309399115e-01 1.659472775747400153e+00 7.720720234131520643e-01
-1.371300533159439006e+00 8.688511862115098072e-01 1.157921093653721423e+00 1.067365427250953180e+00 1.039469709680356457e+00
7.594142167480638639e-01 1.233765252803338264e+00 -4.367362724679215713e-01 3.644540699870968403e-02 -4.788955994797738924e-02
1.000740489286931600e+00 1.701619103895870566e-01 1.143461523728322993e+00 1.052181432138922235e+00 1.289417505985403167e+00
1.943693611752143280e+00 -4.417590631325829520e-01 2.307460105508704729e+00 -4.961241718759124009e-01 8.308465326732008549e-01
1.291622090755108587e+00 1.946165795136428400e+00 1.498522149725086683e-01 1.049402027011118843e+00 5.052380979374035963e-01
1.954191295174482423e+00 5.216543725045998947e-01 1.245288666249814824e+00 1.893022677008749710e+00 7.489810763982540642e-01
3.038249760232466290e+00 2.199654606376127974e-01 1.372982989032154988e+00 9.688505645006698641e-01 5.306423557984402128e-01
4.941725884946156500e-01 2.141318063172249708e+00 1.018436669871118694e+00 2.113058150420758619e+00 7.190078546064604392e-01
1.557585524934506971e+00 1.415177921048016652e+00 1.254738382390228946e+00 -4.774781786870490041e-01 9.183745319567966359e-01
-2.243583868278260507e-01 1.613534447387141579e+00 5.897067031489581224e-01 -7.846628852985804148e-01 9.589136881040366545e-01
2.672557912056466645e+00 1.971253933408827486e+00 -5.685944256430026655e-01 2.125177898910587615e+00 1.988529745239008051e+00
7.751907830833726365e-02 1.945689869918427961e+00 -1.158395174592645738e-01 9.457239062481492820e-01 -4.452978909692830722e-01
2.966435146071356721e-01 2.362605010164440245e-01 8.253866156498415041e-01 7.316503786679016130e-01 7.534919406616176207e-01
7.904593932510579624e-01 3.426232187341879953e-01 -3.574311489969623779e-01 1.025762816517225007e+00 1.861552422519583860e+00
2.234802205519292873e-01 -6.204107918073469286e-01 2.219416096298908236e+00 -2.319120729723243013e-01 1.477717961515909284e+00
3.088477542448982982e-01 8.753029890901721233e-01 5.310675571923970661e-01 5.410018252455408572e-01 -3.198111876361260375e-01
9.810160069566928875e-01 2.091417123090936414e+00 -3.599806065151334167e-02 1.169969370578005430e+00 4.415550453752788984e-01
1.860714554979285840e-01 9.086504828742527629e-01 7.988419461377755937e-01 2.435652402315208853e+00 -1.941423575185374784e-01
9.968942164758608504e-01 -1.739738966020798472e-01 1.437227582109290580e+00 1.715004623684488472e-01 -1.479896139510161746e+00
1.788398130477310666e+00 2.625860806529190405e+00 8.235764367054908552e-01 6.787151837830998069e-01 8.755876409663012616e-01
1.307852634292562710e+00 2.427297230234656045e+00 2.335506846401705694e+00 4.162766629207688140e-01 1.112194972949264393e+00
2.411880301289331952e-01 5.419516416938920944e-01 2.144723137444878081e+00 3.491256212926338032e-01 1.196537402024274055e+00
1.620000712456714842e+00 -1.872070200732175671e+00 8.381409178448131492e-01 2.475480958175105606e+00 1.651443519166608587e+00
2.134353051527797085e+00 1.033291649928818057e-01 8.932426590795851107e-01 -1.846872529549132391e+00 -4.912672849774497585e-01
6.989465607574459893e-01 3.042366831071593447e-01 7.290996293736820011e-01 2.076651206393105298e+00 5.070917648228449037e-01
1.784284889669669694e+00 2.139515803768081259e+00 1.377840489676826152e+00 1.691309862581660717e+00 1.548870168879024067e+00
6.498416195865520661e-01 1.695956755445937825e+00 1.218010441161182511e-01 2.876785870491140429e+00 1.321487695279891739e+00
3.867963648476185901e-01 1.716782627758214552e+00 1.662559963258072537e+00 5.369400401406709822e-01 1.803122244990989831e+00
3.417810014966462528e-01 3.592380971127576705e-01 -1.255103073096357491e-01 1.882890286687761927e+00 1.868838925448130128e+00
1.086753512188929349e+00 2.506460746310759546e+00 1.377804514090671173e+00 1.256828353417949184e-02 1.017107234503085156e+00
-7.731804761545888471e-01 1.498368501262282937e+00 1.670065571173164010e+00 1.259893144745066973e+00 1.149985210552239012e+00
6.035562153521948359e-01 1.012981478383826461e-01 5.656646935173585966e-01 6.153835713836706134e-01 1.205753183673317519e+00
2.064385064352019850e+00 1.664545711179222787e+00 1.110684007406919971e+00 1.938349029240913346e+00 1.045637336087865910e+00
-1.148813974675300553e+00 -1.151018658024906660e+00 1.500429255437039533e+00 1.057550449661511793e+00 2.823170514791123686e+00
2.989638968221575155e-04 -1.529999125117902370e-01 1.372600526021550138e+00 -1.442507953505172136e-01 2.224241390287594378e+00
-9.887866820205586382e-01 1.270510049702386457e+00 3.854657693640423322e+00 5.470799668631016743e-01 1.407346661986794478e+00
6.355585672555357224e-01 -2.364289026270032235e-01 1.426853970223499690e+00 3.811831383458219147e+00 5.746676246353077389e-01
1.361651005997028374e+00 -1.966430114755733261e+00 -3.282024698560450648e-01 1.220713820953490236e+00 4.528859523910838680e-01
1.773080981396776057e+00 -4.806654688672105102e-01 3.632211679312091768e-02 3.946363299494181076e-01 -5.727248606563359878e-01
-1.788903882134530221e+00 2.554503297942378737e+00 -7.566153370557509028e-01 1.419379667985531723e+00 6.804592131109383768e-01
1.347987558350828508e+00 1.295097311348367475e+00 1.622778872618912516e+00 1.280113481343077897e+00 6.183844908396802786e-01
1.653744472186875702e+00 2.005743011235448403e+00 1.742941044794118932e+00 1.021811250227108170e+00 3.944320450554851254e-01
-5.435769359593929373e-01 8.898239186391251332e-01 -8.487928065382122078e-01 -1.541548807798389653e-01 -4.973032030415878157e-01
6.733150156445002477e-01 1.518993815839593253e+00 2.176307864307000628e+00 1.910942912383607473e-01 7.347687462790980506e-01
1.135449770659109792e+00 7.658399605192212078e-01 6.522813577739160484e-01 5.058723519719421358e-02 8.763194586422520249e-01
1.297959082338483672e+00 -8.679672489892265030e-01 3.259186942941504572e+00 1.766441234208919298e+00 8.273226467355508928e-01
1.399222245263003872e+00 1.646761923934769056e+00 1.103839356779927616e+00 1.179083416789685312e+00 7.182465945615921221e-01
-1.961294405206650993e+00 3.425567349654587979e+00 5.681361618800147006e-01 1.547150730374225347e+00 2.221431864219217678e-01
4.348905618716696342e-01 2.003224933933703156e+00 1.433724045429400906e+00 3.437506420176080546e+00 2.420345825911822679e+00
6.300109661548404238e-01 4.942601976089783244e-01 1.600299738760771140e+00 9.237364879009666296e-01 1.351822627660221210e+00
1.616054976411740451e-02 2.933984416261000039e+00 5.412012641513364031e-03 1.526977880399509768e+00 6.549244985965012589e-01
2.039211538418444825e+00 1.476577941151383522e-01 9.854861464583680730e-01 1.727064991718253451e+00 1.872393424285881069e+00
8.774066610206402439e-01 1.101675408106626453e+00 2.523188901373914828e+00 2.156288886147960326e+00 7.436278020725655136e-01
1.659284412882655602e-01 6.455780711863953192e-01 1.410662441987990512e+00 6.104923804370798734e-01 -1.147274670488461101e+00
4.085915060288416445e-01 1.997729972593852432e+00 -1.973117734144067548e-01 1.669848208132231671e+00 1.590488152619697670e+00
8.175183468603604009e-01 3.363188135378075039e+00 1.871513656627956879e+00 3.263381609218193313e-01 2.207079796671925109e+00
1.574707824258451794e+00 1.268542469946646101e+00 -5.074993363974731331e-01 1.566469543659880115e+00 -2.069355684152316410e-01
1.002693853744648367e+00 1.263123122258840159e-01 -3.252278176512497510e-01 1.412117830550358333e+00 2.191543941664161999e+00
2.923233361606047964e-02 -3.305314321560701707e-01 1.722958740595661009e+00 2.637761983044915048e+00 3.283953128991725201e+00
3.028665396440094471e-01 -7.851784962239727328e-01 2.785318961583853614e+00 2.144443092256244299e+00 -8.577361900623281521e-02
6.173440632761408864e-01 1.419767257570334174e+00 1.568500304793737810e+00 -7.337857028371470580e-01 3.709345642466017612e-01
8.687898327295253686e-01 8.163747974454433898e-01 7.738968796548895135e-02 2.928532081024104894e+00 4.992405248127497197e-01
-8.318933452841417164e-01 9.673811750742979942e-01 -7.755005174278717384e-02 9.873155634264083602e-01 1.377071762906425745e+00
1.982338087850541442e+00 1.969904737450901777e+00 1.497461598165342522e+00 1.040490907166005785e+00 3.230695147129276190e+00
1.180174356818004311e+00 1.366033192768101756e+00 1.729915655381138118e+00 5.548767025530958463e-01 1.265976940122161221e+00
-1.011365214564081683e+00 -3.415996661037101756e-01 4.628059853276933477e-01 8.156684223188909177e-01 2.387245454955906787e+00
2.676304560774641628e-01 6.090156375162044666e-01 8.297320210305733079e-01 2.472976036277124701e-01 1.303911564170531889e+00
