2.887947316568190814e+00 3.417563282951476822e-01 8.085921677237065675e-01 1.905061625459196106e+00
8.951875462381614357e-01 1.705416995229465327e+00 2.067344671988016191e+00 9.837013435271804163e-01
-6.768559087717733735e-01 1.408155358533903501e-01 -2.652343581389935423e-01 3.233881537868854572e+00
9.208160105060492207e-01 8.715544987002409316e-01 4.781319294865157277e-01 1.450712512475526905e+00
4.569976199889060897e-01 6.004915231405383302e-02 5.414140233501323340e-01 -4.248159696943016872e-01
1.661212840244572053e+00 -5.944431108992604962e-01 -7.840639059896901131e-01 8.023547582959893454e-01
1.453635747216692309e+00 9.571869422089998025e-01 4.448076051871936443e-01 -1.323281489425016666e+00
1.794398387642113235e-01 -5.626209977166252152e-02 -4.724792495218554933e-02 2.070966606236614993e-01
8.313001910755187795e-01 -2.171257902338525891e-01 -3.789118659226751173e-01 7.070268210913079887e-01
1.606647856200273505e+00 -2.114072808041205231e-01 2.373280564075580301e+00 7.696260137127315382e-01
1.360247458562139800e+00 1.478874801184717702e+00 8.466067847906166843e-01 3.595331540495038114e-01
-1.194198864686306205e+00 1.708760615537237681e+00 1.080083664068090199e+00 3.811161603536599163e-01
-5.150200038416949955e-01 -3.367447937061467389e-01 1.225957675964741034e+00 4.450550928079702873e-01
2.081464584866488110e+00 -1.219442096901448114e+00 4.930340335661432816e-01 1.200040333329257747e+00
-2.649746434617563651e-01 2.152701314114630726e+00 2.510700356920827492e+00 1.744644697962620672e+00
7.589617229445793090e-01 1.686134655473098487e+00 7.402355161827607333e-01 1.152151428293572533e+00
9.222810263291155719e-01 -9.596705465336428098e-01 8.919484944661243420e-01 1.817577388383316173e+00
8.423791184627338335e-01 2.473781088898386216e+00 8.328066700575362802e-01 4.517386281580098029e-01
1.489674683237049768e+00 3.196527659523157316e-01 -8.817627452462906135e-02 7.589364931413178361e-02
1.575644167653509342e-01 -1.337186518692631054e+00 4.270952999330291933e-01 1.778535526350173868e+00
2.860363217156155491e-01 2.994815656068404053e+00 7.067875285390144979e-01 2.226199203451923125e+00
2.282761837483626266e+00 1.776263888170369842e+00 1.271083999960003208e+00 9.324632077333160352e-01
1.000844633258468619e-02 2.260631617001301663e+00 1.580834841746183050e+00 2.252770502153004006e+00
2.483109569382555115e+00 1.323448173586083243e+00 1.621826482983228068e+00 1.046105807604243987e-01
2.046777949857463863e+00 6.805488289565835291e-01 1.468584698711723924e+00 2.001669991795071990e+00
1.479446925047218642e-01 7.051681655651111935e-01 1.546361883355541700e+00 6.817891266503153247e-01
5.877638012307129234e-01 1.335039056928139178e+00 5.041641735629642795e-01 3.419652875686313154e-01
-6.206669051506814583e-01 -6.198981401123726531e-01 2.354616230388974607e+00 2.887120401479108533e-01
1.435016507375044048e+00 1.373051964372949962e-01 1.844486633635265438e+00 5.765948954539392712e-01
1.268872845239098268e+00 3.095535884786662528e+00 7.846499644704693077e-01 4.257157834647274930e-01
2.445399196603164960e+00 1.119662458225862078e+00 1.607213344074590822e+00 1.655717793487011757e+00
2.069811864745228824e+00 3.395448583745674931e-01 6.766408538329193867e-01 2.181571246523935637e-01
7.021022622786414757e-01 2.753857783031676831e-01 9.542221749651629281e-01 9.575163440847238583e-01
3.456385772859555061e+00 -1.966534760764347300e+00 2.121504552134511723e+00 7.875725355103571079e-01
2.047055840681624606e+00 2.492939437577556205e+00 1.036262321386777874e+00 1.199620251298225915e+00
9.229352869144147320e-01 1.717728126796378874e+00 -3.286221228475205702e-01 2.268720788542510469e+00
7.557495106394191975e-01 2.132698587305362548e+00 -4.473556084281302692e-01 1.104437518810011731e+00
1.294361385024632050e+00 7.591782847299367587e-01 1.342514320082909274e-01 2.857299782599811433e-01
-5.493475893318693348e-01 6.259701317364079198e-01 3.695044488749380296e+00 1.895788612125452577e+00
4.621100704432730133e-01 7.587698964722857653e-01 1.536607343979633056e+00 -5.930408950758137010e-02
6.469966412718166637e-01 -7.454130961757148288e-01 1.901500541055153537e+00 1.989212948839741646e+00
6.657335260016392642e-01 7.414195848155502588e-01 3.302954985198914839e-01 2.033679493594669374e+00
1.547718152764311128e+00 1.912620498438385663e+00 8.097991737084478947e-01 1.320947237826192833e+00
1.896323000061234110e+00 5.279310888265393853e-01 1.383399823691566333e+00 4.570789371249280864e-01
1.846665340907735597e+00 3.661288606455601613e+00 1.489495225506259679e+00 4.252247014578881545e-01
9.465485158862099180e-01 -1.962859245565578004e-01 3.050325819760044688e+00 1.629984451013950952e+00
2.493489080845995298e-01 1.125128292950494213e+00 2.304218061546262852e+00 8.783835475739122378e-01
-8.267240346169795195e-01 3.069555015672342790e+00 1.356755207111399963e+00 1.441984458827765714e+00
1.531343922294652993e+00 1.258770438893630050e+00 1.416509365659045949e+00 6.228858990830714593e-01
1.287396218563794381e+00 1.923147814782442122e+00 -2.874272552646415235e-01 1.080793991088620398e+00
-1.576143514637746712e-01 4.469765288317822938e-01 2.203057496387529568e+00 -5.568042031053266339e-01
2.021429208523169985e-01 1.694772282983493028e+00 1.377169824525732222e+00 1.356156078601134407e+00
3.816801089557695370e-01 1.068402846756699720e+00 1.102356700359143016e+00 9.717690402359480117e-03
-1.552818161319651225e-01 4.223611959579306463e-01 1.876904997861409186e+00 1.851113912365834890e-01
6.733651158431254169e-01 1.991324394409262455e+00 6.015132645002699840e-01 1.557992622041533437e+00
1.137724924943877003e+00 2.551703786751935876e+00 7.904253332364462592e-01 7.521526540630188995e-01
-2.853938458091991315e-01 6.916313840325605256e-02 7.698784849978017597e-01 1.683986365662195617e+00
1.291950505009434202e+00 -3.440432432329263435e-01 -5.195645004160991398e-01 -4.138955668376922414e-01
1.844022521094758726e+00 3.255616113828223579e-01 1.678525071640761368e+00 1.125982869195698122e+00
2.262016091545267393e+00 1.114176383661759306e+00 1.260647977421668564e+00 -7.185855928678244187e-01
8.887680349831972304e-01 1.078532536932898633e+00 1.624796678887381773e+00 4.008828822308949658e-01
1.586605815452749368e+00 3.848971854405808246e-01 1.279306947860780586e+00 1.909919390674727158e+00
6.980933953538983605e-01 1.324595417996686564e+00 1.792385800479669999e+00 -4.891061461290819867e-01
1.104578444736799892e+00 1.084868413137263010e+00 -3.947468418870869744e-01 -3.813415624369720369e-01
7.168016280721651867e-01 1.375587024488789334e+00 -7.445060018520965883e-03 2.168472236428180100e+00
-2.849781956831487495e-01 -1.457389812129652018e+00 1.281724128188226786e+00 1.084468466788905072e+00
1.216897850136444026e+00 8.517780148366839166e-01 -5.811870365429472329e-02 1.909882525492633931e+00
5.144651449300887691e-01 1.843766079630909438e+00 2.243044985024071902e+00 -8.109122034032134607e-02
7.828133790729780994e-01 8.495532102957277232e-01 1.116374115104845188e+00 -1.133780781662580672e+00
1.018874243760179876e+00 9.696611562382079219e-01 1.189489244312112559e+00 6.063304969272088618e-01
3.011613068547580596e+00 -2.642017092514457044e-01 -4.687656159693307512e-01 -1.225789068975660090e+00
-3.125050534426763171e-01 -1.673980236863665816e-01 -9.757276747302603415e-01 4.543728881901076821e-01
1.439805736395288527e+00 8.190461550252045031e-01 5.993508050093887540e-02 3.064564399167045705e-01
2.213309387461256605e+00 -7.068243108202887370e-02 1.504129460989571232e+00 1.096625682836304350e+00
2.272104764471839289e+00 1.093659213296628296e+00 -6.867306482486021935e-01 -7.372487378056602481e-02
1.738069669452556365e+00 1.467363267599044896e+00 7.525338588709133969e-01 1.585897250988241414e+00
1.955910248425722253e+00 1.877003696897124652e+00 -4.016702155789086959e-03 1.651194554391180569e+00
1.972237080840893997e+00 1.172443404015337087e+00 5.493041542004137856e-01 1.014814952604313092e+00
4.421528773553530245e-01 1.729892817523412951e+00 1.149183288115650514e-01 1.278195173091645431e+00
-1.996286230592261290e-01 1.374138304361547380e+00 1.968956303353688320e+00 2.661571327135695775e+00
1.426922535316954566e-04 1.693028608929606271e+00 1.407715712304885569e-01 9.809336627708675760e-01
6.483953622037248454e-01 2.334339393207895519e+00 1.451369375458909428e+00 -2.402569107496954626e-01
2.746718063422519229e+00 -3.387345700097035284e-01 -7.362572586195690327e-01 -1.200769326681243587e-01
1.729771746326939974e+00 4.279238404001942664e-01 4.789995165734101112e-01 1.747282611671162833e+00
1.666336029010234476e+00 -5.835687072946638132e-02 1.718652111684028316e+00 6.489503235435185591e-01
1.892890294485852554e+00 1.035577306269160669e+00 -2.048206958132512412e-01 9.767122624464870118e-01
2.764434064096796817e-01 2.687230968074931781e-01 5.698787786183991955e-01 1.508998315140860136e+00
8.505174594153080969e-01 2.005437811115716507e+00 4.075418982284799707e-01 1.415058623657160286e+00
1.877368140172473998e-01 -1.907671252117948413e-02 2.061563172947103340e+00 1.363047141615522095e+00
-3.994178134564094762e-01 1.071168365463059935e+00 1.500724081720216541e+00 2.332190565597749732e+00
2.085780188876261931e+00 1.023314488949896406e+00 -6.836501968368999815e-01 6.157688132690308791e-01
-8.113664925712464893e-01 3.134084276795660706e+00 3.697301181879027787e+00 4.966920190541002089e-01
2.355564830888174921e-01 6.449099254934615999e-01 1.335596371153395356e+00 1.732511096075006307e+00
-1.879492235471740269e-01 7.258779420625226519e-01 3.135956477992014602e-01 2.148716985847301864e+00
2.204200467688020915e+00 2.472975514616313486e-01 1.415220197495928423e+00 1.067487160429323012e+00
1.050702381722789847e+00 6.508920887356953733e-01 1.300028319531256749e+00 2.530409910453176980e+00
2.713904771110120073e+00 9.392645905555273567e-01 5.100038931430543876e-01 3.455020326008336085e+00
2.998236475720958083e+00 8.054861117924089209e-01 -9.965406992017911136e-02 1.233586029769226711e+00
1.539634870256731736e+00 9.163780065935904773e-01 -5.242714086079698355e-01 -3.736424497231174424e-01
-3.839085333370935160e-01 1.777950441635742784e+00 2.757100975799501308e-01 5.929574425637352819e-01
5.322463471880598540e-01 2.186687850488956197e+00 6.130366609072832595e-01 3.432748550146669242e-01
5.490873719752280557e-01 8.655366196299217885e-01 1.711206456207128301e+00 2.292835765414660720e+00
1.554360970141840603e+00 1.898116993202896730e+00 1.780860308103433987e+00 4.848692257788783655e-01
1.768835531685179152e+00 3.533399399669700180e+00 1.190279052593985920e+00 -2.405782657472799180e-02
7.244359006054570393e-01 5.017283352335570878e-01 3.776496029419892375e-01 4.397160014815378881e-01
2.124536936238408114e+00 1.750525410608138710e+00 2.614075254303590334e+00 -7.588336550228595989e-01
5.151066393440949520e-01 2.265408474956433160e+00 6.220155522649020163e-01 1.383649688367420971e+00
1.391894992832794831e+00 1.198151603052129754e+00 -6.352637898335029565e-01 2.811375114942257447e+00
-1.740926022402278228e-01 1.225254220009487138e+00 -2.959510918603807106e-01 1.651328365102427087e+00
1.972746150592350478e+00 2.184086344279853265e+00 8.951554631018320274e-01 2.405877492415103180e+00
1.974242133885205197e+00 1.601538026350936006e-01 8.293191418361969269e-01 1.223066621167919310e+00
1.229373887601686199e+00 6.779331621272344233e-01 2.497934191862857256e-01 9.568340958835710452e-01
2.044242639504745718e+00 1.699755524879739133e+00 5.900226521048224093e-02 1.365309530096239676e+00
2.050289366227432630e+00 1.353414697768388963e+00 1.924473738816498969e+00 2.335156507070765830e-01
1.721678962001865099e+00 2.169583115500994808e+00 1.840204089382293517e+00 4.536862621403863205e-01
2.863807356721976838e-01 6.515259943195065295e-01 3.415723505878506927e+00 7.753539642403629584e-01
1.037172206462729340e+00 9.840248667344495548e-01 1.464774186226792896e+00 1.860006011239149215e-01
2.454327809414593276e+00 6.220746834495309852e-01 2.117415602076205161e+00 1.991836731259343019e+00
1.200516905572456050e+00 1.209795987633441205e+00 2.755552242744117919e+00 1.941312627929280943e+00
1.453294917507962136e+00 2.264684088428627895e+00 5.061766968951002532e-01 1.575332750457522746e+00
9.521984927037043800e-01 1.541989704490805968e-01 1.818819974544586549e-01 2.396452850074206609e+00
1.713755237001751031e+00 -3.368093197778025960e-01 2.048928235179954704e+00 5.169391585449942816e-01
1.857634094157925464e+00 1.701185152206178053e+00 1.082434771911056304e+00 2.032422097146954876e+00
1.982241977041728775e+00 -6.163421351192728270e-01 2.826473815173052850e-01 2.070682173157250894e+00
2.919121931422020699e-01 1.134020791270540673e+00 4.242156828335000851e-01 1.999135801513324262e-01
1.668937158561500267e+00 1.705426438805576872e+00 1.059818090364606835e+00 1.180624966491345518e+00
1.051503365042797178e+00 2.180653800057360314e+00 1.568742704521686626e+00 9.925230970291117893e-01
1.234473635256725377e+00 3.882276165492918318e-01 1.385224474414705753e+00 9.143563677359953790e-01
1.330342795499948716e+00 1.452640724523608151e+00 8.252945898719799001e-01 1.531799983303943513e+00
1.943688416436486932e+00 -4.295815173610810778e-01 1.831221825375836110e+00 1.426523701084559281e+00
8.254192139062991318e-01 1.579574446235457064e+00 8.419035303848030338e-01 6.320268996876843293e-01
4.235826537277294079e-01 4.988862229374566581e-01 6.075793533517200862e-01 1.449512411501489684e+00
6.133480706151057671e-01 9.980246537082563263e-01 1.309595847923457734e+00 2.482051844587529477e+00
2.097166033456619338e+00 6.165199509089289709e-01 3.056931739520587499e+00 1.043786711587856075e+00
-1.976924705950497962e-01 -3.685368052435200603e-02 1.353897015501237311e+00 1.661675519499274500e+00
2.413025422036386480e+00 1.276664004086366599e+00 1.301272579995716772e+00 9.450145477382108083e-01
-1.256429104443519407e+00 -1.112730671345918410e-02 -1.713024074260252050e-01 9.769622344609126818e-01
1.922361220766745094e+00 1.213351782452595229e+00 -1.871897907213297962e-01 1.463449050831564513e-01
1.193179651203647440e+00 1.232619726723643172e+00 5.254296126628814623e-01 1.688351039988368552e+00
1.518076108021130910e+00 7.174757647428375851e-01 -6.118142892988651660e-01 3.093963863681016502e+00
1.400009878428040144e-01 5.464464958774684078e-02 6.178343401053791872e-01 3.553836305235985593e-01
1.401766178111731431e+00 2.238581095764575757e+00 -4.042470027485414175e-01 -6.320452895211556843e-01
2.820110343396612373e-01 2.215163804796496105e+00 7.305817457905692258e-01 2.111827768512740011e+00
2.177727704882038484e+00 1.151728710292992952e-01 1.841273532996070772e+00 -1.974883578200732348e-01
1.979056480960647235e+00 1.061560705894309731e+00 1.374563613695595210e+00 2.011775557019176652e+00
3.918199078190536255e-01 -2.794353749102107543e-01 8.584694193623338965e-01 1.105107259716700430e+00
2.300529511285404283e+00 3.949118797848442330e+00 1.595995448024557728e+00 8.609912615433110705e-01
1.500839316188900430e+00 2.717078029068030087e+00 3.034956223933223951e-01 1.472013965886691977e+00
2.509695489238580324e-01 8.059384481301297143e-01 1.857356927411759617e+00 1.827425125028722341e+00
1.169831933833636928e+00 2.915934222368727013e+00 1.794745765556432726e+00 9.833375423972816609e-01
1.521701584471264468e-01 1.459496083819576517e+00 1.153541384134135317e+00 1.871439028389231929e+00
1.645832884930060747e+00 1.463146746225351569e+00 2.356521528525704845e+00 9.065479649957789432e-01
5.007795303940423270e-01 1.717157994875377902e+00 2.017562781468662969e+00 -2.061257477512135061e-01
1.901372768059006679e+00 2.150488971207794586e-01 1.002666886873170293e+00 3.183910726227521693e+00
-5.106516221685779566e-01 1.333948930294404533e+00 4.020341537115680319e-01 1.977134135236694235e+00
5.765850155905102303e-01 -1.917903349862102313e-01 1.310545931803566599e+00 3.092173945487675102e-01
1.566597341417789391e+00 9.125269397302275820e-01 -7.852064193038561513e-01 5.642524287396388782e-01
6.160866063134282644e-01 1.373769194841446550e+00 1.675121823100624407e+00 1.387451172597813809e+00
7.072635290398786578e-01 6.440920087493001711e-01 6.716979811068957140e-02 1.094682989973273735e+00
7.579884743776744704e-01 1.171230503004904611e+00 6.573594305230033852e-01 1.447379780873662369e+00
1.164709744258390467e+00 -1.253768564734166535e+00 3.165815306693499087e-01 2.474095039625664683e+00
1.138861671392252362e+00 1.653652462753194552e-01 -4.440419594662468050e-01 9.399269983453180100e-01
1.190887653481662589e+00 2.335544043165784789e+00 3.488138743516195905e+00 2.812009806149445845e-01
1.219064562902406612e+00 5.859175367463544948e-01 7.040864180546968498e-02 7.047841832855457067e-01
-5.554182760556456433e-01 1.017911680941371522e+00 1.532944274386421668e+00 1.079751184853129597e+00
1.139098287723742331e+00 1.252388283238088151e+00 8.088124120930401117e-01 4.166118721008096326e-01
1.273039447953109526e+00 3.764488388687547982e-02 2.784053042414196266e-01 7.586596324896930366e-01
1.630467664325525590e-01 -7.730448595528991440e-01 8.096810112235093282e-01 9.146445950149550974e-01
1.813655946733745639e+00 8.687983330231421331e-01 1.076739839122876408e+00 -4.655165628176516357e-01
4.278895277657722707e-01 8.887946595014288853e-01 1.090994738530060681e+00 2.117775581478433367e+00
2.951412915649813673e-01 -1.134169401519091736e-02 -1.072941931105754421e+00 1.588114129970576105e+00
1.191210640247842401e+00 1.691560325001566945e+00 1.468740296353875152e+00 1.126255729544644479e+00
2.471120590142033002e+00 2.589118394969260883e+00 1.992468684325607864e+00 1.647720712977887025e-01
2.238611525484429654e-01 1.049545882934418861e+00 2.296718018305938358e+00 1.697725025128723919e+00
1.182350882067038089e+00 1.682733068487030081e+00 -2.887179485544923985e-01 1.387354335173168973e+00
-1.474054157681834010e+00 4.230668735178434448e-01 2.602610259603453713e+00 1.786985332381284319e+00
1.466279591136949279e+00 1.078582785065762550e-02 1.647644555497546071e+00 1.695298183323789676e+00
1.866057949753397338e+00 1.294717604767602115e+00 1.471623419145667633e+00 -3.164834223239585409e-01
5.993154957288997497e-01 2.831274077993739535e-02 -8.587806885334225981e-02 6.830498586626900792e-01
2.690380449803482232e+00 1.175077392619600758e+00 2.193349408762690356e+00 1.522889516250719888e+00
1.837369315424860972e+01 2.094867391467739992e+01 2.074432421657008518e+01 1.969073295984661343e+01
2.080134171081456884e+01 1.963231607912238630e+01 1.969740774623281965e+01 1.892734508864605303e+01
1.998963499112283060e+01 1.962916855515115344e+01 2.034040227248804911e+01 1.872360804912033316e+01
1.978076519153276891e+01 1.993193243572063977e+01 2.072926218667286946e+01 1.821830252232678404e+01
2.051434185440663072e+01 1.950063263863943774e+01 2.002587646308513314e+01 2.111387420683635696e+01
2.030290106431287001e+01 1.899457344407623793e+01 1.996828688594787238e+01 1.902267005364316788e+01
2.054648215625527641e+01 2.033726157342609042e+01 1.897667130585103479e+01 2.250745030384480216e+01
1.849694457471454712e+01 2.067963191265822687e+01 2.007778940768023190e+01 1.920811438656564718e+01
2.146755228542309268e+01 2.148465386241577235e+01 1.801715133628835019e+01 2.038733462205877700e+01
2.102284277708685067e+01 1.996249432229891596e+01 1.649544045897093625e+01 2.027620950615234463e+01
2.021621616873709115e+01 1.994299523010712605e+01 1.955367515250698318e+01 2.056193248058347933e+01
2.078731913539667175e+01 2.100079918680447122e+01 1.789082866538211647e+01 2.164049456599689947e+01
2.106703201993389385e+01 2.138483398069213592e+01 2.093794325143291246e+01 2.137760270554148789e+01
2.181663183929189387e+01 1.938399373546901572e+01 2.038870299105508721e+01 1.880612807680171983e+01
2.043922677193074477e+01 1.885657802554042917e+01 2.119777478639374735e+01 1.955060321114753918e+01
1.992585023265957034e+01 2.048551407582991146e+01 1.984547821797567124e+01 2.124313300306330277e+01
2.019577585288748622e+01 1.897754664430099325e+01 1.895277889184890796e+01 2.096336209114442894e+01
2.122605091913159825e+01 1.967794790499941371e+01 2.020145934737971416e+01 1.970659904970783671e+01
1.949434532493768657e+01 1.942837357389434771e+01 2.083014862718329141e+01 1.999354140282202152e+01
2.059077595863399424e+01 1.885364823767579168e+01 2.116862318026564793e+01 1.905297447522972121e+01
