9.860627552495425663e-01 6.290160131673913080e-01 1.606750223554300305e+00 4.982802096651933743e-01
1.589501728221549337e+00 1.404154980659753083e+00 8.346472235020898633e-01 -8.071318143891097474e-01
2.370637103174066951e-01 9.824466396679933933e-01 3.588989674409998054e-01 1.499382774271689422e+00
3.054056542942725772e-01 1.587313888794264827e+00 1.182061634944576500e+00 -6.977471344341168447e-01
2.015749503704299395e-01 9.469850450312976564e-01 3.599823539962594410e-01 5.879085772310685964e-01
1.072133838057699906e+00 1.733039060655425345e+00 1.851261713629572814e+00 -2.227877835334843848e-01
9.427285263390572378e-02 7.773080155118847756e-01 1.246378569995049812e+00 1.977303107934453852e+00
1.612666021914646697e+00 -2.770013740826500204e-01 1.225918649620849621e-03 2.485256219880749295e+00
-4.797407274904896823e-02 9.336127221110149810e-01 1.929887547925846825e+00 -3.510724662381874417e-01
3.790373516236448248e-01 1.500524166039223228e+00 -4.036318870148345450e-01 1.003500278551233027e+00
1.025137124153172596e+00 7.328810882492529100e-01 6.765837189159857878e-01 7.430411613156437944e-01
3.573699482058771970e-01 1.278153022179362219e+00 2.279371618125765053e+00 2.517136870534835591e+00
1.186662548219710622e+00 1.672224335908728765e+00 1.924374223756448954e+00 -7.718453784217698121e-01
8.557452640755272011e-01 2.112235877944697915e+00 5.524809562007444441e-01 1.261994668862531199e+00
-5.745854084865031908e-02 6.442760657086004095e-01 4.687618995251247034e-01 5.023315383385839050e-01
-2.376695755478887229e+00 9.079668184556041188e-01 -7.739594867035504144e-02 2.008808272471896972e-01
1.907878370045177130e+00 -4.315168055172833306e-01 1.999988890098777006e+00 1.651808240071147349e+00
4.572746578484131463e-01 8.389044125833966525e-01 2.626390570800705149e+00 2.234932145627415601e+00
-5.660623163124303137e-01 5.439950756418765465e-01 2.237350539156406803e+00 3.942879431875637719e-01
1.692929067532606968e+00 1.828274417873017477e+00 -3.171849416943159916e-01 7.094711782956315549e-01
1.351068103535810971e+00 7.461083048834713516e-01 1.442370604909879894e+00 2.343743388165218988e+00
3.175897912953327129e-01 2.621741763750621068e+00 5.146481695296767356e-01 1.348555208355439516e+00
2.881922459781235402e-01 7.300406190493902159e-01 3.542214908458796163e-02 1.063751195043871167e+00
-1.064665496660303745e+00 4.684060341933873328e-01 4.275413473836492395e-01 2.752111934548491234e+00
1.107560764748745541e+00 6.385204794817054275e-01 1.469042868087241605e+00 7.531715328541350729e-01
2.501107297888313763e+00 2.736080166173759487e+00 9.005122749744264299e-01 -7.138305627491650096e-01
4.600878237905969836e-01 1.213682867753835604e+00 2.421279891879171586e+00 3.361820566060798932e+00
-9.685321693856872027e-01 1.871903302102750910e+00 7.483408986696563625e-01 -5.322807605871124892e-01
1.699884727515434513e+00 1.080358820713451351e+00 1.602755356327244529e+00 5.335570238630141793e-01
1.348890754896403532e+00 1.159368105344227073e+00 8.395304673748971158e-01 4.029835861231063632e-01
1.253594530854898359e+00 1.987336615426449349e-01 1.659242197580184097e+00 7.550476800317560411e-01
2.515896447794734314e+00 1.625744381743375433e+00 8.447050662092481232e-01 8.156281537077454402e-01
1.373804957604829013e+00 1.254444197287245100e+00 2.274159834909663225e+00 1.931168959652532102e+00
2.528745235444040063e+00 9.351481041974666342e-01 1.673355008717000825e+00 1.746518237603476020e+00
1.049591385336800409e+00 1.978718654623815354e+00 1.593750527224066849e+00 1.505542164870042665e+00
2.057316875686925339e+00 2.494385667415414121e-01 -5.682008476090123494e-01 1.867784962865523868e+00
2.932141193989274974e+00 1.623073771998049031e+00 1.463814061273153611e+00 1.528494173152937563e+00
7.399312925037750954e-01 2.197549832325914831e+00 1.332299539928905929e+00 -5.465676071267386860e-01
2.262401619903354977e+00 6.743461125138092704e-01 1.684473026363745740e+00 2.004160427745846462e+00
9.270863306233322332e-01 1.190438498346218399e+00 2.129070598822297100e+00 7.127866916840471800e-01
8.047543557794261115e-01 1.297582555298755658e+00 -7.413286009822908085e-01 1.906437024306664174e-01
7.552429324838783042e-02 1.573496145853635619e+00 2.103094527715138051e-01 1.983516658439974378e-01
5.192728075985473257e-01 6.521394606716461873e-01 3.040213121948306396e-01 1.531101659381356450e+00
2.622378490539204465e-01 -4.884165051907043420e-01 2.541898798368765533e+00 2.290881037257720187e+00
1.070901692447719045e+00 9.525069699710719817e-01 1.264779550105193273e+00 2.430376723625182755e+00
1.845941423781125579e-01 2.180685056000688959e+00 -5.875066544506359900e-01 7.907868078005941825e-01
1.861013901289561900e+00 1.827876301602173070e+00 -9.358208997978152421e-01 2.321860468432049629e+00
-2.695826118107540470e-01 1.577752733900518844e+00 1.505368470896180977e+00 9.217904545752517720e-01
5.177929030018024736e-02 6.545378735705327244e-01 6.942655127714207897e-01 1.562286760602434654e+00
6.935721136048547120e-01 1.083198229487578157e+00 2.601486786095186687e+00 5.381640232362951970e-01
1.149864742763094583e+00 8.438608435064486324e-01 9.949905583915211738e-01 2.172248255353865343e+00
1.076507343636230907e+00 -2.608115782882729494e-01 1.367856230351279789e-01 1.685052147199385342e+00
-5.771405136601515107e-01 4.371974882336535639e-01 3.241683317003707376e-01 9.790146949140958732e-01
1.132973235296908188e+00 6.725745283399495733e-01 1.497265047337428712e+00 1.364232142292321814e+00
2.797363548296235791e+00 6.519258970864469926e-01 1.223879133698537958e+00 1.476698402465541182e+00
2.912686907590570362e-01 1.544534136666059432e+00 2.763402272576467311e+00 4.847795136262182947e-01
1.787314101581945369e+00 1.644111040835382287e+00 1.650321491934168217e+00 1.235536688531652993e+00
-2.059098481673533598e-01 5.730479236418295486e-01 3.160742543948506178e+00 -9.610897227925514485e-01
2.892375866152248065e-01 -8.922007625378856055e-01 3.082811655704850162e-01 9.055680424710010890e-01
1.684148373073311777e+00 8.515943403742629592e-01 1.325953577121649296e+00 1.932496313893480311e-01
2.155599779107892910e-01 1.509591314251411909e+00 1.220469406468953855e+00 1.523380137145311508e+00
-6.568822957993658562e-03 -6.134193615815508593e-02 6.928661331436474224e-01 1.122339116690820759e+00
8.888711836511956621e-01 9.879432023308232225e-02 1.666328843686380345e+00 9.528280443176226910e-01
2.133853908199198290e+00 1.224278065927605130e+00 3.146004086792868470e+00 2.137804728830102974e+00
5.949074719081666185e-01 2.218923639536810377e+00 1.801418867941178226e+00 7.900195701372059176e-02
-1.022955015251421074e+00 1.702240003224845255e-01 6.299898514120954029e-01 2.429474571055194154e+00
5.036078597580636584e-01 2.851690082264806136e-01 1.166018640883232482e+00 1.137328380613664480e+00
2.449940816855515457e+00 -4.883770025404947646e-01 2.124791803728370843e-01 1.693049147476763050e+00
-4.410197720477744276e-01 7.501763519335653552e-01 1.999543755245457577e+00 -6.573898145081091826e-01
3.528486170904054919e-01 1.505152526088960663e+00 1.104526413501580651e+00 2.026167024725201493e+00
7.279741477397361216e-02 1.199574943161461293e+00 -1.626172400800194318e-01 1.505172301448702621e+00
2.977468230498639734e+00 2.058565913404756476e+00 1.475395494091170656e-01 1.110737132735018395e+00
-3.706830783332402124e-01 9.063708531470866525e-01 -4.852179902012676571e-02 1.375466737219755542e+00
1.863002517443166361e+00 1.124299449069356083e+00 5.175213455812948116e-01 1.143170691553974549e+00
-4.960963597199132824e-01 9.322575679722132636e-01 9.779552145663636953e-01 7.612820148919319241e-01
1.352113683041474834e-01 3.249695099319553915e-01 -2.792847869616648104e-01 1.210383151578162675e+00
6.684031135750787556e-01 8.587713738718452117e-01 2.176441492150930301e+00 8.834984881578803462e-01
1.098648412021981269e+00 2.045007174139935824e+00 6.793457178053623480e-01 -2.232194506831601810e-01
2.501539886066040941e-01 1.652124075259469915e+00 1.389481748794140215e+00 2.497631696984371263e+00
2.306137465536571174e+00 1.684893535048718416e+00 1.782329381286846814e+00 -4.860577314384721959e-01
2.760958150323676197e+00 6.308742387332811896e-01 2.114407810488809769e+00 1.704153963457161636e+00
1.827712473085346012e+00 1.247919604340514077e+00 2.523349115026818801e+00 1.292619307478228396e+00
4.797350661252183235e-01 4.911498620232978007e-01 1.491410854118575768e+00 -8.005961788600963747e-01
2.551982861036622197e+00 7.508424763798470236e-01 -3.543122852578672877e-02 1.532195925462654484e+00
1.503911696017758981e+00 7.526598200903287239e-01 5.186291111293679368e-01 -4.015681763078491340e-01
8.256536234643417904e-01 2.385275881508818197e-01 2.034145698050656037e+00 2.170502426891072645e+00
4.955771635474637282e-02 1.002600017323322046e+00 1.843946354260579401e+00 5.224679818241098062e-01
1.185622634818616739e+00 2.862928527440468107e-01 1.358565824634369701e+00 -1.238442425940119662e+00
-5.399647843012738146e-01 -3.632375728013224059e-01 9.979884104332418238e-01 1.632710694290163467e+00
1.368207635838069258e+00 8.987692214498407273e-01 1.443808892696476720e+00 3.311530125234602551e+00
1.545044101648515911e+00 1.612134922828725170e+00 5.976009620627470431e-01 7.473948901878776363e-01
1.410706788450049931e+00 1.661356882792973888e+00 8.739894637882921202e-01 2.073687658899292519e-02
1.737174390449459871e+00 3.140186051890287100e+00 -2.892830810252953189e-01 -1.591193260781142094e+00
8.533318305045205499e-01 7.828705646034601617e-01 2.791811529656233137e+00 -5.596701969306101532e-01
8.858479849126873473e-01 5.431690768811038295e-01 1.315020854994547461e+00 -2.395986304541715128e-01
2.279490442082377832e+00 1.453002561248313951e+00 5.086587131968403064e-01 -9.406913702210744077e-01
5.319001239002968395e-01 3.194888066955468897e+00 2.535202862080712105e-01 1.365719483497124909e+00
-1.871087210686637192e-01 1.976723181452861633e+00 -4.330125588372841783e-01 1.997358333821422249e+00
1.435056021385685554e-01 -9.049389386919881595e-02 2.343268581702828701e+00 7.374277418109151938e-01
1.677897673831677317e+00 8.368859871791263227e-01 1.551389664798783041e+00 2.434976360932540551e+00
9.165809159688788066e-01 1.323068998778179406e+00 1.041251072380043441e+00 -2.758850888941843937e-01
8.914822985496195784e-02 -4.896545186248564274e-01 1.051355166417160314e+00 -3.004851490548061665e-01
-1.405846841913094281e-02 2.798190862104454446e+00 1.991509088344326495e-01 3.409328058206184675e-02
1.177268206908386627e+00 3.397068612862460535e-01 1.258706182744568247e+00 1.375967465141740620e+00
-2.889018331456356670e-01 2.167063351653609971e+00 -5.394744295218512065e-01 7.904286504358167820e-01
5.296739875661873320e-01 2.114506135520565433e+00 6.176512010834842581e-01 2.412365660537710177e+00
2.320710778121604534e+00 1.104028618741525136e+00 6.984778937635298668e-01 8.118745974938237353e-01
2.259640619481511514e+00 2.350810120651141144e-01 -3.053667262982564523e-01 1.075983180141075746e+00
1.091023876617331911e+00 6.944063505919784163e-02 2.528832157101869704e+00 5.103818091230751808e-01
1.682833160443617304e+00 -4.264373971590336154e-01 -7.644951276135485418e-01 -9.603785172634626832e-02
1.550587661152613927e+00 -2.411227670369984200e-01 2.683475547129128724e+00 1.393208038661528425e+00
-5.411931436444761268e-01 4.613192634756758670e-01 -2.625670132086199704e-01 -2.433039041154854143e-01
6.075018631950392933e-01 6.441871819707420954e-01 4.362936959225472977e-01 -9.981203566028984397e-02
3.431595247206706834e+00 3.163884219881999638e+00 1.951644863589627743e-01 1.247257147534204025e+00
7.766520204921386616e-01 4.690613253631366053e-01 1.017110165381187148e+00 5.586841790436596344e-01
-9.989835755231144532e-01 1.186883132948086894e+00 1.325404650858168276e+00 8.886775842162586425e-02
2.821603752195519732e+00 1.366813986451688834e+00 1.280514998876093102e+00 4.432246355182974940e-01
-7.723949204094198162e-01 3.371712857333015734e+00 5.879518600826472152e-01 6.162891529705818439e-01
3.967853279151637436e-01 1.459948573397273908e-01 8.591463822731594258e-01 2.622174393990015062e+00
1.662976192807954501e+00 7.741813343880801224e-01 -7.043650439332238555e-02 2.129603200969974797e+00
6.665671393916030585e-01 1.758352911387486284e-01 -2.028907786708507022e-01 2.158143638542544984e+00
1.969858237100055698e+00 1.042555787446521220e+00 1.516771407274452921e+00 -5.863754812700530117e-01
-3.250909776799044693e-01 -1.310729287556674727e+00 1.979060677339904650e+00 1.520780849628259546e+00
2.027531618552120385e+00 -5.392478938683218370e-01 1.201872013671692718e+00 -1.932396412814019193e-01
1.500544849435238692e+00 2.847195465383381308e+00 3.306507040214726745e-01 7.996916460986500663e-01
1.280714769200928416e+00 3.169505615595514136e+00 9.065899830346658694e-01 6.314648675308006665e-01
5.897248408507140827e-01 3.583340311768580255e-01 7.437160315276591938e-01 1.838210987434779620e-01
-6.620234992174176547e-01 1.986737488647040362e+00 -6.197957214597118458e-01 3.160377013046931083e-01
9.257706827898480872e-01 -2.527848855355088187e-01 2.269210992069882415e+00 1.505590480660986330e+00
9.067869936169642431e-01 7.910570071928210156e-01 4.714411330172548764e-01 6.063352121867899847e-01
-5.044754009225631552e-01 3.949849754941046065e-01 1.633652572526702595e+00 1.154553170343141089e+00
1.167582237331484141e+00 3.796386720619426836e-01 7.673155514244216491e-01 1.971751018610772732e+00
-1.412470713939826261e+00 -5.733637082908722427e-01 1.346032202022977131e+00 2.065624122629022175e+00
1.846009374982252593e+00 5.413310821762364888e-01 6.022242851499475247e-01 1.272516024324894079e+00
-6.214669614084276095e-01 2.386180726998046175e+00 1.358563896864799281e+00 1.290336581283919815e+00
2.290814844466729561e+00 1.599881532193408784e+00 1.340860980298109517e+00 1.126175354873910184e+00
2.219869060983932219e-01 -5.394950628861547859e-01 2.082531489070815311e+00 -2.141736763759416462e-02
8.804231288113326670e-01 6.097329869173336858e-01 6.000547834676861481e-02 1.506922786798356118e+00
1.270142998564135484e-01 1.498087882553539529e+00 1.142745333202155766e+00 5.506978171845906544e-01
4.560607957548057367e-01 3.618769969657036345e-01 4.253155967435788831e-01 1.710823498988103264e+00
-9.536956973870416299e-01 -1.055795629121614176e-01 7.681865691270685081e-01 6.186537897040998990e-01
5.530734861099526611e-01 1.637119415102612274e+00 1.837146654743804675e+00 7.017592635401943557e-01
6.887168685133686630e-01 1.081585296548588149e+00 9.122861212987406487e-01 1.836516519649380008e+00
7.287596168790186901e-01 1.231929853804004882e+00 2.162434661134329250e+00 2.171746377757060031e+00
1.787930213360024556e+00 4.201864390111893499e-01 4.111421743238449222e-01 2.323716104016683381e+00
-7.463576788072969759e-01 7.123144994426013898e-01 1.263734065480966784e+00 -4.278858930512090541e-01
1.427523686259646984e+00 2.359983618949771156e+00 7.163103578408024363e-01 4.974718866386341753e-01
3.095407398999358017e-01 2.559159800733081358e+00 1.820868557618604555e+00 7.838689024516358739e-01
1.763042545236164660e+00 7.384336447437565010e-01 1.391882446736870227e+00 2.106692942340066210e+00
-1.100265176279143109e+00 1.566968143053438567e+00 6.905212044422172069e-01 1.897001192683629656e+00
7.147257100363189064e-01 1.714893008743532343e+00 -7.786707920690183471e-01 9.452252450008944429e-01
1.588781694602305450e+00 9.115906601002180532e-01 3.517776459992491001e-01 -6.986600878644206869e-01
1.880509006656178705e+00 2.091864030895798088e-01 3.330479535066919183e-01 5.335748427441044939e-01
3.364505297389939198e-01 1.575346851007992655e+00 2.989819336399495597e+00 1.174398737080952992e+00
8.059350497535944235e-02 1.167296402354417673e+00 -3.043257635258751481e-01 6.197908874791435707e-03
-1.184545089235555793e-02 9.710011148227638555e-01 3.131480076732700013e-01 1.076841394642955807e+00
-6.313968318565841287e-01 7.516425175204674014e-01 1.801277921298983564e+00 2.579661145660216093e+00
-1.130284016266789759e+00 1.060229822623285800e+00 -1.870852868434820238e-01 1.819443349594106252e+00
7.098701846675109506e-01 1.675981741556105131e+00 7.270083341710479319e-01 2.202006009201135761e+00
1.461572656314530816e+00 2.498488917985353552e+00 5.325761362178249581e-01 -3.928401603971778400e-01
8.590176633504749137e-01 1.111505461804612072e+00 2.019295670265710108e+00 6.362037238139102158e-01
1.735099880520618143e+00 2.600687330796008778e-01 1.032963004326109990e+00 8.389747375237273097e-01
1.339535777696294172e+00 -6.807039495487781089e-01 1.655196033160399205e+00 4.768059583412479485e-01
-7.769884242358626736e-02 6.042326016451557980e-01 4.376060366938004931e-01 3.088109229755842122e-02
2.791873623731203624e-01 4.921579818213545066e-01 1.608309517542000133e+00 1.524783348639145997e-01
1.159022437398460337e+00 6.901346223717375050e-01 2.900365382974217532e+00 9.220356306093233645e-01
-9.062387083293959034e-01 2.277485447206779590e-01 6.960092166373154088e-01 1.391251217939878604e+00
1.444121688055418407e+00 2.430768170432426434e+00 1.221691931474089721e+00 1.831273493531943242e+00
2.022736744364802330e+00 9.941057087602385156e-01 1.175033353952456894e+00 5.952099593369193364e-01
5.869479398141369542e-01 1.471280066560468391e+00 4.314931591472137562e-02 9.101699664746198959e-02
7.964036290002511898e-01 8.591469613754063595e-01 1.820169500764470705e+00 -1.146997625930706644e+00
1.437485665948377678e+00 2.595997026472735669e+00 6.059701149115532814e-01 1.370429840436213631e+00
1.691679761891674350e+00 -4.382021633374060254e-01 3.128603575096688516e+00 1.769169230406706594e+00
1.901937894230420145e+00 -5.006250603471340543e-01 1.202813435203226256e+00 1.403454689021644608e+00
2.059390469090216058e+00 1.921330000953669348e-01 1.312234474230895342e+00 8.222279396952907327e-01
1.655567352863587693e+00 1.280417673972219506e-01 -1.302356883457487235e-01 2.695062418131210613e+00
1.425882097566927964e+00 1.963245564361546958e+00 3.123020049848224122e-02 6.231672938467849310e-01
1.391817413717813201e+00 7.013080811910026302e-01 2.852872737770980827e+00 1.439116431535405694e+00
1.304489304771397906e+00 1.775691240392951453e+00 1.718171159389571212e+00 9.714987971780477682e-01
-1.295029340677438245e-01 3.386634688374168256e-02 -3.933283005796390785e-01 1.379693829972231445e+00
1.092563698155475382e+00 9.537283729583101444e-02 2.152933662961396877e+00 2.171534022387331841e+00
6.992772836325875652e-01 7.443420398834210694e-01 -3.365873266194012725e-01 7.090458162675594700e-01
3.895119347152042888e-01 1.893351104639380722e+00 2.280963398431587574e+00 1.082430399023058154e+00
-1.552595693385168119e-01 1.311123092972707571e+00 1.493503938984503510e+00 7.060943280926299526e-01
-7.550179972012913687e-01 8.476266939786387677e-01 1.121622333093549750e+00 -6.421151735059307253e-01
9.424871892936650397e-01 9.402971376201901821e-01 2.600204443814106092e+00 1.036028499189793006e+00
7.473949408220210699e-01 1.168341183867383393e+00 -2.691249605907004572e-01 6.476941614371938272e-01
1.065775385693614741e+00 6.623822187755563640e-01 4.485667317936954390e+00 3.922006954474421825e-02
5.344510595170510747e-01 -8.829093829273746419e-01 2.380407807941885778e+00 2.487247188963091826e+00
-5.964808451115388710e-01 2.318563242531707314e+00 2.228842214623940610e-01 -2.978201981777628404e-01
2.080250067331610353e+01 2.034005181719531308e+01 1.967339331075592312e+01 1.996437582888605888e+01
2.031421176259219408e+01 2.106974559371661826e+01 2.038945989726233066e+01 2.135778646279277737e+01
2.070781923360636867e+01 2.034812672067215544e+01 1.972308100468360337e+01 1.975173723497238498e+01
1.970722548023329068e+01 2.002302054504174933e+01 1.995087523451966760e+01 2.171653591421338092e+01
1.944974598479472405e+01 2.187767382527668047e+01 1.928326202525541433e+01 2.004126746642910462e+01
2.165644230915769342e+01 1.979707674965011677e+01 1.919148078998993157e+01 1.800960967023560855e+01
1.876096913181901726e+01 1.987867925155221727e+01 2.135893314197426562e+01 1.959605926526576170e+01
1.950336367363001244e+01 1.971343041143176222e+01 2.084975000682521085e+01 1.977326555879347580e+01
2.117448100402654276e+01 2.042512638108586032e+01 2.049120770818181470e+01 1.917420054853983657e+01
2.116928051377660580e+01 2.080091679837595464e+01 2.033913197023873209e+01 2.006659214848464856e+01
