-3.405376586458475074e-01 9.495657130317706196e-01 -1.305572352903992872e+00 5.706077348534250859e-01 4.012554878853983098e+00
6.613082348502972163e-01 1.815343529366487685e-01 -1.427717823998275737e-01 6.816601176650101124e-01 5.002096712181796079e-01
-5.546117401008787695e-01 -3.187734959486276942e-01 1.286165051043647090e+00 1.089774595337236418e+00 9.847244701231453456e-01
7.140803694648676370e-01 6.715923613636594069e-01 2.189422440403053560e+00 4.609868762359227157e-01 3.222292271667828167e+00
4.721053878725062214e-01 3.224581925903388768e+00 1.970266874628131770e+00 2.746114625568333523e+00 5.609624904754441088e-01
2.839676839537181863e-01 -5.452695287526256873e-01 6.705430735467811099e-01 2.072857268803967479e+00 5.914862130601450385e-01
7.495752939594095832e-01 1.649902110910241859e-01 1.109208096252541020e+00 1.135180324628930704e+00 1.038221229208398766e+00
1.467639058482250514e+00 2.881740495788904788e+00 7.855965429515057163e-01 1.038654496479984646e+00 1.730860174875072488e+00
7.423999962652978457e-01 1.337377157484901158e+00 2.099837323451910764e-01 1.694925893797159189e+00 1.048357319687015732e+00
1.622746521474622394e+00 2.572346846540702892e-01 2.999614279570613107e+00 1.258921563204674410e+00 9.099452159701274523e-01
1.658222534993813113e+00 3.009386525852465688e+00 1.703399729149889463e+00 2.015229642236067154e-01 2.011319955445439733e-01
1.145844675023972581e+00 -1.467758271921597579e-01 2.689270923698587001e+00 6.117525151078672119e-01 7.593119998942150506e-01
-2.480316896669094717e-01 1.128106964653310174e+00 5.286588744957827490e-01 1.386979146759676595e+00 1.099722720019488120e+00
2.754863418264879904e+00 2.036110743437461679e+00 1.224219443025833520e+00 9.043609445054499041e-01 3.567329351878485433e+00
1.090220251436689880e+00 2.674613663633027549e+00 8.749042440661854991e-01 8.926788480289453709e-01 1.893770179651776964e-01
3.858502677660168523e+00 2.244133748997768407e+00 2.050264789679173916e+00 1.211939189648987059e+00 3.200775178466859217e+00
7.671721802649064115e-01 2.205711655485163014e-01 1.277867767294380563e-01 -9.019000008211963682e-02 3.604342900885171286e-01
1.410611910506916589e+00 -8.444904574138303310e-01 9.780508969254837481e-01 5.659505822339179204e-01 1.450101236456253773e+00
1.225216421167339753e+00 1.629906135798876665e+00 1.992167224107729950e+00 1.705265366503248448e+00 2.166866521332298845e+00
4.830807657631841501e-01 9.582480711893581748e-02 2.334178356513811003e+00 9.817059172173595583e-01 2.014333486315596389e+00
1.682493021014717538e+00 -9.054111538499256540e-01 1.272697273213937219e+00 1.276040816755924290e+00 3.362274689228807567e+00
1.466179165258652439e+00 1.151684597446957170e+00 6.626630606047025918e-01 -4.537333695531968747e-01 6.739495052732920044e-01
-3.802648778592527812e-01 2.984933153259096139e-01 9.015534036941171836e-01 6.978150675891188204e-01 2.135431896421021492e+00
2.942602396816816901e-01 2.892336969268979985e+00 5.545392033645079044e-01 -2.214504014116536190e-01 1.527165728189626703e-01
1.015570156615486219e-01 1.766223102992070526e+00 -4.645897926279496382e-01 8.301091873876216276e-01 2.834231897413628687e+00
3.597545501005005031e-01 4.595893578416299086e-02 2.024491846394582684e-02 2.295275486043731217e+00 1.582242131555941400e+00
2.390438748683783032e-01 1.724990159610823026e-01 2.082378484972029931e+00 6.116284114588754761e-03 1.380709911765282349e+00
-1.037457199274360864e-01 1.455713482510095247e+00 3.260681709773540771e+00 7.430974250889128552e-01 2.470248410184388455e+00
1.794224818249674058e+00 1.589583637922006076e+00 6.015453951701486002e-01 2.084434825120744517e-01 9.717235455424731994e-01
1.304474595504708123e+00 9.939971361455512966e-01 -3.042349223356375365e-01 1.015428997570975378e+00 1.721865341268352001e+00
1.492593320822307001e+00 7.395841201611573767e-01 3.462092039852983083e-01 1.248824722051993019e+00 1.345183732644725794e+00
1.327383172439207115e+00 7.686374486519685911e-01 2.523276999144608013e-02 5.472252510663675462e-01 2.227519908342615373e+00
1.448885066420259049e+00 -2.953815092637817052e-01 6.766151132143690683e-01 1.361448831633114143e+00 1.671931821099060578e+00
1.077402212660415692e+00 -7.830698861507423558e-02 1.066521414484363772e+00 2.248491068504842705e+00 1.453155548381392936e+00
2.443908520866270084e+00 1.006786199353670419e+00 -2.274859457318685330e-01 6.797526162172267128e-01 -1.629521964931312628e+00
1.996940086882335041e+00 4.760803723572469837e-01 -7.408082788168139921e-01 -1.347028704773194363e-01 -5.122997840184917440e-01
6.420056666726249306e-01 4.875963667348054420e-01 1.139972794354399799e+00 1.480347986851872299e+00 9.552289334560721823e-01
1.217100550340175280e+00 3.178670213528863364e+00 1.419917325001239572e+00 7.694680440346353123e-01 2.255847566540043037e+00
1.315027984551324414e+00 -3.074780229943081533e-01 1.444585509940473633e+00 2.538620511352082332e+00 7.124508288153158508e-01
4.118088113477826884e-01 2.909963194224816085e+00 7.255924716502939464e-01 5.629533254694230049e-02 3.358186737477618644e-01
2.019273834325233441e+00 8.912573419545392062e-01 -6.934377947859766689e-01 2.181585336575970757e-01 3.063074903119078485e-02
8.470589033462321282e-01 1.864888706444527422e+00 -1.116344613555673160e-01 6.048110516173765827e-02 -2.250920359709878138e-01
1.539755478634959207e+00 1.304971643621337885e+00 1.533162317820818465e+00 6.297262506339443844e-01 3.627842820140538826e+00
7.327921241368352545e-01 -2.998254242100872879e-02 1.813175413028714100e+00 1.216840862808657997e+00 1.323096965691253235e+00
1.080180035497015911e+00 1.473202341239927549e+00 1.979033825189299156e-01 2.813580693372329300e+00 1.239575357393204680e+00
2.023019718502428788e+00 1.243473200874863238e+00 1.641655169293968486e+00 2.827436584465071512e+00 1.781073959510023785e+00
1.635547734861789504e+00 2.282660363107902324e-02 -6.723970146186879493e-01 2.205345571400191496e+00 1.576904458791509311e+00
1.701135293059965914e+00 -1.735922154358071623e-02 8.414250413142341234e-01 -3.544088727672964900e-01 2.423915165902054802e+00
8.381039500369947826e-01 7.363119940463571655e-01 1.209556020162229961e+00 8.382957147346508098e-01 1.541252533022807736e+00
1.765298406051333480e+00 1.958543484788350053e+00 1.656778150503862346e+00 1.584570233083798296e+00 2.137863856853964295e-01
1.673437439280971883e+00 -5.395093324745041663e-01 3.249266827698013005e-01 1.738244386910519745e+00 1.501300096163211029e+00
5.714433082254901652e-01 2.667830488150558566e+00 -6.711410462187070713e-01 1.390113872615623691e+00 2.050946575516589654e+00
7.768993077176783446e-01 2.077750005273762746e+00 2.153911375485536350e+00 1.667157535527510337e-01 3.876581479767837735e-01
1.288391925494763335e+00 2.805053541720269106e+00 9.160011216756444030e-01 4.509661412785723744e-01 5.978526690957265410e-01
2.123105016106195952e-01 1.294136820081457140e+00 4.961554389105818919e-01 2.606314293405971760e+00 2.052784295840904605e+00
7.215046006129072209e-01 -4.376074699681251623e-01 -1.252109149225494988e+00 2.957388966492243698e-01 1.730566595051947987e+00
6.504932918626760152e-02 1.251237704688471952e+00 1.649537730087923482e+00 2.638492910313572359e-01 3.809836981928887978e-01
1.251709933524488116e+00 3.380949767891198388e+00 1.464890622166702405e+00 -1.230572051693992197e-01 5.431104183637152083e-01
1.092441817933382131e+00 1.964116009732416401e+00 1.663483727714071048e+00 2.708326771193495297e+00 -4.289243035823009365e-03
4.266623198935401984e-01 1.527221347651828598e+00 -4.789053723674507879e-01 6.821962786579135463e-01 2.155155459304753940e+00
9.408763497932945974e-01 1.078802807481731518e+00 -4.319469558993072056e-02 3.231979105153859333e-02 3.194801595066685262e-01
1.512659590080231764e+00 -7.466069296081028206e-01 2.214242737881510159e+00 1.914924467213366732e+00 1.333520599741822243e+00
1.225554329316267843e+00 6.136734918460775567e-01 1.460178948178834535e+00 -2.795987971812194939e-01 6.923677749364725020e-01
8.439386578988733456e-01 7.517712008837733606e-01 1.392303194314764125e+00 1.423628622010342681e+00 -2.196531685335267881e-01
4.458813541675552550e-01 1.442164799867684977e+00 1.023343153044619314e+00 2.188424196393536914e+00 -5.827127614796305810e-01
3.083721521890544492e-01 -2.023198353509503278e-02 2.308126759516068383e+00 -1.318367616907420548e+00 3.529983131158082044e-01
4.787000847945620530e-01 2.142397770120834988e+00 1.889641238096221976e+00 -3.008180043030634909e-01 1.336434242355567070e+00
2.285592418389845726e-01 5.735921378990549435e-01 1.529681724691198674e+00 1.305282490736827006e+00 -5.009554614468263445e-01
-1.193681691544079548e+00 -2.534171810237793032e-01 -5.469249594821286031e-01 1.127430074504270685e+00 -2.034195199102257767e-01
1.401872635231055764e+00 -2.816189923134664319e-01 2.484156493153790279e+00 1.206848702610226809e+00 1.436592602687648990e+00
3.765487216757446021e-02 6.632063182394558609e-01 3.056445266485258383e+00 1.030699706293309426e+00 4.396215860123426911e-01
-2.746966383356546082e-01 1.871402509812748249e+00 1.635752339967403657e+00 7.128030858069458464e-01 4.691231250014461507e-01
2.171180345007566181e-01 2.165853230580852440e+00 1.993056768605214080e+00 1.635662289850796425e+00 1.170642446367932354e+00
3.980435789325185159e-01 1.134574901561149929e+00 1.864109045316911129e+00 1.245388406770859380e+00 1.854586489202431743e+00
1.425594064252796445e+00 1.056258834633173382e+00 1.865403642214408686e+00 1.273528810452007276e+00 3.072219607030848287e-01
1.522988909675014657e+00 1.155198749523615342e+00 1.639149443118504523e+00 2.417789772439345342e+00 2.072592411494580400e+00
4.213777814080854611e-02 2.810729664295597008e-01 1.324439435438077295e+00 1.283742463017856661e+00 8.438397429418004192e-01
4.328636961393215188e-01 -1.077526354070348802e+00 -2.645133468191973591e-02 2.183473239119444020e+00 1.356193029679688467e+00
1.365825319908492874e+00 2.039132540322641685e+00 1.413609978705526515e+00 2.275492304224032925e+00 7.563869744326843225e-01
9.719651897407013408e-01 3.831382141838181044e-01 1.446205679992861093e+00 5.032079019381435758e-01 5.079216959979471202e-01
1.921722051915366603e-01 1.558035745312814857e+00 4.250269395470942513e-01 -4.980101764499078598e-02 1.796688637257916277e+00
6.193379349059375816e-01 9.725278890894478723e-01 2.365925242980904564e+00 -1.404044230046563868e-02 -5.346146931703912308e-01
1.592671212940415693e+00 -8.222806954106975930e-02 1.803568848239593514e+00 7.143717959960901309e-01 3.780497929009672964e-01
2.667821643341308224e+00 -1.172729594693104893e-01 -5.654208245498391072e-01 4.476708786574737919e-01 -2.853843165627112377e-01
-1.210989460358723235e+00 8.119821613357516288e-01 2.774318307605880385e+00 1.574593632408714416e+00 2.797272083904454476e+00
1.354771253683955345e+00 1.408213014443388422e+00 2.313098863266341620e+00 -3.686504650888660084e-01 1.163528081230619904e+00
2.738610290923461754e+00 1.559539766510041225e+00 1.084836781887804635e+00 -1.186832906844452751e-01 -9.954687344311428099e-01
-4.120881975305532574e-01 -4.668214110363404501e-01 -3.191751516340479711e-02 1.748537189589372653e+00 2.623885580895763514e+00
1.596573669462300060e+00 1.454026187352333466e+00 1.579744778041180631e+00 8.987944748700303910e-01 1.522207621964846158e+00
3.047516055663875179e+00 -1.666146823259049281e-01 -5.426491572269689367e-01 6.673412725222683806e-01 8.647131817483800775e-01
1.908231694594686445e+00 3.224291524797750608e+00 -9.834508926399587736e-01 -1.721912562087268839e-02 6.549274244364367004e-01
1.679729640600539309e+00 2.254217001860688185e+00 1.164620930185611858e+00 1.484846705052110138e+00 4.769813566082052869e-01
2.283100989677179893e+00 2.526036816862261780e+00 2.428707879565471295e+00 1.851148778662594641e-01 -6.080847695864322056e-02
-1.005873682092385923e+00 1.599860380515633507e+00 -3.726962798601214377e-01 1.145537505534258260e+00 4.961536538394443197e-01
2.208615458682698041e+00 1.532045421923128981e+00 -3.134016498010796514e-01 2.070128246169908870e+00 1.462236389641881962e+00
8.420763988596033922e-01 -5.000538310549691445e-01 1.101762453154604859e+00 1.670033274356409025e+00 3.888358100506379422e-01
1.348702913694985961e+00 7.296840352415847608e-01 -4.444365666516634228e-01 1.063707004148091384e+00 2.340915222029501308e+00
6.601117338017354896e-01 1.733548919084203943e+00 2.309960992077555009e+00 8.171461803005493074e-01 -2.377536366081911545e-02
9.940313646676480763e-01 -4.728332228512552859e-01 -8.199674139341817103e-02 1.264550477429877251e+00 1.074255522999050250e+00
2.192833179983288083e+00 6.773955241557373386e-01 1.036589738957016893e+00 1.498915148842109524e+00 1.503454615002938421e+00
8.087397009135697257e-01 -9.558809527944494011e-01 1.875721512563137239e+00 8.721056701323717242e-01 2.004207452696600278e+00
1.364070279806976593e+00 1.635535212802730953e+00 1.507618273904173911e+00 2.549028956960147418e+00 3.783598579712569299e-01
-2.999657482563087285e-01 2.124308388266278769e+00 2.010065956311625435e+00 2.190136761096577178e+00 1.743871610359828184e+00
1.368639264643277453e+00 -1.760797609612114734e-01 1.961833012481102312e+00 2.171189320302988612e+00 6.224813220665381674e-02
8.728351837140850833e-01 4.147951314220656993e-01 1.201295228409131166e+00 -1.111804384467962592e-01 9.874945421992541439e-01
3.719597730128049173e-01 -2.656941354258408605e-01 -7.055238181996119629e-01 1.178013577479203100e+00 -1.141411432713769436e+00
3.577007455480886167e-01 3.657152507961273225e-01 7.828923801159526352e-01 4.303333937931183018e-01 -2.567058366972216898e-01
5.213906318491374758e-01 -6.568681366987849657e-02 8.474666047875323294e-02 1.684746803821549177e+00 1.279989806457439538e+00
1.187720558814549410e+00 5.592894086967226119e-01 1.511833730693684208e+00 8.594619304417970840e-01 -6.249134137510741205e-01
-5.846303192980106811e-01 2.514358267528840507e+00 1.193074124200300679e+00 5.556946903732429277e-01 5.410147157207865209e-01
2.823530600512875743e+00 1.262350600722699223e+00 1.094134863487878917e+00 -1.745076745240603522e-01 3.774642653165174444e-01
7.990238251503495315e-01 3.223095049844795668e+00 4.310656894281196250e-01 6.366319203320813802e-01 7.893622929533614663e-01
6.934690336013477063e-01 2.694867632102330157e-01 1.373861093340521089e+00 1.672347248717851453e+00 8.905872951264506288e-01
1.473898157373942253e+00 1.706120878122863616e+00 2.001850312033315760e+00 -1.181501728049037414e+00 2.518837279455183875e+00
2.060030135952414909e+00 4.207805362969379459e+00 -3.231140740767755037e-01 -6.489802271302027581e-01 6.362749736058723737e-01
1.123232714422619072e+00 2.375044517374110820e-01 2.401829782788107437e+00 6.498399174819122770e-01 3.038247462012842792e+00
7.287577247884433618e-01 -1.588532534236537508e-01 2.812503715202378629e+00 1.644335730626280911e+00 4.546453468124809216e-01
2.007455165256106788e+00 1.984441422721275217e+00 1.335439081764807190e+00 2.178852513566852167e+00 1.911651567562433041e+00
5.791002563406990600e-01 3.196240136762808604e+00 6.551203476476376020e-01 1.451330528958958643e+00 9.117919305157322629e-01
2.202523519868688773e+00 1.384276141691259676e+00 1.356745571184145849e+00 6.612030552349059676e-01 1.489044319078210998e-01
-9.170324590442093804e-01 -8.221202832402476623e-01 1.987615396627935738e+00 9.045617626628731367e-01 2.415379209000829697e+00
-1.137213578206546671e+00 2.701058506377694846e-01 8.973413141018121708e-01 2.203812633031958512e-01 6.757551699725723449e-01
9.798035612211419831e-01 2.167813982429320330e+00 4.962087053109912604e-01 1.460657670304154943e+00 -9.507007866647176897e-02
-1.935483711482930413e-01 9.651882896696014624e-01 3.122720143292119666e+00 4.619531393350423398e-01 9.282276176805555057e-01
1.137494027233130200e+00 7.492634292754138947e-01 1.213753472936772049e+00 5.830436721339881112e-01 -2.451115846481559668e-01
9.924422748567137686e-01 1.695523243244490885e+00 2.055790749570871156e+00 2.154509357422795368e+00 3.916098781839083554e+00
8.185323134671496081e-02 6.443906000908354859e-01 1.855722133421410236e+00 -8.652284533231664465e-01 6.669193052636004371e-01
1.802830736699175151e+00 1.133166994271586514e+00 1.446580868493303029e+00 2.304830361413978235e+00 7.983210208355582260e-01
1.999584421130431666e+00 1.560566942126979217e+00 6.958716101859283576e-01 9.426551665319738982e-01 1.465861957712192520e+00
1.508043018063539797e+00 3.136253816579221976e-01 1.410358410941680241e+00 4.148460521388007693e-01 2.398127080797578969e+00
1.347404255062316647e-01 1.231729986242402042e+00 1.175619204434719123e-02 4.613588298520662212e-01 1.136858539091220477e+00
2.505582096509409773e+00 2.754234905461856009e+00 4.687142570805209463e-01 3.637431818445974852e+00 2.221471147614188624e+00
1.092411213363490452e+00 5.638986468699369592e-01 1.530109879952112450e+00 7.210563234141873501e-01 8.371373014875412855e-01
2.648526920949266783e-01 5.780259001770668981e-01 2.528714869539194776e+00 -6.600209037749715790e-01 -5.500300025603286347e-01
2.276948684497249964e+00 2.201140177289982347e+00 1.115395303088296819e+00 7.667711554545670882e-01 1.963939952486022822e+00
1.866791956299318045e+00 1.998814453590167961e+00 1.442246498118722853e+00 -5.801204957744721113e-03 2.237864905926141290e+00
1.216502163497732214e+00 2.310224669183402746e+00 1.934968691103925664e+00 1.295140739414678110e+00 1.678293516786046879e-01
1.026816645653088500e+00 1.600447814453098028e+00 1.277976170900130271e-01 8.961716379751425432e-01 1.261486723290052403e+00
-3.398727881325833700e-01 3.498044904635804198e-01 1.133101911996868605e+00 2.578549167826166277e-01 1.125883425285813644e+00
-8.195451013700449927e-02 1.789165270994234058e-01 2.115777468456573551e+00 1.573068228592250373e+00 -2.683756018188276915e-01
1.122363046652830709e+00 1.649986477811394625e+00 2.082275452807202942e+00 -6.608757690472686352e-01 9.650187184670950824e-01
1.356356849714955404e+00 1.661492574948673528e+00 1.938134678752954088e+00 2.058150595698970964e-02 -1.399191101471963794e-01
7.167945894366530846e-01 1.169941681177830706e+00 1.070606888411234747e+00 1.384312682479825973e+00 -8.649489098955243094e-06
7.161875512289117562e-01 7.924297449769984736e-01 1.048890255069560240e+00 6.319031468263471840e-01 1.569305947332297002e+00
9.578542016770130729e-02 1.381902771128845631e+00 2.159711432213606397e+00 1.020468546769603524e+00 1.126751920251594763e+00
2.525589599152037179e-01 1.244474407579837294e+00 -6.163244837377845897e-03 1.899359785805736278e+00 3.541341075883278622e-01
6.810121278951746238e-01 2.326456171947166585e-02 1.781313172062599648e+00 1.518713644904097659e+00 -4.186093709934866069e-01
-2.797943261340605225e-01 -1.833046326148053407e-01 2.208152453740821919e+00 7.575087889479563685e-01 1.551298556125869643e+00
1.132008627494778930e+00 1.664650042551561793e+00 1.309055028224073602e+00 7.363323037980311625e-01 1.099156770077953871e+00
-6.436604137032233552e-01 6.555298335318484604e-01 1.548629570617077622e+00 1.461862478406353194e+00 1.390647782452015813e+00
1.076061163611448102e-01 -3.141020740121640564e-01 1.071717474136177906e+00 1.563213734923177833e+00 -3.842255550253566021e-01
-3.725973064988212791e-01 1.917284266683301652e+00 7.466730103635652593e-01 1.328218886894183104e+00 4.153833602975970374e-01
6.458586668133634578e-01 1.148201047065866787e+00 1.637629108478302786e+00 -7.551153781723241032e-02 4.167402085515334864e-01
3.828806134454643129e-01 -4.389390305479685672e-01 2.668127826584206552e+00 2.881431227646511051e+00 2.440201199585533054e+00
9.842589616113710527e-01 9.675246382551383473e-01 3.084558657273705595e+00 9.018969021694895893e-01 2.518757591265560203e-01
1.478045594422364717e+00 1.457303354106075588e+00 1.560403118698631575e+00 8.363248976412913649e-01 -6.343306320993600256e-01
4.581433554011247189e-01 4.122259497120412064e+00 -4.638177167373158660e-01 8.809464569111239429e-01 1.726746087141039165e+00
4.026182448561190785e-01 7.093605812069891936e-01 1.331073745734010716e+00 1.073239367148028034e+00 1.418257549582650379e+00
7.696002032785020930e-01 8.834643159634313347e-01 6.789665412723491222e-01 5.690589650981681125e-01 -9.929209069671964816e-01
2.196083676686209962e+00 1.177174016444455962e+00 1.672105184490144225e+00 8.051712326806683695e-01 2.844628126686652436e+00
2.524326283823835837e+00 3.307021953750064469e-01 5.413182047505142869e-01 9.431559202517475482e-01 8.596114049871501628e-01
2.097718079069608610e+00 -5.471753387995896833e-01 -4.087142171158206772e-01 -2.229665495591662605e+00 2.377798523186026358e+00
1.244815242180527415e+00 1.502842615026093176e-01 -9.086333218214366347e-01 6.987704461035806336e-01 4.760217206776042875e-01
1.811902763764434710e+00 -1.354291091334263175e-01 -6.490849793294888315e-01 -3.475139904959319015e-01 5.629704820564387369e-01
1.295372231594439594e+00 1.000625091782220588e+00 6.231732625137859083e-01 1.597041428426894116e+00 3.854726995122134792e+00
1.323998280907044967e+00 8.392828858015440874e-01 -2.582044782056120980e-01 -1.168955462781183119e+00 1.871953936373434768e+00
2.318529742815919725e+00 6.988128994380818915e-01 4.545523180079635850e-01 2.309161254560211596e+00 1.297352871129280327e+00
1.034822182053007911e+00 1.397365729652144450e+00 1.642672367346197593e+00 1.766643096407666924e+00 1.347169002200378163e+00
7.975005194175015522e-01 -7.076720380754686346e-02 5.099305555026593106e-01 8.971617564240519371e-02 2.601502105916015495e+00
5.036840649050879914e-01 8.112653031251503277e-01 -9.630680016826540513e-01 2.657329283589208169e-01 -5.755163154254239188e-01
5.730584078324288955e-01 1.160677088168376336e+00 1.199110824949904064e+00 1.456776001579808799e+00 1.352444266377175186e+00
1.114476097506946983e+00 6.231223855270743295e-01 -1.020708465005633947e+00 6.829650065319727847e-01 1.326720924823016068e+00
1.874293307186119417e+00 1.888170867377159556e+00 3.992325931457997523e+00 7.341986591112646954e-01 1.454836675921969746e+00
5.664464493409286927e-01 1.065901936758748558e-01 1.777171705851260386e+00 1.261738613725227331e+00 1.142125102157987904e+00
1.745086462213747414e+00 1.425757719789859657e-01 1.972007952718500601e+00 8.258599296275948021e-01 2.531424446365171832e+00
1.263914512654231492e+00 9.129353256373977654e-01 1.597888863883514698e+00 4.580558390582547545e-01 1.420091852084103046e+00
1.765200587932771015e+00 2.754707546310813937e-01 1.892314696183793110e+00 2.058185189903282364e+00 1.569244699393796960e+00
1.588231167738805016e+00 1.704046699511019503e+00 7.024148983110618527e-01 1.038184017456877717e+00 3.179787477728287515e-01
1.218338235949019577e+00 1.067799845578639717e+00 1.068286326646656903e+00 2.466144304156358658e+00 1.161559144484809014e+00
6.593453478460469253e-01 4.214955449171029933e+00 7.577925112724152035e-01 -4.003097373184563157e-01 1.928463649819857961e+00
8.712374789433997568e-01 2.788949846712672986e+00 1.538075120695754805e+00 2.198874637209336846e+00 3.615408846317926805e-01
1.082888912262582215e+00 9.741460964790523702e-01 2.213955526554881370e+00 -6.451038508321960130e-02 1.855588191803225317e+00
1.718330617889222811e+00 1.399784512864548969e+00 -3.076020720943408726e-01 2.236625074513590938e+00 1.513696001612503395e-01
7.657719780863253556e-01 4.202534156954145228e-01 2.199699639454403055e+00 1.870626255651234304e-01 1.717515281921535131e+00
1.669618890043254922e+00 -1.475999494775830811e+00 1.191848395153027873e+00 1.142051822511074954e+00 1.929957592502348218e+00
-3.466703341552090922e-01 7.703623385981380745e-01 9.982538133012174297e-01 -9.523410242475194298e-01 -4.526018339716750827e-01
1.003348452906296817e+00 -2.514949607688654609e-01 1.065087800549074037e+00 1.360861788614347700e+00 1.579869398051011231e+00
5.242118711779686357e-02 1.699455459690482950e+00 1.133575470816943875e+00 5.579765033493728765e-01 -9.444886673635188856e-03
9.489324049357946711e-01 1.552225667970757339e+00 1.254997009239569472e+00 1.897309268072486788e+00 4.603164721526621372e-01
2.185997903039130996e+00 8.165214030934075939e-01 1.879588592728636653e+00 1.485809081084078720e+00 2.724108317351903175e-01
1.527826732318366965e+00 9.669577709088245099e-01 1.606428621497326681e+00 5.594547610095238488e-01 1.946912783679074277e+00
1.348387335178885982e+00 1.192754513356042434e-02 1.930340856716340481e-01 1.094909748903092339e-01 9.862157089078834593e-01
6.133145791856864371e-01 1.070727908151941410e+00 3.312082827125772955e-02 2.413036398472168109e-01 1.178733511162674219e+00
-2.972502079923566853e-02 -4.248507044880645012e-02 6.880386234877233775e-02 1.650566053553429668e+00 3.180830290926429660e-01
3.323953318110117738e-02 -1.342360481776763148e-01 2.067399671356951352e+00 1.649809621881512367e+00 9.453995554552356850e-01
2.170378298670811557e+00 1.197390058092135723e+00 7.966331154492010125e-01 9.739227803518899496e-01 1.152572914668171800e+00
2.638270810898352137e-01 6.616786254559912095e-01 1.149529066237946706e+00 1.623528418003168383e-01 4.284739333620893875e-01
9.694381658563222537e-02 4.423947540047683535e-01 3.422857710824851463e+00 2.300161525466360324e+00 2.528874926261100775e+00
-3.518933882066699326e-02 9.676567167495581101e-01 2.477983504031284756e+00 -7.496186177576593668e-01 -4.461865364529689071e-01
1.614716912640107527e+00 1.322275522291654681e+00 2.009580547525411376e+00 2.440534165621851770e+00 2.022439687687715093e+00
