3.058558042731722715e+00 1.349744239845177995e+00 5.974472729205394295e+00 7.902464425901772671e+00 5.827084081665218740e+00 -1.354414649004363369e+00 1.365951605447355555e-01
3.059094291287643763e+00 1.357497873154109636e+00 5.526098957925531963e+00 1.090605055509679211e+01 5.811168873334504603e+00 -1.505022037063460383e+00 9.895938971701544185e-02
3.079718057095283790e+00 3.097855158247625695e+00 3.133407211746259691e+00 4.247852094277003943e+00 5.820002393890809422e+00 -1.602494182083844532e+00 1.090233754427001323e-01
3.049155727907234770e+00 1.660207562032373296e+00 5.282700103853017914e+00 7.290988477292932757e+00 5.842340575304965533e+00 -1.403592854472830886e+00 1.582159575550143582e-01
3.069267626368775037e+00 3.188210100823830384e+00 3.275386431564580647e+00 4.200801003003686418e+00 5.833306079488983720e+00 -1.458905323392793552e+00 1.187678346410107333e-01
3.053908714900893884e+00 1.406884233355687464e+00 6.648069186921836682e+00 7.199562708464240401e+00 5.828085696157002005e+00 -1.377039564417751549e+00 1.484709298229440477e-01
3.062146141187338078e+00 1.416426961912466753e+00 5.751148954138009195e+00 9.471918095333780485e+00 5.821835012077397842e+00 -1.475268674234338828e+00 1.122131246624826773e-01
3.038895302976795332e+00 2.536391826036555219e+00 4.584480545513108574e+00 5.149901268551695388e+00 5.857998816774285800e+00 -1.360420793919165705e+00 1.769053772467882035e-01
3.056459233246256790e+00 2.498696408544348380e+00 3.915791962049171904e+00 4.707150263600370366e+00 5.850864993061606789e+00 -1.452979302778141024e+00 1.420125137627499257e-01
3.059660545939010934e+00 1.608946265501142392e+00 5.162236385830925478e+00 7.684159024796438864e+00 5.810986842517838369e+00 -1.448405204355724507e+00 1.225749820761073416e-01
3.058121532187790592e+00 2.038061591583271603e+00 4.723854988025650847e+00 6.753528215449013494e+00 5.830745501014742871e+00 -1.439116073788526462e+00 1.402637689751708716e-01
3.082262886258669621e+00 3.462189484238515469e+00 3.162893505892670820e+00 4.099172757194149419e+00 5.822610486872868307e+00 -1.347695539847518331e+00 1.447692074620580416e-01
3.074396841344388065e+00 3.434197018948237368e+00 3.119982042418669277e+00 3.954752400463962037e+00 5.824226246791749162e+00 -1.343705281811401919e+00 1.595538402432444269e-01
3.050245733093487566e+00 4.077847536329912259e+00 2.955050133452903793e+00 4.298219221420104930e+00 5.871656786197072542e+00 -1.252138461281908199e+00 2.015680967214435459e-01
3.081655020295354763e+00 3.246950663606505749e+00 3.223862053977970543e+00 4.380681318807038593e+00 5.808506460494104573e+00 -1.488401375282531580e+00 1.196312106488064825e-01
3.056833741177295227e+00 1.477859477022697154e+00 6.479966410064063709e+00 5.824504146025463847e+00 5.823459589039563511e+00 -1.368879720864500493e+00 1.554827602296585121e-01
3.057864323403276963e+00 1.404382622941046321e+00 6.156158796572984926e+00 8.964156777147845645e+00 5.839859827159827432e+00 -1.450547707910876394e+00 1.368714821061548237e-01
3.069691130598771522e+00 3.187088153296053772e+00 3.212413564262294852e+00 4.273191908385751248e+00 5.841381716692672477e+00 -1.553752290488011001e+00 1.179626171620313940e-01
3.064618749778961870e+00 3.182397313088241031e+00 3.871734088731390244e+00 5.420958119361557692e+00 5.828654257423273144e+00 -1.377993627102477525e+00 1.488446423259848772e-01
3.072623537469269639e+00 2.472532757193980135e+00 4.143158555345100247e+00 5.332997615762502974e+00 5.824065069443042475e+00 -1.366037439317361324e+00 1.588175217077215373e-01
3.040205065890781988e+00 3.061701592812105854e+00 4.708588397723377561e+00 6.367487718517367057e+00 5.868118494300023968e+00 -1.272364609230175247e+00 1.984450666894505833e-01
3.056691557515466506e+00 1.713981828363696724e+00 5.987339514119917716e+00 6.090189866605062008e+00 5.818622805648340446e+00 -1.341586190861463246e+00 1.685488116886801335e-01
3.073140314484228863e+00 3.331815448987680117e+00 3.137934238770939466e+00 4.038227924742623820e+00 5.825106758976631660e+00 -1.354808685637629795e+00 1.390825323738066888e-01
3.050110810861011768e+00 1.665407418912579374e+00 5.362730350629663079e+00 5.455631084664419816e+00 5.843957990103413103e+00 -1.333850058682385598e+00 1.717526613083367459e-01
3.065460123226220190e+00 3.827702478382302154e+00 3.190232994264323274e+00 4.693020033905411559e+00 5.842613163989572200e+00 -1.431998577238476900e+00 1.533663467783184797e-01
3.052857271885413670e+00 1.604699877109268646e+00 5.035236957569682481e+00 7.472588117444561640e+00 5.822540547344876138e+00 -1.422271805706651460e+00 1.371486926816547769e-01
3.063370620831276980e+00 3.301212606395038662e+00 3.757675315759742229e+00 5.379049605738450701e+00 5.844065829836591952e+00 -1.268056148928197180e+00 1.726219123291054258e-01
3.063706777131673498e+00 3.601845946633381423e+00 3.124106314313871646e+00 3.748027502409715161e+00 5.866265273519792878e+00 -9.647784376946558771e-01 2.456296157801722835e-01
3.071759443958090419e+00 2.978838309911732374e+00 3.798878912596243662e+00 5.595460238828417587e+00 5.816386217307435658e+00 -1.468724415925986237e+00 1.151517965571806357e-01
3.079044487410159014e+00 2.535394282394272558e+00 4.024630049595198322e+00 6.413935886735545822e+00 5.810109202092157865e+00 -1.513315971462041887e+00 1.132929170794095414e-01
3.037970053495890443e+00 2.626576046085368432e+00 5.067679768420287445e+00 6.920516765235245060e+00 5.863158685193551989e+00 -1.346534273793154712e+00 1.855718941249094867e-01
3.064651591164477384e+00 1.058110646844663716e+00 6.006064170201177888e+00 8.558947007925205241e+00 5.810855390759983585e+00 -1.507838320627825413e+00 1.129240563958496119e-01
3.076675876086210071e+00 3.254749420583500807e+00 3.142124451616642222e+00 4.057474877853372242e+00 5.831741595264289479e+00 -1.408837097043196263e+00 1.295616320996804682e-01
3.049229056849387387e+00 2.587138854463372439e+00 4.710722468037614519e+00 6.936901466779874958e+00 5.834770866192576122e+00 -1.375991306769025480e+00 1.586222181067504233e-01
3.048082803550770770e+00 1.589686199482900575e+00 6.385024731076171634e+00 7.427068876087885130e+00 5.829114770659400868e+00 -1.393288627504787991e+00 1.364703606605724429e-01
3.047040196694674297e+00 2.626278568097609512e+00 4.247966502348376139e+00 5.527751882549168272e+00 5.860935506650969629e+00 -1.309206109123247641e+00 1.883546640487089585e-01
3.048073116830678941e+00 1.548431869676249351e+00 5.224023492787249978e+00 6.803661029905939017e+00 5.847507771304103485e+00 -1.497260986254063786e+00 1.326242733419495112e-01
3.054817193783072593e+00 1.896060257241934721e+00 6.235615588343750737e+00 6.985919471589586927e+00 5.833512826891278813e+00 -1.362014439334170657e+00 1.767682626381298361e-01
3.051934339405167229e+00 1.661188634574902512e+00 5.827366065393624339e+00 1.112367655877769757e+01 5.830265035371845705e+00 -1.467655835528050012e+00 1.272899265472380304e-01
3.055896095511618338e+00 1.367656064006294248e+00 5.869905857202549981e+00 8.301672323868594106e+00 5.821543772422639762e+00 -1.499817965482323157e+00 1.203480902569111638e-01
3.053727237597271049e+00 1.648750382421037886e+00 5.476267766357212352e+00 6.918347992192002138e+00 5.841167898006417225e+00 -1.461509367104228074e+00 1.315279145443178366e-01
3.048911839284080827e+00 1.930579492772106276e+00 4.920652012614105786e+00 7.375352452013878235e+00 5.840337246335793431e+00 -1.472435070460348827e+00 1.324053560199833224e-01
3.055887944397705169e+00 2.280115652986206332e+00 5.147889803927963470e+00 5.775059797307217302e+00 5.840348980020695357e+00 -1.282991886279579052e+00 1.666740307241224017e-01
3.040751609120095456e+00 1.383402250910531039e+00 5.790301574429210341e+00 7.921266553360938545e+00 5.851585131013935737e+00 -1.492111721801073099e+00 1.173760603060104574e-01
3.069220448197201634e+00 3.422344478913267984e+00 3.155136392000786660e+00 4.017540840048420492e+00 5.838824158766365180e+00 -1.328251176237332132e+00 1.583702689869126157e-01
3.054766515775985347e+00 1.723709692249508985e+00 6.623451511170705075e+00 1.007201498985602406e+01 5.800950792288212199e+00 -1.334418959299368934e+00 1.451697969576273006e-01
3.078858573267296173e+00 1.868885158057465912e+00 5.572039540045431671e+00 6.003088238496975038e+00 5.795227215827508438e+00 -1.353767067353214282e+00 1.673117637035653194e-01
3.040543406505958668e+00 2.504585246872959914e+00 4.583129317037523798e+00 5.247134710894407306e+00 5.848671780101619255e+00 -1.344210777425362879e+00 1.763819166461225441e-01
3.041662839588231027e+00 1.460415380611870928e+00 5.749706544191962365e+00 6.105387643520101548e+00 5.850788062480904550e+00 -1.435257981097971092e+00 1.452866067387518223e-01
3.078616095530710250e+00 3.089968307540092773e+00 3.268624288452750992e+00 4.392256304784138088e+00 5.822010255676080881e+00 -1.551184833102054572e+00 1.065939464147340060e-01
3.057024160727671358e+00 2.052826925549802617e+00 4.661587711454846072e+00 5.175987945946142865e+00 5.838767837666016369e+00 -1.283548080348549947e+00 1.708868788752095913e-01
3.056300030619758967e+00 1.558645571144911424e+00 6.246313856677175202e+00 7.764767943537744799e+00 5.836700101050078082e+00 -1.382598525838218073e+00 1.625778495527731571e-01
3.054128785369407240e+00 1.377847764982199186e+00 5.894460100847266126e+00 6.480991436090704383e+00 5.832599403397962234e+00 -1.482516961969525759e+00 1.278901649176036048e-01
3.066881919673287715e+00 1.491176856044655441e+00 4.817429587045298334e+00 6.580870800065303783e+00 5.810663702517175011e+00 -1.506994790077508917e+00 9.862351491077141208e-02
3.042253383137758949e+00 1.972413597841587540e+00 4.701898526443961224e+00 6.188783705931906631e+00 5.857355840443204897e+00 -1.480435605063437077e+00 1.401007244439612109e-01
3.065992465219467000e+00 2.156625079341927709e+00 4.662981326562790407e+00 7.144976367426886910e+00 5.825364333460059107e+00 -1.371576797857022134e+00 1.334052782684084781e-01
3.045185255151987125e+00 2.492079507309322040e+00 3.974906957643661531e+00 4.864968457010598435e+00 5.857027107739380511e+00 -1.470226756831959136e+00 1.385590956071094393e-01
3.057819799622570223e+00 1.412797102813709182e+00 6.612295818461634944e+00 7.057427599426901565e+00 5.821846330606263997e+00 -1.345750919884054264e+00 1.712702873510164037e-01
3.069083076561518020e+00 3.968289939303635272e+00 2.613911982416897928e+00 3.551564798525511435e+00 5.857580498389346246e+00 -1.341880458398451603e+00 1.501113438324072902e-01
3.012127517832219770e+00 3.975940111610525740e+00 3.340190529087289306e+00 4.388404177596221700e+00 5.930699210203200344e+00 -9.380079477965702628e-01 2.487494727022404040e-01
3.059943507840130916e+00 1.969956576079541444e+00 5.046518761121530083e+00 6.201226630527265193e+00 5.814874173326349371e+00 -1.278498934251748542e+00 1.791061128969442251e-01
3.056961446430184637e+00 2.892484442020073931e+00 3.509811993121252360e+00 4.487187138142234133e+00 5.853732183248680165e+00 -1.493403286281190567e+00 1.267984539081853379e-01
3.065830715967511999e+00 3.366169352589592823e+00 3.124479919295557018e+00 3.984113658287741888e+00 5.850539274779737120e+00 -1.499802856841592646e+00 1.258354630225031190e-01
3.054319149885361906e+00 1.293842731305490101e+00 6.270478935450355173e+00 1.345106007729438247e+01 5.820241052774226098e+00 -1.460881325971747247e+00 1.208102919791149421e-01
3.073111380892879829e+00 3.378137699412618655e+00 2.979232875438571959e+00 3.946994862499684231e+00 5.824400781842052233e+00 -1.514460323336982439e+00 1.095083825720131326e-01
3.060634918276728733e+00 1.842991846882780171e+00 4.618124361730576943e+00 5.267563394957690548e+00 5.844930433902014499e+00 -1.324084546917562166e+00 1.560188298750234959e-01
3.061964934919652492e+00 3.314037142800452251e+00 3.246616391671970803e+00 4.130060825434744842e+00 5.850964121629643522e+00 -1.421331767534054435e+00 1.541094241253213870e-01
3.052802383119418650e+00 3.057136666096778921e+00 3.440385630972200293e+00 4.219354656082826338e+00 5.861628834021819223e+00 -1.403892462660072393e+00 1.794586305762068124e-01
3.086799455497748035e+00 3.384510487407895951e+00 3.139481148673930466e+00 3.976821029977320787e+00 5.806462246477002154e+00 -1.358585426972619192e+00 1.562106379865321470e-01
3.069476021327501414e+00 1.912853475857073215e+00 5.131563124164056688e+00 6.747237492347140098e+00 5.816124688808192111e+00 -1.334522746234011903e+00 1.538048170970779394e-01
3.037874114234570655e+00 1.287563828020846124e+00 6.569300430632660337e+00 7.839969920068186049e+00 5.861145274293308560e+00 -1.428706101089885383e+00 1.602547160709849872e-01
3.055976836795371465e+00 1.362362128429845054e+00 5.000183043653624537e+00 6.441887581803007023e+00 5.852754834031898667e+00 -1.608128448352764472e+00 9.555977999431353176e-02
3.054790040913818228e+00 1.527709221413587448e+00 4.879163972250419867e+00 6.812845503277498160e+00 5.840096317899751810e+00 -1.476686931728505181e+00 1.139961163397190808e-01
3.067342580451771994e+00 3.121077137301491167e+00 3.452955013032208420e+00 4.345141897487853733e+00 5.842047868382628906e+00 -1.446329651978203401e+00 1.517483484227050983e-01
3.071158799674514661e+00 2.088230738066557901e+00 4.651250246930072940e+00 5.933983022472676616e+00 5.825775942120846373e+00 -1.362434231575692323e+00 1.555232154812480339e-01
3.073985552453293302e+00 3.610602776307146655e+00 3.079184080072917773e+00 4.190263271520133337e+00 5.823424466769214547e+00 -1.469890529075366103e+00 1.265324181885762178e-01
3.046374830016697732e+00 2.708998250698998689e+00 3.549961359479435696e+00 4.433372685027971549e+00 5.866928675112345282e+00 -1.563793616344155923e+00 1.055133182164621625e-01
3.058962300555527314e+00 4.195329217881894834e+00 2.896493354956020561e+00 4.257700142414998723e+00 5.856986025408253305e+00 -1.352057469822320002e+00 1.356273372577277703e-01
3.068272393270262910e+00 3.365836976870660191e+00 3.164538123077247356e+00 4.025805679021708272e+00 5.845050183506324437e+00 -1.369842626240745487e+00 1.544413157628756750e-01
3.061000184763369880e+00 3.436226374678130302e+00 3.097398690803426557e+00 4.004204285217922710e+00 5.867248331352143964e+00 -1.471446067861076568e+00 1.296807904941331691e-01
3.058131774898421362e+00 1.599302881936289333e+00 5.399125748746839371e+00 7.513666562027526474e+00 5.818321253713850894e+00 -1.427088885741538471e+00 1.196837662095227017e-01
3.060175594800582211e+00 1.786272550003217274e+00 4.827624498745815451e+00 6.646459038604525915e+00 5.828899994433199616e+00 -1.395349560149553136e+00 1.349634023357515755e-01
3.044689078854617925e+00 1.225542590542795240e+00 5.561200450517637783e+00 7.746634341131475310e+00 5.845082780253347821e+00 -1.550420031239595042e+00 1.072910845000430713e-01
3.055815016277045881e+00 3.182006473123686341e+00 3.726557191882983400e+00 5.768545066495570417e+00 5.853172523722800058e+00 -1.512469525520017566e+00 1.132058152342199503e-01
3.055475541455852539e+00 2.717415027649011439e+00 3.607431156088661606e+00 4.375751405415415185e+00 5.863047900959761805e+00 -1.395012011538090624e+00 1.516346796466933600e-01
3.069263370456561724e+00 3.530476238780093201e+00 3.025758203732932472e+00 3.863294207887842280e+00 5.836565790684779209e+00 -1.319120087912698747e+00 1.631195247714632424e-01
3.066024921550218885e+00 1.649631778582740349e+00 6.341009499866125054e+00 7.968517236098291434e+00 5.800032597094520348e+00 -1.238644031303375082e+00 1.856023453464182016e-01
3.054839122454120481e+00 1.944043357587825094e+00 6.151813555554230817e+00 8.349162380122715277e+00 5.817427921843036032e+00 -1.352266358873878360e+00 1.747392413753158791e-01
3.066441614336361532e+00 3.300845795138779959e+00 3.109982864145225179e+00 4.033316679161850438e+00 5.841259848905393959e+00 -1.447862138196839732e+00 1.251625227679469821e-01
3.072702140067756549e+00 3.343606608379434242e+00 3.163964440423059354e+00 4.010324686722304577e+00 5.838407939853345496e+00 -1.391286145369584171e+00 1.375360141061103825e-01
3.053262489275699654e+00 2.135432238174075792e+00 6.496071597976006196e+00 7.125039313818050779e+00 5.835994646186067669e+00 -1.251612932035948811e+00 2.019207760644756433e-01
3.062557825528584576e+00 2.152198171222313494e+00 4.758683879381911730e+00 6.291396232432267865e+00 5.824494722923688528e+00 -1.296178131599503125e+00 1.674972506764969282e-01
3.069244829081328341e+00 1.353626855149535402e+00 6.162746382047119553e+00 1.148169980360242981e+01 5.787083298894805772e+00 -1.449840462094792670e+00 1.290263330559950072e-01
3.079652428654803042e+00 3.426248120745552406e+00 3.072354416670798560e+00 3.961084836425207811e+00 5.818934966660465058e+00 -1.366480739887744100e+00 1.498632511700893621e-01
3.079493074758969939e+00 3.354514056613756789e+00 3.014114604214119364e+00 3.906323622182743538e+00 5.821317676205515212e+00 -1.387727637884955012e+00 1.370414461131653217e-01
3.058871483609441722e+00 2.862200141664488218e+00 4.133743869140002580e+00 5.538581876926805592e+00 5.837187710130717022e+00 -1.357291946385474901e+00 1.703547981218327123e-01
3.070276307113100511e+00 1.643956998653270718e+00 4.663697878445854705e+00 6.319144012785361753e+00 5.814500460211306176e+00 -1.503367909012875092e+00 1.214328560322078671e-01
3.064704138483725249e+00 1.447215970245388839e+00 6.044290471835957135e+00 7.960554454193327523e+00 5.809306943017961800e+00 -1.476335336430725675e+00 1.102336258655117335e-01
3.064532129302894425e+00 3.039841511489416614e+00 3.426818032325711361e+00 4.362310798469795081e+00 5.827633030986092422e+00 -1.476593522745515141e+00 1.294786755975103343e-01
3.059789591879828574e+00 1.142192880318607440e+00 6.278290896685472688e+00 9.977428415247748816e+00 5.821625453757825142e+00 -1.441009912004224125e+00 1.259431025435775175e-01
3.058558042731722715e+00 1.349744239845177995e+00 5.974472729205394295e+00 7.902464425901772671e+00 5.827084081665218740e+00 -1.354414649004363369e+00 1.365951605447355555e-01
3.059094291287643763e+00 1.357497873154109636e+00 5.526098957925531963e+00 1.090605055509679211e+01 5.811168873334504603e+00 -1.505022037063460383e+00 9.895938971701544185e-02
3.079718057095283790e+00 3.097855158247625695e+00 3.133407211746259691e+00 4.247852094277003943e+00 5.820002393890809422e+00 -1.602494182083844532e+00 1.090233754427001323e-01
3.049155727907234770e+00 1.660207562032373296e+00 5.282700103853017914e+00 7.290988477292932757e+00 5.842340575304965533e+00 -1.403592854472830886e+00 1.582159575550143582e-01
3.069267626368775037e+00 3.188210100823830384e+00 3.275386431564580647e+00 4.200801003003686418e+00 5.833306079488983720e+00 -1.458905323392793552e+00 1.187678346410107333e-01
3.053908714900893884e+00 1.406884233355687464e+00 6.648069186921836682e+00 7.199562708464240401e+00 5.828085696157002005e+00 -1.377039564417751549e+00 1.484709298229440477e-01
3.062146141187338078e+00 1.416426961912466753e+00 5.751148954138009195e+00 9.471918095333780485e+00 5.821835012077397842e+00 -1.475268674234338828e+00 1.122131246624826773e-01
3.038895302976795332e+00 2.536391826036555219e+00 4.584480545513108574e+00 5.149901268551695388e+00 5.857998816774285800e+00 -1.360420793919165705e+00 1.769053772467882035e-01
3.056459233246256790e+00 2.498696408544348380e+00 3.915791962049171904e+00 4.707150263600370366e+00 5.850864993061606789e+00 -1.452979302778141024e+00 1.420125137627499257e-01
3.059660545939010934e+00 1.608946265501142392e+00 5.162236385830925478e+00 7.684159024796438864e+00 5.810986842517838369e+00 -1.448405204355724507e+00 1.225749820761073416e-01
3.058121532187790592e+00 2.038061591583271603e+00 4.723854988025650847e+00 6.753528215449013494e+00 5.830745501014742871e+00 -1.439116073788526462e+00 1.402637689751708716e-01
3.082262886258669621e+00 3.462189484238515469e+00 3.162893505892670820e+00 4.099172757194149419e+00 5.822610486872868307e+00 -1.347695539847518331e+00 1.447692074620580416e-01
3.074396841344388065e+00 3.434197018948237368e+00 3.119982042418669277e+00 3.954752400463962037e+00 5.824226246791749162e+00 -1.343705281811401919e+00 1.595538402432444269e-01
3.050245733093487566e+00 4.077847536329912259e+00 2.955050133452903793e+00 4.298219221420104930e+00 5.871656786197072542e+00 -1.252138461281908199e+00 2.015680967214435459e-01
3.081655020295354763e+00 3.246950663606505749e+00 3.223862053977970543e+00 4.380681318807038593e+00 5.808506460494104573e+00 -1.488401375282531580e+00 1.196312106488064825e-01
3.056833741177295227e+00 1.477859477022697154e+00 6.479966410064063709e+00 5.824504146025463847e+00 5.823459589039563511e+00 -1.368879720864500493e+00 1.554827602296585121e-01
3.057864323403276963e+00 1.404382622941046321e+00 6.156158796572984926e+00 8.964156777147845645e+00 5.839859827159827432e+00 -1.450547707910876394e+00 1.368714821061548237e-01
3.069691130598771522e+00 3.187088153296053772e+00 3.212413564262294852e+00 4.273191908385751248e+00 5.841381716692672477e+00 -1.553752290488011001e+00 1.179626171620313940e-01
3.064618749778961870e+00 3.182397313088241031e+00 3.871734088731390244e+00 5.420958119361557692e+00 5.828654257423273144e+00 -1.377993627102477525e+00 1.488446423259848772e-01
3.072623537469269639e+00 2.472532757193980135e+00 4.143158555345100247e+00 5.332997615762502974e+00 5.824065069443042475e+00 -1.366037439317361324e+00 1.588175217077215373e-01
3.040205065890781988e+00 3.061701592812105854e+00 4.708588397723377561e+00 6.367487718517367057e+00 5.868118494300023968e+00 -1.272364609230175247e+00 1.984450666894505833e-01
3.056691557515466506e+00 1.713981828363696724e+00 5.987339514119917716e+00 6.090189866605062008e+00 5.818622805648340446e+00 -1.341586190861463246e+00 1.685488116886801335e-01
3.073140314484228863e+00 3.331815448987680117e+00 3.137934238770939466e+00 4.038227924742623820e+00 5.825106758976631660e+00 -1.354808685637629795e+00 1.390825323738066888e-01
3.050110810861011768e+00 1.665407418912579374e+00 5.362730350629663079e+00 5.455631084664419816e+00 5.843957990103413103e+00 -1.333850058682385598e+00 1.717526613083367459e-01
3.065460123226220190e+00 3.827702478382302154e+00 3.190232994264323274e+00 4.693020033905411559e+00 5.842613163989572200e+00 -1.431998577238476900e+00 1.533663467783184797e-01
3.052857271885413670e+00 1.604699877109268646e+00 5.035236957569682481e+00 7.472588117444561640e+00 5.822540547344876138e+00 -1.422271805706651460e+00 1.371486926816547769e-01
3.063370620831276980e+00 3.301212606395038662e+00 3.757675315759742229e+00 5.379049605738450701e+00 5.844065829836591952e+00 -1.268056148928197180e+00 1.726219123291054258e-01
3.063706777131673498e+00 3.601845946633381423e+00 3.124106314313871646e+00 3.748027502409715161e+00 5.866265273519792878e+00 -9.647784376946558771e-01 2.456296157801722835e-01
3.071759443958090419e+00 2.978838309911732374e+00 3.798878912596243662e+00 5.595460238828417587e+00 5.816386217307435658e+00 -1.468724415925986237e+00 1.151517965571806357e-01
3.079044487410159014e+00 2.535394282394272558e+00 4.024630049595198322e+00 6.413935886735545822e+00 5.810109202092157865e+00 -1.513315971462041887e+00 1.132929170794095414e-01
3.037970053495890443e+00 2.626576046085368432e+00 5.067679768420287445e+00 6.920516765235245060e+00 5.863158685193551989e+00 -1.346534273793154712e+00 1.855718941249094867e-01
3.064651591164477384e+00 1.058110646844663716e+00 6.006064170201177888e+00 8.558947007925205241e+00 5.810855390759983585e+00 -1.507838320627825413e+00 1.129240563958496119e-01
3.076675876086210071e+00 3.254749420583500807e+00 3.142124451616642222e+00 4.057474877853372242e+00 5.831741595264289479e+00 -1.408837097043196263e+00 1.295616320996804682e-01
3.049229056849387387e+00 2.587138854463372439e+00 4.710722468037614519e+00 6.936901466779874958e+00 5.834770866192576122e+00 -1.375991306769025480e+00 1.586222181067504233e-01
3.048082803550770770e+00 1.589686199482900575e+00 6.385024731076171634e+00 7.427068876087885130e+00 5.829114770659400868e+00 -1.393288627504787991e+00 1.364703606605724429e-01
3.047040196694674297e+00 2.626278568097609512e+00 4.247966502348376139e+00 5.527751882549168272e+00 5.860935506650969629e+00 -1.309206109123247641e+00 1.883546640487089585e-01
3.048073116830678941e+00 1.548431869676249351e+00 5.224023492787249978e+00 6.803661029905939017e+00 5.847507771304103485e+00 -1.497260986254063786e+00 1.326242733419495112e-01
3.054817193783072593e+00 1.896060257241934721e+00 6.235615588343750737e+00 6.985919471589586927e+00 5.833512826891278813e+00 -1.362014439334170657e+00 1.767682626381298361e-01
3.051934339405167229e+00 1.661188634574902512e+00 5.827366065393624339e+00 1.112367655877769757e+01 5.830265035371845705e+00 -1.467655835528050012e+00 1.272899265472380304e-01
3.055896095511618338e+00 1.367656064006294248e+00 5.869905857202549981e+00 8.301672323868594106e+00 5.821543772422639762e+00 -1.499817965482323157e+00 1.203480902569111638e-01
3.053727237597271049e+00 1.648750382421037886e+00 5.476267766357212352e+00 6.918347992192002138e+00 5.841167898006417225e+00 -1.461509367104228074e+00 1.315279145443178366e-01
3.048911839284080827e+00 1.930579492772106276e+00 4.920652012614105786e+00 7.375352452013878235e+00 5.840337246335793431e+00 -1.472435070460348827e+00 1.324053560199833224e-01
3.055887944397705169e+00 2.280115652986206332e+00 5.147889803927963470e+00 5.775059797307217302e+00 5.840348980020695357e+00 -1.282991886279579052e+00 1.666740307241224017e-01
3.040751609120095456e+00 1.383402250910531039e+00 5.790301574429210341e+00 7.921266553360938545e+00 5.851585131013935737e+00 -1.492111721801073099e+00 1.173760603060104574e-01
3.069220448197201634e+00 3.422344478913267984e+00 3.155136392000786660e+00 4.017540840048420492e+00 5.838824158766365180e+00 -1.328251176237332132e+00 1.583702689869126157e-01
3.054766515775985347e+00 1.723709692249508985e+00 6.623451511170705075e+00 1.007201498985602406e+01 5.800950792288212199e+00 -1.334418959299368934e+00 1.451697969576273006e-01
3.078858573267296173e+00 1.868885158057465912e+00 5.572039540045431671e+00 6.003088238496975038e+00 5.795227215827508438e+00 -1.353767067353214282e+00 1.673117637035653194e-01
3.040543406505958668e+00 2.504585246872959914e+00 4.583129317037523798e+00 5.247134710894407306e+00 5.848671780101619255e+00 -1.344210777425362879e+00 1.763819166461225441e-01
3.041662839588231027e+00 1.460415380611870928e+00 5.749706544191962365e+00 6.105387643520101548e+00 5.850788062480904550e+00 -1.435257981097971092e+00 1.452866067387518223e-01
3.078616095530710250e+00 3.089968307540092773e+00 3.268624288452750992e+00 4.392256304784138088e+00 5.822010255676080881e+00 -1.551184833102054572e+00 1.065939464147340060e-01
3.057024160727671358e+00 2.052826925549802617e+00 4.661587711454846072e+00 5.175987945946142865e+00 5.838767837666016369e+00 -1.283548080348549947e+00 1.708868788752095913e-01
3.056300030619758967e+00 1.558645571144911424e+00 6.246313856677175202e+00 7.764767943537744799e+00 5.836700101050078082e+00 -1.382598525838218073e+00 1.625778495527731571e-01
3.054128785369407240e+00 1.377847764982199186e+00 5.894460100847266126e+00 6.480991436090704383e+00 5.832599403397962234e+00 -1.482516961969525759e+00 1.278901649176036048e-01
3.066881919673287715e+00 1.491176856044655441e+00 4.817429587045298334e+00 6.580870800065303783e+00 5.810663702517175011e+00 -1.506994790077508917e+00 9.862351491077141208e-02
3.042253383137758949e+00 1.972413597841587540e+00 4.701898526443961224e+00 6.188783705931906631e+00 5.857355840443204897e+00 -1.480435605063437077e+00 1.401007244439612109e-01
3.065992465219467000e+00 2.156625079341927709e+00 4.662981326562790407e+00 7.144976367426886910e+00 5.825364333460059107e+00 -1.371576797857022134e+00 1.334052782684084781e-01
3.045185255151987125e+00 2.492079507309322040e+00 3.974906957643661531e+00 4.864968457010598435e+00 5.857027107739380511e+00 -1.470226756831959136e+00 1.385590956071094393e-01
3.057819799622570223e+00 1.412797102813709182e+00 6.612295818461634944e+00 7.057427599426901565e+00 5.821846330606263997e+00 -1.345750919884054264e+00 1.712702873510164037e-01
3.069083076561518020e+00 3.968289939303635272e+00 2.613911982416897928e+00 3.551564798525511435e+00 5.857580498389346246e+00 -1.341880458398451603e+00 1.501113438324072902e-01
3.012127517832219770e+00 3.975940111610525740e+00 3.340190529087289306e+00 4.388404177596221700e+00 5.930699210203200344e+00 -9.380079477965702628e-01 2.487494727022404040e-01
3.059943507840130916e+00 1.969956576079541444e+00 5.046518761121530083e+00 6.201226630527265193e+00 5.814874173326349371e+00 -1.278498934251748542e+00 1.791061128969442251e-01
3.056961446430184637e+00 2.892484442020073931e+00 3.509811993121252360e+00 4.487187138142234133e+00 5.853732183248680165e+00 -1.493403286281190567e+00 1.267984539081853379e-01
3.065830715967511999e+00 3.366169352589592823e+00 3.124479919295557018e+00 3.984113658287741888e+00 5.850539274779737120e+00 -1.499802856841592646e+00 1.258354630225031190e-01
3.054319149885361906e+00 1.293842731305490101e+00 6.270478935450355173e+00 1.345106007729438247e+01 5.820241052774226098e+00 -1.460881325971747247e+00 1.208102919791149421e-01
3.073111380892879829e+00 3.378137699412618655e+00 2.979232875438571959e+00 3.946994862499684231e+00 5.824400781842052233e+00 -1.514460323336982439e+00 1.095083825720131326e-01
3.060634918276728733e+00 1.842991846882780171e+00 4.618124361730576943e+00 5.267563394957690548e+00 5.844930433902014499e+00 -1.324084546917562166e+00 1.560188298750234959e-01
3.061964934919652492e+00 3.314037142800452251e+00 3.246616391671970803e+00 4.130060825434744842e+00 5.850964121629643522e+00 -1.421331767534054435e+00 1.541094241253213870e-01
3.052802383119418650e+00 3.057136666096778921e+00 3.440385630972200293e+00 4.219354656082826338e+00 5.861628834021819223e+00 -1.403892462660072393e+00 1.794586305762068124e-01
3.086799455497748035e+00 3.384510487407895951e+00 3.139481148673930466e+00 3.976821029977320787e+00 5.806462246477002154e+00 -1.358585426972619192e+00 1.562106379865321470e-01
3.069476021327501414e+00 1.912853475857073215e+00 5.131563124164056688e+00 6.747237492347140098e+00 5.816124688808192111e+00 -1.334522746234011903e+00 1.538048170970779394e-01
3.037874114234570655e+00 1.287563828020846124e+00 6.569300430632660337e+00 7.839969920068186049e+00 5.861145274293308560e+00 -1.428706101089885383e+00 1.602547160709849872e-01
3.055976836795371465e+00 1.362362128429845054e+00 5.000183043653624537e+00 6.441887581803007023e+00 5.852754834031898667e+00 -1.608128448352764472e+00 9.555977999431353176e-02
3.054790040913818228e+00 1.527709221413587448e+00 4.879163972250419867e+00 6.812845503277498160e+00 5.840096317899751810e+00 -1.476686931728505181e+00 1.139961163397190808e-01
3.067342580451771994e+00 3.121077137301491167e+00 3.452955013032208420e+00 4.345141897487853733e+00 5.842047868382628906e+00 -1.446329651978203401e+00 1.517483484227050983e-01
3.071158799674514661e+00 2.088230738066557901e+00 4.651250246930072940e+00 5.933983022472676616e+00 5.825775942120846373e+00 -1.362434231575692323e+00 1.555232154812480339e-01
3.073985552453293302e+00 3.610602776307146655e+00 3.079184080072917773e+00 4.190263271520133337e+00 5.823424466769214547e+00 -1.469890529075366103e+00 1.265324181885762178e-01
3.046374830016697732e+00 2.708998250698998689e+00 3.549961359479435696e+00 4.433372685027971549e+00 5.866928675112345282e+00 -1.563793616344155923e+00 1.055133182164621625e-01
3.058962300555527314e+00 4.195329217881894834e+00 2.896493354956020561e+00 4.257700142414998723e+00 5.856986025408253305e+00 -1.352057469822320002e+00 1.356273372577277703e-01
3.068272393270262910e+00 3.365836976870660191e+00 3.164538123077247356e+00 4.025805679021708272e+00 5.845050183506324437e+00 -1.369842626240745487e+00 1.544413157628756750e-01
3.061000184763369880e+00 3.436226374678130302e+00 3.097398690803426557e+00 4.004204285217922710e+00 5.867248331352143964e+00 -1.471446067861076568e+00 1.296807904941331691e-01
3.058131774898421362e+00 1.599302881936289333e+00 5.399125748746839371e+00 7.513666562027526474e+00 5.818321253713850894e+00 -1.427088885741538471e+00 1.196837662095227017e-01
3.060175594800582211e+00 1.786272550003217274e+00 4.827624498745815451e+00 6.646459038604525915e+00 5.828899994433199616e+00 -1.395349560149553136e+00 1.349634023357515755e-01
3.044689078854617925e+00 1.225542590542795240e+00 5.561200450517637783e+00 7.746634341131475310e+00 5.845082780253347821e+00 -1.550420031239595042e+00 1.072910845000430713e-01
3.055815016277045881e+00 3.182006473123686341e+00 3.726557191882983400e+00 5.768545066495570417e+00 5.853172523722800058e+00 -1.512469525520017566e+00 1.132058152342199503e-01
3.055475541455852539e+00 2.717415027649011439e+00 3.607431156088661606e+00 4.375751405415415185e+00 5.863047900959761805e+00 -1.395012011538090624e+00 1.516346796466933600e-01
3.069263370456561724e+00 3.530476238780093201e+00 3.025758203732932472e+00 3.863294207887842280e+00 5.836565790684779209e+00 -1.319120087912698747e+00 1.631195247714632424e-01
3.066024921550218885e+00 1.649631778582740349e+00 6.341009499866125054e+00 7.968517236098291434e+00 5.800032597094520348e+00 -1.238644031303375082e+00 1.856023453464182016e-01
3.054839122454120481e+00 1.944043357587825094e+00 6.151813555554230817e+00 8.349162380122715277e+00 5.817427921843036032e+00 -1.352266358873878360e+00 1.747392413753158791e-01
3.066441614336361532e+00 3.300845795138779959e+00 3.109982864145225179e+00 4.033316679161850438e+00 5.841259848905393959e+00 -1.447862138196839732e+00 1.251625227679469821e-01
3.072702140067756549e+00 3.343606608379434242e+00 3.163964440423059354e+00 4.010324686722304577e+00 5.838407939853345496e+00 -1.391286145369584171e+00 1.375360141061103825e-01
3.053262489275699654e+00 2.135432238174075792e+00 6.496071597976006196e+00 7.125039313818050779e+00 5.835994646186067669e+00 -1.251612932035948811e+00 2.019207760644756433e-01
3.062557825528584576e+00 2.152198171222313494e+00 4.758683879381911730e+00 6.291396232432267865e+00 5.824494722923688528e+00 -1.296178131599503125e+00 1.674972506764969282e-01
3.069244829081328341e+00 1.353626855149535402e+00 6.162746382047119553e+00 1.148169980360242981e+01 5.787083298894805772e+00 -1.449840462094792670e+00 1.290263330559950072e-01
3.079652428654803042e+00 3.426248120745552406e+00 3.072354416670798560e+00 3.961084836425207811e+00 5.818934966660465058e+00 -1.366480739887744100e+00 1.498632511700893621e-01
3.079493074758969939e+00 3.354514056613756789e+00 3.014114604214119364e+00 3.906323622182743538e+00 5.821317676205515212e+00 -1.387727637884955012e+00 1.370414461131653217e-01
3.058871483609441722e+00 2.862200141664488218e+00 4.133743869140002580e+00 5.538581876926805592e+00 5.837187710130717022e+00 -1.357291946385474901e+00 1.703547981218327123e-01
3.070276307113100511e+00 1.643956998653270718e+00 4.663697878445854705e+00 6.319144012785361753e+00 5.814500460211306176e+00 -1.503367909012875092e+00 1.214328560322078671e-01
3.064704138483725249e+00 1.447215970245388839e+00 6.044290471835957135e+00 7.960554454193327523e+00 5.809306943017961800e+00 -1.476335336430725675e+00 1.102336258655117335e-01
3.064532129302894425e+00 3.039841511489416614e+00 3.426818032325711361e+00 4.362310798469795081e+00 5.827633030986092422e+00 -1.476593522745515141e+00 1.294786755975103343e-01
3.059789591879828574e+00 1.142192880318607440e+00 6.278290896685472688e+00 9.977428415247748816e+00 5.821625453757825142e+00 -1.441009912004224125e+00 1.259431025435775175e-01
3.058558042731722715e+00 1.349744239845177995e+00 5.974472729205394295e+00 7.902464425901772671e+00 5.827084081665218740e+00 -1.354414649004363369e+00 1.365951605447355555e-01
3.059094291287643763e+00 1.357497873154109636e+00 5.526098957925531963e+00 1.090605055509679211e+01 5.811168873334504603e+00 -1.505022037063460383e+00 9.895938971701544185e-02
3.079718057095283790e+00 3.097855158247625695e+00 3.133407211746259691e+00 4.247852094277003943e+00 5.820002393890809422e+00 -1.602494182083844532e+00 1.090233754427001323e-01
3.049155727907234770e+00 1.660207562032373296e+00 5.282700103853017914e+00 7.290988477292932757e+00 5.842340575304965533e+00 -1.403592854472830886e+00 1.582159575550143582e-01
3.069267626368775037e+00 3.188210100823830384e+00 3.275386431564580647e+00 4.200801003003686418e+00 5.833306079488983720e+00 -1.458905323392793552e+00 1.187678346410107333e-01
3.053908714900893884e+00 1.406884233355687464e+00 6.648069186921836682e+00 7.199562708464240401e+00 5.828085696157002005e+00 -1.377039564417751549e+00 1.484709298229440477e-01
3.062146141187338078e+00 1.416426961912466753e+00 5.751148954138009195e+00 9.471918095333780485e+00 5.821835012077397842e+00 -1.475268674234338828e+00 1.122131246624826773e-01
3.038895302976795332e+00 2.536391826036555219e+00 4.584480545513108574e+00 5.149901268551695388e+00 5.857998816774285800e+00 -1.360420793919165705e+00 1.769053772467882035e-01
3.056459233246256790e+00 2.498696408544348380e+00 3.915791962049171904e+00 4.707150263600370366e+00 5.850864993061606789e+00 -1.452979302778141024e+00 1.420125137627499257e-01
3.059660545939010934e+00 1.608946265501142392e+00 5.162236385830925478e+00 7.684159024796438864e+00 5.810986842517838369e+00 -1.448405204355724507e+00 1.225749820761073416e-01
3.058121532187790592e+00 2.038061591583271603e+00 4.723854988025650847e+00 6.753528215449013494e+00 5.830745501014742871e+00 -1.439116073788526462e+00 1.402637689751708716e-01
3.082262886258669621e+00 3.462189484238515469e+00 3.162893505892670820e+00 4.099172757194149419e+00 5.822610486872868307e+00 -1.347695539847518331e+00 1.447692074620580416e-01
3.074396841344388065e+00 3.434197018948237368e+00 3.119982042418669277e+00 3.954752400463962037e+00 5.824226246791749162e+00 -1.343705281811401919e+00 1.595538402432444269e-01
3.050245733093487566e+00 4.077847536329912259e+00 2.955050133452903793e+00 4.298219221420104930e+00 5.871656786197072542e+00 -1.252138461281908199e+00 2.015680967214435459e-01
3.081655020295354763e+00 3.246950663606505749e+00 3.223862053977970543e+00 4.380681318807038593e+00 5.808506460494104573e+00 -1.488401375282531580e+00 1.196312106488064825e-01
3.056833741177295227e+00 1.477859477022697154e+00 6.479966410064063709e+00 5.824504146025463847e+00 5.823459589039563511e+00 -1.368879720864500493e+00 1.554827602296585121e-01
3.057864323403276963e+00 1.404382622941046321e+00 6.156158796572984926e+00 8.964156777147845645e+00 5.839859827159827432e+00 -1.450547707910876394e+00 1.368714821061548237e-01
3.069691130598771522e+00 3.187088153296053772e+00 3.212413564262294852e+00 4.273191908385751248e+00 5.841381716692672477e+00 -1.553752290488011001e+00 1.179626171620313940e-01
3.064618749778961870e+00 3.182397313088241031e+00 3.871734088731390244e+00 5.420958119361557692e+00 5.828654257423273144e+00 -1.377993627102477525e+00 1.488446423259848772e-01
3.072623537469269639e+00 2.472532757193980135e+00 4.143158555345100247e+00 5.332997615762502974e+00 5.824065069443042475e+00 -1.366037439317361324e+00 1.588175217077215373e-01
3.040205065890781988e+00 3.061701592812105854e+00 4.708588397723377561e+00 6.367487718517367057e+00 5.868118494300023968e+00 -1.272364609230175247e+00 1.984450666894505833e-01
3.056691557515466506e+00 1.713981828363696724e+00 5.987339514119917716e+00 6.090189866605062008e+00 5.818622805648340446e+00 -1.341586190861463246e+00 1.685488116886801335e-01
3.073140314484228863e+00 3.331815448987680117e+00 3.137934238770939466e+00 4.038227924742623820e+00 5.825106758976631660e+00 -1.354808685637629795e+00 1.390825323738066888e-01
3.050110810861011768e+00 1.665407418912579374e+00 5.362730350629663079e+00 5.455631084664419816e+00 5.843957990103413103e+00 -1.333850058682385598e+00 1.717526613083367459e-01
3.065460123226220190e+00 3.827702478382302154e+00 3.190232994264323274e+00 4.693020033905411559e+00 5.842613163989572200e+00 -1.431998577238476900e+00 1.533663467783184797e-01
3.052857271885413670e+00 1.604699877109268646e+00 5.035236957569682481e+00 7.472588117444561640e+00 5.822540547344876138e+00 -1.422271805706651460e+00 1.371486926816547769e-01
3.063370620831276980e+00 3.301212606395038662e+00 3.757675315759742229e+00 5.379049605738450701e+00 5.844065829836591952e+00 -1.268056148928197180e+00 1.726219123291054258e-01
3.063706777131673498e+00 3.601845946633381423e+00 3.124106314313871646e+00 3.748027502409715161e+00 5.866265273519792878e+00 -9.647784376946558771e-01 2.456296157801722835e-01
3.071759443958090419e+00 2.978838309911732374e+00 3.798878912596243662e+00 5.595460238828417587e+00 5.816386217307435658e+00 -1.468724415925986237e+00 1.151517965571806357e-01
3.079044487410159014e+00 2.535394282394272558e+00 4.024630049595198322e+00 6.413935886735545822e+00 5.810109202092157865e+00 -1.513315971462041887e+00 1.132929170794095414e-01
3.037970053495890443e+00 2.626576046085368432e+00 5.067679768420287445e+00 6.920516765235245060e+00 5.863158685193551989e+00 -1.346534273793154712e+00 1.855718941249094867e-01
3.064651591164477384e+00 1.058110646844663716e+00 6.006064170201177888e+00 8.558947007925205241e+00 5.810855390759983585e+00 -1.507838320627825413e+00 1.129240563958496119e-01
3.076675876086210071e+00 3.254749420583500807e+00 3.142124451616642222e+00 4.057474877853372242e+00 5.831741595264289479e+00 -1.408837097043196263e+00 1.295616320996804682e-01
3.049229056849387387e+00 2.587138854463372439e+00 4.710722468037614519e+00 6.936901466779874958e+00 5.834770866192576122e+00 -1.375991306769025480e+00 1.586222181067504233e-01
3.048082803550770770e+00 1.589686199482900575e+00 6.385024731076171634e+00 7.427068876087885130e+00 5.829114770659400868e+00 -1.393288627504787991e+00 1.364703606605724429e-01
3.047040196694674297e+00 2.626278568097609512e+00 4.247966502348376139e+00 5.527751882549168272e+00 5.860935506650969629e+00 -1.309206109123247641e+00 1.883546640487089585e-01
3.048073116830678941e+00 1.548431869676249351e+00 5.224023492787249978e+00 6.803661029905939017e+00 5.847507771304103485e+00 -1.497260986254063786e+00 1.326242733419495112e-01
3.054817193783072593e+00 1.896060257241934721e+00 6.235615588343750737e+00 6.985919471589586927e+00 5.833512826891278813e+00 -1.362014439334170657e+00 1.767682626381298361e-01
3.051934339405167229e+00 1.661188634574902512e+00 5.827366065393624339e+00 1.112367655877769757e+01 5.830265035371845705e+00 -1.467655835528050012e+00 1.272899265472380304e-01
3.055896095511618338e+00 1.367656064006294248e+00 5.869905857202549981e+00 8.301672323868594106e+00 5.821543772422639762e+00 -1.499817965482323157e+00 1.203480902569111638e-01
3.053727237597271049e+00 1.648750382421037886e+00 5.476267766357212352e+00 6.918347992192002138e+00 5.841167898006417225e+00 -1.461509367104228074e+00 1.315279145443178366e-01
3.048911839284080827e+00 1.930579492772106276e+00 4.920652012614105786e+00 7.375352452013878235e+00 5.840337246335793431e+00 -1.472435070460348827e+00 1.324053560199833224e-01
3.055887944397705169e+00 2.280115652986206332e+00 5.147889803927963470e+00 5.775059797307217302e+00 5.840348980020695357e+00 -1.282991886279579052e+00 1.666740307241224017e-01
3.040751609120095456e+00 1.383402250910531039e+00 5.790301574429210341e+00 7.921266553360938545e+00 5.851585131013935737e+00 -1.492111721801073099e+00 1.173760603060104574e-01
3.069220448197201634e+00 3.422344478913267984e+00 3.155136392000786660e+00 4.017540840048420492e+00 5.838824158766365180e+00 -1.328251176237332132e+00 1.583702689869126157e-01
3.054766515775985347e+00 1.723709692249508985e+00 6.623451511170705075e+00 1.007201498985602406e+01 5.800950792288212199e+00 -1.334418959299368934e+00 1.451697969576273006e-01
3.078858573267296173e+00 1.868885158057465912e+00 5.572039540045431671e+00 6.003088238496975038e+00 5.795227215827508438e+00 -1.353767067353214282e+00 1.673117637035653194e-01
3.040543406505958668e+00 2.504585246872959914e+00 4.583129317037523798e+00 5.247134710894407306e+00 5.848671780101619255e+00 -1.344210777425362879e+00 1.763819166461225441e-01
3.041662839588231027e+00 1.460415380611870928e+00 5.749706544191962365e+00 6.105387643520101548e+00 5.850788062480904550e+00 -1.435257981097971092e+00 1.452866067387518223e-01
3.078616095530710250e+00 3.089968307540092773e+00 3.268624288452750992e+00 4.392256304784138088e+00 5.822010255676080881e+00 -1.551184833102054572e+00 1.065939464147340060e-01
3.057024160727671358e+00 2.052826925549802617e+00 4.661587711454846072e+00 5.175987945946142865e+00 5.838767837666016369e+00 -1.283548080348549947e+00 1.708868788752095913e-01
3.056300030619758967e+00 1.558645571144911424e+00 6.246313856677175202e+00 7.764767943537744799e+00 5.836700101050078082e+00 -1.382598525838218073e+00 1.625778495527731571e-01
3.054128785369407240e+00 1.377847764982199186e+00 5.894460100847266126e+00 6.480991436090704383e+00 5.832599403397962234e+00 -1.482516961969525759e+00 1.278901649176036048e-01
3.066881919673287715e+00 1.491176856044655441e+00 4.817429587045298334e+00 6.580870800065303783e+00 5.810663702517175011e+00 -1.506994790077508917e+00 9.862351491077141208e-02
3.042253383137758949e+00 1.972413597841587540e+00 4.701898526443961224e+00 6.188783705931906631e+00 5.857355840443204897e+00 -1.480435605063437077e+00 1.401007244439612109e-01
3.065992465219467000e+00 2.156625079341927709e+00 4.662981326562790407e+00 7.144976367426886910e+00 5.825364333460059107e+00 -1.371576797857022134e+00 1.334052782684084781e-01
3.045185255151987125e+00 2.492079507309322040e+00 3.974906957643661531e+00 4.864968457010598435e+00 5.857027107739380511e+00 -1.470226756831959136e+00 1.385590956071094393e-01
3.057819799622570223e+00 1.412797102813709182e+00 6.612295818461634944e+00 7.057427599426901565e+00 5.821846330606263997e+00 -1.345750919884054264e+00 1.712702873510164037e-01
3.069083076561518020e+00 3.968289939303635272e+00 2.613911982416897928e+00 3.551564798525511435e+00 5.857580498389346246e+00 -1.341880458398451603e+00 1.501113438324072902e-01
3.012127517832219770e+00 3.975940111610525740e+00 3.340190529087289306e+00 4.388404177596221700e+00 5.930699210203200344e+00 -9.380079477965702628e-01 2.487494727022404040e-01
3.059943507840130916e+00 1.969956576079541444e+00 5.046518761121530083e+00 6.201226630527265193e+00 5.814874173326349371e+00 -1.278498934251748542e+00 1.791061128969442251e-01
3.056961446430184637e+00 2.892484442020073931e+00 3.509811993121252360e+00 4.487187138142234133e+00 5.853732183248680165e+00 -1.493403286281190567e+00 1.267984539081853379e-01
3.065830715967511999e+00 3.366169352589592823e+00 3.124479919295557018e+00 3.984113658287741888e+00 5.850539274779737120e+00 -1.499802856841592646e+00 1.258354630225031190e-01
3.054319149885361906e+00 1.293842731305490101e+00 6.270478935450355173e+00 1.345106007729438247e+01 5.820241052774226098e+00 -1.460881325971747247e+00 1.208102919791149421e-01
3.073111380892879829e+00 3.378137699412618655e+00 2.979232875438571959e+00 3.946994862499684231e+00 5.824400781842052233e+00 -1.514460323336982439e+00 1.095083825720131326e-01
3.060634918276728733e+00 1.842991846882780171e+00 4.618124361730576943e+00 5.267563394957690548e+00 5.844930433902014499e+00 -1.324084546917562166e+00 1.560188298750234959e-01
3.061964934919652492e+00 3.314037142800452251e+00 3.246616391671970803e+00 4.130060825434744842e+00 5.850964121629643522e+00 -1.421331767534054435e+00 1.541094241253213870e-01
3.052802383119418650e+00 3.057136666096778921e+00 3.440385630972200293e+00 4.219354656082826338e+00 5.861628834021819223e+00 -1.403892462660072393e+00 1.794586305762068124e-01
3.086799455497748035e+00 3.384510487407895951e+00 3.139481148673930466e+00 3.976821029977320787e+00 5.806462246477002154e+00 -1.358585426972619192e+00 1.562106379865321470e-01
3.069476021327501414e+00 1.912853475857073215e+00 5.131563124164056688e+00 6.747237492347140098e+00 5.816124688808192111e+00 -1.334522746234011903e+00 1.538048170970779394e-01
3.037874114234570655e+00 1.287563828020846124e+00 6.569300430632660337e+00 7.839969920068186049e+00 5.861145274293308560e+00 -1.428706101089885383e+00 1.602547160709849872e-01
3.055976836795371465e+00 1.362362128429845054e+00 5.000183043653624537e+00 6.441887581803007023e+00 5.852754834031898667e+00 -1.608128448352764472e+00 9.555977999431353176e-02
3.054790040913818228e+00 1.527709221413587448e+00 4.879163972250419867e+00 6.812845503277498160e+00 5.840096317899751810e+00 -1.476686931728505181e+00 1.139961163397190808e-01
3.067342580451771994e+00 3.121077137301491167e+00 3.452955013032208420e+00 4.345141897487853733e+00 5.842047868382628906e+00 -1.446329651978203401e+00 1.517483484227050983e-01
3.071158799674514661e+00 2.088230738066557901e+00 4.651250246930072940e+00 5.933983022472676616e+00 5.825775942120846373e+00 -1.362434231575692323e+00 1.555232154812480339e-01
3.073985552453293302e+00 3.610602776307146655e+00 3.079184080072917773e+00 4.190263271520133337e+00 5.823424466769214547e+00 -1.469890529075366103e+00 1.265324181885762178e-01
3.046374830016697732e+00 2.708998250698998689e+00 3.549961359479435696e+00 4.433372685027971549e+00 5.866928675112345282e+00 -1.563793616344155923e+00 1.055133182164621625e-01
3.058962300555527314e+00 4.195329217881894834e+00 2.896493354956020561e+00 4.257700142414998723e+00 5.856986025408253305e+00 -1.352057469822320002e+00 1.356273372577277703e-01
3.068272393270262910e+00 3.365836976870660191e+00 3.164538123077247356e+00 4.025805679021708272e+00 5.845050183506324437e+00 -1.369842626240745487e+00 1.544413157628756750e-01
3.061000184763369880e+00 3.436226374678130302e+00 3.097398690803426557e+00 4.004204285217922710e+00 5.867248331352143964e+00 -1.471446067861076568e+00 1.296807904941331691e-01
3.058131774898421362e+00 1.599302881936289333e+00 5.399125748746839371e+00 7.513666562027526474e+00 5.818321253713850894e+00 -1.427088885741538471e+00 1.196837662095227017e-01
3.060175594800582211e+00 1.786272550003217274e+00 4.827624498745815451e+00 6.646459038604525915e+00 5.828899994433199616e+00 -1.395349560149553136e+00 1.349634023357515755e-01
3.044689078854617925e+00 1.225542590542795240e+00 5.561200450517637783e+00 7.746634341131475310e+00 5.845082780253347821e+00 -1.550420031239595042e+00 1.072910845000430713e-01
3.055815016277045881e+00 3.182006473123686341e+00 3.726557191882983400e+00 5.768545066495570417e+00 5.853172523722800058e+00 -1.512469525520017566e+00 1.132058152342199503e-01
3.055475541455852539e+00 2.717415027649011439e+00 3.607431156088661606e+00 4.375751405415415185e+00 5.863047900959761805e+00 -1.395012011538090624e+00 1.516346796466933600e-01
3.069263370456561724e+00 3.530476238780093201e+00 3.025758203732932472e+00 3.863294207887842280e+00 5.836565790684779209e+00 -1.319120087912698747e+00 1.631195247714632424e-01
3.066024921550218885e+00 1.649631778582740349e+00 6.341009499866125054e+00 7.968517236098291434e+00 5.800032597094520348e+00 -1.238644031303375082e+00 1.856023453464182016e-01
3.054839122454120481e+00 1.944043357587825094e+00 6.151813555554230817e+00 8.349162380122715277e+00 5.817427921843036032e+00 -1.352266358873878360e+00 1.747392413753158791e-01
3.066441614336361532e+00 3.300845795138779959e+00 3.109982864145225179e+00 4.033316679161850438e+00 5.841259848905393959e+00 -1.447862138196839732e+00 1.251625227679469821e-01
3.072702140067756549e+00 3.343606608379434242e+00 3.163964440423059354e+00 4.010324686722304577e+00 5.838407939853345496e+00 -1.391286145369584171e+00 1.375360141061103825e-01
3.053262489275699654e+00 2.135432238174075792e+00 6.496071597976006196e+00 7.125039313818050779e+00 5.835994646186067669e+00 -1.251612932035948811e+00 2.019207760644756433e-01
3.062557825528584576e+00 2.152198171222313494e+00 4.758683879381911730e+00 6.291396232432267865e+00 5.824494722923688528e+00 -1.296178131599503125e+00 1.674972506764969282e-01
3.069244829081328341e+00 1.353626855149535402e+00 6.162746382047119553e+00 1.148169980360242981e+01 5.787083298894805772e+00 -1.449840462094792670e+00 1.290263330559950072e-01
3.079652428654803042e+00 3.426248120745552406e+00 3.072354416670798560e+00 3.961084836425207811e+00 5.818934966660465058e+00 -1.366480739887744100e+00 1.498632511700893621e-01
3.079493074758969939e+00 3.354514056613756789e+00 3.014114604214119364e+00 3.906323622182743538e+00 5.821317676205515212e+00 -1.387727637884955012e+00 1.370414461131653217e-01
3.058871483609441722e+00 2.862200141664488218e+00 4.133743869140002580e+00 5.538581876926805592e+00 5.837187710130717022e+00 -1.357291946385474901e+00 1.703547981218327123e-01
3.070276307113100511e+00 1.643956998653270718e+00 4.663697878445854705e+00 6.319144012785361753e+00 5.814500460211306176e+00 -1.503367909012875092e+00 1.214328560322078671e-01
3.064704138483725249e+00 1.447215970245388839e+00 6.044290471835957135e+00 7.960554454193327523e+00 5.809306943017961800e+00 -1.476335336430725675e+00 1.102336258655117335e-01
3.064532129302894425e+00 3.039841511489416614e+00 3.426818032325711361e+00 4.362310798469795081e+00 5.827633030986092422e+00 -1.476593522745515141e+00 1.294786755975103343e-01
3.059789591879828574e+00 1.142192880318607440e+00 6.278290896685472688e+00 9.977428415247748816e+00 5.821625453757825142e+00 -1.441009912004224125e+00 1.259431025435775175e-01
