3.086552547075977149e+00 1.659272532482290563e+00 4.714145000999705459e+00 6.767552519511448317e+00 5.775296005492541518e+00 -1.434723598834811487e+00 1.123902790843399058e-01
3.071995289894494885e+00 3.384384700906908794e+00 3.066545775745805003e+00 3.961544479812940889e+00 5.826294968101340288e+00 -1.310262766768254483e+00 1.675895199244083755e-01
3.101767035622032154e+00 3.456034804991055864e+00 3.013499637349762672e+00 3.907546402393693441e+00 5.775017251016260289e+00 -1.213122463681030938e+00 1.550076624693249305e-01
3.081561567542081104e+00 2.863123205847903918e+00 3.769359380051338526e+00 5.233952213893764416e+00 5.793003770700932087e+00 -1.396483033666514606e+00 1.260614777624530780e-01
3.095836035451733803e+00 3.194759489601070257e+00 3.110567496368743523e+00 4.185535196186608076e+00 5.789019121496959741e+00 -1.476804212118385307e+00 1.081499850872295332e-01
3.070096177006109261e+00 2.847981006748606880e+00 3.857381733579390737e+00 5.327158955613636060e+00 5.824886859483892287e+00 -1.278319727697375674e+00 1.713690008854263647e-01
3.104681356833934647e+00 3.287325568579786861e+00 3.109016647847626658e+00 4.041582111338638761e+00 5.765012195313613752e+00 -1.340850690406284240e+00 1.437818766787591629e-01
3.063082133395371276e+00 1.424665911981087163e+00 5.340721980431143656e+00 9.102474642491472423e+00 5.820500402749307689e+00 -1.353191280949424868e+00 1.453341730470139037e-01
3.075502209312023894e+00 3.328445269326122613e+00 3.153290011959110739e+00 4.072388740795005901e+00 5.834636784637912577e+00 -1.302687690695728540e+00 1.689166390128907791e-01
3.072272800031925932e+00 3.116642349946868507e+00 3.314061765418948369e+00 4.261286229350933041e+00 5.825400593195218413e+00 -1.304211179701036061e+00 1.826251650645930868e-01
3.073030887608883877e+00 1.685234951200007103e+00 4.691380387166850241e+00 6.351854647738447213e+00 5.792167712697314563e+00 -1.383476651455105788e+00 1.324831642400940146e-01
3.058366710096623642e+00 1.184802952811377930e+00 6.629530804907724395e+00 1.037063395016202527e+01 5.799500214542106846e+00 -1.314311671360063105e+00 1.557137931349004412e-01
3.066167530320969892e+00 2.829458505772566301e+00 3.929746181192815602e+00 6.064216942774599772e+00 5.826586176178457421e+00 -1.388216261717040600e+00 1.430336516651667667e-01
3.071035018175577225e+00 1.540431705146185992e+00 5.870336476892886957e+00 7.655062114945981655e+00 5.789455353652854797e+00 -1.292850339345667177e+00 1.668442340744707153e-01
3.087245138945428735e+00 3.518629128397756212e+00 3.082455851063505836e+00 3.985824243654511712e+00 5.800762045050612770e+00 -1.322185523329916679e+00 1.623576906267427955e-01
3.095751470282491091e+00 3.165371045696901753e+00 3.122261651224014667e+00 4.147932436521951871e+00 5.772824561019326062e+00 -1.372077463504874251e+00 1.289301221727790492e-01
3.070815456409397903e+00 1.572820591897603038e+00 5.955147982298518272e+00 8.937904353707041949e+00 5.789781145102760540e+00 -1.337857671975211327e+00 1.644159348985491653e-01
3.060517219127824262e+00 1.590207454057788850e+00 4.640641238161602899e+00 5.825761209968698395e+00 5.812900004743566384e+00 -1.354335474787913718e+00 1.512964366051609277e-01
3.083140413262107860e+00 1.534378166715383518e+00 4.662583482043346272e+00 6.956334661962207733e+00 5.773737821399582693e+00 -1.431167923097040662e+00 1.216405077645271171e-01
3.082149106545881256e+00 3.221665196584516444e+00 3.135456869339177999e+00 4.115649094002288955e+00 5.813097610343816335e+00 -1.344768809614535154e+00 1.500073938294831655e-01
3.081952861839206470e+00 2.072316644201361413e+00 4.575978478599679988e+00 6.696682881947608301e+00 5.787214013918998035e+00 -1.297915944354543827e+00 1.571066204492126972e-01
3.056663270796810217e+00 1.106206744719061996e+00 6.278010937872457120e+00 8.048867220967320435e+00 5.828108577254119460e+00 -1.335064201911583481e+00 1.525869965213630386e-01
3.066929888336896504e+00 8.870747639963881825e-01 6.232850039796151265e+00 8.712295935663583180e+00 5.803583678871752305e+00 -1.360886326177097372e+00 1.431758839099699920e-01
3.075033248143688169e+00 1.660808143300247064e+00 4.644309378832706336e+00 6.408761849868684912e+00 5.802383682575571022e+00 -1.519663020171549306e+00 1.321387672612975850e-01
3.082121380349049033e+00 2.124820606420204427e+00 4.619499196000516505e+00 5.604796090034509959e+00 5.794294761559652507e+00 -1.313556986937503890e+00 1.761884377695719928e-01
3.105428547703374509e+00 3.131207621654374051e+00 3.159309199867834650e+00 4.277907246742091552e+00 5.755870766413575090e+00 -1.469784482710565277e+00 1.047303409000975155e-01
3.079266406100515496e+00 1.953640505417833850e+00 4.805441474544645430e+00 6.974265993949756215e+00 5.772759614664827232e+00 -1.211762683958006903e+00 1.628168075547112015e-01
3.055929543005210025e+00 1.397886710121870601e+00 5.255349743145846020e+00 8.716530201568026825e+00 5.816898121628188534e+00 -1.416639944335073897e+00 1.310560820355023415e-01
3.071530995874425241e+00 4.129881243228314958e-01 6.566837773501540632e+00 1.167807090437121254e+01 5.789252826002845076e+00 -1.434754081202938014e+00 1.149930488734871581e-01
3.082133848996398751e+00 2.833344502887650940e+00 4.051168372861178923e+00 6.112278770836892861e+00 5.798955413038077822e+00 -1.365982430167546946e+00 1.411355849356401015e-01
3.058357599856396547e+00 1.852920889992142328e+00 4.596808059578600947e+00 5.643017484093500791e+00 5.827517905930640119e+00 -1.335746437583845037e+00 1.522602384065336600e-01
3.085263361893467948e+00 2.914753140741393356e+00 3.437793727335974214e+00 5.007489656678202117e+00 5.798365111825563467e+00 -1.423413705564337661e+00 1.240371095119276873e-01
3.080770578456191178e+00 2.696967661000172267e+00 3.892602703716892432e+00 6.302008954812968966e+00 5.810495377042222742e+00 -1.479431227010860050e+00 1.166817521343353342e-01
3.080839194877453391e+00 3.282951025742444351e+00 3.607321656525424913e+00 4.960105776102730069e+00 5.810692402558489178e+00 -1.298281616232458191e+00 1.745093768645289978e-01
3.060232932421661722e+00 9.973162716357013569e-01 6.475193893153615932e+00 7.228050116331786512e+00 5.794148842960974655e+00 -1.395862118424026521e+00 1.644799429287937542e-01
3.097463071967758719e+00 1.668275619895795980e+00 4.634253493264058221e+00 5.942402800163928411e+00 5.752979264230332568e+00 -1.272604127248778694e+00 1.274229334831600280e-01
3.081003578871722492e+00 3.348748306678573705e+00 3.093987930239705531e+00 4.070265841715757560e+00 5.825934322229644913e+00 -1.369544063355870644e+00 1.504560271093962620e-01
3.089807532688148672e+00 3.506391712194376176e+00 3.087920756237745312e+00 4.005206039772227555e+00 5.801237811393574972e+00 -1.244776219653300542e+00 1.615122611898527905e-01
3.066390217287223052e+00 2.045615348982670501e+00 4.911803562269482448e+00 6.959845399442562197e+00 5.815749991264455687e+00 -1.189899423320596616e+00 1.983179228187776921e-01
3.079779223143561673e+00 3.327385142433844312e+00 3.138672652485718029e+00 4.004574697185607768e+00 5.814136457871969199e+00 -1.168449281306332299e+00 1.902051315680457766e-01
3.043652416679609285e+00 1.931866046672987558e+00 5.267435835113425391e+00 6.590687614787695381e+00 5.866339728794258690e+00 -1.319204246053710561e+00 1.899140331882071542e-01
3.062490367794144852e+00 3.356529990729105073e+00 3.120784259542724648e+00 4.010769917541605167e+00 5.854452333189019697e+00 -1.373335396748780912e+00 1.724166316206966476e-01
3.103735747853069160e+00 3.663743615104115836e+00 3.261158903246747176e+00 4.772858458647653457e+00 5.763606497678126495e+00 -1.433275739809100502e+00 1.269928041722973300e-01
3.073407631810960883e+00 1.596224829727803218e+00 4.691632777356459449e+00 5.964407485622055027e+00 5.790916679386872268e+00 -1.376670716372941250e+00 1.410797318158931724e-01
3.058942731602086962e+00 1.711752232893830827e+00 5.432714420872817307e+00 8.205876096123256858e+00 5.815571133256675296e+00 -1.249687451244227976e+00 1.717804025633715703e-01
3.103093528268427104e+00 3.305816294297527325e+00 3.165954142535457816e+00 4.020832509328353233e+00 5.776636108615473830e+00 -1.313258341925455097e+00 1.523837461027663931e-01
3.079261119320323647e+00 2.556348997714847027e+00 4.029022637569354082e+00 6.161334697368746838e+00 5.814379974889775760e+00 -1.409792719409981521e+00 1.417323395109625073e-01
3.079034766220622998e+00 3.285675078471129940e+00 3.094977071385358602e+00 4.108278686481070530e+00 5.813386052569819107e+00 -1.392589258590369861e+00 1.265612060285087048e-01
3.077562436823901404e+00 2.615646213651904972e+00 4.124132901150660224e+00 5.765832256861480154e+00 5.795089080381427671e+00 -1.306869399418719935e+00 1.716249167655958252e-01
3.076069188146081768e+00 1.884838284673600040e+00 4.926017924008135651e+00 7.019021890325051416e+00 5.794540402172021487e+00 -1.310091083910861931e+00 1.486507124584377226e-01
3.066211217314986914e+00 1.459681972413694018e+00 5.272094265440943062e+00 7.449794733991031315e+00 5.803173815013594528e+00 -1.334353879963391387e+00 1.380797694006955512e-01
3.056792004738655866e+00 1.278419025650705976e+00 6.727227512367725204e+00 1.123765558183522373e+01 5.817627236173380290e+00 -1.332174726101693185e+00 1.531262316632119314e-01
3.059638322301400315e+00 1.684676416983768688e+00 5.727373848117698785e+00 6.690870783024896795e+00 5.829969267802102451e+00 -1.139943635417624446e+00 2.089762926947764943e-01
3.043348821190583919e+00 1.421346554590808386e+00 6.406410442398792426e+00 9.378979853018650559e+00 5.849141880400790861e+00 -1.324126981393217495e+00 1.621953778168752636e-01
3.076103272740408734e+00 1.427836853548167584e+00 6.275311845382925746e+00 1.102840944559474856e+01 5.770770961592512904e+00 -1.354461421124840248e+00 1.326586627523592132e-01
3.099222506527881116e+00 3.362041968698710637e+00 3.138097204375585036e+00 3.974009766018947509e+00 5.777928631833263218e+00 -1.404480010866674178e+00 1.441657503990580458e-01
3.061837875744668036e+00 1.886514355207568938e+00 4.760436929274271201e+00 6.577305561977993875e+00 5.818847891988812471e+00 -1.326024188698502915e+00 1.633731664615155899e-01
3.069195224958623847e+00 1.944417458951222866e+00 4.641062685060938442e+00 5.880069426396546284e+00 5.797771330986095428e+00 -1.396654166598263247e+00 1.523419884162007520e-01
3.096809256654492692e+00 3.553373276033713779e+00 2.866860866251682349e+00 3.804094636057233636e+00 5.795724471170336400e+00 -1.362801763047888359e+00 1.500289245417063821e-01
3.084287355430352484e+00 3.387791536393439884e+00 3.140032189433736853e+00 3.971233953545728834e+00 5.814042467904513067e+00 -1.316866094664357556e+00 1.722147671255851997e-01
3.069567630035330286e+00 1.357643463511260196e+00 5.378617575600475931e+00 8.765604090842030516e+00 5.804719638542748861e+00 -1.441144645275495240e+00 1.326751131141118423e-01
3.086561982607226362e+00 2.649289142248454354e+00 3.984713571168529533e+00 6.200948051225521063e+00 5.791933775679401819e+00 -1.403504826910205727e+00 1.300664199091342565e-01
3.065361981459987728e+00 1.516038093256369290e+00 6.048720654925006102e+00 6.312715625447709478e+00 5.799914637395327865e+00 -1.291966649154120628e+00 1.728487303380390749e-01
3.062898372922480572e+00 1.216330481697506238e+00 6.670942033464549503e+00 9.904385089282380150e+00 5.810005234226411908e+00 -1.347866922221178765e+00 1.653886294561725256e-01
3.054175534843182049e+00 1.278575553689505595e+00 5.476917679062721867e+00 8.387315935697024827e+00 5.819067114803004870e+00 -1.370124005273801737e+00 1.427203427293606830e-01
3.060653047371455937e+00 2.241642413868644379e+00 4.734088472683830595e+00 6.273626527740316483e+00 5.821602327248200481e+00 -1.175115020224370532e+00 1.770257429574663977e-01
3.065112561733656982e+00 2.887728507835247704e+00 3.704269223182049320e+00 4.588112684251300699e+00 5.825593611308450548e+00 -1.255297326534525748e+00 1.766087791955359421e-01
3.076470186640387183e+00 1.438889751231682945e+00 5.722877365511180869e+00 8.344120306875048243e+00 5.779952735442936529e+00 -1.302983090207368022e+00 1.439973060940203664e-01
3.073793406445329612e+00 3.443891498078025748e+00 3.131225341737014833e+00 4.056042820659358838e+00 5.842358226061775461e+00 -1.279689674098782648e+00 1.824814015936248313e-01
3.085049103056968001e+00 3.363817090972203605e+00 3.090880412903683983e+00 4.006988084311789322e+00 5.814141598925054666e+00 -1.315682427609298211e+00 1.586450274748868461e-01
3.062152640695977368e+00 2.112868898562680453e+00 4.569986879708072713e+00 6.221968386493436753e+00 5.824545210497455550e+00 -1.388330438210154005e+00 1.649549403743176823e-01
3.069899285598317373e+00 1.927293317616313617e+00 4.727993849020156958e+00 6.398695897322215664e+00 5.801615134161390408e+00 -1.346860336761340537e+00 1.509533874271986320e-01
3.065750782384198736e+00 6.743772824681070199e-01 5.911942478022481851e+00 9.146428901596278749e+00 5.791790731908460721e+00 -1.409220837402188398e+00 1.428233373558734365e-01
3.085681585049368181e+00 3.413312727948021763e+00 3.109735831705891851e+00 4.019905595701836809e+00 5.803365257876108352e+00 -1.336954638033079679e+00 1.541320152862458159e-01
3.057137776877481450e+00 1.359717114756575862e+00 6.633243168224665531e+00 1.200804716750668355e+01 5.808401064271752290e+00 -1.397115218498410583e+00 1.382988792266397482e-01
3.072369415251901437e+00 9.674743007399844164e-01 6.076820804400663079e+00 7.663385161996294492e+00 5.789420799692800657e+00 -1.407195132708733754e+00 1.372008711835829287e-01
3.080807114372904110e+00 1.861045561842704865e+00 4.862598879010302966e+00 8.039341042617190070e+00 5.767148976938601734e+00 -1.373515964564042013e+00 1.410521751597251794e-01
3.084502076862269515e+00 2.368859258051477568e+00 3.923621697418869569e+00 4.748349318070565594e+00 5.788534230732942376e+00 -1.486729404243339880e+00 1.327879052837391827e-01
3.074536684528090369e+00 3.675667189652929157e+00 2.898091312067955894e+00 3.913716388238378752e+00 5.840371055383574372e+00 -1.448159119996868194e+00 1.462724567002202103e-01
3.089724657276291531e+00 3.286463943134441124e+00 3.101228129925551524e+00 4.058071191973621872e+00 5.815779312671306656e+00 -1.332432693725337680e+00 1.450770425221174775e-01
3.094971432167929581e+00 3.564620379674690920e+00 3.292741837783110803e+00 5.004648014957936653e+00 5.778795252879625366e+00 -1.410258880186729957e+00 1.285633646820936171e-01
3.083791861318069039e+00 3.335308615185720083e+00 3.142597081700454709e+00 4.000370798434571995e+00 5.822737338839455212e+00 -1.358267609372805884e+00 1.568036890669824990e-01
3.061281995422472590e+00 3.363836997665921924e+00 3.120170668300510819e+00 3.988062656736108824e+00 5.859040320232139720e+00 -1.091304535525327246e+00 2.107332180616867667e-01
3.076325496679807703e+00 2.520958634594851588e+00 4.010612475629424800e+00 5.744866922269351583e+00 5.800495665890702313e+00 -1.378067808281143947e+00 1.418107345874485836e-01
3.047152183711391515e+00 1.681701784116325538e+00 6.451667599270127340e+00 7.788166024944947807e+00 5.851973896211703163e+00 -1.149856086939852862e+00 2.239629530290713488e-01
3.079970122381288089e+00 3.348960573808866581e+00 3.564895750223621818e+00 5.057208346758338635e+00 5.793091528830787595e+00 -1.365274052128930382e+00 1.396193752536671329e-01
3.093152356498026112e+00 3.384657971627635042e+00 3.088842372854960328e+00 3.965882493302532730e+00 5.798477975524465755e+00 -1.284754101043282359e+00 1.543192712869504712e-01
3.087978694113366451e+00 1.365050605334309441e+00 4.938089161759682710e+00 7.035085133339666896e+00 5.769452987040057934e+00 -1.456148131470186957e+00 1.144486231443646862e-01
3.063007280985603487e+00 1.617371724983839743e+00 4.932115508553133409e+00 6.056850429105417710e+00 5.808742252438505282e+00 -1.331431342640063020e+00 1.521224869598464535e-01
3.074265241355097711e+00 3.536886050624505451e+00 3.128904435232060965e+00 3.860245860753317437e+00 5.834690491192046302e+00 -9.025881188716035064e-01 2.438902129140289032e-01
3.060198207676863902e+00 2.715046277383438511e+00 3.996422391939656649e+00 5.512980455642193967e+00 5.816932524461114973e+00 -1.254708841689584853e+00 1.517823312645699418e-01
3.089169793588141921e+00 3.412723007739423053e+00 3.129158235388493026e+00 4.074185040134529423e+00 5.814310827057455278e+00 -1.324812944904439682e+00 1.602132883221518700e-01
3.084337251632416343e+00 3.012122797580533362e+00 3.747717768131801908e+00 5.543702115637774597e+00 5.804700346985169013e+00 -1.384063891130907775e+00 1.297725234678820116e-01
3.074248878960004649e+00 2.740990707266990345e+00 3.808683700522712989e+00 4.747741367034284288e+00 5.824392099939212031e+00 -1.326765198426357095e+00 1.696420338151286289e-01
3.059739817787197502e+00 1.437056823179198917e+00 5.837074551602293937e+00 7.703238976835913299e+00 5.813330559559558353e+00 -1.294224506375714290e+00 1.560867099148489645e-01
3.066034129621606485e+00 2.081849475175046038e+00 4.568483212119354597e+00 4.934593645894823410e+00 5.815836320780983115e+00 -1.258510780742966961e+00 1.762895465870825962e-01
3.081209603150396603e+00 3.317281711542038103e+00 3.129783239826192887e+00 4.010882071638357083e+00 5.820903801794305110e+00 -1.316484426779389594e+00 1.674784285164670206e-01
3.070658770086835965e+00 2.077528254154635157e+00 4.693128356016862845e+00 7.816915372858962208e+00 5.795678964241698594e+00 -1.324952957682715482e+00 1.746462032469851544e-01
3.075863133114020709e+00 1.813017503410452314e+00 4.929293485969115096e+00 6.719320069056419875e+00 5.780636863119365643e+00 -1.334066842533500719e+00 1.549727095154010692e-01
3.082202673315673547e+00 9.601281006221558112e-01 6.329696487746603317e+00 9.298384011788872527e+00 5.766757980463569133e+00 -1.399624164762731438e+00 1.310532797906524272e-01
3.086552547075977149e+00 1.659272532482290563e+00 4.714145000999705459e+00 6.767552519511448317e+00 5.775296005492541518e+00 -1.434723598834811487e+00 1.123902790843399058e-01
3.071995289894494885e+00 3.384384700906908794e+00 3.066545775745805003e+00 3.961544479812940889e+00 5.826294968101340288e+00 -1.310262766768254483e+00 1.675895199244083755e-01
3.101767035622032154e+00 3.456034804991055864e+00 3.013499637349762672e+00 3.907546402393693441e+00 5.775017251016260289e+00 -1.213122463681030938e+00 1.550076624693249305e-01
3.081561567542081104e+00 2.863123205847903918e+00 3.769359380051338526e+00 5.233952213893764416e+00 5.793003770700932087e+00 -1.396483033666514606e+00 1.260614777624530780e-01
3.095836035451733803e+00 3.194759489601070257e+00 3.110567496368743523e+00 4.185535196186608076e+00 5.789019121496959741e+00 -1.476804212118385307e+00 1.081499850872295332e-01
3.070096177006109261e+00 2.847981006748606880e+00 3.857381733579390737e+00 5.327158955613636060e+00 5.824886859483892287e+00 -1.278319727697375674e+00 1.713690008854263647e-01
3.104681356833934647e+00 3.287325568579786861e+00 3.109016647847626658e+00 4.041582111338638761e+00 5.765012195313613752e+00 -1.340850690406284240e+00 1.437818766787591629e-01
3.063082133395371276e+00 1.424665911981087163e+00 5.340721980431143656e+00 9.102474642491472423e+00 5.820500402749307689e+00 -1.353191280949424868e+00 1.453341730470139037e-01
3.075502209312023894e+00 3.328445269326122613e+00 3.153290011959110739e+00 4.072388740795005901e+00 5.834636784637912577e+00 -1.302687690695728540e+00 1.689166390128907791e-01
3.072272800031925932e+00 3.116642349946868507e+00 3.314061765418948369e+00 4.261286229350933041e+00 5.825400593195218413e+00 -1.304211179701036061e+00 1.826251650645930868e-01
3.073030887608883877e+00 1.685234951200007103e+00 4.691380387166850241e+00 6.351854647738447213e+00 5.792167712697314563e+00 -1.383476651455105788e+00 1.324831642400940146e-01
3.058366710096623642e+00 1.184802952811377930e+00 6.629530804907724395e+00 1.037063395016202527e+01 5.799500214542106846e+00 -1.314311671360063105e+00 1.557137931349004412e-01
3.066167530320969892e+00 2.829458505772566301e+00 3.929746181192815602e+00 6.064216942774599772e+00 5.826586176178457421e+00 -1.388216261717040600e+00 1.430336516651667667e-01
3.071035018175577225e+00 1.540431705146185992e+00 5.870336476892886957e+00 7.655062114945981655e+00 5.789455353652854797e+00 -1.292850339345667177e+00 1.668442340744707153e-01
3.087245138945428735e+00 3.518629128397756212e+00 3.082455851063505836e+00 3.985824243654511712e+00 5.800762045050612770e+00 -1.322185523329916679e+00 1.623576906267427955e-01
3.095751470282491091e+00 3.165371045696901753e+00 3.122261651224014667e+00 4.147932436521951871e+00 5.772824561019326062e+00 -1.372077463504874251e+00 1.289301221727790492e-01
3.070815456409397903e+00 1.572820591897603038e+00 5.955147982298518272e+00 8.937904353707041949e+00 5.789781145102760540e+00 -1.337857671975211327e+00 1.644159348985491653e-01
3.060517219127824262e+00 1.590207454057788850e+00 4.640641238161602899e+00 5.825761209968698395e+00 5.812900004743566384e+00 -1.354335474787913718e+00 1.512964366051609277e-01
3.083140413262107860e+00 1.534378166715383518e+00 4.662583482043346272e+00 6.956334661962207733e+00 5.773737821399582693e+00 -1.431167923097040662e+00 1.216405077645271171e-01
3.082149106545881256e+00 3.221665196584516444e+00 3.135456869339177999e+00 4.115649094002288955e+00 5.813097610343816335e+00 -1.344768809614535154e+00 1.500073938294831655e-01
3.081952861839206470e+00 2.072316644201361413e+00 4.575978478599679988e+00 6.696682881947608301e+00 5.787214013918998035e+00 -1.297915944354543827e+00 1.571066204492126972e-01
3.056663270796810217e+00 1.106206744719061996e+00 6.278010937872457120e+00 8.048867220967320435e+00 5.828108577254119460e+00 -1.335064201911583481e+00 1.525869965213630386e-01
3.066929888336896504e+00 8.870747639963881825e-01 6.232850039796151265e+00 8.712295935663583180e+00 5.803583678871752305e+00 -1.360886326177097372e+00 1.431758839099699920e-01
3.075033248143688169e+00 1.660808143300247064e+00 4.644309378832706336e+00 6.408761849868684912e+00 5.802383682575571022e+00 -1.519663020171549306e+00 1.321387672612975850e-01
3.082121380349049033e+00 2.124820606420204427e+00 4.619499196000516505e+00 5.604796090034509959e+00 5.794294761559652507e+00 -1.313556986937503890e+00 1.761884377695719928e-01
3.105428547703374509e+00 3.131207621654374051e+00 3.159309199867834650e+00 4.277907246742091552e+00 5.755870766413575090e+00 -1.469784482710565277e+00 1.047303409000975155e-01
3.079266406100515496e+00 1.953640505417833850e+00 4.805441474544645430e+00 6.974265993949756215e+00 5.772759614664827232e+00 -1.211762683958006903e+00 1.628168075547112015e-01
3.055929543005210025e+00 1.397886710121870601e+00 5.255349743145846020e+00 8.716530201568026825e+00 5.816898121628188534e+00 -1.416639944335073897e+00 1.310560820355023415e-01
3.071530995874425241e+00 4.129881243228314958e-01 6.566837773501540632e+00 1.167807090437121254e+01 5.789252826002845076e+00 -1.434754081202938014e+00 1.149930488734871581e-01
3.082133848996398751e+00 2.833344502887650940e+00 4.051168372861178923e+00 6.112278770836892861e+00 5.798955413038077822e+00 -1.365982430167546946e+00 1.411355849356401015e-01
3.058357599856396547e+00 1.852920889992142328e+00 4.596808059578600947e+00 5.643017484093500791e+00 5.827517905930640119e+00 -1.335746437583845037e+00 1.522602384065336600e-01
3.085263361893467948e+00 2.914753140741393356e+00 3.437793727335974214e+00 5.007489656678202117e+00 5.798365111825563467e+00 -1.423413705564337661e+00 1.240371095119276873e-01
3.080770578456191178e+00 2.696967661000172267e+00 3.892602703716892432e+00 6.302008954812968966e+00 5.810495377042222742e+00 -1.479431227010860050e+00 1.166817521343353342e-01
3.080839194877453391e+00 3.282951025742444351e+00 3.607321656525424913e+00 4.960105776102730069e+00 5.810692402558489178e+00 -1.298281616232458191e+00 1.745093768645289978e-01
3.060232932421661722e+00 9.973162716357013569e-01 6.475193893153615932e+00 7.228050116331786512e+00 5.794148842960974655e+00 -1.395862118424026521e+00 1.644799429287937542e-01
3.097463071967758719e+00 1.668275619895795980e+00 4.634253493264058221e+00 5.942402800163928411e+00 5.752979264230332568e+00 -1.272604127248778694e+00 1.274229334831600280e-01
3.081003578871722492e+00 3.348748306678573705e+00 3.093987930239705531e+00 4.070265841715757560e+00 5.825934322229644913e+00 -1.369544063355870644e+00 1.504560271093962620e-01
3.089807532688148672e+00 3.506391712194376176e+00 3.087920756237745312e+00 4.005206039772227555e+00 5.801237811393574972e+00 -1.244776219653300542e+00 1.615122611898527905e-01
3.066390217287223052e+00 2.045615348982670501e+00 4.911803562269482448e+00 6.959845399442562197e+00 5.815749991264455687e+00 -1.189899423320596616e+00 1.983179228187776921e-01
3.079779223143561673e+00 3.327385142433844312e+00 3.138672652485718029e+00 4.004574697185607768e+00 5.814136457871969199e+00 -1.168449281306332299e+00 1.902051315680457766e-01
3.043652416679609285e+00 1.931866046672987558e+00 5.267435835113425391e+00 6.590687614787695381e+00 5.866339728794258690e+00 -1.319204246053710561e+00 1.899140331882071542e-01
3.062490367794144852e+00 3.356529990729105073e+00 3.120784259542724648e+00 4.010769917541605167e+00 5.854452333189019697e+00 -1.373335396748780912e+00 1.724166316206966476e-01
3.103735747853069160e+00 3.663743615104115836e+00 3.261158903246747176e+00 4.772858458647653457e+00 5.763606497678126495e+00 -1.433275739809100502e+00 1.269928041722973300e-01
3.073407631810960883e+00 1.596224829727803218e+00 4.691632777356459449e+00 5.964407485622055027e+00 5.790916679386872268e+00 -1.376670716372941250e+00 1.410797318158931724e-01
3.058942731602086962e+00 1.711752232893830827e+00 5.432714420872817307e+00 8.205876096123256858e+00 5.815571133256675296e+00 -1.249687451244227976e+00 1.717804025633715703e-01
3.103093528268427104e+00 3.305816294297527325e+00 3.165954142535457816e+00 4.020832509328353233e+00 5.776636108615473830e+00 -1.313258341925455097e+00 1.523837461027663931e-01
3.079261119320323647e+00 2.556348997714847027e+00 4.029022637569354082e+00 6.161334697368746838e+00 5.814379974889775760e+00 -1.409792719409981521e+00 1.417323395109625073e-01
3.079034766220622998e+00 3.285675078471129940e+00 3.094977071385358602e+00 4.108278686481070530e+00 5.813386052569819107e+00 -1.392589258590369861e+00 1.265612060285087048e-01
3.077562436823901404e+00 2.615646213651904972e+00 4.124132901150660224e+00 5.765832256861480154e+00 5.795089080381427671e+00 -1.306869399418719935e+00 1.716249167655958252e-01
3.076069188146081768e+00 1.884838284673600040e+00 4.926017924008135651e+00 7.019021890325051416e+00 5.794540402172021487e+00 -1.310091083910861931e+00 1.486507124584377226e-01
3.066211217314986914e+00 1.459681972413694018e+00 5.272094265440943062e+00 7.449794733991031315e+00 5.803173815013594528e+00 -1.334353879963391387e+00 1.380797694006955512e-01
3.056792004738655866e+00 1.278419025650705976e+00 6.727227512367725204e+00 1.123765558183522373e+01 5.817627236173380290e+00 -1.332174726101693185e+00 1.531262316632119314e-01
3.059638322301400315e+00 1.684676416983768688e+00 5.727373848117698785e+00 6.690870783024896795e+00 5.829969267802102451e+00 -1.139943635417624446e+00 2.089762926947764943e-01
3.043348821190583919e+00 1.421346554590808386e+00 6.406410442398792426e+00 9.378979853018650559e+00 5.849141880400790861e+00 -1.324126981393217495e+00 1.621953778168752636e-01
3.076103272740408734e+00 1.427836853548167584e+00 6.275311845382925746e+00 1.102840944559474856e+01 5.770770961592512904e+00 -1.354461421124840248e+00 1.326586627523592132e-01
3.099222506527881116e+00 3.362041968698710637e+00 3.138097204375585036e+00 3.974009766018947509e+00 5.777928631833263218e+00 -1.404480010866674178e+00 1.441657503990580458e-01
3.061837875744668036e+00 1.886514355207568938e+00 4.760436929274271201e+00 6.577305561977993875e+00 5.818847891988812471e+00 -1.326024188698502915e+00 1.633731664615155899e-01
3.069195224958623847e+00 1.944417458951222866e+00 4.641062685060938442e+00 5.880069426396546284e+00 5.797771330986095428e+00 -1.396654166598263247e+00 1.523419884162007520e-01
3.096809256654492692e+00 3.553373276033713779e+00 2.866860866251682349e+00 3.804094636057233636e+00 5.795724471170336400e+00 -1.362801763047888359e+00 1.500289245417063821e-01
3.084287355430352484e+00 3.387791536393439884e+00 3.140032189433736853e+00 3.971233953545728834e+00 5.814042467904513067e+00 -1.316866094664357556e+00 1.722147671255851997e-01
3.069567630035330286e+00 1.357643463511260196e+00 5.378617575600475931e+00 8.765604090842030516e+00 5.804719638542748861e+00 -1.441144645275495240e+00 1.326751131141118423e-01
3.086561982607226362e+00 2.649289142248454354e+00 3.984713571168529533e+00 6.200948051225521063e+00 5.791933775679401819e+00 -1.403504826910205727e+00 1.300664199091342565e-01
3.065361981459987728e+00 1.516038093256369290e+00 6.048720654925006102e+00 6.312715625447709478e+00 5.799914637395327865e+00 -1.291966649154120628e+00 1.728487303380390749e-01
3.062898372922480572e+00 1.216330481697506238e+00 6.670942033464549503e+00 9.904385089282380150e+00 5.810005234226411908e+00 -1.347866922221178765e+00 1.653886294561725256e-01
3.054175534843182049e+00 1.278575553689505595e+00 5.476917679062721867e+00 8.387315935697024827e+00 5.819067114803004870e+00 -1.370124005273801737e+00 1.427203427293606830e-01
3.060653047371455937e+00 2.241642413868644379e+00 4.734088472683830595e+00 6.273626527740316483e+00 5.821602327248200481e+00 -1.175115020224370532e+00 1.770257429574663977e-01
3.065112561733656982e+00 2.887728507835247704e+00 3.704269223182049320e+00 4.588112684251300699e+00 5.825593611308450548e+00 -1.255297326534525748e+00 1.766087791955359421e-01
3.076470186640387183e+00 1.438889751231682945e+00 5.722877365511180869e+00 8.344120306875048243e+00 5.779952735442936529e+00 -1.302983090207368022e+00 1.439973060940203664e-01
3.073793406445329612e+00 3.443891498078025748e+00 3.131225341737014833e+00 4.056042820659358838e+00 5.842358226061775461e+00 -1.279689674098782648e+00 1.824814015936248313e-01
3.085049103056968001e+00 3.363817090972203605e+00 3.090880412903683983e+00 4.006988084311789322e+00 5.814141598925054666e+00 -1.315682427609298211e+00 1.586450274748868461e-01
3.062152640695977368e+00 2.112868898562680453e+00 4.569986879708072713e+00 6.221968386493436753e+00 5.824545210497455550e+00 -1.388330438210154005e+00 1.649549403743176823e-01
3.069899285598317373e+00 1.927293317616313617e+00 4.727993849020156958e+00 6.398695897322215664e+00 5.801615134161390408e+00 -1.346860336761340537e+00 1.509533874271986320e-01
3.065750782384198736e+00 6.743772824681070199e-01 5.911942478022481851e+00 9.146428901596278749e+00 5.791790731908460721e+00 -1.409220837402188398e+00 1.428233373558734365e-01
3.085681585049368181e+00 3.413312727948021763e+00 3.109735831705891851e+00 4.019905595701836809e+00 5.803365257876108352e+00 -1.336954638033079679e+00 1.541320152862458159e-01
3.057137776877481450e+00 1.359717114756575862e+00 6.633243168224665531e+00 1.200804716750668355e+01 5.808401064271752290e+00 -1.397115218498410583e+00 1.382988792266397482e-01
3.072369415251901437e+00 9.674743007399844164e-01 6.076820804400663079e+00 7.663385161996294492e+00 5.789420799692800657e+00 -1.407195132708733754e+00 1.372008711835829287e-01
3.080807114372904110e+00 1.861045561842704865e+00 4.862598879010302966e+00 8.039341042617190070e+00 5.767148976938601734e+00 -1.373515964564042013e+00 1.410521751597251794e-01
3.084502076862269515e+00 2.368859258051477568e+00 3.923621697418869569e+00 4.748349318070565594e+00 5.788534230732942376e+00 -1.486729404243339880e+00 1.327879052837391827e-01
3.074536684528090369e+00 3.675667189652929157e+00 2.898091312067955894e+00 3.913716388238378752e+00 5.840371055383574372e+00 -1.448159119996868194e+00 1.462724567002202103e-01
3.089724657276291531e+00 3.286463943134441124e+00 3.101228129925551524e+00 4.058071191973621872e+00 5.815779312671306656e+00 -1.332432693725337680e+00 1.450770425221174775e-01
3.094971432167929581e+00 3.564620379674690920e+00 3.292741837783110803e+00 5.004648014957936653e+00 5.778795252879625366e+00 -1.410258880186729957e+00 1.285633646820936171e-01
3.083791861318069039e+00 3.335308615185720083e+00 3.142597081700454709e+00 4.000370798434571995e+00 5.822737338839455212e+00 -1.358267609372805884e+00 1.568036890669824990e-01
3.061281995422472590e+00 3.363836997665921924e+00 3.120170668300510819e+00 3.988062656736108824e+00 5.859040320232139720e+00 -1.091304535525327246e+00 2.107332180616867667e-01
3.076325496679807703e+00 2.520958634594851588e+00 4.010612475629424800e+00 5.744866922269351583e+00 5.800495665890702313e+00 -1.378067808281143947e+00 1.418107345874485836e-01
3.047152183711391515e+00 1.681701784116325538e+00 6.451667599270127340e+00 7.788166024944947807e+00 5.851973896211703163e+00 -1.149856086939852862e+00 2.239629530290713488e-01
3.079970122381288089e+00 3.348960573808866581e+00 3.564895750223621818e+00 5.057208346758338635e+00 5.793091528830787595e+00 -1.365274052128930382e+00 1.396193752536671329e-01
3.093152356498026112e+00 3.384657971627635042e+00 3.088842372854960328e+00 3.965882493302532730e+00 5.798477975524465755e+00 -1.284754101043282359e+00 1.543192712869504712e-01
3.087978694113366451e+00 1.365050605334309441e+00 4.938089161759682710e+00 7.035085133339666896e+00 5.769452987040057934e+00 -1.456148131470186957e+00 1.144486231443646862e-01
3.063007280985603487e+00 1.617371724983839743e+00 4.932115508553133409e+00 6.056850429105417710e+00 5.808742252438505282e+00 -1.331431342640063020e+00 1.521224869598464535e-01
3.074265241355097711e+00 3.536886050624505451e+00 3.128904435232060965e+00 3.860245860753317437e+00 5.834690491192046302e+00 -9.025881188716035064e-01 2.438902129140289032e-01
3.060198207676863902e+00 2.715046277383438511e+00 3.996422391939656649e+00 5.512980455642193967e+00 5.816932524461114973e+00 -1.254708841689584853e+00 1.517823312645699418e-01
3.089169793588141921e+00 3.412723007739423053e+00 3.129158235388493026e+00 4.074185040134529423e+00 5.814310827057455278e+00 -1.324812944904439682e+00 1.602132883221518700e-01
3.084337251632416343e+00 3.012122797580533362e+00 3.747717768131801908e+00 5.543702115637774597e+00 5.804700346985169013e+00 -1.384063891130907775e+00 1.297725234678820116e-01
3.074248878960004649e+00 2.740990707266990345e+00 3.808683700522712989e+00 4.747741367034284288e+00 5.824392099939212031e+00 -1.326765198426357095e+00 1.696420338151286289e-01
3.059739817787197502e+00 1.437056823179198917e+00 5.837074551602293937e+00 7.703238976835913299e+00 5.813330559559558353e+00 -1.294224506375714290e+00 1.560867099148489645e-01
3.066034129621606485e+00 2.081849475175046038e+00 4.568483212119354597e+00 4.934593645894823410e+00 5.815836320780983115e+00 -1.258510780742966961e+00 1.762895465870825962e-01
3.081209603150396603e+00 3.317281711542038103e+00 3.129783239826192887e+00 4.010882071638357083e+00 5.820903801794305110e+00 -1.316484426779389594e+00 1.674784285164670206e-01
3.070658770086835965e+00 2.077528254154635157e+00 4.693128356016862845e+00 7.816915372858962208e+00 5.795678964241698594e+00 -1.324952957682715482e+00 1.746462032469851544e-01
3.075863133114020709e+00 1.813017503410452314e+00 4.929293485969115096e+00 6.719320069056419875e+00 5.780636863119365643e+00 -1.334066842533500719e+00 1.549727095154010692e-01
3.082202673315673547e+00 9.601281006221558112e-01 6.329696487746603317e+00 9.298384011788872527e+00 5.766757980463569133e+00 -1.399624164762731438e+00 1.310532797906524272e-01
3.086552547075977149e+00 1.659272532482290563e+00 4.714145000999705459e+00 6.767552519511448317e+00 5.775296005492541518e+00 -1.434723598834811487e+00 1.123902790843399058e-01
3.071995289894494885e+00 3.384384700906908794e+00 3.066545775745805003e+00 3.961544479812940889e+00 5.826294968101340288e+00 -1.310262766768254483e+00 1.675895199244083755e-01
3.101767035622032154e+00 3.456034804991055864e+00 3.013499637349762672e+00 3.907546402393693441e+00 5.775017251016260289e+00 -1.213122463681030938e+00 1.550076624693249305e-01
3.081561567542081104e+00 2.863123205847903918e+00 3.769359380051338526e+00 5.233952213893764416e+00 5.793003770700932087e+00 -1.396483033666514606e+00 1.260614777624530780e-01
3.095836035451733803e+00 3.194759489601070257e+00 3.110567496368743523e+00 4.185535196186608076e+00 5.789019121496959741e+00 -1.476804212118385307e+00 1.081499850872295332e-01
3.070096177006109261e+00 2.847981006748606880e+00 3.857381733579390737e+00 5.327158955613636060e+00 5.824886859483892287e+00 -1.278319727697375674e+00 1.713690008854263647e-01
3.104681356833934647e+00 3.287325568579786861e+00 3.109016647847626658e+00 4.041582111338638761e+00 5.765012195313613752e+00 -1.340850690406284240e+00 1.437818766787591629e-01
3.063082133395371276e+00 1.424665911981087163e+00 5.340721980431143656e+00 9.102474642491472423e+00 5.820500402749307689e+00 -1.353191280949424868e+00 1.453341730470139037e-01
3.075502209312023894e+00 3.328445269326122613e+00 3.153290011959110739e+00 4.072388740795005901e+00 5.834636784637912577e+00 -1.302687690695728540e+00 1.689166390128907791e-01
3.072272800031925932e+00 3.116642349946868507e+00 3.314061765418948369e+00 4.261286229350933041e+00 5.825400593195218413e+00 -1.304211179701036061e+00 1.826251650645930868e-01
3.073030887608883877e+00 1.685234951200007103e+00 4.691380387166850241e+00 6.351854647738447213e+00 5.792167712697314563e+00 -1.383476651455105788e+00 1.324831642400940146e-01
3.058366710096623642e+00 1.184802952811377930e+00 6.629530804907724395e+00 1.037063395016202527e+01 5.799500214542106846e+00 -1.314311671360063105e+00 1.557137931349004412e-01
3.066167530320969892e+00 2.829458505772566301e+00 3.929746181192815602e+00 6.064216942774599772e+00 5.826586176178457421e+00 -1.388216261717040600e+00 1.430336516651667667e-01
3.071035018175577225e+00 1.540431705146185992e+00 5.870336476892886957e+00 7.655062114945981655e+00 5.789455353652854797e+00 -1.292850339345667177e+00 1.668442340744707153e-01
3.087245138945428735e+00 3.518629128397756212e+00 3.082455851063505836e+00 3.985824243654511712e+00 5.800762045050612770e+00 -1.322185523329916679e+00 1.623576906267427955e-01
3.095751470282491091e+00 3.165371045696901753e+00 3.122261651224014667e+00 4.147932436521951871e+00 5.772824561019326062e+00 -1.372077463504874251e+00 1.289301221727790492e-01
3.070815456409397903e+00 1.572820591897603038e+00 5.955147982298518272e+00 8.937904353707041949e+00 5.789781145102760540e+00 -1.337857671975211327e+00 1.644159348985491653e-01
3.060517219127824262e+00 1.590207454057788850e+00 4.640641238161602899e+00 5.825761209968698395e+00 5.812900004743566384e+00 -1.354335474787913718e+00 1.512964366051609277e-01
3.083140413262107860e+00 1.534378166715383518e+00 4.662583482043346272e+00 6.956334661962207733e+00 5.773737821399582693e+00 -1.431167923097040662e+00 1.216405077645271171e-01
3.082149106545881256e+00 3.221665196584516444e+00 3.135456869339177999e+00 4.115649094002288955e+00 5.813097610343816335e+00 -1.344768809614535154e+00 1.500073938294831655e-01
3.081952861839206470e+00 2.072316644201361413e+00 4.575978478599679988e+00 6.696682881947608301e+00 5.787214013918998035e+00 -1.297915944354543827e+00 1.571066204492126972e-01
3.056663270796810217e+00 1.106206744719061996e+00 6.278010937872457120e+00 8.048867220967320435e+00 5.828108577254119460e+00 -1.335064201911583481e+00 1.525869965213630386e-01
3.066929888336896504e+00 8.870747639963881825e-01 6.232850039796151265e+00 8.712295935663583180e+00 5.803583678871752305e+00 -1.360886326177097372e+00 1.431758839099699920e-01
3.075033248143688169e+00 1.660808143300247064e+00 4.644309378832706336e+00 6.408761849868684912e+00 5.802383682575571022e+00 -1.519663020171549306e+00 1.321387672612975850e-01
3.082121380349049033e+00 2.124820606420204427e+00 4.619499196000516505e+00 5.604796090034509959e+00 5.794294761559652507e+00 -1.313556986937503890e+00 1.761884377695719928e-01
3.105428547703374509e+00 3.131207621654374051e+00 3.159309199867834650e+00 4.277907246742091552e+00 5.755870766413575090e+00 -1.469784482710565277e+00 1.047303409000975155e-01
3.079266406100515496e+00 1.953640505417833850e+00 4.805441474544645430e+00 6.974265993949756215e+00 5.772759614664827232e+00 -1.211762683958006903e+00 1.628168075547112015e-01
3.055929543005210025e+00 1.397886710121870601e+00 5.255349743145846020e+00 8.716530201568026825e+00 5.816898121628188534e+00 -1.416639944335073897e+00 1.310560820355023415e-01
3.071530995874425241e+00 4.129881243228314958e-01 6.566837773501540632e+00 1.167807090437121254e+01 5.789252826002845076e+00 -1.434754081202938014e+00 1.149930488734871581e-01
3.082133848996398751e+00 2.833344502887650940e+00 4.051168372861178923e+00 6.112278770836892861e+00 5.798955413038077822e+00 -1.365982430167546946e+00 1.411355849356401015e-01
3.058357599856396547e+00 1.852920889992142328e+00 4.596808059578600947e+00 5.643017484093500791e+00 5.827517905930640119e+00 -1.335746437583845037e+00 1.522602384065336600e-01
3.085263361893467948e+00 2.914753140741393356e+00 3.437793727335974214e+00 5.007489656678202117e+00 5.798365111825563467e+00 -1.423413705564337661e+00 1.240371095119276873e-01
3.080770578456191178e+00 2.696967661000172267e+00 3.892602703716892432e+00 6.302008954812968966e+00 5.810495377042222742e+00 -1.479431227010860050e+00 1.166817521343353342e-01
3.080839194877453391e+00 3.282951025742444351e+00 3.607321656525424913e+00 4.960105776102730069e+00 5.810692402558489178e+00 -1.298281616232458191e+00 1.745093768645289978e-01
3.060232932421661722e+00 9.973162716357013569e-01 6.475193893153615932e+00 7.228050116331786512e+00 5.794148842960974655e+00 -1.395862118424026521e+00 1.644799429287937542e-01
3.097463071967758719e+00 1.668275619895795980e+00 4.634253493264058221e+00 5.942402800163928411e+00 5.752979264230332568e+00 -1.272604127248778694e+00 1.274229334831600280e-01
3.081003578871722492e+00 3.348748306678573705e+00 3.093987930239705531e+00 4.070265841715757560e+00 5.825934322229644913e+00 -1.369544063355870644e+00 1.504560271093962620e-01
3.089807532688148672e+00 3.506391712194376176e+00 3.087920756237745312e+00 4.005206039772227555e+00 5.801237811393574972e+00 -1.244776219653300542e+00 1.615122611898527905e-01
3.066390217287223052e+00 2.045615348982670501e+00 4.911803562269482448e+00 6.959845399442562197e+00 5.815749991264455687e+00 -1.189899423320596616e+00 1.983179228187776921e-01
3.079779223143561673e+00 3.327385142433844312e+00 3.138672652485718029e+00 4.004574697185607768e+00 5.814136457871969199e+00 -1.168449281306332299e+00 1.902051315680457766e-01
3.043652416679609285e+00 1.931866046672987558e+00 5.267435835113425391e+00 6.590687614787695381e+00 5.866339728794258690e+00 -1.319204246053710561e+00 1.899140331882071542e-01
3.062490367794144852e+00 3.356529990729105073e+00 3.120784259542724648e+00 4.010769917541605167e+00 5.854452333189019697e+00 -1.373335396748780912e+00 1.724166316206966476e-01
3.103735747853069160e+00 3.663743615104115836e+00 3.261158903246747176e+00 4.772858458647653457e+00 5.763606497678126495e+00 -1.433275739809100502e+00 1.269928041722973300e-01
3.073407631810960883e+00 1.596224829727803218e+00 4.691632777356459449e+00 5.964407485622055027e+00 5.790916679386872268e+00 -1.376670716372941250e+00 1.410797318158931724e-01
3.058942731602086962e+00 1.711752232893830827e+00 5.432714420872817307e+00 8.205876096123256858e+00 5.815571133256675296e+00 -1.249687451244227976e+00 1.717804025633715703e-01
3.103093528268427104e+00 3.305816294297527325e+00 3.165954142535457816e+00 4.020832509328353233e+00 5.776636108615473830e+00 -1.313258341925455097e+00 1.523837461027663931e-01
3.079261119320323647e+00 2.556348997714847027e+00 4.029022637569354082e+00 6.161334697368746838e+00 5.814379974889775760e+00 -1.409792719409981521e+00 1.417323395109625073e-01
3.079034766220622998e+00 3.285675078471129940e+00 3.094977071385358602e+00 4.108278686481070530e+00 5.813386052569819107e+00 -1.392589258590369861e+00 1.265612060285087048e-01
3.077562436823901404e+00 2.615646213651904972e+00 4.124132901150660224e+00 5.765832256861480154e+00 5.795089080381427671e+00 -1.306869399418719935e+00 1.716249167655958252e-01
3.076069188146081768e+00 1.884838284673600040e+00 4.926017924008135651e+00 7.019021890325051416e+00 5.794540402172021487e+00 -1.310091083910861931e+00 1.486507124584377226e-01
3.066211217314986914e+00 1.459681972413694018e+00 5.272094265440943062e+00 7.449794733991031315e+00 5.803173815013594528e+00 -1.334353879963391387e+00 1.380797694006955512e-01
3.056792004738655866e+00 1.278419025650705976e+00 6.727227512367725204e+00 1.123765558183522373e+01 5.817627236173380290e+00 -1.332174726101693185e+00 1.531262316632119314e-01
3.059638322301400315e+00 1.684676416983768688e+00 5.727373848117698785e+00 6.690870783024896795e+00 5.829969267802102451e+00 -1.139943635417624446e+00 2.089762926947764943e-01
3.043348821190583919e+00 1.421346554590808386e+00 6.406410442398792426e+00 9.378979853018650559e+00 5.849141880400790861e+00 -1.324126981393217495e+00 1.621953778168752636e-01
3.076103272740408734e+00 1.427836853548167584e+00 6.275311845382925746e+00 1.102840944559474856e+01 5.770770961592512904e+00 -1.354461421124840248e+00 1.326586627523592132e-01
3.099222506527881116e+00 3.362041968698710637e+00 3.138097204375585036e+00 3.974009766018947509e+00 5.777928631833263218e+00 -1.404480010866674178e+00 1.441657503990580458e-01
3.061837875744668036e+00 1.886514355207568938e+00 4.760436929274271201e+00 6.577305561977993875e+00 5.818847891988812471e+00 -1.326024188698502915e+00 1.633731664615155899e-01
3.069195224958623847e+00 1.944417458951222866e+00 4.641062685060938442e+00 5.880069426396546284e+00 5.797771330986095428e+00 -1.396654166598263247e+00 1.523419884162007520e-01
3.096809256654492692e+00 3.553373276033713779e+00 2.866860866251682349e+00 3.804094636057233636e+00 5.795724471170336400e+00 -1.362801763047888359e+00 1.500289245417063821e-01
3.084287355430352484e+00 3.387791536393439884e+00 3.140032189433736853e+00 3.971233953545728834e+00 5.814042467904513067e+00 -1.316866094664357556e+00 1.722147671255851997e-01
3.069567630035330286e+00 1.357643463511260196e+00 5.378617575600475931e+00 8.765604090842030516e+00 5.804719638542748861e+00 -1.441144645275495240e+00 1.326751131141118423e-01
3.086561982607226362e+00 2.649289142248454354e+00 3.984713571168529533e+00 6.200948051225521063e+00 5.791933775679401819e+00 -1.403504826910205727e+00 1.300664199091342565e-01
3.065361981459987728e+00 1.516038093256369290e+00 6.048720654925006102e+00 6.312715625447709478e+00 5.799914637395327865e+00 -1.291966649154120628e+00 1.728487303380390749e-01
3.062898372922480572e+00 1.216330481697506238e+00 6.670942033464549503e+00 9.904385089282380150e+00 5.810005234226411908e+00 -1.347866922221178765e+00 1.653886294561725256e-01
3.054175534843182049e+00 1.278575553689505595e+00 5.476917679062721867e+00 8.387315935697024827e+00 5.819067114803004870e+00 -1.370124005273801737e+00 1.427203427293606830e-01
3.060653047371455937e+00 2.241642413868644379e+00 4.734088472683830595e+00 6.273626527740316483e+00 5.821602327248200481e+00 -1.175115020224370532e+00 1.770257429574663977e-01
3.065112561733656982e+00 2.887728507835247704e+00 3.704269223182049320e+00 4.588112684251300699e+00 5.825593611308450548e+00 -1.255297326534525748e+00 1.766087791955359421e-01
3.076470186640387183e+00 1.438889751231682945e+00 5.722877365511180869e+00 8.344120306875048243e+00 5.779952735442936529e+00 -1.302983090207368022e+00 1.439973060940203664e-01
3.073793406445329612e+00 3.443891498078025748e+00 3.131225341737014833e+00 4.056042820659358838e+00 5.842358226061775461e+00 -1.279689674098782648e+00 1.824814015936248313e-01
3.085049103056968001e+00 3.363817090972203605e+00 3.090880412903683983e+00 4.006988084311789322e+00 5.814141598925054666e+00 -1.315682427609298211e+00 1.586450274748868461e-01
3.062152640695977368e+00 2.112868898562680453e+00 4.569986879708072713e+00 6.221968386493436753e+00 5.824545210497455550e+00 -1.388330438210154005e+00 1.649549403743176823e-01
3.069899285598317373e+00 1.927293317616313617e+00 4.727993849020156958e+00 6.398695897322215664e+00 5.801615134161390408e+00 -1.346860336761340537e+00 1.509533874271986320e-01
3.065750782384198736e+00 6.743772824681070199e-01 5.911942478022481851e+00 9.146428901596278749e+00 5.791790731908460721e+00 -1.409220837402188398e+00 1.428233373558734365e-01
3.085681585049368181e+00 3.413312727948021763e+00 3.109735831705891851e+00 4.019905595701836809e+00 5.803365257876108352e+00 -1.336954638033079679e+00 1.541320152862458159e-01
3.057137776877481450e+00 1.359717114756575862e+00 6.633243168224665531e+00 1.200804716750668355e+01 5.808401064271752290e+00 -1.397115218498410583e+00 1.382988792266397482e-01
3.072369415251901437e+00 9.674743007399844164e-01 6.076820804400663079e+00 7.663385161996294492e+00 5.789420799692800657e+00 -1.407195132708733754e+00 1.372008711835829287e-01
3.080807114372904110e+00 1.861045561842704865e+00 4.862598879010302966e+00 8.039341042617190070e+00 5.767148976938601734e+00 -1.373515964564042013e+00 1.410521751597251794e-01
3.084502076862269515e+00 2.368859258051477568e+00 3.923621697418869569e+00 4.748349318070565594e+00 5.788534230732942376e+00 -1.486729404243339880e+00 1.327879052837391827e-01
3.074536684528090369e+00 3.675667189652929157e+00 2.898091312067955894e+00 3.913716388238378752e+00 5.840371055383574372e+00 -1.448159119996868194e+00 1.462724567002202103e-01
3.089724657276291531e+00 3.286463943134441124e+00 3.101228129925551524e+00 4.058071191973621872e+00 5.815779312671306656e+00 -1.332432693725337680e+00 1.450770425221174775e-01
3.094971432167929581e+00 3.564620379674690920e+00 3.292741837783110803e+00 5.004648014957936653e+00 5.778795252879625366e+00 -1.410258880186729957e+00 1.285633646820936171e-01
3.083791861318069039e+00 3.335308615185720083e+00 3.142597081700454709e+00 4.000370798434571995e+00 5.822737338839455212e+00 -1.358267609372805884e+00 1.568036890669824990e-01
3.061281995422472590e+00 3.363836997665921924e+00 3.120170668300510819e+00 3.988062656736108824e+00 5.859040320232139720e+00 -1.091304535525327246e+00 2.107332180616867667e-01
3.076325496679807703e+00 2.520958634594851588e+00 4.010612475629424800e+00 5.744866922269351583e+00 5.800495665890702313e+00 -1.378067808281143947e+00 1.418107345874485836e-01
3.047152183711391515e+00 1.681701784116325538e+00 6.451667599270127340e+00 7.788166024944947807e+00 5.851973896211703163e+00 -1.149856086939852862e+00 2.239629530290713488e-01
3.079970122381288089e+00 3.348960573808866581e+00 3.564895750223621818e+00 5.057208346758338635e+00 5.793091528830787595e+00 -1.365274052128930382e+00 1.396193752536671329e-01
3.093152356498026112e+00 3.384657971627635042e+00 3.088842372854960328e+00 3.965882493302532730e+00 5.798477975524465755e+00 -1.284754101043282359e+00 1.543192712869504712e-01
3.087978694113366451e+00 1.365050605334309441e+00 4.938089161759682710e+00 7.035085133339666896e+00 5.769452987040057934e+00 -1.456148131470186957e+00 1.144486231443646862e-01
3.063007280985603487e+00 1.617371724983839743e+00 4.932115508553133409e+00 6.056850429105417710e+00 5.808742252438505282e+00 -1.331431342640063020e+00 1.521224869598464535e-01
3.074265241355097711e+00 3.536886050624505451e+00 3.128904435232060965e+00 3.860245860753317437e+00 5.834690491192046302e+00 -9.025881188716035064e-01 2.438902129140289032e-01
3.060198207676863902e+00 2.715046277383438511e+00 3.996422391939656649e+00 5.512980455642193967e+00 5.816932524461114973e+00 -1.254708841689584853e+00 1.517823312645699418e-01
3.089169793588141921e+00 3.412723007739423053e+00 3.129158235388493026e+00 4.074185040134529423e+00 5.814310827057455278e+00 -1.324812944904439682e+00 1.602132883221518700e-01
3.084337251632416343e+00 3.012122797580533362e+00 3.747717768131801908e+00 5.543702115637774597e+00 5.804700346985169013e+00 -1.384063891130907775e+00 1.297725234678820116e-01
3.074248878960004649e+00 2.740990707266990345e+00 3.808683700522712989e+00 4.747741367034284288e+00 5.824392099939212031e+00 -1.326765198426357095e+00 1.696420338151286289e-01
3.059739817787197502e+00 1.437056823179198917e+00 5.837074551602293937e+00 7.703238976835913299e+00 5.813330559559558353e+00 -1.294224506375714290e+00 1.560867099148489645e-01
3.066034129621606485e+00 2.081849475175046038e+00 4.568483212119354597e+00 4.934593645894823410e+00 5.815836320780983115e+00 -1.258510780742966961e+00 1.762895465870825962e-01
3.081209603150396603e+00 3.317281711542038103e+00 3.129783239826192887e+00 4.010882071638357083e+00 5.820903801794305110e+00 -1.316484426779389594e+00 1.674784285164670206e-01
3.070658770086835965e+00 2.077528254154635157e+00 4.693128356016862845e+00 7.816915372858962208e+00 5.795678964241698594e+00 -1.324952957682715482e+00 1.746462032469851544e-01
3.075863133114020709e+00 1.813017503410452314e+00 4.929293485969115096e+00 6.719320069056419875e+00 5.780636863119365643e+00 -1.334066842533500719e+00 1.549727095154010692e-01
3.082202673315673547e+00 9.601281006221558112e-01 6.329696487746603317e+00 9.298384011788872527e+00 5.766757980463569133e+00 -1.399624164762731438e+00 1.310532797906524272e-01
