3.070987750876794653e+00 1.325780830801833288e+00 5.314596676418042343e+00 7.358630254942053028e+00 5.797849396108722075e+00 -1.441292246844096514e+00 1.219106978180851675e-01
3.058148802365535879e+00 1.773256028828738673e+00 6.565214921446616003e+00 7.094329312243068841e+00 5.824016178380927222e+00 -1.322248162125868598e+00 1.777689670535836652e-01
3.095658580340084676e+00 3.552377075533711182e+00 3.045593000059544586e+00 4.024445110903226208e+00 5.797421568637698641e+00 -1.323047072866567087e+00 1.604534194411345316e-01
3.073135411403633999e+00 2.920422892393864434e+00 3.473336061126096830e+00 4.422873984665326219e+00 5.814583193693028562e+00 -1.453397072603732187e+00 1.306355669808018372e-01
3.069862558918433848e+00 1.452880263738408395e+00 5.059458336661734279e+00 7.105039292918697846e+00 5.802976837239963714e+00 -1.438493399583640420e+00 1.261286375884368427e-01
3.072530396983645495e+00 1.013666386391006258e+00 6.201672933943051191e+00 9.512555941147386562e+00 5.797533879970099058e+00 -1.393450192846009461e+00 1.499426937964993545e-01
3.089640002489369763e+00 3.402339432349103632e+00 3.103664438254028823e+00 3.978055539034996535e+00 5.787806339207469009e+00 -1.370317996033177055e+00 1.465880997523142937e-01
3.083500211999159912e+00 3.396736047403199787e+00 3.122435626879355386e+00 4.016812115246529480e+00 5.807318375734485727e+00 -1.441058219510075178e+00 1.337426401837138457e-01
3.062727409377817178e+00 1.465433429867046167e+00 6.128240943574314592e+00 7.617429021860262495e+00 5.818568827237255547e+00 -1.425542213337591901e+00 1.477367111354504770e-01
3.093006161390019493e+00 3.504588590289949845e+00 3.065205981260783918e+00 4.029248755733330078e+00 5.802582207014901350e+00 -1.369355676972602298e+00 1.492455677109241485e-01
3.072967918695105105e+00 2.114637960301593900e+00 4.761206507696105206e+00 6.830647070454818781e+00 5.816554013169345616e+00 -1.453821091089573025e+00 1.367749771487470067e-01
3.085253566724582619e+00 1.342750604354574273e+00 6.256914949310378837e+00 7.726915266553675110e+00 5.768338601362685836e+00 -1.382315545848832539e+00 1.462819979616192811e-01
3.064060566900674853e+00 8.456869031498061018e-01 6.345666612176435351e+00 8.256379960376849070e+00 5.798979564814708887e+00 -1.487044935492758624e+00 1.167053591054415806e-01
3.085499641530157877e+00 3.426662633004651237e+00 3.141811940100311507e+00 3.939249892258086749e+00 5.809626575861095432e+00 -1.365908798261934898e+00 1.805725695586864188e-01
3.071988178129992253e+00 1.465992069254853813e+00 6.387218923433878537e+00 8.024153444334555019e+00 5.802828652018496847e+00 -1.305028166787939758e+00 1.588653432334231619e-01
3.073556457866871927e+00 1.427500528097570998e+00 6.697054330957041834e+00 8.112467078385179775e+00 5.789755516421442039e+00 -1.338103590617325089e+00 1.414392392340087512e-01
3.076990179623168231e+00 2.196209402442376835e+00 3.806173243450926336e+00 5.214569805720071116e+00 5.811377549454634028e+00 -1.500187635324334634e+00 1.287730803611405461e-01
3.082941951015838011e+00 3.359360997524855730e+00 3.145739006742972244e+00 3.981061410580609916e+00 5.808454733718101615e+00 -1.384413577127174610e+00 1.635365261951129690e-01
3.087306266290953172e+00 1.532920407125823337e+00 5.537344328578134522e+00 1.259585592682355148e+01 5.776959243207135053e+00 -1.380881178255569663e+00 1.277385255103125894e-01
3.094703348012495692e+00 3.443148386816405004e+00 3.074526790589120928e+00 3.910426588713607376e+00 5.801615741844325491e+00 -1.387474562364518604e+00 1.519811682561256483e-01
3.072737914602745590e+00 1.415501844748106697e+00 5.164917233804628083e+00 8.513768726469880477e+00 5.797378581742318460e+00 -1.408649550074353884e+00 1.340726156509478573e-01
3.092037455226410714e+00 3.589241163412088653e+00 3.505258548837737465e+00 4.819547236461743545e+00 5.788516858252855002e+00 -1.280911437803237574e+00 1.554729820468873369e-01
3.089053684081933593e+00 2.915201320634377424e+00 3.509553548105482701e+00 5.276103044271853726e+00 5.781732947657570065e+00 -1.522842151885184014e+00 9.183992869658959279e-02
3.083667668042728849e+00 2.348735409485294134e+00 4.151084377273148718e+00 6.575433994471116428e+00 5.801651379306336231e+00 -1.433908905311590543e+00 1.355030148233017651e-01
3.070083550732866762e+00 1.262694623328061372e+00 4.637883846212567995e+00 6.475643655981572877e+00 5.819532056667819475e+00 -1.522005028716662878e+00 8.658331787393624968e-02
3.088689966860932667e+00 3.376085179399171743e+00 3.143216817975102106e+00 3.996469532061770469e+00 5.799174862461558000e+00 -1.389608259463766871e+00 1.441751796074617065e-01
3.075300810727108480e+00 1.354833462860313142e+00 5.597330875433951469e+00 7.546987802359928388e+00 5.795968501552995811e+00 -1.352174198341786315e+00 1.241562329388218727e-01
3.055424076995278959e+00 2.211608037235952118e+00 5.735283188349186823e+00 7.924303715965455908e+00 5.847020105274101986e+00 -1.251231344079968721e+00 1.760424370942781369e-01
3.076115245527629494e+00 3.368141764681275241e+00 3.141568179122077531e+00 4.014800978143643562e+00 5.809724593964378236e+00 -1.475994684867857565e+00 1.229953821574071848e-01
3.070994423867667411e+00 2.818994566877464525e+00 4.121486721266135689e+00 5.808146470132103723e+00 5.825334234148343171e+00 -1.312908084830414213e+00 1.670890362174977384e-01
3.072953078838196017e+00 2.149917335453860545e+00 4.690290352356618619e+00 5.870079070219563100e+00 5.798530985572097229e+00 -1.387361963525601594e+00 1.472495037804016638e-01
3.087290473176400152e+00 3.400435380213850056e+00 3.082601576854439696e+00 3.975275966676463213e+00 5.806816987681556519e+00 -1.403897995090722883e+00 1.604345477523738128e-01
3.062859380774797913e+00 2.775451830999254188e+00 3.919527429356849613e+00 4.614331728469377225e+00 5.840807309825225779e+00 -1.230239221138720751e+00 1.904534240547224311e-01
3.073645271511997290e+00 3.426622598681428489e+00 3.535475588220423404e+00 5.145133546718364315e+00 5.813737967070291113e+00 -1.347960540085331171e+00 1.437042468777277870e-01
3.080754262851551406e+00 3.395887288465748277e+00 3.148133032501368778e+00 3.964604358767721770e+00 5.815702433954475836e+00 -1.299739983283322076e+00 1.688947692678507417e-01
3.099356681107058087e+00 3.442061933706590970e+00 3.094397495855153224e+00 4.013988264268771644e+00 5.799773777452476686e+00 -1.380142843033596689e+00 1.468170012049815620e-01
3.077687621921634253e+00 2.112759373919930628e+00 4.911499092087216134e+00 8.098431654128445345e+00 5.809659132019474370e+00 -1.338158339507598882e+00 1.679951855886132051e-01
3.094891201093137312e+00 3.344071844225676937e+00 3.134649065815216407e+00 3.984159398652800999e+00 5.789270564399976671e+00 -1.332363724768736324e+00 1.569122268062835002e-01
3.079172115562236023e+00 1.484963847019317607e+00 5.052179519373683370e+00 7.252413752321841933e+00 5.791860816661540845e+00 -1.480847627059206806e+00 1.135501645859230274e-01
3.061897298128675615e+00 3.522976766092408507e+00 3.523966703452009241e+00 4.990170512994616558e+00 5.842787237994363281e+00 -1.229687815837408715e+00 1.762353922975571641e-01
3.070180003935360613e+00 1.661747579860682444e+00 5.028757542264013836e+00 7.299882261475403311e+00 5.806009947573413932e+00 -1.363165212185870612e+00 1.452014412512022956e-01
3.065794642358834921e+00 2.368045834862540833e+00 4.474207744305013890e+00 5.278159612791356814e+00 5.832280971768456723e+00 -1.254720098576712184e+00 1.807420039598639505e-01
3.075468070530631870e+00 2.186277938771663099e+00 5.171191733501836474e+00 7.795414689180490520e+00 5.782759150857057051e+00 -1.314593507852494847e+00 1.569841765684665547e-01
3.064870419287486936e+00 1.488243269691357895e+00 6.582861317973007331e+00 1.070655276645547005e+01 5.813623074211914599e+00 -1.406669698990232309e+00 1.696043891527840852e-01
3.056474153461587573e+00 2.368912971877339846e+00 4.568044768963496871e+00 5.394301585480548056e+00 5.830057069128763203e+00 -1.193815063457120518e+00 1.689640022545434161e-01
3.057720560495197581e+00 1.294212982047357574e+00 6.139754813616860041e+00 1.014446482251023340e+01 5.797558051113711919e+00 -1.419724625127418927e+00 1.303278569070604465e-01
3.097102221019862878e+00 3.574295359646789905e+00 3.068924709312140120e+00 4.017430983712585224e+00 5.791722108309423689e+00 -1.327126014508166696e+00 1.544726210445711567e-01
3.050480703332614230e+00 1.199674800051484747e+00 6.469139245556260853e+00 8.569019165540725069e+00 5.831687892424079145e+00 -1.490603584085092637e+00 1.271602382220494432e-01
3.079854583021758518e+00 3.311705687528779585e+00 3.243192882391490617e+00 4.106759091816740259e+00 5.823654740846277100e+00 -1.409379670908786242e+00 1.680871689242083578e-01
3.066801578679378082e+00 1.412302274034837435e+00 5.815357713599054179e+00 9.767299128334762770e+00 5.819538466719668790e+00 -1.421536058700306526e+00 1.405623433310423942e-01
3.064105381918993398e+00 1.368128310757250832e+00 6.328920870819599642e+00 8.055086366566543532e+00 5.812173123829618149e+00 -1.404245081160995223e+00 1.417496092076311609e-01
3.088307373981800552e+00 3.002518639233341613e+00 3.284417154812321549e+00 4.353841345932487172e+00 5.787161767874317242e+00 -1.453354902832592721e+00 1.126756877506830679e-01
3.082885991876406440e+00 3.176071418904022448e+00 3.597820530619231683e+00 5.020432561225701029e+00 5.807003106765739275e+00 -1.397892390350034875e+00 1.480012108740042520e-01
3.086463600285459741e+00 3.374611017394108181e+00 3.688512472331365810e+00 6.005379078668488191e+00 5.790083817735787619e+00 -1.511055558366312557e+00 9.779072970318795910e-02
3.074719092922230335e+00 3.356585120522342702e+00 3.143724939185399414e+00 4.009126733074352522e+00 5.823194715549206535e+00 -1.245267370929251882e+00 1.772596271478535379e-01
3.105865383370283617e+00 4.029118173607161069e+00 2.563693989328628131e+00 3.494277788619585490e+00 5.804046052188390981e+00 -1.408218543890034535e+00 1.346616230252862256e-01
3.084407162721124696e+00 3.365954496156812414e+00 3.126511309522728599e+00 3.989561454137036556e+00 5.815393505894524750e+00 -1.380162603832070900e+00 1.626889788109056045e-01
3.056033662402536155e+00 1.942291663335889762e+00 6.015911645567316945e+00 7.924756299805849835e+00 5.838920769731443805e+00 -1.230661961000230509e+00 1.876959415222053396e-01
3.083562127320363722e+00 2.559304777034579814e+00 4.060207975691544569e+00 5.730316645204670323e+00 5.799853663390925895e+00 -1.412960910933892755e+00 1.311726521320852601e-01
3.082828230776748946e+00 3.183363591174810825e+00 3.659793811861184132e+00 5.301383423609258294e+00 5.801434036157285590e+00 -1.321278791174065326e+00 1.444480859023824781e-01
3.065904988080947025e+00 2.187926836052000112e+00 6.069462723120649272e+00 8.613120281016620083e+00 5.802938800262027463e+00 -1.331463414829891834e+00 1.806905567726006245e-01
3.098214619170707618e+00 3.270591664811274946e+00 3.169252354667741578e+00 4.156727959032467723e+00 5.775371793843352641e+00 -1.596713397987067351e+00 7.281377450657386396e-02
3.070078630585236557e+00 2.039752773795864726e+00 4.863481331353530557e+00 6.613143730861613889e+00 5.822011346625900252e+00 -1.388296328101606747e+00 1.569205537870097256e-01
3.065049763070905708e+00 2.145589655211621150e+00 4.581412081418887894e+00 5.403919835502217772e+00 5.797749488022723163e+00 -1.457911066677786138e+00 1.304976766758721429e-01
3.070292174238870242e+00 3.447006710769678683e+00 3.131534076118676957e+00 3.921797447768793354e+00 5.836887681031334374e+00 -1.286822509544153004e+00 1.859984816827908449e-01
3.072249018304625601e+00 3.044691822179927509e+00 3.424602185143235111e+00 4.405769501749446704e+00 5.836689252314749332e+00 -1.217189342749787739e+00 1.689533370658265476e-01
3.072932333759009982e+00 3.304838303267901622e+00 3.142671360653756629e+00 4.026424618485451745e+00 5.824732174619158265e+00 -1.410432497162618759e+00 1.335018924373410076e-01
3.054838386738869982e+00 1.428828766196272859e+00 6.453790499353643462e+00 9.511179836115479347e+00 5.831925867814510944e+00 -1.434852982870399973e+00 1.373016077105511656e-01
3.057979013498148380e+00 2.267950325183012428e+00 4.774828013243848979e+00 6.289363279927760786e+00 5.824412539926576038e+00 -1.354802310546022071e+00 1.770023656956715430e-01
3.072550300776096144e+00 1.444768651795211634e+00 5.460621755078410189e+00 8.282530838826684061e+00 5.793679384302341084e+00 -1.452879571458602914e+00 1.244120562832866650e-01
3.079833650533517986e+00 3.343419796629928609e+00 3.140036919827959849e+00 3.992216830542965944e+00 5.833590616984743349e+00 -1.145828283005544845e+00 1.726342999411407952e-01
3.070946677981195805e+00 3.147457020643435577e+00 3.819322300102881318e+00 5.947654879377087589e+00 5.819927144852589329e+00 -1.446309581885546702e+00 1.351293640312138944e-01
3.068643060717147097e+00 2.910015295404357882e+00 3.975613172749262070e+00 5.642792728657480161e+00 5.811782792928536168e+00 -1.375213853448680634e+00 1.354613407067902231e-01
3.093554080557540775e+00 3.293889283437733351e+00 3.159696165641354693e+00 4.064578607332203219e+00 5.787648697410928911e+00 -1.509058919475718685e+00 1.080321320726263801e-01
3.064786120318411466e+00 1.570648702337686720e+00 6.740956956740406625e+00 8.713871138727808940e+00 5.811403833709368527e+00 -1.312451440055788288e+00 1.669728597600232400e-01
3.063654347339423101e+00 2.111513016556746614e+00 5.498640304209420293e+00 7.510462919607416410e+00 5.817290479481307841e+00 -1.328014373361718459e+00 1.822439305499981288e-01
3.061981731336208767e+00 2.236136761585994837e+00 5.270658290007952829e+00 6.461445954938247027e+00 5.820081789304873077e+00 -1.271521361308780795e+00 1.852857191901118583e-01
3.094304584441995409e+00 3.244096250886335131e+00 3.134643834262293538e+00 4.112264667029932319e+00 5.789036941310413020e+00 -1.482242209115506748e+00 1.167243926561873091e-01
3.088883917164948034e+00 2.891507129552637778e+00 3.662455931805088660e+00 4.399974088461595656e+00 5.772880237911111934e+00 -1.196358160919780644e+00 1.743187959822697919e-01
3.040192188055255595e+00 2.430934986125795838e+00 4.957933818725950736e+00 5.566372903753057599e+00 5.879514628178871050e+00 -1.138607798080919942e+00 2.272918174912870459e-01
3.090554276110487830e+00 3.467897556815186633e+00 3.206575765096873365e+00 4.203040000428334366e+00 5.803128181496550297e+00 -1.353777142047347448e+00 1.584076998845047324e-01
3.061286356027363542e+00 1.430685183235366864e+00 5.938151344835249645e+00 7.964485493539172012e+00 5.823731168808953029e+00 -1.385057411856587706e+00 1.527389281470180049e-01
3.086802784421594836e+00 3.035912483679236828e+00 3.483850846974332338e+00 4.294683548983160293e+00 5.796056262388182390e+00 -1.333269955981263077e+00 1.683849781118979261e-01
3.075665458687294684e+00 3.516606433266357801e+00 3.143953604284255299e+00 3.860374885227606523e+00 5.818192473243732898e+00 -1.170382686749423140e+00 2.122231936061201030e-01
3.069315573448480272e+00 2.353058233986116576e+00 4.678869358240459242e+00 5.900868350258255290e+00 5.808340614871859486e+00 -1.325090035291843549e+00 1.509874930526146908e-01
3.088438176265773105e+00 3.296405495022603827e+00 3.149909772462769819e+00 4.091455025295658743e+00 5.803725708556703111e+00 -1.476266118495642043e+00 1.218405819770071036e-01
3.046147151697425226e+00 2.767459779208798487e+00 5.210296509888833860e+00 7.903952893243602063e+00 5.846274298375726985e+00 -1.257777178481128244e+00 1.944869398617513900e-01
3.102393125158342091e+00 3.881425437085856966e+00 2.606972956266883301e+00 3.463211810390929735e+00 5.795465222582643960e+00 -1.401099903624850151e+00 1.523431919108729493e-01
3.093005747277439266e+00 3.364496356559476098e+00 3.058879733875309981e+00 4.059965629282856092e+00 5.802189828815640382e+00 -1.478415679915692449e+00 1.217122848674831448e-01
3.072146207026478670e+00 1.105642167975815049e+00 5.959092823275855544e+00 8.670695301953456280e+00 5.795799739437144105e+00 -1.385878110777126304e+00 1.361564433438162136e-01
3.093291801973345745e+00 3.426117042697859549e+00 3.157566348379675869e+00 3.973738524650828108e+00 5.793757993510231685e+00 -1.465629346799861787e+00 1.394019731485676705e-01
3.082573354590717685e+00 3.563559464215737549e+00 2.904423545657105699e+00 3.759685260460436940e+00 5.817593611328872427e+00 -1.391910769801340875e+00 1.574960484024385543e-01
3.068530898406013563e+00 2.998434982372816915e+00 3.911315718089226401e+00 5.694390267905673930e+00 5.832339888632028568e+00 -1.390710039447471402e+00 1.605597860502456231e-01
3.084948903768538031e+00 3.435732687792000029e+00 3.081482201739023541e+00 3.934902083339954615e+00 5.805050214524078989e+00 -1.480247732229011293e+00 1.334849467732387995e-01
3.070325637548934061e+00 2.488173919608160922e+00 4.648007584309096885e+00 4.785332662022615757e+00 5.825778157936253976e+00 -1.263990756411175420e+00 1.977842192869876670e-01
3.096457294043478026e+00 3.395520287536271997e+00 3.152232757263422336e+00 4.007851246277906121e+00 5.792749759790896569e+00 -1.254971021258259656e+00 1.735645449689409148e-01
3.064662993057209572e+00 1.378212989516209408e+00 6.067064828536071097e+00 1.014229478985439670e+01 5.809801579704315877e+00 -1.445912612660775309e+00 1.235188984421328462e-01
3.081319198369635970e+00 3.337588927038965370e+00 3.131876036297725818e+00 4.013100279541236937e+00 5.825822606094134493e+00 -1.267875916691126204e+00 1.665415877009513990e-01
3.060880556396666119e+00 1.530332974043628003e+00 4.996667138823386090e+00 6.064939901284712498e+00 5.819728393007968847e+00 -1.436378392426936434e+00 1.425624426323219007e-01
3.082928542426676355e+00 1.886355165644578502e+00 4.672632843304939776e+00 5.180608676053731543e+00 5.789772525247619761e+00 -1.251347514623742496e+00 1.762925444816444698e-01
3.070987750876794653e+00 1.325780830801833288e+00 5.314596676418042343e+00 7.358630254942053028e+00 5.797849396108722075e+00 -1.441292246844096514e+00 1.219106978180851675e-01
3.058148802365535879e+00 1.773256028828738673e+00 6.565214921446616003e+00 7.094329312243068841e+00 5.824016178380927222e+00 -1.322248162125868598e+00 1.777689670535836652e-01
3.095658580340084676e+00 3.552377075533711182e+00 3.045593000059544586e+00 4.024445110903226208e+00 5.797421568637698641e+00 -1.323047072866567087e+00 1.604534194411345316e-01
3.073135411403633999e+00 2.920422892393864434e+00 3.473336061126096830e+00 4.422873984665326219e+00 5.814583193693028562e+00 -1.453397072603732187e+00 1.306355669808018372e-01
3.069862558918433848e+00 1.452880263738408395e+00 5.059458336661734279e+00 7.105039292918697846e+00 5.802976837239963714e+00 -1.438493399583640420e+00 1.261286375884368427e-01
3.072530396983645495e+00 1.013666386391006258e+00 6.201672933943051191e+00 9.512555941147386562e+00 5.797533879970099058e+00 -1.393450192846009461e+00 1.499426937964993545e-01
3.089640002489369763e+00 3.402339432349103632e+00 3.103664438254028823e+00 3.978055539034996535e+00 5.787806339207469009e+00 -1.370317996033177055e+00 1.465880997523142937e-01
3.083500211999159912e+00 3.396736047403199787e+00 3.122435626879355386e+00 4.016812115246529480e+00 5.807318375734485727e+00 -1.441058219510075178e+00 1.337426401837138457e-01
3.062727409377817178e+00 1.465433429867046167e+00 6.128240943574314592e+00 7.617429021860262495e+00 5.818568827237255547e+00 -1.425542213337591901e+00 1.477367111354504770e-01
3.093006161390019493e+00 3.504588590289949845e+00 3.065205981260783918e+00 4.029248755733330078e+00 5.802582207014901350e+00 -1.369355676972602298e+00 1.492455677109241485e-01
3.072967918695105105e+00 2.114637960301593900e+00 4.761206507696105206e+00 6.830647070454818781e+00 5.816554013169345616e+00 -1.453821091089573025e+00 1.367749771487470067e-01
3.085253566724582619e+00 1.342750604354574273e+00 6.256914949310378837e+00 7.726915266553675110e+00 5.768338601362685836e+00 -1.382315545848832539e+00 1.462819979616192811e-01
3.064060566900674853e+00 8.456869031498061018e-01 6.345666612176435351e+00 8.256379960376849070e+00 5.798979564814708887e+00 -1.487044935492758624e+00 1.167053591054415806e-01
3.085499641530157877e+00 3.426662633004651237e+00 3.141811940100311507e+00 3.939249892258086749e+00 5.809626575861095432e+00 -1.365908798261934898e+00 1.805725695586864188e-01
3.071988178129992253e+00 1.465992069254853813e+00 6.387218923433878537e+00 8.024153444334555019e+00 5.802828652018496847e+00 -1.305028166787939758e+00 1.588653432334231619e-01
3.073556457866871927e+00 1.427500528097570998e+00 6.697054330957041834e+00 8.112467078385179775e+00 5.789755516421442039e+00 -1.338103590617325089e+00 1.414392392340087512e-01
3.076990179623168231e+00 2.196209402442376835e+00 3.806173243450926336e+00 5.214569805720071116e+00 5.811377549454634028e+00 -1.500187635324334634e+00 1.287730803611405461e-01
3.082941951015838011e+00 3.359360997524855730e+00 3.145739006742972244e+00 3.981061410580609916e+00 5.808454733718101615e+00 -1.384413577127174610e+00 1.635365261951129690e-01
3.087306266290953172e+00 1.532920407125823337e+00 5.537344328578134522e+00 1.259585592682355148e+01 5.776959243207135053e+00 -1.380881178255569663e+00 1.277385255103125894e-01
3.094703348012495692e+00 3.443148386816405004e+00 3.074526790589120928e+00 3.910426588713607376e+00 5.801615741844325491e+00 -1.387474562364518604e+00 1.519811682561256483e-01
3.072737914602745590e+00 1.415501844748106697e+00 5.164917233804628083e+00 8.513768726469880477e+00 5.797378581742318460e+00 -1.408649550074353884e+00 1.340726156509478573e-01
3.092037455226410714e+00 3.589241163412088653e+00 3.505258548837737465e+00 4.819547236461743545e+00 5.788516858252855002e+00 -1.280911437803237574e+00 1.554729820468873369e-01
3.089053684081933593e+00 2.915201320634377424e+00 3.509553548105482701e+00 5.276103044271853726e+00 5.781732947657570065e+00 -1.522842151885184014e+00 9.183992869658959279e-02
3.083667668042728849e+00 2.348735409485294134e+00 4.151084377273148718e+00 6.575433994471116428e+00 5.801651379306336231e+00 -1.433908905311590543e+00 1.355030148233017651e-01
3.070083550732866762e+00 1.262694623328061372e+00 4.637883846212567995e+00 6.475643655981572877e+00 5.819532056667819475e+00 -1.522005028716662878e+00 8.658331787393624968e-02
3.088689966860932667e+00 3.376085179399171743e+00 3.143216817975102106e+00 3.996469532061770469e+00 5.799174862461558000e+00 -1.389608259463766871e+00 1.441751796074617065e-01
3.075300810727108480e+00 1.354833462860313142e+00 5.597330875433951469e+00 7.546987802359928388e+00 5.795968501552995811e+00 -1.352174198341786315e+00 1.241562329388218727e-01
3.055424076995278959e+00 2.211608037235952118e+00 5.735283188349186823e+00 7.924303715965455908e+00 5.847020105274101986e+00 -1.251231344079968721e+00 1.760424370942781369e-01
3.076115245527629494e+00 3.368141764681275241e+00 3.141568179122077531e+00 4.014800978143643562e+00 5.809724593964378236e+00 -1.475994684867857565e+00 1.229953821574071848e-01
3.070994423867667411e+00 2.818994566877464525e+00 4.121486721266135689e+00 5.808146470132103723e+00 5.825334234148343171e+00 -1.312908084830414213e+00 1.670890362174977384e-01
3.072953078838196017e+00 2.149917335453860545e+00 4.690290352356618619e+00 5.870079070219563100e+00 5.798530985572097229e+00 -1.387361963525601594e+00 1.472495037804016638e-01
3.087290473176400152e+00 3.400435380213850056e+00 3.082601576854439696e+00 3.975275966676463213e+00 5.806816987681556519e+00 -1.403897995090722883e+00 1.604345477523738128e-01
3.062859380774797913e+00 2.775451830999254188e+00 3.919527429356849613e+00 4.614331728469377225e+00 5.840807309825225779e+00 -1.230239221138720751e+00 1.904534240547224311e-01
3.073645271511997290e+00 3.426622598681428489e+00 3.535475588220423404e+00 5.145133546718364315e+00 5.813737967070291113e+00 -1.347960540085331171e+00 1.437042468777277870e-01
3.080754262851551406e+00 3.395887288465748277e+00 3.148133032501368778e+00 3.964604358767721770e+00 5.815702433954475836e+00 -1.299739983283322076e+00 1.688947692678507417e-01
3.099356681107058087e+00 3.442061933706590970e+00 3.094397495855153224e+00 4.013988264268771644e+00 5.799773777452476686e+00 -1.380142843033596689e+00 1.468170012049815620e-01
3.077687621921634253e+00 2.112759373919930628e+00 4.911499092087216134e+00 8.098431654128445345e+00 5.809659132019474370e+00 -1.338158339507598882e+00 1.679951855886132051e-01
3.094891201093137312e+00 3.344071844225676937e+00 3.134649065815216407e+00 3.984159398652800999e+00 5.789270564399976671e+00 -1.332363724768736324e+00 1.569122268062835002e-01
3.079172115562236023e+00 1.484963847019317607e+00 5.052179519373683370e+00 7.252413752321841933e+00 5.791860816661540845e+00 -1.480847627059206806e+00 1.135501645859230274e-01
3.061897298128675615e+00 3.522976766092408507e+00 3.523966703452009241e+00 4.990170512994616558e+00 5.842787237994363281e+00 -1.229687815837408715e+00 1.762353922975571641e-01
3.070180003935360613e+00 1.661747579860682444e+00 5.028757542264013836e+00 7.299882261475403311e+00 5.806009947573413932e+00 -1.363165212185870612e+00 1.452014412512022956e-01
3.065794642358834921e+00 2.368045834862540833e+00 4.474207744305013890e+00 5.278159612791356814e+00 5.832280971768456723e+00 -1.254720098576712184e+00 1.807420039598639505e-01
3.075468070530631870e+00 2.186277938771663099e+00 5.171191733501836474e+00 7.795414689180490520e+00 5.782759150857057051e+00 -1.314593507852494847e+00 1.569841765684665547e-01
3.064870419287486936e+00 1.488243269691357895e+00 6.582861317973007331e+00 1.070655276645547005e+01 5.813623074211914599e+00 -1.406669698990232309e+00 1.696043891527840852e-01
3.056474153461587573e+00 2.368912971877339846e+00 4.568044768963496871e+00 5.394301585480548056e+00 5.830057069128763203e+00 -1.193815063457120518e+00 1.689640022545434161e-01
3.057720560495197581e+00 1.294212982047357574e+00 6.139754813616860041e+00 1.014446482251023340e+01 5.797558051113711919e+00 -1.419724625127418927e+00 1.303278569070604465e-01
3.097102221019862878e+00 3.574295359646789905e+00 3.068924709312140120e+00 4.017430983712585224e+00 5.791722108309423689e+00 -1.327126014508166696e+00 1.544726210445711567e-01
3.050480703332614230e+00 1.199674800051484747e+00 6.469139245556260853e+00 8.569019165540725069e+00 5.831687892424079145e+00 -1.490603584085092637e+00 1.271602382220494432e-01
3.079854583021758518e+00 3.311705687528779585e+00 3.243192882391490617e+00 4.106759091816740259e+00 5.823654740846277100e+00 -1.409379670908786242e+00 1.680871689242083578e-01
3.066801578679378082e+00 1.412302274034837435e+00 5.815357713599054179e+00 9.767299128334762770e+00 5.819538466719668790e+00 -1.421536058700306526e+00 1.405623433310423942e-01
3.064105381918993398e+00 1.368128310757250832e+00 6.328920870819599642e+00 8.055086366566543532e+00 5.812173123829618149e+00 -1.404245081160995223e+00 1.417496092076311609e-01
3.088307373981800552e+00 3.002518639233341613e+00 3.284417154812321549e+00 4.353841345932487172e+00 5.787161767874317242e+00 -1.453354902832592721e+00 1.126756877506830679e-01
3.082885991876406440e+00 3.176071418904022448e+00 3.597820530619231683e+00 5.020432561225701029e+00 5.807003106765739275e+00 -1.397892390350034875e+00 1.480012108740042520e-01
3.086463600285459741e+00 3.374611017394108181e+00 3.688512472331365810e+00 6.005379078668488191e+00 5.790083817735787619e+00 -1.511055558366312557e+00 9.779072970318795910e-02
3.074719092922230335e+00 3.356585120522342702e+00 3.143724939185399414e+00 4.009126733074352522e+00 5.823194715549206535e+00 -1.245267370929251882e+00 1.772596271478535379e-01
3.105865383370283617e+00 4.029118173607161069e+00 2.563693989328628131e+00 3.494277788619585490e+00 5.804046052188390981e+00 -1.408218543890034535e+00 1.346616230252862256e-01
3.084407162721124696e+00 3.365954496156812414e+00 3.126511309522728599e+00 3.989561454137036556e+00 5.815393505894524750e+00 -1.380162603832070900e+00 1.626889788109056045e-01
3.056033662402536155e+00 1.942291663335889762e+00 6.015911645567316945e+00 7.924756299805849835e+00 5.838920769731443805e+00 -1.230661961000230509e+00 1.876959415222053396e-01
3.083562127320363722e+00 2.559304777034579814e+00 4.060207975691544569e+00 5.730316645204670323e+00 5.799853663390925895e+00 -1.412960910933892755e+00 1.311726521320852601e-01
3.082828230776748946e+00 3.183363591174810825e+00 3.659793811861184132e+00 5.301383423609258294e+00 5.801434036157285590e+00 -1.321278791174065326e+00 1.444480859023824781e-01
3.065904988080947025e+00 2.187926836052000112e+00 6.069462723120649272e+00 8.613120281016620083e+00 5.802938800262027463e+00 -1.331463414829891834e+00 1.806905567726006245e-01
3.098214619170707618e+00 3.270591664811274946e+00 3.169252354667741578e+00 4.156727959032467723e+00 5.775371793843352641e+00 -1.596713397987067351e+00 7.281377450657386396e-02
3.070078630585236557e+00 2.039752773795864726e+00 4.863481331353530557e+00 6.613143730861613889e+00 5.822011346625900252e+00 -1.388296328101606747e+00 1.569205537870097256e-01
3.065049763070905708e+00 2.145589655211621150e+00 4.581412081418887894e+00 5.403919835502217772e+00 5.797749488022723163e+00 -1.457911066677786138e+00 1.304976766758721429e-01
3.070292174238870242e+00 3.447006710769678683e+00 3.131534076118676957e+00 3.921797447768793354e+00 5.836887681031334374e+00 -1.286822509544153004e+00 1.859984816827908449e-01
3.072249018304625601e+00 3.044691822179927509e+00 3.424602185143235111e+00 4.405769501749446704e+00 5.836689252314749332e+00 -1.217189342749787739e+00 1.689533370658265476e-01
3.072932333759009982e+00 3.304838303267901622e+00 3.142671360653756629e+00 4.026424618485451745e+00 5.824732174619158265e+00 -1.410432497162618759e+00 1.335018924373410076e-01
3.054838386738869982e+00 1.428828766196272859e+00 6.453790499353643462e+00 9.511179836115479347e+00 5.831925867814510944e+00 -1.434852982870399973e+00 1.373016077105511656e-01
3.057979013498148380e+00 2.267950325183012428e+00 4.774828013243848979e+00 6.289363279927760786e+00 5.824412539926576038e+00 -1.354802310546022071e+00 1.770023656956715430e-01
3.072550300776096144e+00 1.444768651795211634e+00 5.460621755078410189e+00 8.282530838826684061e+00 5.793679384302341084e+00 -1.452879571458602914e+00 1.244120562832866650e-01
3.079833650533517986e+00 3.343419796629928609e+00 3.140036919827959849e+00 3.992216830542965944e+00 5.833590616984743349e+00 -1.145828283005544845e+00 1.726342999411407952e-01
3.070946677981195805e+00 3.147457020643435577e+00 3.819322300102881318e+00 5.947654879377087589e+00 5.819927144852589329e+00 -1.446309581885546702e+00 1.351293640312138944e-01
3.068643060717147097e+00 2.910015295404357882e+00 3.975613172749262070e+00 5.642792728657480161e+00 5.811782792928536168e+00 -1.375213853448680634e+00 1.354613407067902231e-01
3.093554080557540775e+00 3.293889283437733351e+00 3.159696165641354693e+00 4.064578607332203219e+00 5.787648697410928911e+00 -1.509058919475718685e+00 1.080321320726263801e-01
3.064786120318411466e+00 1.570648702337686720e+00 6.740956956740406625e+00 8.713871138727808940e+00 5.811403833709368527e+00 -1.312451440055788288e+00 1.669728597600232400e-01
3.063654347339423101e+00 2.111513016556746614e+00 5.498640304209420293e+00 7.510462919607416410e+00 5.817290479481307841e+00 -1.328014373361718459e+00 1.822439305499981288e-01
3.061981731336208767e+00 2.236136761585994837e+00 5.270658290007952829e+00 6.461445954938247027e+00 5.820081789304873077e+00 -1.271521361308780795e+00 1.852857191901118583e-01
3.094304584441995409e+00 3.244096250886335131e+00 3.134643834262293538e+00 4.112264667029932319e+00 5.789036941310413020e+00 -1.482242209115506748e+00 1.167243926561873091e-01
3.088883917164948034e+00 2.891507129552637778e+00 3.662455931805088660e+00 4.399974088461595656e+00 5.772880237911111934e+00 -1.196358160919780644e+00 1.743187959822697919e-01
3.040192188055255595e+00 2.430934986125795838e+00 4.957933818725950736e+00 5.566372903753057599e+00 5.879514628178871050e+00 -1.138607798080919942e+00 2.272918174912870459e-01
3.090554276110487830e+00 3.467897556815186633e+00 3.206575765096873365e+00 4.203040000428334366e+00 5.803128181496550297e+00 -1.353777142047347448e+00 1.584076998845047324e-01
3.061286356027363542e+00 1.430685183235366864e+00 5.938151344835249645e+00 7.964485493539172012e+00 5.823731168808953029e+00 -1.385057411856587706e+00 1.527389281470180049e-01
3.086802784421594836e+00 3.035912483679236828e+00 3.483850846974332338e+00 4.294683548983160293e+00 5.796056262388182390e+00 -1.333269955981263077e+00 1.683849781118979261e-01
3.075665458687294684e+00 3.516606433266357801e+00 3.143953604284255299e+00 3.860374885227606523e+00 5.818192473243732898e+00 -1.170382686749423140e+00 2.122231936061201030e-01
3.069315573448480272e+00 2.353058233986116576e+00 4.678869358240459242e+00 5.900868350258255290e+00 5.808340614871859486e+00 -1.325090035291843549e+00 1.509874930526146908e-01
3.088438176265773105e+00 3.296405495022603827e+00 3.149909772462769819e+00 4.091455025295658743e+00 5.803725708556703111e+00 -1.476266118495642043e+00 1.218405819770071036e-01
3.046147151697425226e+00 2.767459779208798487e+00 5.210296509888833860e+00 7.903952893243602063e+00 5.846274298375726985e+00 -1.257777178481128244e+00 1.944869398617513900e-01
3.102393125158342091e+00 3.881425437085856966e+00 2.606972956266883301e+00 3.463211810390929735e+00 5.795465222582643960e+00 -1.401099903624850151e+00 1.523431919108729493e-01
3.093005747277439266e+00 3.364496356559476098e+00 3.058879733875309981e+00 4.059965629282856092e+00 5.802189828815640382e+00 -1.478415679915692449e+00 1.217122848674831448e-01
3.072146207026478670e+00 1.105642167975815049e+00 5.959092823275855544e+00 8.670695301953456280e+00 5.795799739437144105e+00 -1.385878110777126304e+00 1.361564433438162136e-01
3.093291801973345745e+00 3.426117042697859549e+00 3.157566348379675869e+00 3.973738524650828108e+00 5.793757993510231685e+00 -1.465629346799861787e+00 1.394019731485676705e-01
3.082573354590717685e+00 3.563559464215737549e+00 2.904423545657105699e+00 3.759685260460436940e+00 5.817593611328872427e+00 -1.391910769801340875e+00 1.574960484024385543e-01
3.068530898406013563e+00 2.998434982372816915e+00 3.911315718089226401e+00 5.694390267905673930e+00 5.832339888632028568e+00 -1.390710039447471402e+00 1.605597860502456231e-01
3.084948903768538031e+00 3.435732687792000029e+00 3.081482201739023541e+00 3.934902083339954615e+00 5.805050214524078989e+00 -1.480247732229011293e+00 1.334849467732387995e-01
3.070325637548934061e+00 2.488173919608160922e+00 4.648007584309096885e+00 4.785332662022615757e+00 5.825778157936253976e+00 -1.263990756411175420e+00 1.977842192869876670e-01
3.096457294043478026e+00 3.395520287536271997e+00 3.152232757263422336e+00 4.007851246277906121e+00 5.792749759790896569e+00 -1.254971021258259656e+00 1.735645449689409148e-01
3.064662993057209572e+00 1.378212989516209408e+00 6.067064828536071097e+00 1.014229478985439670e+01 5.809801579704315877e+00 -1.445912612660775309e+00 1.235188984421328462e-01
3.081319198369635970e+00 3.337588927038965370e+00 3.131876036297725818e+00 4.013100279541236937e+00 5.825822606094134493e+00 -1.267875916691126204e+00 1.665415877009513990e-01
3.060880556396666119e+00 1.530332974043628003e+00 4.996667138823386090e+00 6.064939901284712498e+00 5.819728393007968847e+00 -1.436378392426936434e+00 1.425624426323219007e-01
3.082928542426676355e+00 1.886355165644578502e+00 4.672632843304939776e+00 5.180608676053731543e+00 5.789772525247619761e+00 -1.251347514623742496e+00 1.762925444816444698e-01
3.070987750876794653e+00 1.325780830801833288e+00 5.314596676418042343e+00 7.358630254942053028e+00 5.797849396108722075e+00 -1.441292246844096514e+00 1.219106978180851675e-01
3.058148802365535879e+00 1.773256028828738673e+00 6.565214921446616003e+00 7.094329312243068841e+00 5.824016178380927222e+00 -1.322248162125868598e+00 1.777689670535836652e-01
3.095658580340084676e+00 3.552377075533711182e+00 3.045593000059544586e+00 4.024445110903226208e+00 5.797421568637698641e+00 -1.323047072866567087e+00 1.604534194411345316e-01
3.073135411403633999e+00 2.920422892393864434e+00 3.473336061126096830e+00 4.422873984665326219e+00 5.814583193693028562e+00 -1.453397072603732187e+00 1.306355669808018372e-01
3.069862558918433848e+00 1.452880263738408395e+00 5.059458336661734279e+00 7.105039292918697846e+00 5.802976837239963714e+00 -1.438493399583640420e+00 1.261286375884368427e-01
3.072530396983645495e+00 1.013666386391006258e+00 6.201672933943051191e+00 9.512555941147386562e+00 5.797533879970099058e+00 -1.393450192846009461e+00 1.499426937964993545e-01
3.089640002489369763e+00 3.402339432349103632e+00 3.103664438254028823e+00 3.978055539034996535e+00 5.787806339207469009e+00 -1.370317996033177055e+00 1.465880997523142937e-01
3.083500211999159912e+00 3.396736047403199787e+00 3.122435626879355386e+00 4.016812115246529480e+00 5.807318375734485727e+00 -1.441058219510075178e+00 1.337426401837138457e-01
3.062727409377817178e+00 1.465433429867046167e+00 6.128240943574314592e+00 7.617429021860262495e+00 5.818568827237255547e+00 -1.425542213337591901e+00 1.477367111354504770e-01
3.093006161390019493e+00 3.504588590289949845e+00 3.065205981260783918e+00 4.029248755733330078e+00 5.802582207014901350e+00 -1.369355676972602298e+00 1.492455677109241485e-01
3.072967918695105105e+00 2.114637960301593900e+00 4.761206507696105206e+00 6.830647070454818781e+00 5.816554013169345616e+00 -1.453821091089573025e+00 1.367749771487470067e-01
3.085253566724582619e+00 1.342750604354574273e+00 6.256914949310378837e+00 7.726915266553675110e+00 5.768338601362685836e+00 -1.382315545848832539e+00 1.462819979616192811e-01
3.064060566900674853e+00 8.456869031498061018e-01 6.345666612176435351e+00 8.256379960376849070e+00 5.798979564814708887e+00 -1.487044935492758624e+00 1.167053591054415806e-01
3.085499641530157877e+00 3.426662633004651237e+00 3.141811940100311507e+00 3.939249892258086749e+00 5.809626575861095432e+00 -1.365908798261934898e+00 1.805725695586864188e-01
3.071988178129992253e+00 1.465992069254853813e+00 6.387218923433878537e+00 8.024153444334555019e+00 5.802828652018496847e+00 -1.305028166787939758e+00 1.588653432334231619e-01
3.073556457866871927e+00 1.427500528097570998e+00 6.697054330957041834e+00 8.112467078385179775e+00 5.789755516421442039e+00 -1.338103590617325089e+00 1.414392392340087512e-01
3.076990179623168231e+00 2.196209402442376835e+00 3.806173243450926336e+00 5.214569805720071116e+00 5.811377549454634028e+00 -1.500187635324334634e+00 1.287730803611405461e-01
3.082941951015838011e+00 3.359360997524855730e+00 3.145739006742972244e+00 3.981061410580609916e+00 5.808454733718101615e+00 -1.384413577127174610e+00 1.635365261951129690e-01
3.087306266290953172e+00 1.532920407125823337e+00 5.537344328578134522e+00 1.259585592682355148e+01 5.776959243207135053e+00 -1.380881178255569663e+00 1.277385255103125894e-01
3.094703348012495692e+00 3.443148386816405004e+00 3.074526790589120928e+00 3.910426588713607376e+00 5.801615741844325491e+00 -1.387474562364518604e+00 1.519811682561256483e-01
3.072737914602745590e+00 1.415501844748106697e+00 5.164917233804628083e+00 8.513768726469880477e+00 5.797378581742318460e+00 -1.408649550074353884e+00 1.340726156509478573e-01
3.092037455226410714e+00 3.589241163412088653e+00 3.505258548837737465e+00 4.819547236461743545e+00 5.788516858252855002e+00 -1.280911437803237574e+00 1.554729820468873369e-01
3.089053684081933593e+00 2.915201320634377424e+00 3.509553548105482701e+00 5.276103044271853726e+00 5.781732947657570065e+00 -1.522842151885184014e+00 9.183992869658959279e-02
3.083667668042728849e+00 2.348735409485294134e+00 4.151084377273148718e+00 6.575433994471116428e+00 5.801651379306336231e+00 -1.433908905311590543e+00 1.355030148233017651e-01
3.070083550732866762e+00 1.262694623328061372e+00 4.637883846212567995e+00 6.475643655981572877e+00 5.819532056667819475e+00 -1.522005028716662878e+00 8.658331787393624968e-02
3.088689966860932667e+00 3.376085179399171743e+00 3.143216817975102106e+00 3.996469532061770469e+00 5.799174862461558000e+00 -1.389608259463766871e+00 1.441751796074617065e-01
3.075300810727108480e+00 1.354833462860313142e+00 5.597330875433951469e+00 7.546987802359928388e+00 5.795968501552995811e+00 -1.352174198341786315e+00 1.241562329388218727e-01
3.055424076995278959e+00 2.211608037235952118e+00 5.735283188349186823e+00 7.924303715965455908e+00 5.847020105274101986e+00 -1.251231344079968721e+00 1.760424370942781369e-01
3.076115245527629494e+00 3.368141764681275241e+00 3.141568179122077531e+00 4.014800978143643562e+00 5.809724593964378236e+00 -1.475994684867857565e+00 1.229953821574071848e-01
3.070994423867667411e+00 2.818994566877464525e+00 4.121486721266135689e+00 5.808146470132103723e+00 5.825334234148343171e+00 -1.312908084830414213e+00 1.670890362174977384e-01
3.072953078838196017e+00 2.149917335453860545e+00 4.690290352356618619e+00 5.870079070219563100e+00 5.798530985572097229e+00 -1.387361963525601594e+00 1.472495037804016638e-01
3.087290473176400152e+00 3.400435380213850056e+00 3.082601576854439696e+00 3.975275966676463213e+00 5.806816987681556519e+00 -1.403897995090722883e+00 1.604345477523738128e-01
3.062859380774797913e+00 2.775451830999254188e+00 3.919527429356849613e+00 4.614331728469377225e+00 5.840807309825225779e+00 -1.230239221138720751e+00 1.904534240547224311e-01
3.073645271511997290e+00 3.426622598681428489e+00 3.535475588220423404e+00 5.145133546718364315e+00 5.813737967070291113e+00 -1.347960540085331171e+00 1.437042468777277870e-01
3.080754262851551406e+00 3.395887288465748277e+00 3.148133032501368778e+00 3.964604358767721770e+00 5.815702433954475836e+00 -1.299739983283322076e+00 1.688947692678507417e-01
3.099356681107058087e+00 3.442061933706590970e+00 3.094397495855153224e+00 4.013988264268771644e+00 5.799773777452476686e+00 -1.380142843033596689e+00 1.468170012049815620e-01
3.077687621921634253e+00 2.112759373919930628e+00 4.911499092087216134e+00 8.098431654128445345e+00 5.809659132019474370e+00 -1.338158339507598882e+00 1.679951855886132051e-01
3.094891201093137312e+00 3.344071844225676937e+00 3.134649065815216407e+00 3.984159398652800999e+00 5.789270564399976671e+00 -1.332363724768736324e+00 1.569122268062835002e-01
3.079172115562236023e+00 1.484963847019317607e+00 5.052179519373683370e+00 7.252413752321841933e+00 5.791860816661540845e+00 -1.480847627059206806e+00 1.135501645859230274e-01
3.061897298128675615e+00 3.522976766092408507e+00 3.523966703452009241e+00 4.990170512994616558e+00 5.842787237994363281e+00 -1.229687815837408715e+00 1.762353922975571641e-01
3.070180003935360613e+00 1.661747579860682444e+00 5.028757542264013836e+00 7.299882261475403311e+00 5.806009947573413932e+00 -1.363165212185870612e+00 1.452014412512022956e-01
3.065794642358834921e+00 2.368045834862540833e+00 4.474207744305013890e+00 5.278159612791356814e+00 5.832280971768456723e+00 -1.254720098576712184e+00 1.807420039598639505e-01
3.075468070530631870e+00 2.186277938771663099e+00 5.171191733501836474e+00 7.795414689180490520e+00 5.782759150857057051e+00 -1.314593507852494847e+00 1.569841765684665547e-01
3.064870419287486936e+00 1.488243269691357895e+00 6.582861317973007331e+00 1.070655276645547005e+01 5.813623074211914599e+00 -1.406669698990232309e+00 1.696043891527840852e-01
3.056474153461587573e+00 2.368912971877339846e+00 4.568044768963496871e+00 5.394301585480548056e+00 5.830057069128763203e+00 -1.193815063457120518e+00 1.689640022545434161e-01
3.057720560495197581e+00 1.294212982047357574e+00 6.139754813616860041e+00 1.014446482251023340e+01 5.797558051113711919e+00 -1.419724625127418927e+00 1.303278569070604465e-01
3.097102221019862878e+00 3.574295359646789905e+00 3.068924709312140120e+00 4.017430983712585224e+00 5.791722108309423689e+00 -1.327126014508166696e+00 1.544726210445711567e-01
3.050480703332614230e+00 1.199674800051484747e+00 6.469139245556260853e+00 8.569019165540725069e+00 5.831687892424079145e+00 -1.490603584085092637e+00 1.271602382220494432e-01
3.079854583021758518e+00 3.311705687528779585e+00 3.243192882391490617e+00 4.106759091816740259e+00 5.823654740846277100e+00 -1.409379670908786242e+00 1.680871689242083578e-01
3.066801578679378082e+00 1.412302274034837435e+00 5.815357713599054179e+00 9.767299128334762770e+00 5.819538466719668790e+00 -1.421536058700306526e+00 1.405623433310423942e-01
3.064105381918993398e+00 1.368128310757250832e+00 6.328920870819599642e+00 8.055086366566543532e+00 5.812173123829618149e+00 -1.404245081160995223e+00 1.417496092076311609e-01
3.088307373981800552e+00 3.002518639233341613e+00 3.284417154812321549e+00 4.353841345932487172e+00 5.787161767874317242e+00 -1.453354902832592721e+00 1.126756877506830679e-01
3.082885991876406440e+00 3.176071418904022448e+00 3.597820530619231683e+00 5.020432561225701029e+00 5.807003106765739275e+00 -1.397892390350034875e+00 1.480012108740042520e-01
3.086463600285459741e+00 3.374611017394108181e+00 3.688512472331365810e+00 6.005379078668488191e+00 5.790083817735787619e+00 -1.511055558366312557e+00 9.779072970318795910e-02
3.074719092922230335e+00 3.356585120522342702e+00 3.143724939185399414e+00 4.009126733074352522e+00 5.823194715549206535e+00 -1.245267370929251882e+00 1.772596271478535379e-01
3.105865383370283617e+00 4.029118173607161069e+00 2.563693989328628131e+00 3.494277788619585490e+00 5.804046052188390981e+00 -1.408218543890034535e+00 1.346616230252862256e-01
3.084407162721124696e+00 3.365954496156812414e+00 3.126511309522728599e+00 3.989561454137036556e+00 5.815393505894524750e+00 -1.380162603832070900e+00 1.626889788109056045e-01
3.056033662402536155e+00 1.942291663335889762e+00 6.015911645567316945e+00 7.924756299805849835e+00 5.838920769731443805e+00 -1.230661961000230509e+00 1.876959415222053396e-01
3.083562127320363722e+00 2.559304777034579814e+00 4.060207975691544569e+00 5.730316645204670323e+00 5.799853663390925895e+00 -1.412960910933892755e+00 1.311726521320852601e-01
3.082828230776748946e+00 3.183363591174810825e+00 3.659793811861184132e+00 5.301383423609258294e+00 5.801434036157285590e+00 -1.321278791174065326e+00 1.444480859023824781e-01
3.065904988080947025e+00 2.187926836052000112e+00 6.069462723120649272e+00 8.613120281016620083e+00 5.802938800262027463e+00 -1.331463414829891834e+00 1.806905567726006245e-01
3.098214619170707618e+00 3.270591664811274946e+00 3.169252354667741578e+00 4.156727959032467723e+00 5.775371793843352641e+00 -1.596713397987067351e+00 7.281377450657386396e-02
3.070078630585236557e+00 2.039752773795864726e+00 4.863481331353530557e+00 6.613143730861613889e+00 5.822011346625900252e+00 -1.388296328101606747e+00 1.569205537870097256e-01
3.065049763070905708e+00 2.145589655211621150e+00 4.581412081418887894e+00 5.403919835502217772e+00 5.797749488022723163e+00 -1.457911066677786138e+00 1.304976766758721429e-01
3.070292174238870242e+00 3.447006710769678683e+00 3.131534076118676957e+00 3.921797447768793354e+00 5.836887681031334374e+00 -1.286822509544153004e+00 1.859984816827908449e-01
3.072249018304625601e+00 3.044691822179927509e+00 3.424602185143235111e+00 4.405769501749446704e+00 5.836689252314749332e+00 -1.217189342749787739e+00 1.689533370658265476e-01
3.072932333759009982e+00 3.304838303267901622e+00 3.142671360653756629e+00 4.026424618485451745e+00 5.824732174619158265e+00 -1.410432497162618759e+00 1.335018924373410076e-01
3.054838386738869982e+00 1.428828766196272859e+00 6.453790499353643462e+00 9.511179836115479347e+00 5.831925867814510944e+00 -1.434852982870399973e+00 1.373016077105511656e-01
3.057979013498148380e+00 2.267950325183012428e+00 4.774828013243848979e+00 6.289363279927760786e+00 5.824412539926576038e+00 -1.354802310546022071e+00 1.770023656956715430e-01
3.072550300776096144e+00 1.444768651795211634e+00 5.460621755078410189e+00 8.282530838826684061e+00 5.793679384302341084e+00 -1.452879571458602914e+00 1.244120562832866650e-01
3.079833650533517986e+00 3.343419796629928609e+00 3.140036919827959849e+00 3.992216830542965944e+00 5.833590616984743349e+00 -1.145828283005544845e+00 1.726342999411407952e-01
3.070946677981195805e+00 3.147457020643435577e+00 3.819322300102881318e+00 5.947654879377087589e+00 5.819927144852589329e+00 -1.446309581885546702e+00 1.351293640312138944e-01
3.068643060717147097e+00 2.910015295404357882e+00 3.975613172749262070e+00 5.642792728657480161e+00 5.811782792928536168e+00 -1.375213853448680634e+00 1.354613407067902231e-01
3.093554080557540775e+00 3.293889283437733351e+00 3.159696165641354693e+00 4.064578607332203219e+00 5.787648697410928911e+00 -1.509058919475718685e+00 1.080321320726263801e-01
3.064786120318411466e+00 1.570648702337686720e+00 6.740956956740406625e+00 8.713871138727808940e+00 5.811403833709368527e+00 -1.312451440055788288e+00 1.669728597600232400e-01
3.063654347339423101e+00 2.111513016556746614e+00 5.498640304209420293e+00 7.510462919607416410e+00 5.817290479481307841e+00 -1.328014373361718459e+00 1.822439305499981288e-01
3.061981731336208767e+00 2.236136761585994837e+00 5.270658290007952829e+00 6.461445954938247027e+00 5.820081789304873077e+00 -1.271521361308780795e+00 1.852857191901118583e-01
3.094304584441995409e+00 3.244096250886335131e+00 3.134643834262293538e+00 4.112264667029932319e+00 5.789036941310413020e+00 -1.482242209115506748e+00 1.167243926561873091e-01
3.088883917164948034e+00 2.891507129552637778e+00 3.662455931805088660e+00 4.399974088461595656e+00 5.772880237911111934e+00 -1.196358160919780644e+00 1.743187959822697919e-01
3.040192188055255595e+00 2.430934986125795838e+00 4.957933818725950736e+00 5.566372903753057599e+00 5.879514628178871050e+00 -1.138607798080919942e+00 2.272918174912870459e-01
3.090554276110487830e+00 3.467897556815186633e+00 3.206575765096873365e+00 4.203040000428334366e+00 5.803128181496550297e+00 -1.353777142047347448e+00 1.584076998845047324e-01
3.061286356027363542e+00 1.430685183235366864e+00 5.938151344835249645e+00 7.964485493539172012e+00 5.823731168808953029e+00 -1.385057411856587706e+00 1.527389281470180049e-01
3.086802784421594836e+00 3.035912483679236828e+00 3.483850846974332338e+00 4.294683548983160293e+00 5.796056262388182390e+00 -1.333269955981263077e+00 1.683849781118979261e-01
3.075665458687294684e+00 3.516606433266357801e+00 3.143953604284255299e+00 3.860374885227606523e+00 5.818192473243732898e+00 -1.170382686749423140e+00 2.122231936061201030e-01
3.069315573448480272e+00 2.353058233986116576e+00 4.678869358240459242e+00 5.900868350258255290e+00 5.808340614871859486e+00 -1.325090035291843549e+00 1.509874930526146908e-01
3.088438176265773105e+00 3.296405495022603827e+00 3.149909772462769819e+00 4.091455025295658743e+00 5.803725708556703111e+00 -1.476266118495642043e+00 1.218405819770071036e-01
3.046147151697425226e+00 2.767459779208798487e+00 5.210296509888833860e+00 7.903952893243602063e+00 5.846274298375726985e+00 -1.257777178481128244e+00 1.944869398617513900e-01
3.102393125158342091e+00 3.881425437085856966e+00 2.606972956266883301e+00 3.463211810390929735e+00 5.795465222582643960e+00 -1.401099903624850151e+00 1.523431919108729493e-01
3.093005747277439266e+00 3.364496356559476098e+00 3.058879733875309981e+00 4.059965629282856092e+00 5.802189828815640382e+00 -1.478415679915692449e+00 1.217122848674831448e-01
3.072146207026478670e+00 1.105642167975815049e+00 5.959092823275855544e+00 8.670695301953456280e+00 5.795799739437144105e+00 -1.385878110777126304e+00 1.361564433438162136e-01
3.093291801973345745e+00 3.426117042697859549e+00 3.157566348379675869e+00 3.973738524650828108e+00 5.793757993510231685e+00 -1.465629346799861787e+00 1.394019731485676705e-01
3.082573354590717685e+00 3.563559464215737549e+00 2.904423545657105699e+00 3.759685260460436940e+00 5.817593611328872427e+00 -1.391910769801340875e+00 1.574960484024385543e-01
3.068530898406013563e+00 2.998434982372816915e+00 3.911315718089226401e+00 5.694390267905673930e+00 5.832339888632028568e+00 -1.390710039447471402e+00 1.605597860502456231e-01
3.084948903768538031e+00 3.435732687792000029e+00 3.081482201739023541e+00 3.934902083339954615e+00 5.805050214524078989e+00 -1.480247732229011293e+00 1.334849467732387995e-01
3.070325637548934061e+00 2.488173919608160922e+00 4.648007584309096885e+00 4.785332662022615757e+00 5.825778157936253976e+00 -1.263990756411175420e+00 1.977842192869876670e-01
3.096457294043478026e+00 3.395520287536271997e+00 3.152232757263422336e+00 4.007851246277906121e+00 5.792749759790896569e+00 -1.254971021258259656e+00 1.735645449689409148e-01
3.064662993057209572e+00 1.378212989516209408e+00 6.067064828536071097e+00 1.014229478985439670e+01 5.809801579704315877e+00 -1.445912612660775309e+00 1.235188984421328462e-01
3.081319198369635970e+00 3.337588927038965370e+00 3.131876036297725818e+00 4.013100279541236937e+00 5.825822606094134493e+00 -1.267875916691126204e+00 1.665415877009513990e-01
3.060880556396666119e+00 1.530332974043628003e+00 4.996667138823386090e+00 6.064939901284712498e+00 5.819728393007968847e+00 -1.436378392426936434e+00 1.425624426323219007e-01
3.082928542426676355e+00 1.886355165644578502e+00 4.672632843304939776e+00 5.180608676053731543e+00 5.789772525247619761e+00 -1.251347514623742496e+00 1.762925444816444698e-01
