3.091113255888164435e+00 3.388076838721823858e+00 3.118363797795145054e+00 3.993238646549444937e+00 5.806112327965519349e+00 -1.442682381438201267e+00 1.393624675343239916e-01
3.076913500839928428e+00 3.383819207002417340e+00 3.137206374812961496e+00 3.946174694347598155e+00 5.824411930838451212e+00 -1.279463165507160438e+00 1.649514900212146473e-01
3.060386642959052939e+00 3.361456345983251826e+00 3.105817627920485435e+00 3.957431994970264988e+00 5.858740747928838921e+00 -1.205429701661726138e+00 1.767099121839423026e-01
3.082420411208654176e+00 3.319075038220305807e+00 3.156483299265141262e+00 4.051739799163614819e+00 5.804778685158964890e+00 -1.378321566210378490e+00 1.533343330242661895e-01
3.051501409577231705e+00 2.298827132080430768e+00 4.583921346454665979e+00 5.079490200306125303e+00 5.834220159230090630e+00 -1.199841206022338014e+00 1.549109558425354749e-01
3.066997472711063821e+00 2.609160135211315179e+00 4.931425850816644640e+00 8.786938193412396458e+00 5.814242414181845398e+00 -1.388506581427252584e+00 1.476183068883720473e-01
3.090074203286892196e+00 3.249267419405022839e+00 3.152298868463984771e+00 4.160147798162103783e+00 5.798710387230287644e+00 -1.442450394899951416e+00 1.153410157598998287e-01
3.090219469004024777e+00 3.360160896874420100e+00 3.148445197766539305e+00 3.986099758815674132e+00 5.801690830111860819e+00 -1.284331336292633852e+00 1.541855194315596145e-01
3.087160047342233593e+00 3.478687945196235809e+00 3.138069112209059597e+00 3.869853326015721517e+00 5.796253381357268530e+00 -1.340660216058605414e+00 1.643173763207163296e-01
3.071555936603130643e+00 1.536881689193790201e+00 6.135345814499894246e+00 9.157979922642105919e+00 5.778537863813836495e+00 -1.286056192366571871e+00 1.632102739912486555e-01
3.063618274416838538e+00 1.356893053514399261e+00 5.808821537700777249e+00 1.191431237336883342e+01 5.811824242629903381e+00 -1.449141199092719212e+00 1.139066083350835229e-01
3.079816834599279574e+00 3.220446307818888965e+00 3.130797311331060762e+00 4.138047739447954676e+00 5.809325542952579191e+00 -1.470742379417841361e+00 1.178617262220441192e-01
3.091658604800430421e+00 1.900043697008762189e+00 4.596233158883911152e+00 5.305923943271126930e+00 5.802451720453097650e+00 -1.489128748872805552e+00 1.235960293747171562e-01
3.079218995446062035e+00 3.172411704230635454e+00 3.159309419586222134e+00 4.208197308864098929e+00 5.810807243312557269e+00 -1.477095060161372819e+00 1.045435726004365767e-01
3.076411816131088273e+00 3.376247225600040647e+00 3.137347963892072489e+00 3.963525537820905775e+00 5.807586659882104207e+00 -1.154553018836911527e+00 1.699765669580364513e-01
3.070856104026275180e+00 1.595870786879575398e+00 4.664057291947591111e+00 6.489177847838241142e+00 5.812472344366477195e+00 -1.604511767665191657e+00 1.200545507903411774e-01
3.083258921595141810e+00 1.983174545159252178e+00 5.112677835832601048e+00 6.756891095645463530e+00 5.788731884735432764e+00 -1.339833400982385347e+00 1.483311447178994047e-01
3.053467775633145198e+00 3.537335823300228554e+00 3.113940946864960146e+00 3.814671534460456481e+00 5.872409570357717712e+00 -1.011036926412271164e+00 2.562912715831970889e-01
3.060958600961536824e+00 3.462431594371428112e+00 3.129083019156583489e+00 3.867519086476501666e+00 5.853201618419010543e+00 -1.220811523188546133e+00 2.086538036249320494e-01
3.088524345346860489e+00 3.354390353112145728e+00 3.126198836048251106e+00 4.024731173272573237e+00 5.785459673698482241e+00 -1.371049913880576288e+00 1.476900062903765687e-01
3.074018664333409312e+00 1.565938525313544716e+00 5.333614219900319142e+00 7.877922843283929666e+00 5.812922478208211174e+00 -1.386255156575679992e+00 1.471199849627238543e-01
3.082728374557774043e+00 1.758451692264584754e+00 4.642940629610778025e+00 6.182443718282272904e+00 5.786765006414239743e+00 -1.404904946315866043e+00 1.160780224369448860e-01
3.078987172580071263e+00 3.532163659766665020e+00 3.065535341770091460e+00 3.872515294069010849e+00 5.823635535153122156e+00 -1.086080950834454883e+00 2.141703834231660775e-01
3.062019589365042371e+00 1.838217395841711843e+00 5.016286690476354337e+00 8.859708303233290394e+00 5.814691195273278268e+00 -1.415236243412761219e+00 1.390054579450763217e-01
3.038242580595327258e+00 3.282124274811941689e+00 4.955431172283518926e+00 7.111945147130283473e+00 5.874700175512010958e+00 -9.950374178473430087e-01 2.424697588043413232e-01
3.071355551751960622e+00 1.394431917374742591e+00 5.587296190052063238e+00 1.004482530966911469e+01 5.789173122997405940e+00 -1.446780438997383955e+00 1.332601006152253353e-01
3.092333315557739937e+00 2.300434924093703426e+00 3.945677044839810410e+00 5.164204024595028031e+00 5.762109470451781235e+00 -1.455008626809163319e+00 1.026979542845021659e-01
3.077114442984743459e+00 1.935757019487741148e+00 4.937032268830414239e+00 6.027086121104271221e+00 5.788661870156963651e+00 -1.354431364035853402e+00 1.679332327727740826e-01
3.096458840962870607e+00 3.298299054805114316e+00 3.596105490114009484e+00 5.019322319239440944e+00 5.767925272503055645e+00 -1.397582992442257810e+00 1.191469795198178139e-01
3.070958507889283151e+00 1.251699566496709437e+00 5.885595511093695720e+00 9.817115829682428796e+00 5.800616274598950461e+00 -1.435061518992497120e+00 1.090652275455875897e-01
3.080500535884687530e+00 2.322268726535039018e+00 4.564737244813209749e+00 6.185557851156909592e+00 5.773212963531107356e+00 -1.393971735878169138e+00 1.340838387093473139e-01
3.070310063720738114e+00 1.279431440406741505e+00 5.401361025819832129e+00 7.720697813657723785e+00 5.798714053656023992e+00 -1.445014302635166947e+00 1.126790400827867855e-01
3.069602078193163219e+00 3.541299330837069714e+00 3.092650399219335267e+00 3.908280544565062797e+00 5.843619628021448520e+00 -1.343349248587399458e+00 1.603831117333215373e-01
3.078311663466421599e+00 3.631171514118179733e+00 3.605505117312132413e+00 5.506720580877112248e+00 5.810120984500890984e+00 -1.447100954044351795e+00 1.288014133938869266e-01
3.079330634052800164e+00 2.203394988227900253e+00 4.735812697307311581e+00 6.597677744903884367e+00 5.798884022675409255e+00 -1.377472741685277446e+00 1.576392645760701650e-01
3.079974533105803491e+00 3.395500663948239239e+00 3.141782290398949851e+00 3.946232283743754898e+00 5.807044700536329707e+00 -1.249242100303101566e+00 1.830812103582170891e-01
3.081434650155810751e+00 2.346381758560836861e+00 4.334940356280791107e+00 7.541732558792921814e+00 5.787715079149841735e+00 -1.346166278853894172e+00 1.605645712549668980e-01
3.081799207351849645e+00 3.388181514820529650e+00 3.135268749542301059e+00 3.955963149344633667e+00 5.828677714076655469e+00 -1.322572650627950486e+00 1.700137502485976337e-01
3.070731050291058306e+00 1.635731409029759886e+00 5.774271389375926766e+00 1.028189734528543120e+01 5.794845037454157577e+00 -1.332612247020233287e+00 1.423915341876659524e-01
3.078897288684137923e+00 3.395977603620350838e+00 3.084703116613312535e+00 3.984589767923344183e+00 5.824431972810177882e+00 -1.378163272662669359e+00 1.542270698898381975e-01
3.089656891668558281e+00 2.513160151745992721e+00 4.042335632987213323e+00 6.583843302551962928e+00 5.775053000010395898e+00 -1.444346152360269864e+00 1.308838257705128294e-01
3.088893670016152893e+00 3.389225537886116690e+00 3.377162390544968140e+00 4.694046807487588957e+00 5.798630085638619036e+00 -1.335139855376560547e+00 1.424222013929365704e-01
3.064595411096747046e+00 3.395149860338010139e+00 3.102506186284516687e+00 3.942492813539532737e+00 5.844026153357249953e+00 -1.358365327942413936e+00 1.686491211505316279e-01
3.065899849953844569e+00 2.300419764663909739e+00 4.570445628103830593e+00 5.159617426217015357e+00 5.823040348281626422e+00 -1.322300462631267548e+00 1.279774247803980303e-01
3.068318996673324861e+00 2.598419560233609982e+00 4.040383785186775434e+00 5.858733376377799118e+00 5.818144414453208846e+00 -1.439926214980610242e+00 1.287200970212684370e-01
3.063727737691931186e+00 2.837270769940268167e+00 4.077917058412964479e+00 5.819100290254576535e+00 5.818858201133037866e+00 -1.363513537686122046e+00 1.662400724944010921e-01
3.106566221576147591e+00 3.440160701399730847e+00 3.170286653732663495e+00 3.968021355671491168e+00 5.768620938070410986e+00 -1.283515717748324736e+00 1.499274952203136779e-01
3.079672286889944655e+00 3.440347045473048926e+00 3.143034068051178131e+00 3.895562700094935327e+00 5.816658202348821582e+00 -1.212941654650952383e+00 1.902808319291962313e-01
3.081781341109280703e+00 3.399531431500705470e+00 3.119649791230497904e+00 4.255678456080788763e+00 5.805468444879724466e+00 -1.384130514559991587e+00 1.399481351426185294e-01
3.082315148283982786e+00 3.423243192118733624e+00 3.114558163392544987e+00 4.045797732667879565e+00 5.806532232939258797e+00 -1.380787544960942137e+00 1.496114736175664928e-01
3.076988711890599859e+00 2.529354836580004040e+00 3.829333662808219962e+00 4.637943377120124389e+00 5.811494940951280164e+00 -1.344289463746489277e+00 1.720635731613686936e-01
3.084735287106538770e+00 3.154924492148366344e+00 3.302193435721626713e+00 4.197335332131387098e+00 5.811706429029746879e+00 -1.412037727522446495e+00 1.262873891889849942e-01
3.078281845728251032e+00 3.417981034293489984e+00 3.080296419257821494e+00 3.990818105674378113e+00 5.819673173940129729e+00 -1.365063055565493233e+00 1.610919306505179949e-01
3.076661405983630804e+00 1.197521240372736440e+00 5.951118323598239890e+00 9.702519699163351774e+00 5.790118578412945638e+00 -1.463554492370710447e+00 1.190351451916750042e-01
3.081284447453866981e+00 3.339086933520110989e+00 3.103857000429698143e+00 4.016123404207904812e+00 5.824177270628750236e+00 -1.395340222779806405e+00 1.359301515852972542e-01
3.077686742153853849e+00 3.234451872689416252e+00 3.661023513890011571e+00 5.259734269730553358e+00 5.807453241425069912e+00 -1.367784300043238144e+00 1.443563910181248633e-01
3.064470582142496458e+00 1.914042095035179303e+00 5.066027014350524382e+00 8.097585357535356465e+00 5.800976247763034443e+00 -1.387677187587871508e+00 1.220950246005383377e-01
3.069135702642334707e+00 1.434125989187390315e+00 5.670078185187147568e+00 1.136119126495119858e+01 5.796757613671008613e+00 -1.419349338274844108e+00 1.111155177762265522e-01
3.085579632910727010e+00 3.240271951116253657e+00 3.122974467672312571e+00 4.101461762822112611e+00 5.809831432600686796e+00 -1.462211021723360593e+00 1.244567468909186930e-01
3.071731042521832933e+00 3.517074110410090881e+00 3.125754508196679105e+00 3.881011799427170672e+00 5.841222655479546333e+00 -1.295578168277203623e+00 1.812249862450529270e-01
3.072601079303162397e+00 3.382090635388415922e+00 3.123504190725707286e+00 4.033614911675988068e+00 5.820453365368279286e+00 -1.376670919629034096e+00 1.473334401006285987e-01
3.086592065523230843e+00 3.299697323790898196e+00 3.072429400085679330e+00 4.067925769298959437e+00 5.815691665356013118e+00 -1.425836889593751433e+00 1.174488713121938921e-01
3.096247891487112547e+00 3.194369459540452372e+00 3.189421539781835069e+00 4.311260415377725863e+00 5.789132341239408674e+00 -1.472117823067272901e+00 1.210142134151058757e-01
3.101942222894573220e+00 3.943467966982980855e+00 3.012355091426159426e+00 4.521168539998383196e+00 5.777587631508323440e+00 -1.398517757470248091e+00 1.194319942486420233e-01
3.078984070527396089e+00 3.274215270014952495e+00 3.122943668701037900e+00 4.041381022704542580e+00 5.827725954575157630e+00 -1.394513385612866418e+00 1.379054539253061762e-01
3.084288180974724902e+00 2.336272355419178215e+00 4.627297110113423706e+00 6.984256743981279492e+00 5.780462667455160464e+00 -1.405858997362622764e+00 1.591378541458151885e-01
3.060232289487160084e+00 1.160142030530756152e+00 5.996803404866266618e+00 1.026101123581120511e+01 5.818815540103006612e+00 -1.448222481414246365e+00 1.189044214983829700e-01
3.054222991673304577e+00 2.440130360140876142e+00 4.642093424986575734e+00 5.520249290413554277e+00 5.847121765613453093e+00 -1.307971071859200363e+00 1.554641242964527326e-01
3.055657586979967366e+00 2.293222075261792892e+00 4.726460312760480953e+00 6.984527183366727066e+00 5.838462950271957830e+00 -1.370597877198948877e+00 1.584621880432203478e-01
3.087589194745346877e+00 3.310896270461544333e+00 3.145805610139245978e+00 4.140569777811694330e+00 5.802412003700366583e+00 -1.463729212526681200e+00 1.275522432377630966e-01
3.077986949601982047e+00 3.355668552365397961e+00 3.128773746142255341e+00 3.986063697074631929e+00 5.819480565277076245e+00 -1.438796672561883927e+00 1.321808817079171972e-01
3.075038740862334752e+00 3.404135527553764362e+00 3.117666538863099301e+00 4.021953106666277478e+00 5.838223264774303978e+00 -1.461004031720368523e+00 1.437506094369775389e-01
3.086734292450814987e+00 2.018425504825322125e+00 4.626219079110186705e+00 5.701704232463337796e+00 5.785319759164282871e+00 -1.488397465096272354e+00 1.505525869701285768e-01
3.071350058584944698e+00 2.166885094447580151e+00 4.632699611893264624e+00 6.141039949766840422e+00 5.798165381501411808e+00 -1.292540146510897658e+00 1.437276553784294364e-01
3.057128947239724504e+00 2.076370989848602910e+00 6.273112498606195686e+00 9.128535915225896247e+00 5.817827543485154074e+00 -1.254429208551212538e+00 1.796876456889005269e-01
3.056720427173770904e+00 1.681425131776908444e+00 6.213807436244285221e+00 7.692681880283473994e+00 5.825836366167627567e+00 -1.335730141209083177e+00 1.489478016471808552e-01
3.083829550501301142e+00 2.882246006524015858e+00 3.832082954497733063e+00 5.684763347764659969e+00 5.784015746531355084e+00 -1.416326330296850067e+00 1.193544977739619400e-01
3.087815693120448568e+00 3.313515089557923066e+00 3.113611423716731164e+00 4.033699521883628236e+00 5.806202404064577216e+00 -1.338962945007829974e+00 1.535538367552082006e-01
3.092904940706203032e+00 3.234010673872718122e+00 3.151248617148183939e+00 4.114648428271013181e+00 5.788142425170865302e+00 -1.440574824892641104e+00 1.243931782123455926e-01
3.068454383715947476e+00 3.171638363752944834e+00 3.785733997198331036e+00 5.688113285089950288e+00 5.826708580634632817e+00 -1.412773446555565027e+00 1.442537517275109260e-01
3.071004102069000652e+00 1.794286845538595410e+00 5.003666645724608841e+00 7.008604173224609823e+00 5.797598680939334947e+00 -1.372142660636124445e+00 1.367801155668250668e-01
3.081626969718432640e+00 3.221412489220493836e+00 3.656367951267473604e+00 5.252960434415399504e+00 5.808333739151327002e+00 -1.347297810613053315e+00 1.510740706650201548e-01
3.065352736201772732e+00 1.437765639493585157e+00 5.418874873794456981e+00 6.549451703465286379e+00 5.809112204237022681e+00 -1.539829074176255475e+00 1.393512815077686262e-01
3.083354674178997445e+00 3.638110823113366532e+00 3.379791330977203412e+00 4.829939159231353862e+00 5.811075868213370299e+00 -1.321379054294569366e+00 1.554896491856722351e-01
3.077884097787217499e+00 2.257307802117231255e+00 4.573471957594118287e+00 6.266384639904244658e+00 5.789780939572214180e+00 -1.313731633749512628e+00 1.808319036553620029e-01
3.038944477573479297e+00 2.568256158472959516e+00 5.776382799343419805e+00 8.816222685721321284e+00 5.869877398917783928e+00 -1.307603102521729843e+00 1.810459878512981624e-01
3.055672028198330725e+00 2.387543800073765876e+00 4.680110984748750091e+00 5.338107810147548982e+00 5.829085828858750595e+00 -1.271199740831028491e+00 1.745114237286612691e-01
3.091864221107010646e+00 3.486211240751546203e+00 3.032568534614295430e+00 3.923989067549304099e+00 5.788828466953990670e+00 -1.351940106879789383e+00 1.567406907881088440e-01
3.053128079745336176e+00 1.839294350697418423e+00 5.328401114874635525e+00 5.830012473188791233e+00 5.822386010785167265e+00 -1.297747599201249491e+00 1.761961724859656686e-01
3.073529220190019284e+00 3.535478555888200258e+00 3.346772903870619764e+00 4.781370993512036982e+00 5.827016541490097623e+00 -1.380404367145080302e+00 1.289455582310763126e-01
3.066511734973044856e+00 2.354232459160505275e+00 4.903335735574771093e+00 6.895410505509702581e+00 5.818523658251441688e+00 -1.271669696098332691e+00 1.863800982413490182e-01
3.065253221996635080e+00 2.016423148933816911e+00 4.628297144349187597e+00 6.575587456484735860e+00 5.805924602070425600e+00 -1.372475272964739590e+00 1.494747262060319437e-01
3.079942958147948051e+00 3.092236621774663519e+00 3.276632126301884274e+00 4.338174013729150680e+00 5.803269059733614732e+00 -1.452187927891224195e+00 1.253806374331304374e-01
3.095710035184649378e+00 3.234807590211074668e+00 3.127353873865568623e+00 4.093749904734846901e+00 5.795734719060065210e+00 -1.445589660732928161e+00 1.233678573912066340e-01
3.079334236874745834e+00 3.473640625426580364e+00 3.143908703773195867e+00 3.870731809860833650e+00 5.812550292537562058e+00 -1.234029743343762142e+00 1.831386870742954254e-01
3.094557356687635430e+00 3.220232918911072328e+00 3.161517589687745655e+00 4.144334847704886471e+00 5.794797725922691711e+00 -1.516005421024127386e+00 1.009596481532784029e-01
3.095919736242126685e+00 3.334350835356360232e+00 3.138583744157359412e+00 4.001664293213117674e+00 5.784460675343562563e+00 -1.366115926616266130e+00 1.486007114033414955e-01
3.042610085944347009e+00 2.150072000411143769e+00 5.483282433984909332e+00 7.087891442024996991e+00 5.867518873054086370e+00 -1.237161306314641829e+00 1.871722313705303786e-01
3.092062536136732653e+00 3.232189132154113409e+00 3.148523429549132224e+00 4.130203597839285479e+00 5.793729119879329481e+00 -1.439840939699184030e+00 1.246759012675474343e-01
3.067047134865734659e+00 1.031331075103727901e+00 6.162102816029302765e+00 9.620749158430800918e+00 5.789071261463798024e+00 -1.544940980803311881e+00 9.866118095816214795e-02
3.091113255888164435e+00 3.388076838721823858e+00 3.118363797795145054e+00 3.993238646549444937e+00 5.806112327965519349e+00 -1.442682381438201267e+00 1.393624675343239916e-01
3.076913500839928428e+00 3.383819207002417340e+00 3.137206374812961496e+00 3.946174694347598155e+00 5.824411930838451212e+00 -1.279463165507160438e+00 1.649514900212146473e-01
3.060386642959052939e+00 3.361456345983251826e+00 3.105817627920485435e+00 3.957431994970264988e+00 5.858740747928838921e+00 -1.205429701661726138e+00 1.767099121839423026e-01
3.082420411208654176e+00 3.319075038220305807e+00 3.156483299265141262e+00 4.051739799163614819e+00 5.804778685158964890e+00 -1.378321566210378490e+00 1.533343330242661895e-01
3.051501409577231705e+00 2.298827132080430768e+00 4.583921346454665979e+00 5.079490200306125303e+00 5.834220159230090630e+00 -1.199841206022338014e+00 1.549109558425354749e-01
3.066997472711063821e+00 2.609160135211315179e+00 4.931425850816644640e+00 8.786938193412396458e+00 5.814242414181845398e+00 -1.388506581427252584e+00 1.476183068883720473e-01
3.090074203286892196e+00 3.249267419405022839e+00 3.152298868463984771e+00 4.160147798162103783e+00 5.798710387230287644e+00 -1.442450394899951416e+00 1.153410157598998287e-01
3.090219469004024777e+00 3.360160896874420100e+00 3.148445197766539305e+00 3.986099758815674132e+00 5.801690830111860819e+00 -1.284331336292633852e+00 1.541855194315596145e-01
3.087160047342233593e+00 3.478687945196235809e+00 3.138069112209059597e+00 3.869853326015721517e+00 5.796253381357268530e+00 -1.340660216058605414e+00 1.643173763207163296e-01
3.071555936603130643e+00 1.536881689193790201e+00 6.135345814499894246e+00 9.157979922642105919e+00 5.778537863813836495e+00 -1.286056192366571871e+00 1.632102739912486555e-01
3.063618274416838538e+00 1.356893053514399261e+00 5.808821537700777249e+00 1.191431237336883342e+01 5.811824242629903381e+00 -1.449141199092719212e+00 1.139066083350835229e-01
3.079816834599279574e+00 3.220446307818888965e+00 3.130797311331060762e+00 4.138047739447954676e+00 5.809325542952579191e+00 -1.470742379417841361e+00 1.178617262220441192e-01
3.091658604800430421e+00 1.900043697008762189e+00 4.596233158883911152e+00 5.305923943271126930e+00 5.802451720453097650e+00 -1.489128748872805552e+00 1.235960293747171562e-01
3.079218995446062035e+00 3.172411704230635454e+00 3.159309419586222134e+00 4.208197308864098929e+00 5.810807243312557269e+00 -1.477095060161372819e+00 1.045435726004365767e-01
3.076411816131088273e+00 3.376247225600040647e+00 3.137347963892072489e+00 3.963525537820905775e+00 5.807586659882104207e+00 -1.154553018836911527e+00 1.699765669580364513e-01
3.070856104026275180e+00 1.595870786879575398e+00 4.664057291947591111e+00 6.489177847838241142e+00 5.812472344366477195e+00 -1.604511767665191657e+00 1.200545507903411774e-01
3.083258921595141810e+00 1.983174545159252178e+00 5.112677835832601048e+00 6.756891095645463530e+00 5.788731884735432764e+00 -1.339833400982385347e+00 1.483311447178994047e-01
3.053467775633145198e+00 3.537335823300228554e+00 3.113940946864960146e+00 3.814671534460456481e+00 5.872409570357717712e+00 -1.011036926412271164e+00 2.562912715831970889e-01
3.060958600961536824e+00 3.462431594371428112e+00 3.129083019156583489e+00 3.867519086476501666e+00 5.853201618419010543e+00 -1.220811523188546133e+00 2.086538036249320494e-01
3.088524345346860489e+00 3.354390353112145728e+00 3.126198836048251106e+00 4.024731173272573237e+00 5.785459673698482241e+00 -1.371049913880576288e+00 1.476900062903765687e-01
3.074018664333409312e+00 1.565938525313544716e+00 5.333614219900319142e+00 7.877922843283929666e+00 5.812922478208211174e+00 -1.386255156575679992e+00 1.471199849627238543e-01
3.082728374557774043e+00 1.758451692264584754e+00 4.642940629610778025e+00 6.182443718282272904e+00 5.786765006414239743e+00 -1.404904946315866043e+00 1.160780224369448860e-01
3.078987172580071263e+00 3.532163659766665020e+00 3.065535341770091460e+00 3.872515294069010849e+00 5.823635535153122156e+00 -1.086080950834454883e+00 2.141703834231660775e-01
3.062019589365042371e+00 1.838217395841711843e+00 5.016286690476354337e+00 8.859708303233290394e+00 5.814691195273278268e+00 -1.415236243412761219e+00 1.390054579450763217e-01
3.038242580595327258e+00 3.282124274811941689e+00 4.955431172283518926e+00 7.111945147130283473e+00 5.874700175512010958e+00 -9.950374178473430087e-01 2.424697588043413232e-01
3.071355551751960622e+00 1.394431917374742591e+00 5.587296190052063238e+00 1.004482530966911469e+01 5.789173122997405940e+00 -1.446780438997383955e+00 1.332601006152253353e-01
3.092333315557739937e+00 2.300434924093703426e+00 3.945677044839810410e+00 5.164204024595028031e+00 5.762109470451781235e+00 -1.455008626809163319e+00 1.026979542845021659e-01
3.077114442984743459e+00 1.935757019487741148e+00 4.937032268830414239e+00 6.027086121104271221e+00 5.788661870156963651e+00 -1.354431364035853402e+00 1.679332327727740826e-01
3.096458840962870607e+00 3.298299054805114316e+00 3.596105490114009484e+00 5.019322319239440944e+00 5.767925272503055645e+00 -1.397582992442257810e+00 1.191469795198178139e-01
3.070958507889283151e+00 1.251699566496709437e+00 5.885595511093695720e+00 9.817115829682428796e+00 5.800616274598950461e+00 -1.435061518992497120e+00 1.090652275455875897e-01
3.080500535884687530e+00 2.322268726535039018e+00 4.564737244813209749e+00 6.185557851156909592e+00 5.773212963531107356e+00 -1.393971735878169138e+00 1.340838387093473139e-01
3.070310063720738114e+00 1.279431440406741505e+00 5.401361025819832129e+00 7.720697813657723785e+00 5.798714053656023992e+00 -1.445014302635166947e+00 1.126790400827867855e-01
3.069602078193163219e+00 3.541299330837069714e+00 3.092650399219335267e+00 3.908280544565062797e+00 5.843619628021448520e+00 -1.343349248587399458e+00 1.603831117333215373e-01
3.078311663466421599e+00 3.631171514118179733e+00 3.605505117312132413e+00 5.506720580877112248e+00 5.810120984500890984e+00 -1.447100954044351795e+00 1.288014133938869266e-01
3.079330634052800164e+00 2.203394988227900253e+00 4.735812697307311581e+00 6.597677744903884367e+00 5.798884022675409255e+00 -1.377472741685277446e+00 1.576392645760701650e-01
3.079974533105803491e+00 3.395500663948239239e+00 3.141782290398949851e+00 3.946232283743754898e+00 5.807044700536329707e+00 -1.249242100303101566e+00 1.830812103582170891e-01
3.081434650155810751e+00 2.346381758560836861e+00 4.334940356280791107e+00 7.541732558792921814e+00 5.787715079149841735e+00 -1.346166278853894172e+00 1.605645712549668980e-01
3.081799207351849645e+00 3.388181514820529650e+00 3.135268749542301059e+00 3.955963149344633667e+00 5.828677714076655469e+00 -1.322572650627950486e+00 1.700137502485976337e-01
3.070731050291058306e+00 1.635731409029759886e+00 5.774271389375926766e+00 1.028189734528543120e+01 5.794845037454157577e+00 -1.332612247020233287e+00 1.423915341876659524e-01
3.078897288684137923e+00 3.395977603620350838e+00 3.084703116613312535e+00 3.984589767923344183e+00 5.824431972810177882e+00 -1.378163272662669359e+00 1.542270698898381975e-01
3.089656891668558281e+00 2.513160151745992721e+00 4.042335632987213323e+00 6.583843302551962928e+00 5.775053000010395898e+00 -1.444346152360269864e+00 1.308838257705128294e-01
3.088893670016152893e+00 3.389225537886116690e+00 3.377162390544968140e+00 4.694046807487588957e+00 5.798630085638619036e+00 -1.335139855376560547e+00 1.424222013929365704e-01
3.064595411096747046e+00 3.395149860338010139e+00 3.102506186284516687e+00 3.942492813539532737e+00 5.844026153357249953e+00 -1.358365327942413936e+00 1.686491211505316279e-01
3.065899849953844569e+00 2.300419764663909739e+00 4.570445628103830593e+00 5.159617426217015357e+00 5.823040348281626422e+00 -1.322300462631267548e+00 1.279774247803980303e-01
3.068318996673324861e+00 2.598419560233609982e+00 4.040383785186775434e+00 5.858733376377799118e+00 5.818144414453208846e+00 -1.439926214980610242e+00 1.287200970212684370e-01
3.063727737691931186e+00 2.837270769940268167e+00 4.077917058412964479e+00 5.819100290254576535e+00 5.818858201133037866e+00 -1.363513537686122046e+00 1.662400724944010921e-01
3.106566221576147591e+00 3.440160701399730847e+00 3.170286653732663495e+00 3.968021355671491168e+00 5.768620938070410986e+00 -1.283515717748324736e+00 1.499274952203136779e-01
3.079672286889944655e+00 3.440347045473048926e+00 3.143034068051178131e+00 3.895562700094935327e+00 5.816658202348821582e+00 -1.212941654650952383e+00 1.902808319291962313e-01
3.081781341109280703e+00 3.399531431500705470e+00 3.119649791230497904e+00 4.255678456080788763e+00 5.805468444879724466e+00 -1.384130514559991587e+00 1.399481351426185294e-01
3.082315148283982786e+00 3.423243192118733624e+00 3.114558163392544987e+00 4.045797732667879565e+00 5.806532232939258797e+00 -1.380787544960942137e+00 1.496114736175664928e-01
3.076988711890599859e+00 2.529354836580004040e+00 3.829333662808219962e+00 4.637943377120124389e+00 5.811494940951280164e+00 -1.344289463746489277e+00 1.720635731613686936e-01
3.084735287106538770e+00 3.154924492148366344e+00 3.302193435721626713e+00 4.197335332131387098e+00 5.811706429029746879e+00 -1.412037727522446495e+00 1.262873891889849942e-01
3.078281845728251032e+00 3.417981034293489984e+00 3.080296419257821494e+00 3.990818105674378113e+00 5.819673173940129729e+00 -1.365063055565493233e+00 1.610919306505179949e-01
3.076661405983630804e+00 1.197521240372736440e+00 5.951118323598239890e+00 9.702519699163351774e+00 5.790118578412945638e+00 -1.463554492370710447e+00 1.190351451916750042e-01
3.081284447453866981e+00 3.339086933520110989e+00 3.103857000429698143e+00 4.016123404207904812e+00 5.824177270628750236e+00 -1.395340222779806405e+00 1.359301515852972542e-01
3.077686742153853849e+00 3.234451872689416252e+00 3.661023513890011571e+00 5.259734269730553358e+00 5.807453241425069912e+00 -1.367784300043238144e+00 1.443563910181248633e-01
3.064470582142496458e+00 1.914042095035179303e+00 5.066027014350524382e+00 8.097585357535356465e+00 5.800976247763034443e+00 -1.387677187587871508e+00 1.220950246005383377e-01
3.069135702642334707e+00 1.434125989187390315e+00 5.670078185187147568e+00 1.136119126495119858e+01 5.796757613671008613e+00 -1.419349338274844108e+00 1.111155177762265522e-01
3.085579632910727010e+00 3.240271951116253657e+00 3.122974467672312571e+00 4.101461762822112611e+00 5.809831432600686796e+00 -1.462211021723360593e+00 1.244567468909186930e-01
3.071731042521832933e+00 3.517074110410090881e+00 3.125754508196679105e+00 3.881011799427170672e+00 5.841222655479546333e+00 -1.295578168277203623e+00 1.812249862450529270e-01
3.072601079303162397e+00 3.382090635388415922e+00 3.123504190725707286e+00 4.033614911675988068e+00 5.820453365368279286e+00 -1.376670919629034096e+00 1.473334401006285987e-01
3.086592065523230843e+00 3.299697323790898196e+00 3.072429400085679330e+00 4.067925769298959437e+00 5.815691665356013118e+00 -1.425836889593751433e+00 1.174488713121938921e-01
3.096247891487112547e+00 3.194369459540452372e+00 3.189421539781835069e+00 4.311260415377725863e+00 5.789132341239408674e+00 -1.472117823067272901e+00 1.210142134151058757e-01
3.101942222894573220e+00 3.943467966982980855e+00 3.012355091426159426e+00 4.521168539998383196e+00 5.777587631508323440e+00 -1.398517757470248091e+00 1.194319942486420233e-01
3.078984070527396089e+00 3.274215270014952495e+00 3.122943668701037900e+00 4.041381022704542580e+00 5.827725954575157630e+00 -1.394513385612866418e+00 1.379054539253061762e-01
3.084288180974724902e+00 2.336272355419178215e+00 4.627297110113423706e+00 6.984256743981279492e+00 5.780462667455160464e+00 -1.405858997362622764e+00 1.591378541458151885e-01
3.060232289487160084e+00 1.160142030530756152e+00 5.996803404866266618e+00 1.026101123581120511e+01 5.818815540103006612e+00 -1.448222481414246365e+00 1.189044214983829700e-01
3.054222991673304577e+00 2.440130360140876142e+00 4.642093424986575734e+00 5.520249290413554277e+00 5.847121765613453093e+00 -1.307971071859200363e+00 1.554641242964527326e-01
3.055657586979967366e+00 2.293222075261792892e+00 4.726460312760480953e+00 6.984527183366727066e+00 5.838462950271957830e+00 -1.370597877198948877e+00 1.584621880432203478e-01
3.087589194745346877e+00 3.310896270461544333e+00 3.145805610139245978e+00 4.140569777811694330e+00 5.802412003700366583e+00 -1.463729212526681200e+00 1.275522432377630966e-01
3.077986949601982047e+00 3.355668552365397961e+00 3.128773746142255341e+00 3.986063697074631929e+00 5.819480565277076245e+00 -1.438796672561883927e+00 1.321808817079171972e-01
3.075038740862334752e+00 3.404135527553764362e+00 3.117666538863099301e+00 4.021953106666277478e+00 5.838223264774303978e+00 -1.461004031720368523e+00 1.437506094369775389e-01
3.086734292450814987e+00 2.018425504825322125e+00 4.626219079110186705e+00 5.701704232463337796e+00 5.785319759164282871e+00 -1.488397465096272354e+00 1.505525869701285768e-01
3.071350058584944698e+00 2.166885094447580151e+00 4.632699611893264624e+00 6.141039949766840422e+00 5.798165381501411808e+00 -1.292540146510897658e+00 1.437276553784294364e-01
3.057128947239724504e+00 2.076370989848602910e+00 6.273112498606195686e+00 9.128535915225896247e+00 5.817827543485154074e+00 -1.254429208551212538e+00 1.796876456889005269e-01
3.056720427173770904e+00 1.681425131776908444e+00 6.213807436244285221e+00 7.692681880283473994e+00 5.825836366167627567e+00 -1.335730141209083177e+00 1.489478016471808552e-01
3.083829550501301142e+00 2.882246006524015858e+00 3.832082954497733063e+00 5.684763347764659969e+00 5.784015746531355084e+00 -1.416326330296850067e+00 1.193544977739619400e-01
3.087815693120448568e+00 3.313515089557923066e+00 3.113611423716731164e+00 4.033699521883628236e+00 5.806202404064577216e+00 -1.338962945007829974e+00 1.535538367552082006e-01
3.092904940706203032e+00 3.234010673872718122e+00 3.151248617148183939e+00 4.114648428271013181e+00 5.788142425170865302e+00 -1.440574824892641104e+00 1.243931782123455926e-01
3.068454383715947476e+00 3.171638363752944834e+00 3.785733997198331036e+00 5.688113285089950288e+00 5.826708580634632817e+00 -1.412773446555565027e+00 1.442537517275109260e-01
3.071004102069000652e+00 1.794286845538595410e+00 5.003666645724608841e+00 7.008604173224609823e+00 5.797598680939334947e+00 -1.372142660636124445e+00 1.367801155668250668e-01
3.081626969718432640e+00 3.221412489220493836e+00 3.656367951267473604e+00 5.252960434415399504e+00 5.808333739151327002e+00 -1.347297810613053315e+00 1.510740706650201548e-01
3.065352736201772732e+00 1.437765639493585157e+00 5.418874873794456981e+00 6.549451703465286379e+00 5.809112204237022681e+00 -1.539829074176255475e+00 1.393512815077686262e-01
3.083354674178997445e+00 3.638110823113366532e+00 3.379791330977203412e+00 4.829939159231353862e+00 5.811075868213370299e+00 -1.321379054294569366e+00 1.554896491856722351e-01
3.077884097787217499e+00 2.257307802117231255e+00 4.573471957594118287e+00 6.266384639904244658e+00 5.789780939572214180e+00 -1.313731633749512628e+00 1.808319036553620029e-01
3.038944477573479297e+00 2.568256158472959516e+00 5.776382799343419805e+00 8.816222685721321284e+00 5.869877398917783928e+00 -1.307603102521729843e+00 1.810459878512981624e-01
3.055672028198330725e+00 2.387543800073765876e+00 4.680110984748750091e+00 5.338107810147548982e+00 5.829085828858750595e+00 -1.271199740831028491e+00 1.745114237286612691e-01
3.091864221107010646e+00 3.486211240751546203e+00 3.032568534614295430e+00 3.923989067549304099e+00 5.788828466953990670e+00 -1.351940106879789383e+00 1.567406907881088440e-01
3.053128079745336176e+00 1.839294350697418423e+00 5.328401114874635525e+00 5.830012473188791233e+00 5.822386010785167265e+00 -1.297747599201249491e+00 1.761961724859656686e-01
3.073529220190019284e+00 3.535478555888200258e+00 3.346772903870619764e+00 4.781370993512036982e+00 5.827016541490097623e+00 -1.380404367145080302e+00 1.289455582310763126e-01
3.066511734973044856e+00 2.354232459160505275e+00 4.903335735574771093e+00 6.895410505509702581e+00 5.818523658251441688e+00 -1.271669696098332691e+00 1.863800982413490182e-01
3.065253221996635080e+00 2.016423148933816911e+00 4.628297144349187597e+00 6.575587456484735860e+00 5.805924602070425600e+00 -1.372475272964739590e+00 1.494747262060319437e-01
3.079942958147948051e+00 3.092236621774663519e+00 3.276632126301884274e+00 4.338174013729150680e+00 5.803269059733614732e+00 -1.452187927891224195e+00 1.253806374331304374e-01
3.095710035184649378e+00 3.234807590211074668e+00 3.127353873865568623e+00 4.093749904734846901e+00 5.795734719060065210e+00 -1.445589660732928161e+00 1.233678573912066340e-01
3.079334236874745834e+00 3.473640625426580364e+00 3.143908703773195867e+00 3.870731809860833650e+00 5.812550292537562058e+00 -1.234029743343762142e+00 1.831386870742954254e-01
3.094557356687635430e+00 3.220232918911072328e+00 3.161517589687745655e+00 4.144334847704886471e+00 5.794797725922691711e+00 -1.516005421024127386e+00 1.009596481532784029e-01
3.095919736242126685e+00 3.334350835356360232e+00 3.138583744157359412e+00 4.001664293213117674e+00 5.784460675343562563e+00 -1.366115926616266130e+00 1.486007114033414955e-01
3.042610085944347009e+00 2.150072000411143769e+00 5.483282433984909332e+00 7.087891442024996991e+00 5.867518873054086370e+00 -1.237161306314641829e+00 1.871722313705303786e-01
3.092062536136732653e+00 3.232189132154113409e+00 3.148523429549132224e+00 4.130203597839285479e+00 5.793729119879329481e+00 -1.439840939699184030e+00 1.246759012675474343e-01
3.067047134865734659e+00 1.031331075103727901e+00 6.162102816029302765e+00 9.620749158430800918e+00 5.789071261463798024e+00 -1.544940980803311881e+00 9.866118095816214795e-02
3.091113255888164435e+00 3.388076838721823858e+00 3.118363797795145054e+00 3.993238646549444937e+00 5.806112327965519349e+00 -1.442682381438201267e+00 1.393624675343239916e-01
3.076913500839928428e+00 3.383819207002417340e+00 3.137206374812961496e+00 3.946174694347598155e+00 5.824411930838451212e+00 -1.279463165507160438e+00 1.649514900212146473e-01
3.060386642959052939e+00 3.361456345983251826e+00 3.105817627920485435e+00 3.957431994970264988e+00 5.858740747928838921e+00 -1.205429701661726138e+00 1.767099121839423026e-01
3.082420411208654176e+00 3.319075038220305807e+00 3.156483299265141262e+00 4.051739799163614819e+00 5.804778685158964890e+00 -1.378321566210378490e+00 1.533343330242661895e-01
3.051501409577231705e+00 2.298827132080430768e+00 4.583921346454665979e+00 5.079490200306125303e+00 5.834220159230090630e+00 -1.199841206022338014e+00 1.549109558425354749e-01
3.066997472711063821e+00 2.609160135211315179e+00 4.931425850816644640e+00 8.786938193412396458e+00 5.814242414181845398e+00 -1.388506581427252584e+00 1.476183068883720473e-01
3.090074203286892196e+00 3.249267419405022839e+00 3.152298868463984771e+00 4.160147798162103783e+00 5.798710387230287644e+00 -1.442450394899951416e+00 1.153410157598998287e-01
3.090219469004024777e+00 3.360160896874420100e+00 3.148445197766539305e+00 3.986099758815674132e+00 5.801690830111860819e+00 -1.284331336292633852e+00 1.541855194315596145e-01
3.087160047342233593e+00 3.478687945196235809e+00 3.138069112209059597e+00 3.869853326015721517e+00 5.796253381357268530e+00 -1.340660216058605414e+00 1.643173763207163296e-01
3.071555936603130643e+00 1.536881689193790201e+00 6.135345814499894246e+00 9.157979922642105919e+00 5.778537863813836495e+00 -1.286056192366571871e+00 1.632102739912486555e-01
3.063618274416838538e+00 1.356893053514399261e+00 5.808821537700777249e+00 1.191431237336883342e+01 5.811824242629903381e+00 -1.449141199092719212e+00 1.139066083350835229e-01
3.079816834599279574e+00 3.220446307818888965e+00 3.130797311331060762e+00 4.138047739447954676e+00 5.809325542952579191e+00 -1.470742379417841361e+00 1.178617262220441192e-01
3.091658604800430421e+00 1.900043697008762189e+00 4.596233158883911152e+00 5.305923943271126930e+00 5.802451720453097650e+00 -1.489128748872805552e+00 1.235960293747171562e-01
3.079218995446062035e+00 3.172411704230635454e+00 3.159309419586222134e+00 4.208197308864098929e+00 5.810807243312557269e+00 -1.477095060161372819e+00 1.045435726004365767e-01
3.076411816131088273e+00 3.376247225600040647e+00 3.137347963892072489e+00 3.963525537820905775e+00 5.807586659882104207e+00 -1.154553018836911527e+00 1.699765669580364513e-01
3.070856104026275180e+00 1.595870786879575398e+00 4.664057291947591111e+00 6.489177847838241142e+00 5.812472344366477195e+00 -1.604511767665191657e+00 1.200545507903411774e-01
3.083258921595141810e+00 1.983174545159252178e+00 5.112677835832601048e+00 6.756891095645463530e+00 5.788731884735432764e+00 -1.339833400982385347e+00 1.483311447178994047e-01
3.053467775633145198e+00 3.537335823300228554e+00 3.113940946864960146e+00 3.814671534460456481e+00 5.872409570357717712e+00 -1.011036926412271164e+00 2.562912715831970889e-01
3.060958600961536824e+00 3.462431594371428112e+00 3.129083019156583489e+00 3.867519086476501666e+00 5.853201618419010543e+00 -1.220811523188546133e+00 2.086538036249320494e-01
3.088524345346860489e+00 3.354390353112145728e+00 3.126198836048251106e+00 4.024731173272573237e+00 5.785459673698482241e+00 -1.371049913880576288e+00 1.476900062903765687e-01
3.074018664333409312e+00 1.565938525313544716e+00 5.333614219900319142e+00 7.877922843283929666e+00 5.812922478208211174e+00 -1.386255156575679992e+00 1.471199849627238543e-01
3.082728374557774043e+00 1.758451692264584754e+00 4.642940629610778025e+00 6.182443718282272904e+00 5.786765006414239743e+00 -1.404904946315866043e+00 1.160780224369448860e-01
3.078987172580071263e+00 3.532163659766665020e+00 3.065535341770091460e+00 3.872515294069010849e+00 5.823635535153122156e+00 -1.086080950834454883e+00 2.141703834231660775e-01
3.062019589365042371e+00 1.838217395841711843e+00 5.016286690476354337e+00 8.859708303233290394e+00 5.814691195273278268e+00 -1.415236243412761219e+00 1.390054579450763217e-01
3.038242580595327258e+00 3.282124274811941689e+00 4.955431172283518926e+00 7.111945147130283473e+00 5.874700175512010958e+00 -9.950374178473430087e-01 2.424697588043413232e-01
3.071355551751960622e+00 1.394431917374742591e+00 5.587296190052063238e+00 1.004482530966911469e+01 5.789173122997405940e+00 -1.446780438997383955e+00 1.332601006152253353e-01
3.092333315557739937e+00 2.300434924093703426e+00 3.945677044839810410e+00 5.164204024595028031e+00 5.762109470451781235e+00 -1.455008626809163319e+00 1.026979542845021659e-01
3.077114442984743459e+00 1.935757019487741148e+00 4.937032268830414239e+00 6.027086121104271221e+00 5.788661870156963651e+00 -1.354431364035853402e+00 1.679332327727740826e-01
3.096458840962870607e+00 3.298299054805114316e+00 3.596105490114009484e+00 5.019322319239440944e+00 5.767925272503055645e+00 -1.397582992442257810e+00 1.191469795198178139e-01
3.070958507889283151e+00 1.251699566496709437e+00 5.885595511093695720e+00 9.817115829682428796e+00 5.800616274598950461e+00 -1.435061518992497120e+00 1.090652275455875897e-01
3.080500535884687530e+00 2.322268726535039018e+00 4.564737244813209749e+00 6.185557851156909592e+00 5.773212963531107356e+00 -1.393971735878169138e+00 1.340838387093473139e-01
3.070310063720738114e+00 1.279431440406741505e+00 5.401361025819832129e+00 7.720697813657723785e+00 5.798714053656023992e+00 -1.445014302635166947e+00 1.126790400827867855e-01
3.069602078193163219e+00 3.541299330837069714e+00 3.092650399219335267e+00 3.908280544565062797e+00 5.843619628021448520e+00 -1.343349248587399458e+00 1.603831117333215373e-01
3.078311663466421599e+00 3.631171514118179733e+00 3.605505117312132413e+00 5.506720580877112248e+00 5.810120984500890984e+00 -1.447100954044351795e+00 1.288014133938869266e-01
3.079330634052800164e+00 2.203394988227900253e+00 4.735812697307311581e+00 6.597677744903884367e+00 5.798884022675409255e+00 -1.377472741685277446e+00 1.576392645760701650e-01
3.079974533105803491e+00 3.395500663948239239e+00 3.141782290398949851e+00 3.946232283743754898e+00 5.807044700536329707e+00 -1.249242100303101566e+00 1.830812103582170891e-01
3.081434650155810751e+00 2.346381758560836861e+00 4.334940356280791107e+00 7.541732558792921814e+00 5.787715079149841735e+00 -1.346166278853894172e+00 1.605645712549668980e-01
3.081799207351849645e+00 3.388181514820529650e+00 3.135268749542301059e+00 3.955963149344633667e+00 5.828677714076655469e+00 -1.322572650627950486e+00 1.700137502485976337e-01
3.070731050291058306e+00 1.635731409029759886e+00 5.774271389375926766e+00 1.028189734528543120e+01 5.794845037454157577e+00 -1.332612247020233287e+00 1.423915341876659524e-01
3.078897288684137923e+00 3.395977603620350838e+00 3.084703116613312535e+00 3.984589767923344183e+00 5.824431972810177882e+00 -1.378163272662669359e+00 1.542270698898381975e-01
3.089656891668558281e+00 2.513160151745992721e+00 4.042335632987213323e+00 6.583843302551962928e+00 5.775053000010395898e+00 -1.444346152360269864e+00 1.308838257705128294e-01
3.088893670016152893e+00 3.389225537886116690e+00 3.377162390544968140e+00 4.694046807487588957e+00 5.798630085638619036e+00 -1.335139855376560547e+00 1.424222013929365704e-01
3.064595411096747046e+00 3.395149860338010139e+00 3.102506186284516687e+00 3.942492813539532737e+00 5.844026153357249953e+00 -1.358365327942413936e+00 1.686491211505316279e-01
3.065899849953844569e+00 2.300419764663909739e+00 4.570445628103830593e+00 5.159617426217015357e+00 5.823040348281626422e+00 -1.322300462631267548e+00 1.279774247803980303e-01
3.068318996673324861e+00 2.598419560233609982e+00 4.040383785186775434e+00 5.858733376377799118e+00 5.818144414453208846e+00 -1.439926214980610242e+00 1.287200970212684370e-01
3.063727737691931186e+00 2.837270769940268167e+00 4.077917058412964479e+00 5.819100290254576535e+00 5.818858201133037866e+00 -1.363513537686122046e+00 1.662400724944010921e-01
3.106566221576147591e+00 3.440160701399730847e+00 3.170286653732663495e+00 3.968021355671491168e+00 5.768620938070410986e+00 -1.283515717748324736e+00 1.499274952203136779e-01
3.079672286889944655e+00 3.440347045473048926e+00 3.143034068051178131e+00 3.895562700094935327e+00 5.816658202348821582e+00 -1.212941654650952383e+00 1.902808319291962313e-01
3.081781341109280703e+00 3.399531431500705470e+00 3.119649791230497904e+00 4.255678456080788763e+00 5.805468444879724466e+00 -1.384130514559991587e+00 1.399481351426185294e-01
3.082315148283982786e+00 3.423243192118733624e+00 3.114558163392544987e+00 4.045797732667879565e+00 5.806532232939258797e+00 -1.380787544960942137e+00 1.496114736175664928e-01
3.076988711890599859e+00 2.529354836580004040e+00 3.829333662808219962e+00 4.637943377120124389e+00 5.811494940951280164e+00 -1.344289463746489277e+00 1.720635731613686936e-01
3.084735287106538770e+00 3.154924492148366344e+00 3.302193435721626713e+00 4.197335332131387098e+00 5.811706429029746879e+00 -1.412037727522446495e+00 1.262873891889849942e-01
3.078281845728251032e+00 3.417981034293489984e+00 3.080296419257821494e+00 3.990818105674378113e+00 5.819673173940129729e+00 -1.365063055565493233e+00 1.610919306505179949e-01
3.076661405983630804e+00 1.197521240372736440e+00 5.951118323598239890e+00 9.702519699163351774e+00 5.790118578412945638e+00 -1.463554492370710447e+00 1.190351451916750042e-01
3.081284447453866981e+00 3.339086933520110989e+00 3.103857000429698143e+00 4.016123404207904812e+00 5.824177270628750236e+00 -1.395340222779806405e+00 1.359301515852972542e-01
3.077686742153853849e+00 3.234451872689416252e+00 3.661023513890011571e+00 5.259734269730553358e+00 5.807453241425069912e+00 -1.367784300043238144e+00 1.443563910181248633e-01
3.064470582142496458e+00 1.914042095035179303e+00 5.066027014350524382e+00 8.097585357535356465e+00 5.800976247763034443e+00 -1.387677187587871508e+00 1.220950246005383377e-01
3.069135702642334707e+00 1.434125989187390315e+00 5.670078185187147568e+00 1.136119126495119858e+01 5.796757613671008613e+00 -1.419349338274844108e+00 1.111155177762265522e-01
3.085579632910727010e+00 3.240271951116253657e+00 3.122974467672312571e+00 4.101461762822112611e+00 5.809831432600686796e+00 -1.462211021723360593e+00 1.244567468909186930e-01
3.071731042521832933e+00 3.517074110410090881e+00 3.125754508196679105e+00 3.881011799427170672e+00 5.841222655479546333e+00 -1.295578168277203623e+00 1.812249862450529270e-01
3.072601079303162397e+00 3.382090635388415922e+00 3.123504190725707286e+00 4.033614911675988068e+00 5.820453365368279286e+00 -1.376670919629034096e+00 1.473334401006285987e-01
3.086592065523230843e+00 3.299697323790898196e+00 3.072429400085679330e+00 4.067925769298959437e+00 5.815691665356013118e+00 -1.425836889593751433e+00 1.174488713121938921e-01
3.096247891487112547e+00 3.194369459540452372e+00 3.189421539781835069e+00 4.311260415377725863e+00 5.789132341239408674e+00 -1.472117823067272901e+00 1.210142134151058757e-01
3.101942222894573220e+00 3.943467966982980855e+00 3.012355091426159426e+00 4.521168539998383196e+00 5.777587631508323440e+00 -1.398517757470248091e+00 1.194319942486420233e-01
3.078984070527396089e+00 3.274215270014952495e+00 3.122943668701037900e+00 4.041381022704542580e+00 5.827725954575157630e+00 -1.394513385612866418e+00 1.379054539253061762e-01
3.084288180974724902e+00 2.336272355419178215e+00 4.627297110113423706e+00 6.984256743981279492e+00 5.780462667455160464e+00 -1.405858997362622764e+00 1.591378541458151885e-01
3.060232289487160084e+00 1.160142030530756152e+00 5.996803404866266618e+00 1.026101123581120511e+01 5.818815540103006612e+00 -1.448222481414246365e+00 1.189044214983829700e-01
3.054222991673304577e+00 2.440130360140876142e+00 4.642093424986575734e+00 5.520249290413554277e+00 5.847121765613453093e+00 -1.307971071859200363e+00 1.554641242964527326e-01
3.055657586979967366e+00 2.293222075261792892e+00 4.726460312760480953e+00 6.984527183366727066e+00 5.838462950271957830e+00 -1.370597877198948877e+00 1.584621880432203478e-01
3.087589194745346877e+00 3.310896270461544333e+00 3.145805610139245978e+00 4.140569777811694330e+00 5.802412003700366583e+00 -1.463729212526681200e+00 1.275522432377630966e-01
3.077986949601982047e+00 3.355668552365397961e+00 3.128773746142255341e+00 3.986063697074631929e+00 5.819480565277076245e+00 -1.438796672561883927e+00 1.321808817079171972e-01
3.075038740862334752e+00 3.404135527553764362e+00 3.117666538863099301e+00 4.021953106666277478e+00 5.838223264774303978e+00 -1.461004031720368523e+00 1.437506094369775389e-01
3.086734292450814987e+00 2.018425504825322125e+00 4.626219079110186705e+00 5.701704232463337796e+00 5.785319759164282871e+00 -1.488397465096272354e+00 1.505525869701285768e-01
3.071350058584944698e+00 2.166885094447580151e+00 4.632699611893264624e+00 6.141039949766840422e+00 5.798165381501411808e+00 -1.292540146510897658e+00 1.437276553784294364e-01
3.057128947239724504e+00 2.076370989848602910e+00 6.273112498606195686e+00 9.128535915225896247e+00 5.817827543485154074e+00 -1.254429208551212538e+00 1.796876456889005269e-01
3.056720427173770904e+00 1.681425131776908444e+00 6.213807436244285221e+00 7.692681880283473994e+00 5.825836366167627567e+00 -1.335730141209083177e+00 1.489478016471808552e-01
3.083829550501301142e+00 2.882246006524015858e+00 3.832082954497733063e+00 5.684763347764659969e+00 5.784015746531355084e+00 -1.416326330296850067e+00 1.193544977739619400e-01
3.087815693120448568e+00 3.313515089557923066e+00 3.113611423716731164e+00 4.033699521883628236e+00 5.806202404064577216e+00 -1.338962945007829974e+00 1.535538367552082006e-01
3.092904940706203032e+00 3.234010673872718122e+00 3.151248617148183939e+00 4.114648428271013181e+00 5.788142425170865302e+00 -1.440574824892641104e+00 1.243931782123455926e-01
3.068454383715947476e+00 3.171638363752944834e+00 3.785733997198331036e+00 5.688113285089950288e+00 5.826708580634632817e+00 -1.412773446555565027e+00 1.442537517275109260e-01
3.071004102069000652e+00 1.794286845538595410e+00 5.003666645724608841e+00 7.008604173224609823e+00 5.797598680939334947e+00 -1.372142660636124445e+00 1.367801155668250668e-01
3.081626969718432640e+00 3.221412489220493836e+00 3.656367951267473604e+00 5.252960434415399504e+00 5.808333739151327002e+00 -1.347297810613053315e+00 1.510740706650201548e-01
3.065352736201772732e+00 1.437765639493585157e+00 5.418874873794456981e+00 6.549451703465286379e+00 5.809112204237022681e+00 -1.539829074176255475e+00 1.393512815077686262e-01
3.083354674178997445e+00 3.638110823113366532e+00 3.379791330977203412e+00 4.829939159231353862e+00 5.811075868213370299e+00 -1.321379054294569366e+00 1.554896491856722351e-01
3.077884097787217499e+00 2.257307802117231255e+00 4.573471957594118287e+00 6.266384639904244658e+00 5.789780939572214180e+00 -1.313731633749512628e+00 1.808319036553620029e-01
3.038944477573479297e+00 2.568256158472959516e+00 5.776382799343419805e+00 8.816222685721321284e+00 5.869877398917783928e+00 -1.307603102521729843e+00 1.810459878512981624e-01
3.055672028198330725e+00 2.387543800073765876e+00 4.680110984748750091e+00 5.338107810147548982e+00 5.829085828858750595e+00 -1.271199740831028491e+00 1.745114237286612691e-01
3.091864221107010646e+00 3.486211240751546203e+00 3.032568534614295430e+00 3.923989067549304099e+00 5.788828466953990670e+00 -1.351940106879789383e+00 1.567406907881088440e-01
3.053128079745336176e+00 1.839294350697418423e+00 5.328401114874635525e+00 5.830012473188791233e+00 5.822386010785167265e+00 -1.297747599201249491e+00 1.761961724859656686e-01
3.073529220190019284e+00 3.535478555888200258e+00 3.346772903870619764e+00 4.781370993512036982e+00 5.827016541490097623e+00 -1.380404367145080302e+00 1.289455582310763126e-01
3.066511734973044856e+00 2.354232459160505275e+00 4.903335735574771093e+00 6.895410505509702581e+00 5.818523658251441688e+00 -1.271669696098332691e+00 1.863800982413490182e-01
3.065253221996635080e+00 2.016423148933816911e+00 4.628297144349187597e+00 6.575587456484735860e+00 5.805924602070425600e+00 -1.372475272964739590e+00 1.494747262060319437e-01
3.079942958147948051e+00 3.092236621774663519e+00 3.276632126301884274e+00 4.338174013729150680e+00 5.803269059733614732e+00 -1.452187927891224195e+00 1.253806374331304374e-01
3.095710035184649378e+00 3.234807590211074668e+00 3.127353873865568623e+00 4.093749904734846901e+00 5.795734719060065210e+00 -1.445589660732928161e+00 1.233678573912066340e-01
3.079334236874745834e+00 3.473640625426580364e+00 3.143908703773195867e+00 3.870731809860833650e+00 5.812550292537562058e+00 -1.234029743343762142e+00 1.831386870742954254e-01
3.094557356687635430e+00 3.220232918911072328e+00 3.161517589687745655e+00 4.144334847704886471e+00 5.794797725922691711e+00 -1.516005421024127386e+00 1.009596481532784029e-01
3.095919736242126685e+00 3.334350835356360232e+00 3.138583744157359412e+00 4.001664293213117674e+00 5.784460675343562563e+00 -1.366115926616266130e+00 1.486007114033414955e-01
3.042610085944347009e+00 2.150072000411143769e+00 5.483282433984909332e+00 7.087891442024996991e+00 5.867518873054086370e+00 -1.237161306314641829e+00 1.871722313705303786e-01
3.092062536136732653e+00 3.232189132154113409e+00 3.148523429549132224e+00 4.130203597839285479e+00 5.793729119879329481e+00 -1.439840939699184030e+00 1.246759012675474343e-01
3.067047134865734659e+00 1.031331075103727901e+00 6.162102816029302765e+00 9.620749158430800918e+00 5.789071261463798024e+00 -1.544940980803311881e+00 9.866118095816214795e-02
