2.062240498462746707e+00
2.227153245459656539e+00
2.188820221189076154e+00
2.308852858007926834e+00
2.558275176112737359e+00
-4.736980868233280972e+01
2.619931514472602085e+00
7.906606359914404081e+00
2.318945771551752522e+00
5.452306184705168590e+00
4.956864842194179666e+00
8.232196768663285980e+00
1.678521768957994764e+00
6.621062230439044072e+00
2.700750909968623770e+00
-4.666520639359015377e+01
-4.535374829556206322e+01
5.337796467551709334e+00
8.533184179428472405e+00
1.949731994244467304e+00
4.303218652019809909e+00
2.989014901602395469e+00
2.694991284799039377e+00
2.008724225334955982e+00
3.086064521740320199e+00
2.271600478886988128e+00
2.150732270281064729e+00
2.603189622765504474e+00
2.459157382695683403e+00
3.552861615443867471e+00
2.638144047009845394e+00
3.924011750798192644e+00
1.781106946547953429e+00
6.599356415160248623e+00
5.052989670272408418e+00
3.690138988632617689e+00
2.311956603597643767e+00
3.824468676185130533e+00
2.816959744386359876e+00
-4.689103873677009204e+01
2.555055721437924809e+00
1.950945813970087261e+00
4.040589814920065415e+00
1.623825518530715328e+00
1.182590124043825597e+01
4.354421972053817314e+00
-4.694273531163311475e+01
4.115859817614071936e+00
4.844743823070558619e+00
1.992319488824059404e+00
2.389834435252282674e+00
2.073462820488262359e+00
2.924776361430622806e+00
1.932737881448365869e+01
4.148788918095496214e+00
2.694902142424016489e+00
5.002385809692278862e+00
2.608979970613130472e+00
3.613515625601004366e+00
5.221715099780833924e+00
2.664658328159237755e+00
2.817478558979842340e+00
4.877221193503046059e+00
5.691701851269860057e+00
1.352419845729836423e+00
9.196447968950952401e+00
2.491591090414543075e+00
3.147218902395619189e+00
6.382786127187617176e+00
3.508775349234319663e+00
2.141093178817541354e+00
1.451635727844228008e+00
6.108109164110775424e+00
2.596406067738974865e+00
3.157113762020915093e+00
3.090369920473396537e+00
8.506639105678241108e+00
2.959410168454655654e+00
3.929862879165249012e+00
7.928937308472414180e+00
1.381074372550595442e+01
9.433472962765675263e+00
2.740979815198062663e+00
3.586074869764368955e+00
-4.821838962665521677e+01
1.725919983477087971e+00
1.768132259911008752e+00
1.925232551410613890e+00
3.267583644986860936e+00
-4.484811210104759738e+01
3.194697294633130902e+00
3.619302698341595459e+00
4.326285629714845982e+00
2.584575944822453675e+00
2.153809535098069716e+00
3.660832202708211636e+00
3.185053671518347063e+00
2.486646264889749602e+00
2.631760441319757060e+00
3.293525072906840379e+00
2.601246898774338234e+00
2.375509863651478426e+00
2.174743344976958426e+00
3.311473411799206179e+00
1.938982241095338344e+00
-4.692373265910561031e+01
5.175731309826801407e+00
5.437641315541561937e+00
4.765233793338696344e+00
2.384216188553618387e+00
2.417652797337226822e+00
2.690586132814809517e+00
4.492383443588368053e+00
5.462944152423696131e+00
2.365294933667843491e+00
1.973209528921453737e+00
2.842894677033340312e+00
4.274600530355503025e+00
3.437686907077737608e+00
2.588027143499191052e+00
2.557846073348709837e+00
2.732954507628578611e+00
-4.641563477781295433e+01
2.086287151823100317e+00
3.394394776753296039e+00
4.341604600008587056e+00
2.782163571316024431e+00
5.361809420509797697e+00
5.837323131276734856e+00
1.878331976595359221e+00
6.409273102873608075e+00
3.064215867535330151e+00
1.589320184369428901e+00
2.510940038265996321e+00
1.925488458932688829e+00
3.353557654781541775e+00
2.125308628590573345e+00
2.927001614262801255e+00
4.136471568015132938e+00
1.403974092073642987e+00
1.049551836140181038e+01
1.953895525281290180e+00
3.267415274890943522e+00
2.382784776178450858e+00
2.220789703510185120e+00
6.538276653185533860e+00
2.450179816330985361e+00
2.091263312700966992e+00
3.562510073787321208e+00
3.936510831573123426e+00
4.456195156913677735e+00
3.779472676476986148e+00
2.474141053634748122e+00
2.164205446204683803e+00
1.766982671585450193e+00
3.415916373463325773e+00
1.320058635786122814e+00
1.827319916455834914e+00
4.664878250551965699e+00
4.481850969063340351e+00
3.060065932946336886e+00
1.911248327062465613e+00
3.090918017475052348e+00
2.650768544484709111e+00
3.013306064762946601e+00
2.770970243302286473e+00
9.195132123542796521e+00
-4.617659790621558358e+01
4.858235700000564705e+00
3.651080386631953001e+00
2.212676732824418568e+00
7.242930372514777559e+00
1.321860764264965571e+00
2.973440957132923224e+00
-4.662121778173245445e+01
4.580462081146235320e+00
4.002413455311087276e+00
-4.670930727534947380e+01
3.214456654066844887e+00
2.616849768219023709e+00
3.400592984044517930e+00
-4.309122865019353554e+01
5.698743171981428546e+00
3.211311597084301805e+00
1.129344281303460651e+00
3.259203750815009126e+00
6.395785218227153734e+00
3.825659188662013932e-01
2.982137323030333853e+00
-4.376178506134252189e+01
-4.338809262737631656e+01
1.486371572791653106e+00
9.442063864475462864e-01
4.499141582464234013e+00
3.817887133121594445e+00
2.831855287149165790e+00
3.604853463481575648e+00
2.385533686512954610e+00
7.427026154963290772e+00
2.863191254904450034e+00
2.031557806664739285e+00
1.829770491575932523e+00
1.869399836376274493e+00
2.839294658733065635e+00
3.038988970797782851e+00
2.685381820479572745e+00
-4.534162867320131340e+01
3.803145453703229428e+00
2.816311628559777347e+00
6.107089008469897884e+00
4.314831435377755042e+00
3.090085210344913680e+00
2.699686560761190623e+00
1.531893200505480834e+00
1.823257780090366653e+00
2.614295499833446002e+00
3.802248044283110140e+00
9.023979693388200829e+00
1.801323598194954245e+00
1.580896922206603161e+00
2.414983174122198761e+00
4.110371744290638674e+00
-4.665238023862661265e+01
-4.485818978498116394e+01
1.558956724063645272e+00
3.078571364358639872e+00
1.554111066400277741e+00
5.454633265768239703e+00
4.899198700837210652e+00
-4.825246278797187927e+01
3.436451286276017481e+00
1.665147101956893527e+00
5.649445173963460576e+00
3.413156138000973616e+00
1.710883740660483765e+00
3.344352747290133543e+00
1.755078567568673975e+00
3.436817446669819809e+00
1.990635591787596193e+00
2.129673420975830567e+00
6.980670251185203234e+00
2.125499122067338931e+00
6.272351655241042323e+00
1.280791551355161495e+01
6.307668971788872980e+00
2.346990488439304912e+00
3.054285206552701304e+00
3.583161312168491985e+00
4.671439625598537759e+00
3.589743158713733617e+00
2.731928518311616205e+00
2.980301988187479711e+00
3.545973536794620351e+00
2.342293530619636854e+00
3.538390118814051633e+00
4.250616050646777389e+00
1.718691663539017611e+01
1.953565077406148598e+00
3.097365844439430749e+00
3.321118332285370567e+00
3.202267853565062605e+00
2.459799687145559410e+00
1.526478215007271766e+00
3.636614641417322158e+00
2.297233775864390815e+00
-4.599919700706121262e+01
2.966534202086434480e+00
5.038056837662982623e+00
2.894961839013253879e+00
1.426821565273846293e+00
4.377306283431344980e+00
3.067141942331177429e+00
1.244549558464389083e+00
2.845656775378085257e+00
2.087911277271426780e+00
3.626334136851212975e+00
1.700561965518140983e+00
2.938185414261648365e+00
2.316572324226128021e+00
3.296836226182454865e+00
5.777043079519783575e+00
3.587017281801687218e+00
2.841649299296504783e+00
5.284666766621690215e+00
2.466824249148913850e+00
1.519359714768774072e+00
6.877419644223396133e+00
3.502168767677210415e+00
4.071171303298767974e+00
2.637821623855520770e+00
2.650893524834371462e+00
2.986757777298849614e+00
-4.741900596760588371e+01
1.164056801999799973e+01
5.108187744742723524e+00
2.699171007698342617e+00
2.713417119764869323e+00
2.029701664695238605e+00
3.794904685443067471e+00
2.958166381009293744e+00
1.616314540200684435e+00
-4.401329080382581083e+01
2.196973625475240777e+00
1.944440040012273663e+00
2.921887817239448015e+00
2.650754035970681599e+00
5.410812551358586298e+00
2.232103493479831613e+00
2.822648421008898012e+00
4.954856125086239516e+00
2.208001349854598061e+00
3.904067959992928216e+00
2.322030851528840145e+00
5.741222712566035113e+00
8.791562866515425512e+00
1.279852586575711193e+01
1.992492934304449070e+00
3.104713415650163899e+00
1.987498656608797321e+00
-4.094075608160024160e+01
2.768779830522946295e+00
4.183628592360339127e+00
6.497472475510128298e+00
6.913411120371218743e+00
3.862648899860247287e+00
-4.664186301418737912e+01
3.223712574200179315e+00
2.501015287787800467e+00
8.028589194096342752e+00
1.689918560454794161e+00
4.235179034181329349e+00
5.635971143706094644e+00
3.171992565090705263e+00
4.042763015214057454e+00
3.285258531873484600e+00
2.119091344770039242e+00
3.802785632449478648e+00
-4.408589703626000045e+01
2.278859444378835697e+00
2.498670460089750467e+00
2.291725219243186285e+00
3.980046063139489387e+00
4.277417846726295103e+00
2.451158043114058049e+00
2.990484469584061333e+00
3.152921952003763906e+00
1.001898223849267566e+01
4.188915421567672936e+00
3.089642290071059616e+00
2.319443512940519536e+00
-4.593653334986300507e+01
2.510188609821423444e+00
2.455098189770505090e+00
-4.768865353455583289e+01
1.494675360232483818e+00
7.104284335150849117e+00
2.674456158161963248e+00
3.853228224318371975e+00
2.226853452626883723e+00
3.322281840060781199e+00
3.455779427173307994e+00
2.251576612972623792e+00
2.049288817528853723e+00
2.678066969228538152e+00
-4.883026562717783747e+01
2.000232122258713385e+00
3.951359570568763857e+00
1.964863111354186120e+00
4.249805133492094988e+00
1.963102828504441177e+00
2.843872921348920890e+00
9.355715577518040504e+00
1.183423425031508325e+00
2.132005740992537923e+00
3.598402882745154852e+00
2.367143050520961189e+00
5.152915268155041417e+00
2.340562239235048914e+00
2.705176350167864729e+00
1.989862913558042123e+00
3.134546906430752955e+00
2.554918070033790123e+00
2.118738569024018581e+00
1.738383030637423277e+00
3.331761542998448178e+00
3.918561542929057673e+00
2.525024455070226548e+00
8.549507421515176731e-01
4.434766857766332393e-01
6.886431516022009092e+00
7.621538778727950714e+00
2.657300037121826275e+00
2.294132987789164968e+00
6.150764767557907575e+00
6.281964910030393590e+00
8.536029051054704553e+00
3.847724163604795411e+00
-4.586561481798277384e+01
-4.612463445396013384e+01
2.549035135814540887e+00
2.567041962401006572e+00
-4.732597387550660528e+01
3.032038931915174373e+00
3.455988926588633880e+00
4.603579926427377345e+00
3.495985846122239060e+00
1.301747172124773311e+00
-4.741243791160290044e+01
-4.734377022083261011e+01
-4.699512519900672203e+01
2.898950848527048763e+00
2.079173830997034234e+00
1.151836402405925952e+01
2.091009730523149646e+00
2.056330248244043979e+00
1.661734161505745710e+00
6.099888102364447562e+00
3.204996770656582061e+00
2.904798187334096227e+00
6.706896227202860494e+00
2.077818717264200643e+00
2.386634384571833856e+00
1.975616913245943573e+00
2.837510724861772360e+00
1.245507773976816557e+00
2.938093576236906923e+00
2.215160125400958968e+00
2.186169342525274395e+00
2.442476613447433387e+00
4.072228787889998536e+00
2.462394269962568494e+00
3.793701854356283931e+00
2.712576993665714920e+00
2.722416645827752557e+00
2.327503241183682903e+00
2.588675213575285294e+00
3.298517307905574736e+00
2.221925507451678605e+00
4.062178176762834880e+00
1.019020794214450376e+01
2.883650745598440146e+00
-4.365422088939892831e+01
5.509202961438344204e-01
2.807709931797816250e+00
2.111317196361024884e+00
2.254766107468831215e+00
3.562240838607375615e+00
2.895756934386180870e+00
4.937736692340188860e+00
3.858998266543518962e+00
1.453566114464804881e+00
1.049032374629962350e+00
1.114188920551768325e+00
2.948036303550339632e+00
2.349226401304244316e+00
2.986613373279185080e+00
1.150214439644260178e+00
4.451350347696164889e+00
-4.388974829439944614e+01
3.096210434235749709e+00
-4.679984408547770158e+01
3.137678250119931622e+00
1.870827884886570480e+00
-4.743271129056648761e+01
1.882163414658169387e+00
1.478755783255777834e+00
3.632798219347672664e+00
1.936996782783447779e+00
2.488198379732450505e+00
4.638555312029566835e+00
-4.797916726841955182e+01
4.018497975482311801e+00
2.449070242652973572e+00
3.595984963667598677e+00
2.799840083745002151e+00
2.445174979011940586e+00
2.000895770312481670e+00
5.907126731398239627e+00
3.215846788962437586e+00
2.458411673190531666e+00
3.021809920656531201e+00
8.467972999212221019e-01
3.232228737548331843e+00
1.091974478992647235e+01
2.148879809460992973e+01
5.666847857273584310e+00
4.293543864037856039e+00
2.997529832875450495e+00
3.904212080055451839e+00
1.767600519867074560e+00
2.288654474402659122e+00
1.988599915055497602e+00
2.483690868847900024e+00
4.557913584037120991e+00
6.232858492160184838e+00
-4.520631550272014465e+01
2.335773783647568713e+00
5.774390773065419147e+00
1.945941988245272203e+00
-4.645331172845520484e+01
2.813106754028003920e+00
1.944938873471270924e+00
-4.813423229463268882e+01
2.758129660795115345e+00
2.160543298656833144e+00
2.183568071371309482e+00
1.960048798590873664e+00
-4.684389844832185190e+01
2.751434935606901444e+00
1.071750640435020152e+01
5.331468080966332401e+00
2.219566747667482964e+00
1.864190482440471142e+00
3.398309971467407653e+00
7.505324655990202487e+00
5.286435902514865504e+00
4.295953548702961200e+00
4.488490282509746798e+00
2.577446101057974559e+00
2.452954428579149582e+00
4.040506684957705374e+00
-4.714694628773305851e+01
3.306309474530105152e+00
2.973107163578755152e+00
8.427884539417739518e+00
1.104856314318666577e+01
2.042198536027326483e+00
-4.823848422560247684e+01
-4.712531660095883268e+01
-4.813527740932496357e+01
6.956021108641186501e+00
3.307757143819906265e+00
4.361703585288859486e+00
2.824576183016437980e+00
-4.828936926397890517e+01
9.961668346768105309e+00
3.819530097656065770e+00
3.417401501814384179e+00
8.296455948939428282e+00
2.890822238100685837e+00
2.569840301724587217e+00
2.654875236732553656e+00
2.048591128493888913e+00
3.219089797779821183e+00
1.831769437181519855e+00
-3.443164039770296370e+01
2.225299973433126244e+00
2.681798537529743953e+00
3.410163718295508239e+00
1.940658629447949979e+00
3.068695759760526443e+00
3.956293029259435379e+00
2.957947897470258436e+00
3.461789083424689384e+00
2.947060381774166515e+00
-4.781445911941903404e+01
3.457258239104138209e+00
4.797076517691394315e+00
8.931330912142239953e+00
2.367050693882150370e+01
-4.587904069887355973e+01
6.427332023225984514e+00
6.953624626384561580e+00
4.214329102102969848e+00
8.760230780561379049e+00
3.346492885867434097e+00
1.879151861125060385e+00
-4.766106914503397007e+01
3.048688771542216625e+00
3.309133356021391581e+00
-4.614665427997990577e+01
3.466417675065613491e+00
5.267583839670757051e+00
2.252512475770114264e+00
1.454176541359070818e+00
2.991053077078791755e+00
2.366751701503410299e+00
7.273872919677002891e+00
1.460132938143574588e+00
3.628505669011667489e+00
4.798524971222445146e+00
1.594546047408221146e+00
2.829796396288788429e+00
1.387368528884856955e+00
2.220987039008125663e+00
4.984657191085457129e+00
3.507038486272624489e+00
2.855994088320547242e+00
-4.654224928175204923e+01
4.612291280219051437e+00
2.705585093724421242e+00
-4.090916608204454974e+01
4.250891328607260711e+00
6.125952605215063684e+00
3.619786557098696456e+00
-4.876438389939259110e+01
2.114238061901655641e+00
1.153563130759747590e+00
2.879821640581380127e+00
1.028383474906659956e+01
2.780073797212241349e+00
-4.650082205095493038e+01
5.171634604905403165e+00
2.664088371713508430e+00
3.615477439541720184e+00
1.367384586349473352e+00
-4.755264258795891408e+01
3.814013968229282181e+00
2.141273687192926545e+00
2.444567785636892587e+00
5.008928610390364966e+00
2.850803332675849511e+00
8.752724603490912969e+00
2.881672158592785582e+00
2.691238520141480350e+00
2.924184765449987733e+00
2.462322221138244949e+00
2.471176469279712684e+00
2.832603045774570560e+00
1.849076558493312872e+00
3.869501888895821029e+00
2.098953230484988275e+00
3.046175546163822911e+00
9.597541149716342090e-01
6.101263387632679169e+00
3.213853767993877231e+00
3.453497366089474330e+00
1.854674125467356882e+00
6.888488802143148959e+00
2.928770376116762719e+00
2.824550549404484467e+00
1.559370084560519398e+00
2.939341048238204746e+00
3.134385435407106790e+00
2.823098904700384271e+00
3.545712349510114159e+00
4.705748824423245935e+00
2.434932429947657795e+00
1.405611504428104119e+00
2.677083261623113053e+00
3.376309969691367652e+00
3.822021434306167809e+00
3.934746688070255072e+00
3.492684323641158883e+00
1.783540529325501112e+00
2.571733649970658231e+00
3.458892489307236140e+00
3.612345019870831120e+00
3.246181232458972943e+00
2.466196638470746549e+00
2.464374692703656500e+00
3.679045323414968927e+00
2.491741317737561801e+00
2.527874423935018378e+00
2.968727605553568072e+00
2.357406488888740714e+00
2.142722785429893584e+00
1.893565691603607659e+00
3.221143642940845098e+00
2.757436467244565037e+00
2.852848722881491383e+00
3.906775611579928587e+00
3.561943941544833958e+00
6.638957009808780008e+00
2.666939355628096919e+00
2.612627171337141618e+00
2.505860914978905285e+00
1.878424968855237021e+00
4.419799338568189739e+00
1.628397062695424502e+00
2.844472424129063537e+00
1.634172154741532434e+00
4.630937256998247875e+00
1.803973459134912805e+00
3.182160029817375779e+00
2.128712048710790228e+00
3.384206699505729166e+00
4.120043264807066841e+00
3.052459296337593386e+00
3.680456779901035702e+00
3.281186264707687705e+00
6.747836411106652221e+00
1.906945191543767404e+00
2.991021165510884483e+00
-4.577042502981556282e+01
3.529902444969051700e+00
3.696622241811651222e+00
3.636706353074592446e+00
1.778925690663748282e+00
4.575145240082534315e+00
-4.767852724566889577e+01
2.109369834040904834e+00
2.459211234135778135e+00
4.808883599808053688e+00
6.813090527339072722e+00
-4.658477135016826054e+01
3.352636187231861964e+00
4.816598937371180611e+00
1.135570809087566690e+00
2.631922825925940845e+00
-4.624171838811277269e+01
-4.539518244070597319e+01
3.147105326558802929e+00
6.399070981902072575e+00
3.082318308724764311e+00
1.057707512296553531e+01
3.726238225404481685e+00
2.811746229218590631e+00
2.988075187110803999e+00
2.960739768174982078e+00
1.092459771360273457e+01
-4.579111130999052648e+01
1.849174138200580852e+00
2.993642830547136757e+00
6.087721244792559716e+00
2.661440090174888251e+00
-4.733129547817171101e+01
2.181245352023446493e+00
4.004908204229443491e+00
2.935349825193271922e+00
-4.540219099617419829e+01
3.707850378480807230e+00
7.899067258566003780e+00
5.977403896876491984e+00
3.450932321420274285e+00
2.352000808877654503e+00
3.549084008865073248e+00
3.021516060061954168e+00
3.221533072777498230e+00
3.766621917390560625e+00
2.240793306091414472e+00
8.219899041235205317e+00
4.065934837471420593e+00
1.807333807880175947e+00
4.236995187807629293e+00
5.255915424555915649e+00
3.252847715833753206e+00
9.138255252918337845e+00
3.084527964152576907e+00
8.228650262288400796e+00
3.494251531039999303e+00
-4.839294988837341549e+01
1.953895539827009697e+00
2.543676628463492406e+00
3.180673559289374008e+00
3.238362820610757975e+00
2.061637835249633177e+00
6.444999633873680800e+00
2.941566344255893029e+00
2.431966623858510257e+00
1.904627366769485963e+00
2.124904712403055118e+00
1.550448173464843427e+00
1.475841364918952126e+00
3.534853245758701412e+00
3.227430398846333315e+00
2.055241506740256519e+00
3.047579614696295902e+00
2.692231195104450414e+00
3.249660679824581067e+00
2.924192174773837305e+00
2.052012690641439541e+00
4.869283097098513480e+00
-4.816046146563487440e+01
-4.728785917861241472e+01
-4.658727846497487235e+01
1.812765676230849943e+00
5.515385220163153690e+00
4.577590023222090743e+00
4.340419350169623769e+00
-4.675652726800209535e+01
1.470164422711093266e+00
2.937621156307404835e+00
-4.831304896070036392e+01
3.091983053113833702e+00
3.074208497737856760e+00
3.472745708907472917e+00
3.496395716868430092e+00
3.526424033466502017e+00
2.454461736273612971e+00
7.003206362448643141e+00
3.047904085968927923e+00
3.478730909454724518e+00
3.174343200419072364e+00
3.281871209571256998e+00
5.203840388031102826e+00
2.925798134786561810e+00
5.091375969959662129e+00
2.891331928680305197e+00
3.686217183289644872e+00
2.656188296114319058e+00
3.070890629836027674e+00
4.120169149411754717e+00
1.689010255287754392e+00
8.425198670107480581e+00
2.507573847438223869e+00
3.273998303390491582e+00
3.316824588521613215e+00
4.115298837931250731e+00
2.585949688514794786e+00
1.986185761259781080e+00
3.189653294517481807e+00
1.696048658494694772e+00
3.046730940317515124e+00
3.471589235235217785e+00
3.020657473344397381e+00
-4.763402650695893215e+01
2.805051743127111141e+00
2.873927740295738609e+00
1.641557387798980416e+00
3.100264462031575796e+00
1.930510825164867272e+00
3.783831031448219751e+00
2.450395286736228417e+00
1.206627688202709692e+01
3.496255699595981703e+00
2.747275025785994806e+00
3.067271193254837325e+00
2.043189497412020383e+00
3.470757296541495673e+00
5.652778372356509706e+00
2.514308057997666879e+00
2.764297351279108916e+00
4.026878408947405674e+00
2.544764493348271017e+01
-4.724706153319414170e+01
2.863590566210918453e+00
3.038095424018069757e+00
6.493561674176717702e+00
-4.667411390943164662e+01
3.273436471047045604e+00
2.767809843177279738e+00
3.336324319655601833e+00
2.231465416325197459e+00
-4.697522132214631085e+01
-4.716890211445025471e+01
1.140204989971950189e+00
-4.705878951506381469e+01
4.829479848554246502e+00
3.429967549206880406e+00
3.354204829722553072e+00
3.953505119441838023e+00
4.514822025743421285e+00
-4.795400313164343231e+01
2.555785507190106998e+00
3.051651650582579034e+00
1.898140141153934035e+00
-4.681621699190343122e+01
2.634701904888744117e+00
2.392369815927066767e+00
1.608873543641712311e+00
4.490804062010486319e+00
3.293675921202684709e+00
4.732520074619069206e+00
3.576781377426995423e+00
3.485894628493410696e+00
-4.783615104359688530e+01
1.690591458207870934e+00
2.419317199652391004e+00
2.380445302229034610e+00
1.127070156856203820e+00
1.749626119485147901e+00
2.800884260846592699e+00
2.000502260338931748e+00
-4.637308694693938804e+01
3.601443040562271936e+00
1.080072787818588065e+00
2.520774650449077114e+00
2.349612893395560675e+00
3.045459753301040351e+00
2.790296136546852601e+00
2.284690056325080931e+00
2.191006297635953892e+00
2.264445153248169529e+00
3.105841926363752670e+00
6.814506693773266122e+00
-4.528380930980596020e+01
5.479346331325875674e+00
2.372956857709848322e+00
2.057686473594665166e+00
2.799822270515400113e+00
2.531525884382695324e+00
3.346852275253406450e+00
3.271701144787692694e+00
3.693059062504509882e+00
3.239454195481598298e+00
2.893540328614049528e+00
2.815728115674934529e+00
-4.470519266967242089e+01
2.736751610068194562e+00
2.987443425654644269e+00
-4.795373656978192400e+01
2.109938841990273151e+00
2.703663552684071991e+00
3.105984978003802688e+00
6.873522892358050029e+00
3.753340554327124323e+00
-4.681336161611887547e+01
2.222030651530651824e+00
2.811720807666727495e+00
3.775940730657716404e+00
3.440362877399047559e+00
3.386046637738961085e+00
3.013539336723451978e+00
3.058685304458267140e+00
2.956059435849753836e+00
1.646036194401393038e+00
2.644121235687762805e+00
7.616636353724220321e+00
3.229026248876446736e+00
2.799332333159385122e+00
-4.877251266221517767e+01
1.496901786451980465e+00
3.145228970156336956e+00
3.728196409892992058e+00
1.154042119548088774e+00
2.324879040617484183e+00
2.633558971408809235e+00
2.869291186668418092e+00
4.985539442306803792e+00
1.204959142388102977e+00
1.984317114129618531e+00
2.869304130400218700e+00
1.917357838880293874e+00
1.142250547874005484e+01
4.067227326158389111e+00
3.239013525919775205e+00
2.757800908674234552e+00
3.724545771058310084e+00
3.456704018333204953e+00
4.367007968044570809e+00
1.973496065178914405e+00
2.283932972143964513e+00
4.867571173609256618e+00
-4.578878466344662712e+01
2.462216529160212719e+00
2.304244836947484387e+00
3.694154918327826387e+00
3.322289344047923088e+00
1.621022572321217714e+00
6.853098526578994765e+00
2.160777241448957664e+00
2.598317661873196904e+00
-4.782361907571259252e+01
2.742776874682665955e+00
2.640867397916271120e+00
2.609188007026538525e+00
3.082092456966411209e+00
2.650360160696394463e+00
3.454998678968013159e+00
2.141485552567243822e+00
9.716798211020833520e+00
2.356574417241841690e+00
2.450972517503569925e+00
-4.736824476708054732e+01
1.263393107893586498e+00
4.055134914456504980e+00
-4.732092307870626513e+01
-4.791153127332957240e+01
-4.748684797779981892e+01
3.410972589848347614e+00
3.190353205315212382e+00
2.594220835091744171e+00
4.260559730778777698e+00
1.346722935406569288e+00
-4.690544417660593979e+01
3.584951184050968465e+00
1.839141169161574663e+00
2.417778322652019973e+00
2.488193736282007684e+00
-4.730633428320906120e+01
4.240976853835928040e+00
1.284350058517635729e+00
3.081148857401795560e+00
1.812458236830429614e+00
2.029348703688486300e+00
3.494076575745550528e+00
4.123810381159081828e+00
2.598490052972915354e+00
2.280496969752773051e+00
2.479134537350511369e+00
1.154991305494682319e+00
2.757834162606066286e+00
8.112486556252161307e+00
3.865665215943500321e+00
2.265478068215443841e+00
2.814294572297856067e+00
2.587846821791737195e+00
1.678992034767499364e+00
3.361096352002858723e+00
1.633620905240091847e+00
2.495942729159625895e+00
3.738953198080118057e+00
3.487372290908728800e+00
-4.690385374715770439e+01
3.282210703592626899e+00
3.115943449884747363e+00
-4.326343127537431599e+01
-4.704821573975389271e+01
-4.599604304121626086e+01
2.457202235297546444e+00
2.195491248947157636e+00
6.623587957088780342e+00
3.489481392255850523e+00
4.668572526245742260e-01
-4.805194189563236051e+01
2.585304729483500985e+00
2.565903146333625262e+00
3.225728238364441225e+00
5.367796478704132568e+00
1.945992874499061775e+00
-4.526580993541210773e+01
3.918220605119771438e+00
3.369431688385830181e+00
3.729756994515920354e+00
2.941004105831874327e+00
5.139517773239036913e+00
4.367647165536525655e+00
3.556066224337358861e+00
2.246811760130563496e+00
1.672751827838109051e+00
3.058055960574790788e+00
-4.833083127288297476e+01
4.117971506064560749e+00
2.783031226965272609e+00
3.428962849129941315e+00
3.259236847520291303e+00
3.316842850979102586e+00
4.233879994486969167e+00
5.484033715758304339e+00
1.466281868510915576e+00
2.551903106498688345e+00
2.862918634252804573e+00
-4.582061529614649942e+01
2.334892043587703192e+00
3.524311928833131713e+00
1.747205156755440081e+00
2.324147692887333694e+00
2.677688495973720606e+00
3.538007813694539205e+00
3.678031105799756340e+00
2.322859856139284140e+00
2.612063884637370936e+00
1.813273449976633422e+00
-4.521840547317409431e+01
3.513512013453836680e+00
3.215736666574198654e+00
3.710102105818729346e+00
3.484274452898391772e+00
3.425085684444248546e+00
2.867605061620542628e+00
1.407903798487461389e+00
3.437955845102016017e+00
3.555214020602193159e+00
1.746616308452355071e+01
-4.040922405591381761e+01
5.114619943316607298e+00
3.429523651661984918e+00
3.646979533843664356e+00
2.672226279903468171e+00
-4.690135975950066438e+01
1.649442724352767620e+00
1.616340761353697753e+00
2.183385214378104955e+00
5.193214918846600803e+00
3.705411897204029970e+00
4.086987208064160271e+00
2.945960245943296751e+00
2.648946847512685387e+00
2.879479366859008405e+00
1.907750704542193754e+00
2.454290217228222382e+00
2.857951198965920092e+00
3.140176315876032742e+00
2.520494868451209403e+00
1.249349689393935758e+00
5.409200432874719411e+00
-4.719103362691635084e+01
3.530940188232844612e+00
2.982057783137421758e+00
2.106307517387551620e+00
-2.392322919470732145e+01
4.076408466482671855e+00
2.993625140558439757e+00
3.850698491885808039e+00
2.778711282942708305e+00
-4.732790887084747311e+01
4.200951717422269915e+00
3.204841610484123748e+00
1.911892620581563618e+00
5.076296909729658857e+00
5.580561765248546635e+00
1.853588468722256355e+00
3.300913576589658671e+00
3.861036391966189196e+00
2.093564695182789315e+00
2.445537516259023825e+00
2.933401726466326132e+00
1.597711250230920088e+00
5.561188914852152720e+00
2.746326155286992865e+00
2.560645993037972801e+00
4.045391048811726620e+00
3.365133085834085325e+00
4.492535423879271406e+00
1.356066570628690293e+00
3.113520283993957083e+00
3.064495954352206564e+00
-4.548194953957025177e+01
3.892425064543786561e+00
4.194458590330171432e+00
1.994533443694160413e+00
2.992581909339593782e+00
4.462317938568699738e+00
3.484468749291089740e+00
2.341147395870024184e+00
1.866692952761348057e+00
3.769697034198967067e+00
2.339849908713741211e+00
-3.929017897864484610e+01
2.026662100898455776e+00
3.449408415325273758e+00
5.260489434491249838e+00
3.171671784590952559e+00
6.106680459138122075e+00
2.988131759821101685e+00
3.046779881912047738e+00
1.688792518980902990e+00
3.097941892567357414e+00
1.340110828845236357e+00
2.238192231142128286e+00
6.965403677933381665e+00
4.775187088075882436e+00
4.978358505546703228e+00
1.435998982374204536e+00
2.217051136549660573e+00
5.714687658430179340e+00
6.516285160832877565e+00
3.268365169001378412e+00
3.870845934633352137e+00
2.360196348176339942e+00
3.362064300016997187e+00
-4.676954973148903605e+01
9.388063093597708075e+00
3.021310291248733737e+00
3.703191442282689927e+00
3.052760419078146992e+00
3.195450938202626823e+00
7.506666824411182048e+00
1.942783675900257245e+00
3.036426995238866944e+00
2.744371664652510034e+00
2.820735464163812711e+00
-4.723652503272488445e+01
3.048301814087064354e+00
6.584475863374496640e+00
4.069320687727742580e+00
-4.508662019380019359e+01
-4.755319714899486172e+01
2.315021590326825862e+00
2.204059078007104766e+00
2.869974614306953331e+00
5.796840681534080275e+00
1.502511331884042844e+00
2.102644136295785060e+00
2.806378992054309407e+00
3.682656100351209716e+00
3.998464485449796602e+00
4.035624735193811041e+00
1.677900114062705006e+00
2.580137541500452159e+00
1.560733506278071614e+00
4.534054983342940659e+00
4.961412760615639073e+00
2.705601432657703587e+00
-4.724770174287998969e+01
4.662257725820445842e+00
1.830974475838068605e+00
-4.773520521752516288e+01
7.589550002676891616e+00
1.964002681172716258e+00
3.544501575243052649e+00
2.010386095566758069e+00
7.535643600248352669e+00
6.543308509702557174e+00
3.692333890679027508e+00
5.728032123544792853e-01
3.860887325710829820e+00
6.017164334633990030e+00
-4.846597118180221742e+01
-4.644313186821930373e+01
1.768763281724258896e+00
-4.734899833287520465e+01
3.660821032876083958e+00
8.294187490786098849e+00
2.545791231115369868e+00
1.961501019700689907e+00
2.278256749707212592e+00
4.153982785129839428e+00
1.252859376683716608e+00
1.811185468009924637e+00
5.119916767011948977e+00
4.782179780625297028e+00
2.811837141352818037e+00
2.467375563814568906e+00
4.430961194488253874e+00
-4.695346441688612060e+01
3.044001743523787162e+00
1.945046474411044057e+00
1.883125158609078698e+00
5.327066710961013918e+00
3.524817644672779249e+00
2.450380683126502035e+00
2.032924960315924512e+00
3.406612138916468968e+00
4.018163111434574830e+00
3.227733279430283098e+00
2.778888197874231913e+00
-4.802745142092877728e+01
2.496046433712242774e+00
7.668341738471033509e+00
3.111841061944889297e+00
2.651412522785966175e+00
-4.689141785290353681e+01
2.838741804038604322e+00
3.073102998012342990e+00
3.165918533422634518e+00
5.801628879627906521e+00
-4.801361518837816789e+01
4.108723679946259644e+00
3.551623238537428229e+00
-4.620682247695165756e+01
-4.766069348970025743e+01
3.772614400705164517e+00
1.511078926153048396e+00
8.010850276945856052e+00
5.125163681589933518e+00
2.545264005442093858e+00
1.835520755220855893e+00
8.423212622541393912e+00
3.438492696329086051e+00
3.200485489626153424e+00
2.825711897976340037e+00
4.573073941298495093e+00
2.878920459391317799e+00
-4.511938620878527217e+01
2.953877597005864164e+00
4.308126889682021954e+00
1.210736450746087600e+00
-3.993045287693099965e+01
2.791467031521470687e+00
2.887265992614248766e+00
2.334982917204033726e+00
2.603841565029166638e+00
1.784750015669227974e+00
1.679351173267200847e+00
-4.793384709770250396e+01
7.288734230040207152e+00
2.967318469000840508e+00
2.599186174558254958e+00
2.268324383718862691e+00
2.585959330345649398e+00
3.249888039354366764e+00
3.970531732972901295e+00
3.677414156642448084e+00
3.697640836739906511e+00
3.132427006170037220e+00
1.931700571737317018e+00
9.583761446994620847e-01
2.759808509990490766e+00
6.643053870555890583e+00
2.223111875393069425e+00
2.372907533951758463e+00
2.347185151854739527e+00
1.748156493379466658e+00
5.872991632013606633e+00
9.772203051011443264e+00
3.357430685723340247e+00
1.506048603754911008e+00
-4.881173069623988425e+01
2.558141365558531444e+00
2.479495084828860385e+00
3.493067873778067156e+00
-4.676655608668649222e+01
1.942584154022716447e+00
3.329376761598008994e+00
3.842099819757914148e+00
6.325100075989245951e+00
5.296674556425754687e+00
2.303759796564450735e+00
3.462629977865196551e+00
2.089723901901943126e+00
1.840928932699192666e+00
2.781254854586483471e+00
3.768291991135760632e+00
1.994626630993786121e+00
3.440413709274241505e+00
5.545806429367628354e+00
3.926494593935459854e+00
-4.668111392338698806e+01
4.511114285909117783e+00
2.230543736811281708e+00
2.582301455671293766e+00
-4.997639661570716640e+01
4.016297239446483758e+00
2.455829960930936195e+00
3.190441793104251467e+00
4.704314836823956902e+00
2.086177330898578042e+00
2.611875753005487244e+00
5.072654741710229231e+00
3.382701586647797853e+00
3.029332745889940171e+00
8.663731845054090996e+00
3.489078185578293301e+00
2.742178066920816892e+00
4.620084474151179066e+00
-4.802216995382391929e+01
3.835786358293013176e+00
2.872253162894566003e+00
4.020852342059206386e+00
-4.738525407796017674e+01
2.570527990504711369e+00
3.397742574900944224e+00
2.154533364265199147e+00
2.880997467488895403e+00
1.871611486650073264e+00
8.794738872480211356e+00
1.958181812961031998e+00
2.691570552726738175e+00
3.232807168311456536e+00
2.103911412803667780e+00
4.891069702998074753e+00
3.276884455144497110e+00
-4.808606605884136798e+01
4.855234123114977152e+00
3.541822194127777212e+00
7.826574897478748127e+00
3.398515874570254613e+00
1.942893809234912839e+00
1.425596031720334222e+00
2.811101498562057266e+00
2.990782191466511364e+00
2.336613776672754383e+00
5.052038116943901258e+00
2.978114932786093405e+00
2.799792652227026224e+00
5.664616315462769336e+00
2.863420959524745069e+00
3.723558712127131187e+00
5.576231452931970978e+00
3.697690358024090518e+00
2.664383970647507649e+00
9.115391325616489127e+00
5.806590612244863614e+00
2.114158308557900767e+01
-4.668004096075987519e+01
2.454477399027345186e+00
2.837996706128603552e+00
1.385775396883491162e+00
2.220884460651084247e+00
1.137114246294086195e+00
4.147590653271069350e+00
3.960277878374260041e+00
3.927362209178901775e+00
2.604693333192503069e+00
2.641415466945949753e+00
3.081079641614297593e+00
7.297907195586200046e+00
2.937876929848977525e+00
3.479880995773879881e+00
3.139263207739601214e+00
1.385548236185949911e+00
2.492883985931079849e+00
2.657695262432618222e+00
2.889380605845583094e+00
3.577555423355490483e+00
-4.722423018379728887e+01
6.602550735083559275e+00
1.893633123320229039e+00
2.153298671200683856e+00
2.945345223225752207e+00
4.137200999058503470e+00
5.447976843652936552e+00
9.603996639317877282e+00
3.046796677798415676e+00
2.500845439544504334e+00
4.502178051185102170e+00
3.408465739594720212e+00
5.634208710282008425e+00
3.167460799329355758e+00
2.292857229830350896e+00
1.749089870824496851e+00
2.839126850449099404e+00
-4.222144258958009999e+01
3.135750020938363747e+00
5.547541935706867378e+00
2.739669793773202411e+00
2.816839401422992495e+00
1.929003773597341764e+00
1.304012555645937654e+00
2.297212308697436534e+00
-4.712713171476250551e+01
2.841144923635639863e+00
2.991927230159041606e+00
-4.787922953293519868e+01
6.128587818798262532e+00
2.933509707920529230e+00
3.632265707542369881e+00
2.748357206995400315e+00
2.910108923855861729e+00
4.586235341506142760e+00
3.155997232579398126e+00
4.261457527664580525e+00
3.107165167956114527e+00
3.245971111793723551e+00
2.307790593631000142e+00
2.315280000834288643e+00
-4.232146170680228181e+01
1.739934088166818160e+00
3.528894378694248157e+00
-4.868862392786564897e+01
4.078727085144679521e+00
-4.757479759602139069e+01
2.954293175760527301e+00
4.896692083308316512e+00
2.922742777752110666e+00
4.572004805709314113e+00
3.662616602110030151e+00
3.096999091707942853e+00
1.539461112991276526e+00
1.627792374834568401e+00
4.430100539155767514e+00
2.670237921425842487e+00
2.365969747824466562e+00
2.520644221883002078e+00
5.076776195931563151e+00
3.242558985413584338e+00
7.273483309137531272e+00
2.659687141374132313e+00
1.535660798506218949e+00
6.358919218373653592e+00
6.006709580130268122e+00
2.603109024698609275e+00
2.507547066392026291e+00
-4.458496071896328061e+01
2.923966315437530827e+00
1.411714532294740865e+00
2.692005985516710442e+00
4.542939947077307750e+00
4.027786770479798051e+00
1.105181893764699552e-01
4.622105189026250116e+00
4.749861309412506394e+00
2.906141982400169521e+00
3.225205734645170796e+00
-4.782709354816508807e+01
3.099655170727501297e+00
-4.661030669823199446e+01
1.596358985857714519e+00
3.329899530062631730e+00
3.250770261311652032e+00
2.809208859843399075e+00
4.120803959397184357e+00
3.992837327515671664e+00
3.925334606889058886e+00
3.441019549844630987e+00
2.127894451738703729e+00
3.367660699663994173e+00
3.293369847782979587e+00
2.525879717817068659e+00
2.974709678146096881e+00
1.602845203079388625e+01
2.435255061147899802e+00
9.019116966967672511e+00
1.634986457476536037e+00
2.924842322627643654e+00
5.410306950924421265e+00
1.123914781235560412e+01
3.091660706707038742e+00
2.192243233043368100e+00
3.765474803934984127e+00
6.522539962753769238e+00
3.526216366335561681e+00
6.465958511665635733e+00
2.572233809336707200e+00
2.405363279169707269e+00
2.747145060203939781e+00
2.743448390068281117e+00
-4.393509046164729881e+01
3.563998186073802810e+00
6.076028161542041062e+00
2.146839464049738133e+00
2.321903231783602362e+00
2.825691102484604755e+00
2.296098726921815825e+00
2.736689805607014581e+00
4.435692708303098364e+00
2.808288935776087403e+00
8.004802479266874826e+00
2.973485002000464394e+00
1.013370952370751077e+01
2.042573489809301979e+00
2.418669242140071507e+00
1.595220743140855157e+00
8.063790505233177086e-01
3.342996289455281822e+00
2.152975901990025864e+00
4.022552785441957823e+00
4.099926644173262247e+00
-4.124315850555895224e+01
2.999245713569445915e+00
2.303109383036371582e+00
1.766221421892337773e+00
2.922692349793596378e+00
3.564075762794050029e+00
2.924629303267886282e+00
1.344261254587567400e+00
2.486402843932439488e+00
2.405789504613613516e+00
4.474014088986812077e+00
2.794809586545426772e+00
1.854977745684246893e+00
2.862451680359392903e+00
1.198113089959261757e+01
5.255835977658949609e+00
3.821887104965810078e+00
7.165001951408497938e+00
1.537107886906985632e+00
2.786077323809096562e+00
2.786144945365919945e+00
3.807965788195761370e+00
1.098218816835052181e+01
2.669117535176750877e+00
1.614465911077303861e+00
2.204360644335701558e+00
3.746877027573498165e+00
2.506205713551682202e+00
2.753372535452833336e+00
8.066472061609580635e+00
2.886680427352819045e+00
-4.633068505707149853e+01
1.593144892776557020e+00
1.360418539754621792e+00
2.394211385834593031e+00
3.385351415304004075e+00
3.270190373693305119e+00
2.207709500921737344e+00
4.700169679076624973e+00
3.057383031921673044e+00
-4.747802848634518824e+01
5.913556398094728550e+00
3.013895343377832603e+00
2.319704418932568846e+00
5.184699354902079449e+00
1.863269289932487194e+00
1.133070375307085698e+01
5.223709361179729171e+00
-3.576923539310408984e+01
2.685440802001890948e+00
-4.592991993371189352e+01
-4.708586381540451526e+01
3.053492347231301363e+00
6.069487145169314424e+00
-4.820082328217568346e+01
2.457084795194173665e+00
2.467034278708134742e+00
3.152496615021607163e+00
2.432514384711094380e+00
1.649773312498713951e+00
-4.718361248990216694e+01
1.483607690227815024e+00
-4.720251374793095067e+01
1.065913671375810168e+00
-4.682470940448803276e+01
4.286485810583132050e+00
3.464403920143900972e+00
2.257715738644513692e+00
-4.696411462544785564e+01
3.420210599981489352e+00
5.598973570943213574e+00
1.906325852798016030e+00
3.404418641296373949e+00
-3.712031740312533401e+01
2.755185456797756949e+00
1.865479325499002083e+00
-4.877684877954629883e+01
6.192924713241607648e+00
-4.553089284535126069e+01
5.514080449638105286e+00
4.377133322635609503e+00
3.562864639381323695e+00
3.789457586004398859e+00
2.847088088483156643e+00
2.061807546768828825e+00
1.644593621837474151e+00
2.650587099679107439e+00
4.512800941560259460e+00
2.587112217329364139e+00
2.489930252568549829e+00
2.203456591700000189e+00
2.774535883762266675e+00
1.619464046089311893e+01
2.968247048285047374e+00
1.565305590130181779e+00
2.268444474693034785e+00
1.060042283278597619e+00
9.549284015778695789e+00
1.421791664010931822e+00
4.338146555422937922e+00
3.325344822673936829e+00
2.276055999660908213e+00
2.239035038128863953e+00
2.072915510483470669e+00
2.811567325580713650e+00
2.956828879701685509e+00
3.586581528317561940e+00
2.204339293623092111e+00
4.043142270390140069e+00
-4.825100258348891913e+01
3.206966622127387367e+00
3.596357312572580511e+00
6.641937693944606202e+00
1.986992169517405760e+00
1.511334663389206634e+00
5.007241856551949866e+00
2.885300860895847919e+00
7.091368589733171746e+00
2.328418410964263163e+00
3.490943914186108721e+00
6.556093511898613002e+00
2.219139080327133584e+00
2.671119311517993200e+00
1.868278992839002006e+00
3.279011693232113167e+00
1.431372691207178249e+00
2.233523255666004292e+00
3.204227193640434290e+00
3.567236531405348021e+00
-4.735010249906985536e+01
1.722323699096065308e+00
1.949444561144512811e+00
4.581974483030249345e+00
-4.778393544906960955e+01
2.391006129412741821e+00
6.943156359865067628e+00
1.216904120962495384e+01
2.011550707722666864e+00
3.678891052725989042e+00
1.994042368679762589e+00
3.386957512397198222e+00
2.504225353473463755e+00
-4.711765216822411162e+01
1.193345395373545559e+00
3.165023904369708596e+00
2.671705812328845742e+00
4.175036314576645147e+00
2.737830371117883299e+00
2.655965620284771678e+00
2.928697496761038188e+00
2.121083048941814653e+00
2.982402950966834609e+00
7.478819776452168888e+00
2.070621603053872661e+00
2.092399884500215279e+01
2.710126113828684513e+00
7.237335874520830714e+00
2.977763170887554267e+00
1.222066278987894883e+01
-4.749231317278169229e+01
3.841752337331954870e+00
2.976373173691741147e+00
2.505708289110638365e+00
2.125813862632512041e+00
6.445966527234264554e+00
-4.745391771912192524e+01
4.108139974901641622e+00
-4.524823565791001556e+01
4.654429200247996334e+00
3.775054126840523772e+00
1.576639731218529183e+00
2.281875378580405567e+00
2.549289894903451703e+00
2.789485637638354554e+00
-4.761519161189745830e+01
2.344534012132886147e+00
2.342803749608568076e+00
2.328818515703243719e+00
3.262395119694484702e+00
3.129767129184493069e+00
6.293771196646696708e+00
2.718361046044452056e+00
3.293354922791170480e+00
7.904737845617054504e+00
-4.695101139346812147e+01
2.873331957741741327e+00
1.328374518766582923e+01
1.399527133083268593e+00
4.354895978959969938e+00
3.170947818521483441e+00
3.513785777800126020e+00
2.711990666710442976e+00
1.852245105577575712e+00
2.717871666345610837e+00
-4.820819390565782925e+01
4.852339252071327991e+00
2.928654341225247482e+00
3.100897075459788876e+00
3.686665719995221302e+00
1.301487472113045607e+00
1.569824955893095009e+00
1.630655775360088544e+00
5.293704526565618629e+00
2.766016623005006281e+00
-4.876876897978181802e+01
3.340710203786376287e+00
5.572091000131633720e+00
-4.764346236616265173e+01
2.454908553619965073e+00
2.466984509190881525e+00
2.878545467680910352e+00
1.969685704822432104e+00
3.101331049862841915e+00
1.696984102845562115e+00
2.769420591358563666e+00
6.589291714470822292e+00
4.210244867797672264e+00
1.592798018693998507e+00
5.131826588461981586e+00
2.651043593222837558e+00
1.816215680553752820e+00
2.713006159568745357e+00
3.025866758629550457e+00
1.757951623670464203e+00
2.689386463816867412e+00
2.907877844210085883e+00
3.462370491330794220e+00
1.105375400802238772e+01
5.599503387804205978e+00
3.312618905607258579e+00
-4.752048605124026892e+01
2.063111134072002528e+00
2.007000737281814828e+00
2.447639351601150981e+00
4.037940881440162499e+00
2.740871214692913505e+00
2.193468224208708683e+00
2.014317462119762148e+00
1.989634512578046577e+00
2.914362753697535169e+00
3.159416536569275014e+00
1.747546891311749118e+00
2.526699131450429459e+00
2.686709840301374275e+00
2.768794991296661845e+00
-4.605407141185963127e+01
2.590803076783827041e+00
3.218788462040004905e+00
1.492578156961078539e+00
2.629111717416339644e+00
2.640574361134234938e+00
3.949742023527085699e+00
3.591120526200271001e+00
-4.611470067411993767e+01
2.377274006826617825e+00
6.407890301663449861e+00
3.236945246642116469e+00
1.017943302641246461e+01
8.658473133940820077e+00
1.936205586630721509e+00
4.755000657701243583e+00
2.719333360262988997e+00
1.994111374272242276e+00
2.210056653050870068e+00
6.052029099960458680e+00
3.065463289397676760e+00
1.992284749169597546e+01
3.096682894269585429e+00
-4.665252197911591026e+01
3.272103904314341172e+00
5.425653899317583573e+00
2.563595630158172156e+00
2.321895280406363060e+00
2.405443689860688572e+00
-4.898458153638461710e+01
3.802460704371936728e+00
2.636504842476797617e+00
1.049141818422560490e+01
-4.823688414848275130e+01
-4.783099154315171830e+01
3.612440823029607451e+00
3.660247541284667783e+00
3.538201974427213958e+00
-4.313975015321423001e+01
3.459348532240189567e+00
3.581104245442944034e+00
2.236340766615029452e+00
2.626756372236235038e+00
3.591527646239745408e+00
2.735896000731380173e+00
2.698050638076202823e+00
4.675012517889119756e+00
3.733037362614841648e+00
1.697331124752901488e+00
2.736186917235339244e+00
2.629904795508727577e+00
1.383726761065118938e+00
3.077286987661231876e+00
2.522565325684115844e+00
2.582172320231028273e+00
3.601841887811410459e+00
2.107181855872681364e+00
2.169893018442856203e+00
3.506682790307094510e+00
1.846961358750837778e+00
6.278676212342284124e+00
-4.651728561497320413e+01
2.942461647210360187e+00
-4.787225770870028185e+01
3.568337776723280008e+00
2.566745419871029554e+00
3.721156794537832546e+00
3.120149769706710430e+00
2.328913931625433698e+00
7.332726642560309038e+00
2.822500995075228669e+00
1.210506340681384430e+01
1.664270251171123594e+00
5.626696266083380138e+00
1.474092159625255416e+00
2.903462824455528501e+00
-4.677667205579695064e+01
2.802002427339626234e+00
3.505831379338274267e+00
-4.750646966702580443e+01
3.265386301106681266e+00
3.619933846540314359e+00
2.701237796515420175e+00
2.541066588039066154e+00
3.304511365052179350e+00
2.924994094395548583e+00
6.108531256648132235e+00
3.539374832777287594e+00
1.816079871196513817e+00
2.559211960083676463e+00
5.057943518058332089e+00
1.272993877394346285e+01
2.387628053159549957e+00
2.828664087783951508e+00
2.883909731522663833e+00
3.576451907547876008e+00
3.771787182329072952e+00
1.968421739708874574e+00
3.994535272337912613e+00
2.816444800643887358e+00
4.697901832792498844e+00
2.430576058995721489e+00
2.664722476155138242e+00
2.015955189315823848e+00
4.424802039038822521e+00
4.176915003105696300e+00
1.296791287680016502e+00
2.240948447846592639e+00
2.866459551643360637e+00
2.532594521598416026e+00
4.264221483091684917e+00
7.381557195551376793e+00
3.253275775750029020e+00
8.391867189136021921e+00
1.657208355450203507e+00
2.912207483413879583e+00
3.635161700372033344e+00
5.340452875242985620e+00
-4.786867125248848964e+01
1.100232501046386346e+01
-4.706157251575505285e+01
3.514461372308428810e+00
4.567490872547239178e+00
4.314988791023950832e+00
4.725053884579008212e+00
5.280060001594446994e+00
3.270059564819728593e+00
2.551573513570200014e+00
2.249704742844882421e+00
4.191909758418436382e+00
-4.408006266998763323e+01
6.623863200734152912e+00
2.716375829340627490e+00
3.051905289671157817e+00
3.388968839754606943e+00
2.246019975837627580e+00
8.541453209839454885e+00
-4.089909240879701713e+01
4.987002199082484211e-01
3.463027693917507754e+00
2.127549177349160381e+00
3.251591376341360640e+00
3.281899786999366686e+00
3.361058497106832910e+00
1.724345924333364755e+00
2.572640450357785991e+00
-4.830795691399077896e+01
6.190355900994543248e+00
2.811074524731826951e+00
3.097979718883862255e+00
3.082893892328226748e+00
2.007379683817104077e+00
3.020214547672636307e+00
3.076985549820214771e+00
2.274623321936569464e+00
3.687607370425229014e+00
2.628649361101116355e+00
2.575558095638628586e+00
3.541702317325392535e+00
-4.871697476570929553e+01
4.179480400114149674e+00
3.237157516346794939e+00
2.658153366111197791e+00
1.731711919063799066e+00
1.711178615575243533e+00
1.065703594406290033e+00
4.711901804187097476e+00
1.997267938107077256e+00
2.592750814450857533e+00
3.026419004779787425e+00
5.087844977362698806e+00
1.859498907109717214e+00
1.660470049943329363e+00
2.932618792570319322e+00
6.624549260602111467e+00
3.330843524162339975e+00
-4.703888075058681295e+01
-4.266172384366410597e+01
7.040016198089572796e+00
-4.695438644367489189e+01
2.609002180245223901e+00
3.649576467362580345e+00
3.384656627091725323e+00
1.749408862057895586e+00
3.091007878140782150e+00
4.432319482537257826e+00
4.184488833051052126e+00
5.902461816731403133e+00
2.442011571251486490e+00
9.072370654476838325e+00
3.080615924744992018e+00
4.695802624785116564e+00
4.945350540981397813e+00
3.012842763390445100e+00
5.980279245382414288e+00
8.346844717059010321e+00
1.607062537140139247e+00
3.180757775908813478e+00
2.599549918187002540e+00
-4.714148015983462869e+01
2.974519644388832429e+00
9.137313288588451599e+00
2.035849945468092770e+01
2.536305469277427171e+00
2.601047096152500959e+00
2.886754930202150682e+00
3.502659509078720035e+00
2.289344015136165034e+00
3.477857415732821256e+00
5.413618460756758566e+00
2.853217100392560379e+00
2.631417369761307246e+00
5.313464814752802745e+00
5.011001401449535209e+00
2.208783486311040711e+00
1.803684797491527769e+00
2.901579037277584039e+00
2.521109725318636308e+00
2.953645181124529895e+00
2.878202347062153610e+00
2.572840978377087140e+00
2.692213554415380461e+00
-4.729814272877896997e+01
2.139436826281925441e+00
2.174884164831504485e+00
2.637729190774700250e+00
1.826958566625542790e+00
2.527654655076494450e+00
3.052843796694048262e+00
3.457190442331423696e+00
6.666580326273336965e+00
2.591032649080097450e+00
2.358334815841374166e+00
1.176499186618596404e+01
2.921219218223507941e+00
1.648567644161325507e+00
-4.688636383460156765e+01
2.426347726632289703e+00
3.055607975354034611e+00
2.975389091379192053e+00
3.370563145436658914e+00
2.978934082687567209e+00
5.052635709579556433e+00
2.949309780899993516e+00
2.448597492993958014e+00
5.749781818817506718e+00
5.400716454276377476e+00
1.124855745779700600e+00
2.596059860161912702e+00
1.842603095153742210e+00
-4.056479314900325051e+01
-4.878681099207022243e+01
8.168095599837711163e+00
5.298086765526853981e+00
2.880886089438217113e+00
3.433559703042079470e+00
1.969235460952293515e+00
7.954960776288159785e+00
2.774009367857332098e+00
7.707632215130366227e+00
1.221541808047879041e+00
3.096590252630947226e+00
3.302013920745646924e+00
1.897999893579562114e+00
3.320530438460332689e+00
3.324948244315125034e+00
2.722738980799878306e+00
7.280478183398023440e+00
-4.644985146768073747e+01
-3.953237949849246746e+01
-4.164791454776160151e+01
2.923514862838313633e+00
2.409896661200067847e+00
3.924063807254185576e+00
8.660329659386141188e+00
2.375370630896449065e+00
2.482478675275349378e+00
3.122104870226438678e+00
5.892737426363137132e+00
1.735888164012392876e+00
2.947130193683990207e+00
4.349414368221015792e+00
-4.677097388504336095e+01
6.699478415153933497e+00
5.969108902614923551e+00
2.639702296067913512e+00
4.689220831578811755e+00
3.136063555579016171e+00
3.342101950078407047e+00
2.289441682882606077e+00
3.636844412916456548e+00
3.302135093538590471e+00
3.736942755831844210e+00
