3.593511897250042164e+00
2.316546212824935225e+00
2.919301854932434548e+00
1.637475597121741622e+00
2.814076482943144608e+00
4.693420785028354913e+00
2.192795883326465578e+00
2.760079601831256113e+00
3.453215947752750203e+00
4.712188624320144292e+00
5.854624182493609830e+00
1.805132638475564599e+00
7.778745166732806915e+00
4.185355103903539487e+00
3.494569516782259466e+00
3.346005598612973309e+00
1.921742428031670169e+00
8.193477058201192875e+00
3.655922405045971324e+00
3.638198374841237204e+00
2.867616694538650091e+00
1.445089696793802503e+00
8.394344449659513430e+00
2.757969168851945874e+00
2.313916433209733725e+00
3.056752492357754925e+00
2.346073358700731859e+00
2.539173227255002274e+00
1.060891105198553230e+00
9.423701652968931697e+00
4.707676816654267959e+00
2.327500591838415289e+00
3.667945873998470496e+00
1.098298432293675964e+00
2.396484717515749985e+00
1.157407632569164901e+00
8.430527810949087097e+00
3.188537389931799026e+00
1.600711246806833632e+00
3.169529801407453107e+00
1.669974012993673185e+01
8.218961490079028209e+00
3.288499564117973950e+00
1.263214928651592928e+01
5.081731244327228225e+00
2.392364613162027531e+00
5.234254686674970181e+00
2.019295347666604012e+00
7.014076400325425453e+00
4.260823725494832459e+00
2.970507485481921783e+00
2.894463993677832025e+00
4.147775991811695206e+00
2.119629671807510274e+00
2.661883575601325713e+00
2.621168496071680565e+00
2.947723282389990374e+00
3.619217869665652287e+00
3.497164549518013921e+00
2.125595175010762006e+00
3.523126651865478021e+00
2.462966567398410689e+00
2.097611851966919794e+00
2.336129970193270289e+00
2.654020485710913313e+00
3.258201358301329620e+00
2.601729456197290791e+00
3.509147838166200462e+00
2.099882067925275209e+00
5.815012967834719326e+00
1.940950859505097270e+00
5.920630456575961986e+00
1.935979874107704557e+00
4.789046854859180691e+00
2.934613162397941899e+00
3.744950824092819097e+00
3.294579060079707133e+00
2.786818563403029358e+00
2.788774198427459439e+00
2.854649755367146380e+00
1.004150351632836724e+01
3.670982822936946555e+00
2.214239193233778380e+00
6.573585758591136141e+00
1.590146894980748460e+00
3.543634303744249259e+00
2.094866747652499139e+00
3.048034712175952343e+00
3.252701269934417994e+00
3.924736036322490573e+00
2.434968683698021330e+00
2.717217032193950832e+00
8.279851727005027584e+00
2.852585426745542829e+00
4.087260496622211470e+00
3.031572698299018764e+00
3.724772242997751892e+00
2.419600930597340493e+00
2.504018678311025425e+00
2.780397484396427199e+00
2.908164312886013292e+00
2.225272059814856540e+00
3.694210908115318048e+00
2.420817100021777968e+00
2.353737259935092752e+00
2.129965887536090285e+00
5.084432748971579485e+00
2.288598218873422852e+00
2.675937533513065070e+00
2.745111236263938714e+00
5.724852711243439529e+00
2.857085149932569568e+00
2.765902887040072144e+00
2.166805200213311355e+00
2.224465954658836786e+00
2.039360095321084643e+00
3.302748598829144289e+00
3.538316383116816510e+00
1.769230785881010792e+00
2.556428508524064114e+00
5.982571556744712638e+00
3.005922706295386160e+00
3.889428146074881631e+00
3.674672848947571957e+00
3.740702134454526373e+00
3.314012946603015042e+00
1.480053380625918358e+01
3.197067418421633000e+00
3.042633607030919229e+00
8.247882248388986426e+00
1.194543755746902747e+00
2.356459107445052048e+00
2.798910243708924828e+00
3.110315093685442456e+00
2.284054627300411422e+00
3.028658987029152705e+00
3.099074906567699461e+00
1.026493296740897510e+00
5.609102523820022057e+00
2.410151302375375781e+00
2.274947468751301827e+00
4.400457859173828368e+00
1.816351160923214358e+00
2.711837784688805542e+00
3.348574098999019810e+00
2.463822141216553074e+00
3.591891071625190612e+00
3.128588824271059998e+00
6.107148570973897961e+00
2.899109933578873921e+00
5.997810756382977004e+00
2.255243563725694678e+00
2.608251160753046971e+00
3.077662250061025340e+00
3.165040000801175868e+00
2.700693385793530688e+00
2.636273960326060095e+00
2.528179019853461273e+00
2.191996504327957673e+00
2.821242330298599832e+00
2.444606785785640390e+00
1.940548584975437141e+00
2.940203823234969427e+00
3.145547449706592502e+00
1.916414312389627339e+00
5.037202526276344017e+00
3.383992166971168558e+00
4.422837690014412182e+00
1.978699227897311896e+00
2.788311475404712247e+00
1.956029332709040958e+01
2.642407710764290041e+00
2.847348128541660639e+00
6.098615874799851788e+00
3.594917789979382938e+00
2.551393319590355979e+00
3.255415149354237148e+00
9.182040869946522577e+00
6.863535973264926149e+00
3.874763306220185832e+00
2.586725104578468049e+00
3.548889412640300556e+00
1.587802473438699957e+00
2.651404209932006317e+00
1.979613001385859050e+00
3.576429841643176122e+00
5.068801818487242983e+00
2.494596380980569350e+00
3.748483906463933479e+00
1.864854721259060932e+00
4.690224824035608364e+00
4.896239936449664931e+00
5.698568968169868576e+00
2.712792705952048244e+00
3.578126899937866146e+00
2.613361970485766683e+00
2.729931701980957026e+00
3.032661127165038106e+00
4.624095776251029299e+00
2.596528076786705164e+00
3.827903059777292061e+00
2.807808978488316676e+00
3.708506415231428210e+00
4.299948148136686576e+00
2.677196836148997505e+00
2.081804279516629830e+00
5.784352938259043064e+00
3.604048817251284120e+00
3.316217367617133593e+00
3.254806942722496821e+00
3.096736443766079816e+00
3.522230295440235803e+00
2.936377326717897862e+00
1.631473314853951972e+00
7.693893799622053109e+00
4.036599320480407371e+00
2.623272161047929263e+00
1.821792135645914712e+01
4.140450127151851234e+00
4.398963535131412250e+00
7.501288659755463328e+00
2.353025153841919348e+00
6.377755756251294983e+00
8.582898450608789531e+00
2.628660373497574199e+00
2.318315183720701445e+00
3.366308113624009390e+00
4.904198337383412820e+00
1.613307345601921350e+00
8.690017991240099882e-01
1.332844048521650393e+00
2.076562341682418822e+00
3.624552329988694144e+00
1.999408934693928996e+00
3.918120805293460851e+00
3.620367049920523161e+00
5.284618058584882760e+00
3.841758747945545061e+00
3.227577158929827661e+00
3.916970868044129972e+00
3.022605673271368421e+00
3.018938995655299440e+00
1.830518605413036459e+00
-6.996427093092032479e-01
2.850262925427089922e+00
3.128326555051931912e+00
3.301992851901248915e+00
2.208186667100889622e+00
5.519418080588270215e+00
3.877858118609066818e+00
3.591798483186014579e+00
6.659996860840075250e+00
3.148337501435776176e+00
1.972084676419307403e+00
4.741027181220485609e+00
4.003410794827124697e+00
3.550741944408467798e+00
5.601682801748637530e+00
2.416061903469167049e+00
7.287742106029637235e+00
4.905243802542900156e+00
4.135595202977079055e+00
2.501057969567987538e+00
3.663632664344180778e+00
4.463598687775629514e+00
5.124486877974724131e+00
1.817497672497268457e+00
1.288425757654451331e+01
3.085414178418591113e+00
2.760089451153090234e+00
2.924650509680397636e+00
4.002335065331392272e+00
2.274557031989713263e+00
1.503291808851449973e+00
2.581368087632329278e+00
3.920087494365712466e+00
3.306882336698554692e+00
5.248684340548086524e+00
2.432772079416382738e+00
5.706582827370073829e+00
2.043099971064171516e+00
3.615107459349506058e+00
2.779201818779443833e+00
1.887427365975526738e+00
2.938533311377016233e+00
4.120552717031737089e+00
2.346999298878821527e+00
2.914718572911546346e+00
5.075880845931017404e+00
4.493646578143866144e+00
8.460856955309232319e+00
1.828340720408244469e+00
8.484563420564420255e+00
3.358061742201323696e+00
3.968246523502507728e+00
2.924232757690524043e+00
1.823347531344303496e+00
6.649803328561143978e+00
1.858435431360014434e+00
3.071661989546411675e+00
2.141826408091724865e+00
4.560908343165021250e+00
3.330569392918868221e+00
3.111908714878114157e+00
2.835853592675414703e+00
1.275723698104441084e+00
1.958033920971544495e+00
5.805964523202467475e+00
2.892595236166576100e+00
4.482051643266241392e+00
2.780780363020324941e+00
1.283042093927166150e+01
2.293063073514699290e+00
6.336288206184531369e+00
9.304404759720004137e+00
2.246013191724120972e+01
2.605317758705760323e+00
1.643017345066770218e+00
4.944943631604205692e+00
3.127717825604841018e+00
5.763448260685652969e+00
2.921163725356158647e+00
6.023882823456863989e+00
2.634869428256703117e+00
2.526998501192617930e+00
4.057638536280069985e+00
5.407872166868918029e+00
5.139729804337628494e+00
4.475595288189618159e+00
2.823169695787010713e+00
3.721373004693198094e+00
4.046081573239712625e+00
2.806088386548282188e+00
2.285222859672392914e+00
2.714208331464600388e+00
1.866590293127215361e+00
2.756269513226761614e+00
2.024205155948734625e+00
3.056446415756267410e+00
5.757261178643911848e+00
2.121889978170462321e+00
3.089976062572387772e+00
2.588222889666747406e+00
2.726994616392028448e+00
1.426584309263075445e+00
3.185296419599047191e+00
2.118267661239394695e+00
7.250090248464937659e+00
3.573786722204756572e+00
1.832719871620979379e+00
2.226571999302580540e+00
2.955410523860208194e+00
3.125355909382732555e+00
3.040433883109371127e+00
2.890369435295073064e+00
6.056456710268381727e+00
1.797706087869131331e+00
2.690524333042617400e+00
3.004608943542542043e+00
2.289062670663063681e+00
3.459503009668763784e+00
3.104871599214541256e+00
2.388435913883403039e+00
1.968707609007875892e+00
3.629682705836414502e+00
2.403586282777836480e+00
2.366422777560655444e+00
3.724812503560696708e+00
4.328632299359058244e+00
2.499204673208944349e+00
8.205409840638301588e+00
4.000715622291643569e+00
2.784113377558301128e+00
3.793709259996329131e+00
3.300011087267577636e+00
2.003314449084315108e+00
2.781320388539417987e+00
2.833198863380489207e+00
2.414864447120683710e+00
1.425535463983431894e+00
3.701080438744997370e+00
2.664333634732233502e+00
1.564105739498080183e+00
1.232897807860837247e+01
2.530097204025260282e+00
2.882266942189795955e+00
3.266257090004803132e+00
3.611896966055820890e+00
2.084957396997856094e+00
2.839038781242231302e+00
3.588793001159975127e+00
1.456854592801857251e+00
3.895858699256411484e+00
1.850273716138928881e+00
2.663508054625873811e+00
3.298177178079011007e+00
8.311531684762920591e+00
2.900154838796479506e+00
1.854853623555487774e+00
2.680195152313748608e+00
3.559362132796487277e+00
1.661821574717696093e+00
3.512716664438421343e+00
2.537942060797352184e+00
2.197430408457050177e+00
4.824403360048473033e+00
2.918473599972216448e+00
3.385562285301303653e+00
1.739138156040254568e+00
2.866760867874796226e+00
9.402334810532282816e+00
3.297873355087859615e+00
2.708259345927281014e+00
2.456140331513003261e+00
2.579913465153025776e+00
3.728557459337662916e+00
1.595514327469425009e+00
1.197637259054824099e+00
2.606771300777935618e+00
4.416906373127856611e+00
3.167281125341450121e+00
2.999758775744491235e+00
7.340924792385825626e-01
2.326964102645902699e+00
2.999717256131227305e+00
1.197703915235160999e+01
2.953668994264859737e+00
3.296497576127152218e+00
3.119076565843791116e+00
5.635182808169831858e+00
5.908562488749051766e+00
4.986410023190519958e+00
7.744579244098030557e+00
3.386712193447099395e+00
4.221295834915191669e+00
2.895815928371364034e+00
9.448755749404153192e+00
6.275955181929761650e+00
3.685411186551165841e+00
3.107045406840135193e+00
3.552955301863403026e+00
2.284170188109962751e+00
2.790277266137997536e+00
3.938884473042007173e+00
2.079925794476604750e+00
1.960797800298157645e+00
3.741484671488890079e+00
3.864065272078022861e+00
2.684556627525074735e+00
2.789130819864854338e+00
3.158662792302225242e+00
3.181687714819220858e+00
3.112700828515099882e+00
3.033393768792446377e+00
1.374513532927836179e+00
2.634245429496765656e+00
2.598392194209920625e+00
3.267289431177324399e+00
3.832654893829209541e+00
6.777925350194284881e-01
6.219042079442056448e+00
2.599382552286880976e+00
4.103266067155028729e+00
2.551734667914662413e+00
6.627644181090293962e+00
2.568936960018570304e+00
3.134302066148899168e+00
3.331522571800101140e+00
4.270561503426748118e+00
3.868601939421318470e+00
1.578185538142137023e+00
2.642187530246648208e+00
3.456897310348976848e+00
1.795094556944836439e+00
7.794273641352530646e+00
5.028365620383469903e+00
1.281678041324878725e+00
5.803320495876690188e+00
7.246684875859932262e+00
2.260783607848586119e+00
1.245085322555031349e+00
2.439701012819604387e+00
3.335357756645034311e+00
3.238132851765570752e+00
1.888549414415581662e+00
3.105538169313781349e+00
7.166053296382680848e+00
4.764595187601978310e+00
1.147140763101501726e+01
3.728666212975206395e+00
5.246411798946391869e+00
8.573864521471669775e+00
2.860899248117238614e+00
2.778228130446308342e+00
3.494409631628789370e+00
4.414460170460317912e+00
6.142378560977080681e+00
4.393644323861453316e+00
5.657890230604134985e+00
3.291141012252437825e+00
1.420945537396530733e+00
2.819274390036789146e+00
3.438796012289961457e+00
1.954386128615028362e+00
5.363986917829562273e+00
2.826797745888038449e+00
2.315274968630419927e+00
1.680959344149576928e+00
3.029409418980891111e+00
1.809331576569873645e+00
3.713790022536948676e+00
2.701537484328282446e+00
4.011344089902324939e+00
1.778106932921415861e+00
2.615286889828959627e+00
2.809864834165895164e+00
2.303166826742375051e+00
4.528085796910314542e+00
2.842381762263766376e+00
4.597096100466114166e+00
3.257254305362208058e+00
2.620320338006758121e+00
4.057395551858814287e+00
2.877940858820467795e+00
3.978488077847870841e+00
3.093765102920362331e+00
3.923475245654936217e+00
3.181575690239748511e+00
3.267583834118505060e+00
3.338725843383982816e+00
6.879197310076601291e+00
3.127345451337559368e+00
5.008379397299014713e+00
3.220788845518433696e+00
3.132868027789989629e+00
2.721978114873972565e+00
3.825445512172145346e+00
2.033680189372070846e+00
1.137951515553190163e+01
6.898276981447420297e+00
2.319700330410566558e+00
1.000848596540381941e+00
2.978826711227139157e+00
4.296391893550135954e+00
1.380502713183940910e+00
1.439515162122601000e+00
6.328844761294733168e+00
6.065050452567327888e+00
2.485661396398974432e+00
2.251735996910876114e+00
2.656108077714565585e+00
2.919681426619728182e+00
6.573069582638623842e+00
2.935629783130110582e+00
3.303999971280659587e+00
5.002840077073336111e+00
2.236716441852085069e+00
1.061866953955153292e+01
3.525911633045168969e+00
8.789416888419925300e+00
2.802520968069206919e+00
2.432492210705803792e+00
4.206521487124484260e+00
1.855886283653066071e+00
3.369699963643552731e+00
2.304634840226665204e+00
2.590813728032542951e+00
5.054527555882394552e+00
4.424735198886959431e+00
3.407408107990613555e+00
3.853314885338001261e+00
2.252728490640815817e+00
8.153895227845540106e+00
1.807665139164382317e+00
3.428261260422895251e+00
2.797614745452071450e+00
3.183489266958444031e+00
2.640789582214562614e+00
7.333350598085446315e+00
2.931850822055580785e+00
3.206390189901454857e+00
4.187892488031541127e+00
2.650741390021539079e+00
8.232663574764472969e+00
1.256888739509051334e+00
5.068935392169632514e+00
3.079920552010395607e+00
2.480668737478736396e+00
3.741642364044601710e+00
4.362197650354795897e+00
4.501666238530630082e+00
1.750445301173062962e+00
2.241828094816909811e+00
5.605009200849459639e+00
3.253589058778583620e+00
3.190129334917328752e+00
2.605544630931182937e+00
1.446016037219806760e+00
1.334344592415906972e+00
3.933943682734792446e+00
1.919791794901928306e+00
1.442807221509923687e+00
6.593958581854986178e-01
3.129605886069343423e+00
1.362247031086310844e+00
3.722586301470811598e+00
5.203440627156055598e+00
4.237566719948199889e+00
2.657190530392306904e+00
8.115568973185737889e+00
3.030073322255785850e+00
3.008793770092825337e+00
5.652823133868704275e+00
2.226319729367730371e+00
2.649748120681192809e+00
1.044639409703768340e+00
2.491372691775569859e+00
2.965412220334749716e+00
2.805735520124835958e+00
1.979678101393848699e+00
7.928360627040676789e+00
2.753498852870730929e+00
1.275027029752403784e+00
5.194282934179646816e+00
1.246336707363687069e+00
2.038190261230485856e+00
4.494877128037376934e+00
2.057709491207876162e+00
1.462462304839125649e+00
3.391161527483043336e+00
4.813360741654317820e+00
3.582915776424304255e+00
2.115036470901871191e+00
2.879360360733483226e+00
2.350722446649152975e+00
3.025281101467334199e+00
3.325829237890915113e+00
2.792313970709554116e+00
2.070954844292769437e+00
2.989552165939341588e+00
2.877972071447111979e+00
2.431995101370152845e+00
2.814631409208244062e+00
3.615243114732956897e+00
4.385272257772776072e+00
3.066860846602653901e+00
3.446271026463306963e+00
3.478341288684386967e+00
2.490151567900940055e+00
2.103034241967169482e+00
2.056369091395791671e+01
2.734046742005099340e+00
2.802637053523125754e+00
1.546050514742393078e+00
1.904335890326393610e+00
1.911307918962150021e+00
3.070883299562773505e+00
2.764898914948683561e+00
2.608794102709111939e+00
3.605361176769670273e+00
2.472897275252894378e+00
2.056580175123367216e+00
3.664699344448616891e+00
1.703632156709641521e+00
5.063402375006948120e+00
3.774301337546200230e+00
2.874553695594888492e+00
1.760409250751792776e+00
5.854533487234300893e+00
1.601328980733052187e+00
3.015005975946918770e+00
5.185868958387191086e+00
2.508748282651622752e+00
7.955008534151437161e+00
3.368205059419946412e+00
1.287214596221444474e+01
3.577220238956317466e+00
2.914999852980354689e+00
7.499005043324754816e+00
9.759269919054585074e-01
3.271790613839562489e-01
4.335889995347027792e+00
5.556952443257818786e+00
3.560722524806235967e+00
3.803218102343002727e+00
1.488311365682859488e+00
2.259648316938273283e+00
3.988906726596669561e+00
2.039102844805587011e+00
2.357937481342838648e+00
1.249669491647981578e+00
2.007085928510288664e+00
3.917994372829861405e+00
2.750687759293826140e+00
2.775488775730147850e+00
3.110635584450851088e+00
3.038902445664722229e+00
2.658999499068197103e+00
3.199785766676147336e+00
2.099451312766647426e+00
2.936733369373393465e+00
3.445849307042747611e+00
2.620006597738016474e+00
3.138524812277529552e+00
3.069657894394273168e+00
1.945823578850630176e+00
3.553059865596481348e+00
2.828850051513058350e+00
3.260488997639019892e+00
3.417819416608454119e+00
9.251406408482544919e+00
4.070417781240664112e+00
4.127372992382489336e+00
4.290521901402801319e+00
2.032298844147966133e+00
3.202736903911622690e+00
2.855970862644464425e+00
3.535416304270084353e+00
4.610299998078348338e+00
3.858893592663575234e+00
3.054140425207819476e+00
3.522789187702282998e+00
8.273420016039530367e+00
9.690034047178302856e+00
4.651336287739703756e+00
3.355295422783427295e+00
4.690285116224663042e+00
2.083221089052493369e+00
2.720812382339046209e+00
4.939842978265593487e+00
2.072094774891454438e+00
4.378105450461220016e+00
1.559271927748277831e+00
3.930633459017170317e+00
8.415202618685055924e-01
3.650972540344715966e+00
2.548816751799815261e+00
3.373107672564548132e+00
5.504833088573223066e+00
8.847426907200116375e+00
3.128327502242295832e+00
1.228174297198388665e+01
2.795713301901297854e+00
4.559414087428440787e+00
2.706793270966538767e+00
2.366371017877326288e+00
2.317095003494092698e+00
4.105265319886370889e+00
2.440354559659818623e+00
3.329805976277684820e+00
3.499198668745964191e+00
2.722171791538710917e+00
4.553436866693260754e+00
1.307982181763845286e+00
2.861814106766581212e+00
2.241639042625217293e+00
2.736602096018006858e+00
2.012572619162437348e+00
2.491944725360557999e+00
1.403288995291559971e+01
2.838790228665908355e+00
3.145640746136861843e+00
3.102377958232583666e+00
4.040854128659520761e+00
3.617296951333393018e+00
3.972880493805927671e+00
2.524209303464016507e+00
3.151329836135140283e+00
1.818676832302780655e+00
3.431865788533922768e+00
4.556231542301518722e+00
2.238067657641817032e+00
2.259990931974809492e+00
4.375170101552578572e+00
1.292882542902298537e+00
3.960544205794486405e+00
2.363655756896758220e+00
2.166268188016453600e+00
2.381178857201835086e+00
6.398366437860524947e+00
3.168311695955045248e+00
2.538770015749747699e+00
3.010611700645109412e+00
2.698064692821431798e+00
3.679059986142071637e+00
3.717678522337765301e+00
7.692545507017897854e+00
3.669715610476606660e+00
2.385244880845650783e+00
3.276581808286366027e+00
2.160375226568289175e+00
3.306131454221102217e+00
3.409697459073265602e+00
2.291711447343007357e+00
3.449807740499753361e+00
2.316619952656517878e+00
3.278517378921045555e+00
5.350036548160922223e+00
9.369100776177448964e+00
2.472842001313251714e+00
5.201363386265525079e-01
3.052040892012898521e+00
3.313724629458507209e+00
7.964631646515640817e-01
2.686497071083330468e+00
2.241708599472425956e+00
3.583580055725149816e+00
5.383188097532809913e+00
2.712457142950218891e+00
2.163188301708205863e+00
1.326074829076320016e+00
2.866486670498947564e+00
3.313837520829205463e+00
2.088909756347296920e+00
1.159072685157842564e+00
2.197222963975739241e+00
3.648790816705945073e+00
7.397557406960654447e+00
2.950571712264464352e+00
3.314440971266983116e+00
2.740196434677096171e+00
2.160312314595165262e+00
1.198885010058194212e+01
2.912081067592060979e+00
3.716445539919374319e+00
3.892954126832237627e+00
2.284961058852923443e+00
2.660427787572806402e+00
5.170469751252957380e+00
2.287002570891118136e+00
2.389911636200286349e+00
2.035294338822144944e+00
3.996882183615331652e+00
3.601299459937512104e+00
1.938134041086245540e+00
2.604370376892904737e+00
6.244179512118821940e+00
2.597975994740036043e+00
8.826284092366631029e+00
2.783974792740792736e+00
3.031281328209577186e+00
1.510666090983961762e+00
1.084334793483253012e+00
5.365673821579566294e+00
4.770513239245144810e+00
2.387648767454898291e+00
2.039677597519121921e+00
2.516236459747943854e+00
2.505072131544597180e+00
2.133341765407847479e+00
4.805326780683355281e+00
7.337938673947061119e+00
4.176495125090351479e+00
3.185851823827076323e+00
2.508944251838121531e+00
3.008039607994079212e+00
1.686009981505824040e+00
2.851599883352335052e+00
3.337650070747280928e+00
2.672843633409257347e+00
2.477918923001945828e+00
2.727067286070825158e+00
3.536754979693972789e+00
5.177060557793474516e+00
1.745982959424770442e+00
4.781550720110731234e+00
6.375839808744495407e+00
2.864270595678268361e+00
3.331157485808672547e+00
4.206893223673986881e+00
3.563205545757374804e+00
2.757683498629275753e+00
4.085745343545481134e+00
2.592668030505830945e+00
3.047906839603444773e+00
3.666211362720539935e+00
2.212333064986256037e+00
4.280009837906698422e+00
3.470380296660155572e+00
2.858058609414342310e+00
1.789387304242105792e+00
2.033189073806340730e+00
7.028597757063645979e+00
2.549279978849347206e+00
1.996666123404717608e+00
1.904974324977922739e+00
2.758311477872007256e+00
1.806008312265255000e+01
3.403020633940812001e+00
1.841155687099133464e+00
3.245947912233066113e+00
2.973165752675706486e+00
3.176547629794729044e+00
1.902134159215000508e+00
4.483934957218053796e+00
7.384205004981280851e+00
3.507830547498849150e+00
2.307587533233477650e+00
3.247671202637330889e+00
3.066110181760943298e+00
2.299162460190220969e+00
3.401259507373498803e+00
4.309654155688281030e+00
2.565701296580064295e+00
8.319825345263662797e+00
3.822261768087497735e+00
2.841960995318188576e+00
5.967595532168616046e+00
5.635657182837409351e+00
1.984520703379731854e+00
3.533508769250452985e+00
3.242143739714403949e+00
4.568816991784983017e+00
2.866768255701960921e+00
6.184131365466752683e+00
2.156723923827461142e+00
2.795151137012081399e+00
3.810653930552512225e+00
2.251588229407063046e+00
1.705149794658547657e+00
1.884761122485429929e+00
2.342123516338281419e+00
4.277072369079105485e+00
4.980140275822695806e+00
1.068488886918228298e+00
2.859638756507755897e+00
3.693641194283477702e+00
2.455668068221260825e+00
4.635019684084312530e+00
5.639951186687598650e+00
4.297844772587142259e+00
4.148720914273169136e+00
4.238140037681442429e+00
9.205906565384893270e+00
2.463453706978953051e+00
5.262893310654103374e+00
2.176860204363674001e+00
3.459239610247262231e+00
2.135793981124296970e+00
7.262333381335531080e+00
1.623683648188486206e+00
5.238350225402900406e+00
1.386720254423397414e+00
3.097419240217639036e+00
2.207475136471842347e+00
4.423002058991415630e+00
3.067068813287832096e+00
2.998855099225409937e+00
2.644601418185191566e+00
9.644960146750994667e+00
1.800329221336337326e+00
2.107088337013171664e+00
3.035490869462354802e+00
4.420171385511302731e+00
2.268683754301576094e+00
3.267159626492890823e+00
3.778680397922591805e+00
2.884295995196635154e+00
1.303906300277832830e+00
8.054229746943128987e+00
1.455477274001978749e+01
1.122408657934837350e+00
1.473653461012421007e+00
2.626130847884033503e+00
4.125307818488098022e+00
2.385463480941913073e+00
9.278933163914606652e-01
6.297895427725052286e+00
2.824544313896292458e+00
2.690602203287810745e+00
6.397707388862824196e+00
4.181341572012143182e+00
5.844453608838264813e+00
3.330586584739791522e+00
3.255321693662653004e+00
2.489912027632093405e+00
1.768396986948846283e+00
7.394139939064610090e+00
2.576047927778562396e+00
3.513780531309261601e+00
4.400634034303104514e+00
3.460516749819606996e+00
1.826830989900107838e+00
3.723903513331313420e+00
5.205565483340405031e+00
4.981356578258475665e+00
1.610385812601769606e+00
2.660522230152040368e+00
2.891115964309323605e+00
1.038465897096308410e+01
2.632524989609411392e+00
3.505700322356283483e+00
2.370194798675629766e+00
5.035792559343091668e+00
1.921129937521689923e+00
3.181207971021000613e+00
3.019977788761669224e+00
2.270255582679496342e+00
6.322616606318645971e+00
7.376088246640351009e+00
3.356726088500610050e+00
2.927855542501378139e+00
5.449967642906154985e+00
4.354709840719624303e+00
4.645978290000996935e+00
1.094143094088271706e+00
2.700042517411354481e+00
3.236037634943083052e+00
6.602877635202420770e+00
2.965082344805004766e+00
9.888480899077093156e+00
3.606547248954087070e+00
2.737744525271234242e+00
3.485874905332218887e+00
7.653322811125220504e-01
5.323026574188977733e+00
2.081899809658318556e+00
2.890526342749205391e+00
2.057092213410185444e+00
5.569471027964597809e+00
4.299173541534630161e+00
2.587426241657748260e+00
2.898707189880612933e+00
4.028996742807576581e+00
4.054686064542803337e+00
2.973560856194248814e+00
3.721867522418803809e+00
3.031941732354409336e+00
3.053717862976995434e+00
1.821348647763703310e+00
8.662260961524037128e+00
2.701880537392432835e+00
6.206701993466234413e+00
2.040356828201575823e+00
2.523192162518201442e+00
2.795757785591703737e+00
3.659610478170790326e+00
2.513856357872024105e+00
1.595225320592170259e+00
2.904760752923334355e+00
5.952711360732735102e+00
1.010705819542061157e+01
4.615561760190272977e+00
4.204774690216154021e+00
1.509285834210486898e+00
3.307288579004876716e+00
6.239330639302239412e+00
3.833033813033982273e+00
1.947281519106451420e+00
2.462529764679092459e+00
2.971427118249862165e+00
5.042285705254727191e+00
2.738422460949313297e+00
2.868088526034154206e+00
3.550938152263729997e+00
2.953107626096593830e+00
6.655801744980738732e+00
3.680391009605432195e+00
2.155102405485060046e+00
4.651167799884659004e+00
2.663537136894441826e+00
1.536318255255391385e+01
5.820624597724856741e+00
8.071980075885868189e+00
1.628751679490264781e+00
2.009187329059839655e+00
1.750293721351641851e+00
4.700283226084396304e+00
2.898417716740419703e+00
2.347786102356529625e+00
2.099814810135509635e+00
2.621407746433397801e+00
3.346067187608936511e+00
3.277108068938002994e+00
5.338323640547585569e+00
2.250724546459533570e+00
3.750723246506296071e+00
2.937513561001409812e+00
3.870068951807335900e+00
1.901040122754507067e+00
4.767461958108783371e+00
4.495218401355838722e+00
3.611096567830045068e+00
5.505428997984382455e+00
2.793087871621249274e+00
4.223859355736972354e+00
3.098239097399041686e+00
1.734307962293625938e+00
2.009473032018159078e+00
6.625993835472065996e+00
4.793530332422480278e+00
2.564280733084885355e+00
3.332536904524804555e+00
3.300799875336862588e+00
2.864789856247912159e+00
4.391964540243696646e+00
2.835301279704077082e+00
4.341720041119021545e+00
2.959832437085994972e+00
4.800943236688196336e+00
3.713242738188268000e+00
1.600126918612877702e+00
1.160956746232956149e+01
3.389956171861449263e+00
2.555013926764266863e+00
2.341129334516861782e+00
4.916851046147914239e+00
2.693704252895962270e+00
3.680247590621676501e+00
1.545671025679560495e+00
2.214214903521841027e+00
3.849755872744662355e+00
1.228448604766442021e+00
2.570104409231527942e+00
4.089323829421533496e+00
1.157847011217765854e+01
2.139863677526089969e+00
3.073451608049286854e+00
5.376789214455408583e+00
4.167517475036246921e+00
2.165138333908581902e+00
4.648777590211483179e+00
2.956498651381545439e+00
3.473844887177794938e+00
2.523077207049277959e+00
3.120182507136467276e+00
1.683050779581064971e+00
2.351118067263324285e+00
9.855131914932572457e+00
1.937114638990704574e+00
5.192007891010792520e+00
2.516329201497989221e+00
2.796038176205294601e+00
1.966715825583421307e+01
2.761418707597763422e+00
4.194805231796114420e+00
2.324965589865179538e+00
2.057996132395055522e+00
2.583893734992680713e+00
2.580853790737982489e+00
4.247882335127713738e+00
2.241220391566410619e+00
3.574872861424322146e+00
4.791844507111052920e+00
3.046406786113283971e+00
3.086640491750670012e+00
2.341979819927987982e+00
2.714435758925932696e+00
3.760632080180466019e+00
3.549791044648618943e+00
1.748575857326367222e+00
2.935695449498370913e+00
4.988731675087521467e+00
4.026832967513253259e+00
5.300086662792624637e+00
7.162031994945693647e+00
2.196339692234933860e+00
2.311556927360695290e+00
2.431043513077800089e+00
4.307114256609738234e+00
5.366316995049368543e+00
3.400186400469372927e+00
3.334231354198382569e+00
4.145748278945594834e+00
3.989256381568989873e+00
1.914429479269559531e+00
5.971873226723429795e+00
5.854462492083733594e+00
4.037365121838715432e+00
2.692185694345345048e+00
3.235197961944870748e+00
4.470077105100951798e+00
5.054471931372306770e+00
4.692418722040157419e+00
3.461320454191022744e+00
2.395413863501507645e+00
3.516773173663018781e+00
2.684582462369005551e+00
2.030292228603766347e+00
3.153231259282798682e+00
2.114599518066881956e+00
2.669616128724330295e+00
4.092434283104211978e+00
3.399968973628565205e+00
3.029938531690398396e+00
1.253168751826983174e+00
2.594953193163793692e+00
2.818373157855341926e+00
2.989159980297820596e+00
4.166817500068821900e+00
8.042996448844881741e+00
3.017217481854787664e+00
2.997993114004898985e+00
5.923375796432939211e+00
3.198484295203643413e+00
1.458229413518848938e+00
7.358071297855314441e+00
5.869140680152888478e+00
2.860335100665900132e+00
3.597171440071111448e+00
3.229315325880859788e+00
1.945002590822025423e+00
2.461660340896326016e+00
2.294909531192697472e+00
2.842309022631021254e+00
3.123420707904996263e+00
1.653692097308438136e+00
5.096828202768290517e+00
4.133330494809106526e+00
7.643279375726993230e+00
4.972517207194004030e+00
2.141772913058618943e+00
2.014548019207607510e+00
2.634308489585090562e+00
2.107758973505009514e+00
2.876394734058262070e+00
3.043708274688492033e+00
5.029761756372146841e+00
3.476176254470067395e+00
3.552742870854341817e+00
7.657150847238464841e+00
5.140308346864722822e+00
3.704343754997511340e+00
3.044344191738501681e+00
2.004144207027187541e+00
2.223608303012009735e+00
2.522275253733808231e+00
2.271321349412630752e+00
4.962781486007558307e+00
1.095027902374338558e+00
3.658300516264597846e+00
3.542217606905453842e+00
3.817628162951320014e+00
3.330116030397428872e+00
7.270576667175938645e+00
2.131838217126186041e+00
3.134510051125739327e+00
1.767109517178195421e+00
1.524690312214224353e+00
3.138393065788926073e+00
4.128371066365362552e+00
3.197232817324158205e+00
2.758174864069133037e+00
2.194339271443163764e+00
3.802260347473356283e+00
2.774702811009603920e+00
1.141084619546678880e+01
3.141069772487998346e+00
2.297169010597837069e+00
1.939558178030686753e+00
4.804983893116393290e+00
3.237541473261933422e+00
2.314987335522981304e+00
1.823587566757534972e+00
2.816673178545887613e+00
6.027443593915184472e+00
2.951174213873637875e+00
3.562133643815537987e+00
3.742652735834139932e+00
1.241330101332776881e+00
5.808139807594264070e+00
2.252013902054522454e+00
1.773331547402243302e+00
4.027395812319078061e+00
3.170845899128864609e+00
3.841879811710600112e+00
5.461494258954896708e+00
4.460211441771210872e+00
9.451004635637847429e+00
6.383170635268850646e+00
8.425146039281152355e+00
6.436094462850830311e+00
3.090505530023734515e+00
2.861095678866644398e+00
2.461107813516017373e+00
2.841402394485875060e+00
8.182813152102763610e+00
5.193569269268589750e+00
1.587144012212029942e+00
2.413109446967246718e+00
5.647631656247582121e+00
4.110203358623583547e+00
2.520476392840345969e+00
2.972650394902408344e+00
3.137409714428053054e+00
5.899224434310286647e+00
5.355250136372916359e+00
2.471539104919116436e+00
2.253163709539150794e+00
2.563607742671292211e+00
1.872129330349816101e+00
3.343210434635659034e+00
3.201242803134618065e+00
2.514410735892758098e+00
2.845420020410742268e+00
2.909702265437655200e+00
3.677157622010308380e+00
5.249649091575943949e+00
4.836156326009050765e+00
7.540926613318121419e+00
1.921874186794209960e+00
4.262051319420995021e+00
2.642382124482128614e+00
2.891658489748479166e+00
2.595444686207178275e+00
1.789711375521901848e+00
2.291874743711418194e+00
2.218170103722092890e+00
6.588785462767715373e+00
2.940224264025000256e+00
6.151488887304734199e+00
6.335961186380451693e+00
3.097823393143064763e+00
2.156234067732636817e+00
2.029578378140905581e+00
6.383461244455633121e+00
3.933511528435564397e+00
3.576431397448958549e+00
4.951942902062856255e+00
1.901442662834378350e+00
1.612804081292501746e+00
3.010718723786024675e+00
2.553278431635089607e+00
5.495849341151172851e+00
3.465915659258193227e+00
3.595194028792191077e+00
1.639266542786108616e+00
6.900743266542853860e+00
3.727913623092476758e+00
2.847763968719954519e+00
3.953853242779293176e+00
3.536324983609639983e+00
1.123998535774239915e+00
4.498004237803844951e+00
8.933125591069801530e-01
2.693776298046450801e+00
2.600861531927633141e+00
4.515596371055980995e+00
2.271930657542573506e+00
2.508442855674946070e+00
1.436632070510356352e+00
2.914256423431310417e+00
5.125400258599301040e+00
2.906822008248133304e+00
2.350945717343816188e+00
4.245507891337755524e+00
3.575211633624989727e+00
2.291301951085822353e+00
2.707030922737423850e+00
1.979977658466012036e+00
4.562690838915387737e+00
1.893647680818809409e+00
4.862816166339321455e+00
7.851798955833913851e+00
3.636384220121640531e+00
3.120048669664560848e+00
1.744240932613856820e+00
1.970598420432814635e+00
2.709908508401654537e+00
2.966724210451515908e+00
1.753267586560357749e+00
3.739949699261805094e+00
6.074718029489034166e+00
3.673693563798663853e+00
5.335922065731388386e+00
2.261636196784755803e+00
3.911132570106772732e+00
2.895303263110588610e+00
2.332225518629561289e+00
3.424928843176113347e+00
2.802145218840990104e+00
3.126011140281566902e+00
2.175933666949288359e+00
2.969665346038831366e+00
5.683958307062114912e+00
1.238863253878319348e+01
2.731580680702686337e+00
2.849421300228200060e+00
2.871900079272247552e+00
4.537768895293629257e+00
2.492216700845514499e+00
3.517098879424128022e+00
3.011709926366632040e+00
5.421409587550638065e+00
3.319430750776086292e+00
4.070808171175132273e+00
2.516427539788781864e+00
2.292689702969309629e+00
2.666927755675543299e+00
1.885477947675767929e+00
3.868222173880322412e+00
3.119012317216371954e+00
3.782710727728605171e+00
1.922858534523961049e+00
4.912497566714423947e+00
3.005747595140835671e+00
2.544479637220442569e+00
1.992489833150980827e+00
8.428213077748107906e+00
5.168330746507466600e+00
5.381718543386277531e+00
4.973707487208738343e+00
3.305419570256121542e+00
2.796559634168152453e+00
3.127344370000544327e+00
7.851411386090656030e+00
5.998736241742486541e+00
3.440848606423157818e+00
3.374089760052501497e+00
3.923900385361201781e+00
4.463480847037572197e+00
4.642265973109596544e+00
2.945130358772845458e+00
3.050646250621371625e+00
5.091373416772892568e+00
2.728594171781414612e+00
3.353954607440310376e+00
5.565680602748982686e+00
2.536390174349023141e+00
2.980555086545245036e+00
5.433892883559886755e+00
3.076386491895398034e+00
3.114585210537895943e+00
4.489745906667710784e+00
1.328704039390705027e+00
3.999560657783017170e+00
2.705449731771679467e+00
5.986478174760328841e+00
1.018507012418425361e+01
2.824172289550069159e+00
4.465786673849173383e+00
2.923292595742038813e+00
3.585933862951487416e+00
4.306448882207867257e+00
3.578751367078112366e+00
4.019883577312473477e+00
2.531149977587149102e+00
3.713647558216523592e+00
2.713640522736699978e+00
4.576402461208707528e+00
3.611871238954712737e+00
6.320570723633553101e+00
2.894893591119190646e+00
3.150317513817311621e+00
2.983388311480014821e+00
2.520982214311200842e+00
4.752741468192683172e+00
2.781233343068444164e+00
1.737289888223646495e+00
2.167770859774880154e+00
2.883875179948918621e+00
2.846569223546936644e+00
2.596796806455194950e+00
2.717784096636060021e+00
3.618255135384259802e+00
5.025268261736702158e+00
3.454036373933072834e+00
3.205728921732871051e+00
2.687937809187787241e+00
2.957835257424548114e+00
4.288758570642812629e+00
2.601712723419705053e+00
8.506691209387664543e+00
3.082943469100777101e+00
5.040417515886710831e+00
2.192345864034469738e+00
2.762106894774995158e+00
6.265097994739909915e+00
2.399945229182372852e+00
2.589282476600046401e+00
8.900772274019644215e+00
3.242414980413923065e+00
1.945833682218872207e+00
8.994355653791753724e+00
9.526342514970570718e+00
2.532243792540553429e+00
1.138039558715994826e+00
1.353085147503517227e+01
1.629169015106958440e+00
2.876935343666657818e+00
1.936127610871107629e+00
1.680571783468228997e+00
3.986603396992983050e+00
2.110700567607236344e+00
7.268183177706848852e+00
2.763746238724734461e+00
4.292166570295926853e+00
3.440572835099259930e+00
3.048490433910215014e+00
3.028078327891104315e+00
2.129214596087618094e+00
2.534473453542969601e+00
2.622390042739302096e+00
1.957454307576540042e+00
2.574642518474334008e+00
2.116052077876515725e+00
3.214959058018068472e+00
3.368640260620867632e+00
1.804470502825369138e+00
4.811786449103868435e+00
7.267582141191593514e+00
4.799156267453247082e+00
2.777655939785601547e+00
2.760593280271616656e+00
3.106082835715850976e+00
3.808644201101925919e+00
1.774508263727608837e+00
1.753902702625594223e+00
2.645252054938605824e+00
2.191966499031877014e+00
2.080132165332078564e+00
2.951027787593276219e+00
2.274974855669238405e+00
3.171360744857452563e+00
2.345346828821909035e+00
4.522256813073479265e+00
1.835928171420459609e+00
2.560216192328666374e+00
8.330599183685661657e+00
1.762827465202543076e+00
3.276084882212512372e+00
-3.719691821632920004e-01
2.536923377535568846e+00
2.896067478133108608e+00
2.595825609286553259e+00
2.688098124080973150e+00
3.231927513406620545e+00
2.543357195380329117e+00
1.322335115612508494e+00
3.095985671900065572e+00
7.651534650890321032e+00
3.201708136784304770e+00
7.727743446907497926e+00
3.175791661257747478e+00
3.410176306597760831e+00
3.002574665079430272e+00
4.448886398633330685e+00
1.843297656969214993e+00
2.985918708828523283e+00
3.449394076313711643e+00
2.392467664187028831e+00
3.122085322976257515e+00
3.724925412524574764e+00
2.976488594283840161e+00
4.080719594891440316e+00
2.689707858979046851e+00
4.128589425690271320e+00
3.271232853671415697e+00
3.230105950553186389e+00
5.984649337773630506e+00
6.777697879836434680e+00
1.488665903111685118e+00
1.539732699681770622e+00
1.913161253872287082e+00
3.086956708457119891e+00
3.397578124886201589e+00
1.238862506322119295e+01
5.227697995708064482e+00
3.705745255767114443e+00
3.410560787648624359e+00
2.464958387788954930e+00
3.005585693453963092e+00
4.706568004885163248e+00
2.771050915834841977e+00
3.304294684084190692e+00
3.649685268093687096e+00
2.319550360117563770e+00
5.466888842318322617e+00
5.851424922021167596e+00
4.088732917008534251e+00
2.700250966958864129e+00
4.864964693106444749e+00
2.451845000394373031e+00
2.022384420104125002e+00
2.729866392985909496e+00
3.659929955718376426e+00
1.720847579837018770e+01
2.425644248536999559e+00
2.172084517318791264e+00
2.304687377396035686e+00
3.502441610617822665e+00
4.658992615384672575e+00
2.198976288768428766e+00
1.284090743316713024e+00
2.630382588049088977e+00
1.601861789109120693e+00
2.160615854812384828e+00
2.713198350624125510e+00
2.727434965897818309e+00
6.322665399089864025e+00
2.650028329796158655e+00
2.875476097241176809e+00
8.512310833690616363e+00
8.318823413011724455e-01
7.136446741738431854e+00
4.806856760784332216e+00
2.748225897563126630e+00
2.622607456581645735e+00
2.233162469450560295e+00
2.176560803511827125e+00
4.134869152837643114e+00
5.595241297953916337e+00
5.538078319528750626e+00
3.484465665952102054e+00
3.655230704914026241e+00
3.190871203141038670e+00
2.707426929874953814e+00
2.792277461827211038e+00
3.085696887793966781e+00
1.073788615812973291e+01
3.773149940205974495e+00
2.501509713521040901e+00
6.873968924625149413e+00
5.709457245599574904e+00
6.827725701494719246e+00
4.800236091569301422e+00
9.233992373976487755e+00
4.035994710284269260e+00
6.835467409963801089e+00
1.676854471872097019e+00
3.061852002751506596e+00
2.579483328304899015e+00
9.614224877843788875e-01
1.804846196562683858e+00
4.090642360575217573e+00
1.139259928097850816e+00
3.921560452894335747e+00
1.985896467411824240e+00
3.378842185979767709e+00
3.106789345933184787e+00
1.596895543430443709e+00
1.139392767022577857e+01
3.254982558111739088e+00
2.567111221978229274e+00
2.519043197671626100e+00
4.566946133596406554e+00
3.721674287633496725e+00
3.131314642720686159e+00
2.325886104881595529e+00
4.247633366132537169e+00
2.832035567578590651e+00
1.227003633873290589e+00
2.905106062490585561e+00
2.948671811490144012e+00
4.946674255660675534e+00
6.627143436413911459e+00
2.136294585380950295e+00
2.837463339661151718e+00
2.287964298720151834e+00
3.574790626305024421e+00
4.392748434258325396e+00
7.110549818767222696e+00
3.261950413723504916e+00
4.747275806132387643e+00
3.019027554217402098e+00
3.401548227274248326e+00
2.635890155340940844e+00
2.823436740442852422e+00
3.018949124864848343e+00
2.981444133323914336e+00
7.702982204794850851e+00
2.733013245511649814e+00
2.662860171301891121e+00
3.889535134526663107e+00
3.347046534017501518e+00
2.247087112005901943e+00
3.994498877360873834e+00
2.631595758686879449e+00
2.844590100954126122e+00
2.927089055048609723e+00
2.114387260975806093e+00
3.492476946965584972e+00
6.268553844687207111e+00
5.971652593434572331e+00
2.943232361266931996e+00
1.932141674455968738e+00
1.502513960435092111e+00
3.005267276393676745e+00
3.144881023935161668e+00
2.215316284913205536e+00
1.787209099429897252e+00
2.569775675243493929e+00
2.636524882781754897e+00
9.386238242650694730e+00
5.156938551926716130e+00
3.521971223765592018e+00
4.003800042768183687e+00
2.246981427658079067e+00
2.695701777880177730e+00
2.387980707781025558e+00
2.886065414225258419e+00
1.929864998174910307e+00
2.075075134118604225e+00
3.120404229471716029e+00
2.172551559046261627e+00
1.979007240070322471e+00
2.605079935166309202e+00
2.352172660241608426e+00
2.253296120289077553e+00
2.814688943531558074e+00
2.302335717257875558e+00
2.321857040438982445e+00
2.675033353606065756e+00
4.291948036062537497e+00
3.348865554025899804e+00
5.848641996843348068e+00
3.309372410628102834e+00
3.012453230241348479e+00
3.273160180090405547e+00
3.816590038402807750e+00
3.194185346958328342e+00
2.726752843982049868e+00
1.529763426760860412e+00
2.814476118688017170e+00
3.268778763190612668e+00
1.428871464283162140e+00
6.044206530349880424e+00
2.446023087016781616e+00
2.679974845764638403e+00
3.644460595517835078e+00
2.803315399546693065e+00
2.998886235270912692e+00
1.493757136757505988e+00
3.424202654721771211e+00
6.985067581003464809e+00
4.099598882189130933e+00
1.820508654202243282e+00
1.734710480065420946e+00
1.249915055386905616e+00
3.051423417818555972e+00
2.008099793489027007e+00
2.180145110368804762e+00
2.016924113055861056e+00
1.638561413090644292e+00
4.830912768342869867e+00
4.857254386254465928e+00
2.111113152043392116e+00
3.546191076918424390e+00
4.096129711127712625e+00
2.463905163000837728e+00
3.569452479708863368e+00
8.971011342266679733e+00
1.893232267325382745e+00
3.031023477377240205e+00
2.019152263649665713e+00
2.591709229338734488e+00
1.233708281953389552e+01
1.593127488358069499e+00
2.561843710961664744e+00
2.686920459499344549e+00
3.639601658388488037e+00
2.247925114339723862e+00
9.999237747634003526e+00
5.373754937186369318e+00
2.967498419830838507e+00
3.953854087807986861e+00
2.358354768803585344e+01
1.255054172192566320e+00
2.146455779477957737e+00
3.027036636851803575e+00
4.167158021610761764e+00
2.562384361906515640e+00
3.778278684502207163e+00
3.696533348017037923e+00
6.583428242556843557e+00
3.367207998268394231e+00
5.163109266161113098e+00
3.416720360960136649e+00
2.370847890974763672e+00
1.949932094978917618e+00
1.085279666626306927e+01
2.352704042871140988e+00
5.954394126816224819e+00
2.814417978005300469e+00
2.846980190535063127e+00
1.462111288929000885e+00
3.398388062748351146e+00
3.633907051908689123e+00
6.748068886533157951e+00
2.274738800579387377e+00
3.547041748682050688e+00
2.570155077863473636e+00
4.135294062082857991e+00
1.338772428107054502e+01
3.206774303583360464e+00
7.396435146600830457e+00
3.370834437470801692e+00
2.476610411404703616e+00
6.274320152769471193e+00
3.136643010094753325e+00
1.031790356990813251e+01
2.941294133105472497e+00
6.794729356405975196e+00
2.795510927914120369e+00
6.212320245384418627e+00
3.589435947132871618e+00
2.694818320675951728e+00
3.271567650277207306e+00
4.167397823365424081e+00
1.461441382474340189e+00
2.547890069272882752e+00
2.449520237713339377e+00
1.971381222873992867e+00
1.948518061467389151e+00
1.590440674181038627e+00
3.501896851745255557e+00
2.187135566638933160e+00
2.890546544424724029e+00
3.166387470640593005e+00
2.717450873199675154e+00
2.653412301458958567e+00
1.701108237205230633e+00
3.706998751455279795e+00
3.420593438015631982e+00
3.523881889817962243e+00
3.097499435989888639e+00
2.608313584452526257e+00
2.727020885072348744e+00
5.117732429075622314e+00
2.342732118225498539e+00
2.328214367081999026e+00
4.974423226618660543e+00
3.943377210891176876e+00
2.692269749717301153e+00
3.089968883710675573e+00
3.571347451954127283e+00
2.425843414342025994e+00
2.373057149019212275e+00
3.627772664478983167e+00
4.421194430340356973e+00
2.836963399917845408e+00
1.803279086878478488e+00
1.508735407123267924e+00
3.562064078573166537e+00
2.095522804042166953e+00
1.784815059922787661e+00
4.456128027094905519e+00
8.265573679208621627e+00
4.574955795676012293e+00
5.260751080410488001e+00
1.186633170320229524e+00
3.520728107015729691e+00
3.772489443847460322e+00
1.596568226125861356e+00
5.204427542265483098e+00
8.146392909817670613e+00
5.607444087804133837e+00
2.996354451861347634e+00
2.767468927208370566e+00
2.085013742655615676e+00
2.114763847889933324e+00
3.448384162025235344e+00
2.154186608477055564e+00
6.179221300615131085e+00
2.444721329852977298e+00
2.163979785453547855e+00
2.076139801451478473e+00
4.523057796593976221e+00
4.370551102434268920e+00
2.186014865100501581e+00
2.370753608437109694e+00
5.228578697626904415e+00
2.328355937806017018e+00
4.512031022923882695e+00
2.199758401161051147e+00
2.019458901297184639e+00
2.826409603960500672e+00
2.134176919535956785e+00
1.867268356819505648e+00
3.175719295366552952e+00
2.500394931561376488e+00
1.822899360375199507e+00
2.732813747250493197e+00
2.475471845390208259e+00
3.849456503141606589e+00
2.523848380914115452e+00
4.679501790472881950e+00
3.268103095918077461e+00
8.518810577096523673e+00
4.071966445160446924e+00
3.380397341469925543e+00
1.748857474225633091e+00
3.208685471803590428e+00
2.426151525181044377e+00
2.029639448741249907e+00
2.247624987093031379e+00
2.494840307519345490e+00
1.711014740203396611e+00
4.999821175685316810e+00
3.808570172515898467e+00
6.334694544318231202e-01
4.769637847804925279e+00
2.404843196708957187e+00
3.026622162498417090e+00
4.157407777349947153e+00
2.656044888320876929e+00
2.171658703064026419e+00
3.597353775666427111e+00
4.300540294779716888e+00
3.054428701274849001e+00
2.369538867656336478e+00
3.120080771668171771e+00
4.424216188461164379e+00
4.769935015985318216e+00
1.524336426923689869e+00
2.061164821006593151e+00
4.005080597662664665e+00
3.763023223297578657e+00
3.511574698399745564e+00
3.979364999143696568e+00
4.360317103650731774e+00
2.162229416100604595e+00
2.186905406238083494e+00
2.814950813343918501e+00
2.606312114969841609e+00
1.293184114767172765e+00
2.813913147807081572e+00
2.479685794335270366e+00
3.460653739061089418e+00
3.340856343963939157e+00
3.460515412266448543e+00
6.670824925884724976e+00
3.374694189051651527e+00
4.792231929712890803e+00
6.263915399890941593e+00
3.933148414724363828e+00
4.320949441402076374e+00
3.873286394924380982e+00
3.120136832909569780e+00
2.285678480567283177e+00
4.429590259374874606e+00
3.502837005978483909e+00
1.173875544545703642e+00
2.964725523796943651e+00
9.879758267618324652e+00
7.476231844846237706e+00
3.937609858230457505e+00
4.228510935203893872e+00
3.391413441823821540e+00
4.429139251241611674e+00
1.867452905635757610e+00
1.399501454105482656e+00
3.290295221008582960e+00
9.752365479867473042e+00
3.418709595318980110e+00
3.924350422844558928e+00
4.493113293751452630e+00
1.666248538152464986e+00
1.655461560278284061e+00
3.813014996219941999e+00
3.688574413823436426e+00
7.262216590326470822e+00
2.114005174820764221e+00
2.120193793804454607e+00
9.656684620664089280e+00
1.978175722011574544e+00
2.275112085627934100e+00
6.391174322503703209e-01
3.026732840821263260e+00
5.369652002134477797e+00
6.810494390956487010e+00
1.286286666653618127e+01
2.831404005515589795e+00
2.740088562036946840e+00
2.406837388303775249e+00
5.300841654227962607e+00
2.596285349762836425e+00
2.326922169047317190e+00
1.604755365837645220e+00
3.209223288748619840e+00
2.976336051608358346e+00
1.178255264684632264e+00
3.626418396260089327e+00
2.597464514930813539e+00
2.790451065263007013e+00
1.860306798367036940e+00
3.131959619402370887e+00
5.747625874807498647e+00
6.849634944497433153e+00
2.009559589306136651e+00
4.238847202116060586e+00
3.951187957388479610e+00
6.551875237341895364e+00
3.282637438204527136e+00
2.107566872457675267e+00
2.574257472478536091e+00
3.262789235631029072e+00
3.514616488127477734e+00
1.967545701437665162e+00
1.945115766333474383e+00
7.907375552733476809e+00
2.814626029042221145e+00
6.363417808336929049e+00
1.628451193695460431e+00
3.695301323694320850e+00
9.161400759664818594e+00
4.570197892025815278e+00
2.457765684474527479e+00
3.602794009231780059e+00
3.146574240116726262e+00
2.582455013289511658e+00
1.408101157991408225e+00
3.031299870025875087e+00
3.137546740825305935e+00
3.064022769302169547e+00
2.017514472930910685e+00
6.117645651445062782e+00
2.599203113719608105e+00
3.039480024023759608e+00
2.842175206871107918e+00
2.461588669591650014e+00
2.135477373444878868e+00
1.703364510351763617e+00
2.900128342049154373e+00
2.452070581817822781e+00
2.702448741802824905e+00
2.503794154640246905e+00
1.657015462767282088e+01
2.109870126740153840e+00
3.344338361653504066e+00
1.991736473081116010e+00
2.821635427776022276e+00
2.392628231981962283e+00
2.247212319244025203e+00
3.078112778338861766e+00
3.615320238709809786e+00
2.917401316832300751e+00
2.571044600430996141e+00
3.147436589321153555e+00
3.172451268059021334e+00
2.701284888637748072e+00
4.872359758292315490e+00
1.338359054737507936e+00
3.927070385464535462e+00
6.813950845283726743e+00
2.614950257932854516e+00
3.361237142295156577e+00
3.549254567645691694e+00
4.819688601213632850e+00
2.587609332464209100e+00
1.700799896090303465e+00
3.321042036320820401e+00
4.420006135452643647e+00
1.797291441003868062e+00
2.849933531266180431e+00
3.103824415850783947e+00
6.151355136433545923e+00
2.997638306214398973e+00
