6.290742428481536308e+00
-4.791548770336139995e+01
3.166012960307817981e+00
2.265338828959325923e+00
8.277291449315889338e+00
2.369918817349354612e+00
3.290171028273807252e+00
2.786886570274847319e+00
7.613199256090704914e+00
1.973521605933596490e+00
2.847646166541951462e+00
4.358659497678246453e+00
3.968065504675669430e+00
2.442024065023737034e+00
2.773832222625139288e+00
4.519253642543668015e+00
6.090150930679547159e+00
2.349067364310703621e+00
2.281540217949442173e+00
2.697508787339731207e+00
1.014099127781279286e+01
1.398080631671860807e+00
3.878197225491578859e+00
1.734234730541866609e+00
-4.702333940767421439e+01
4.173068174085942772e+00
2.972775846370887542e+00
3.621776546634931648e+00
2.244886192814778969e+00
3.736608316900867699e+00
2.281862650359780975e+00
3.460855873270089589e+00
2.352457694290455592e+00
1.750571267012919208e+01
2.357719983790066642e+00
3.137924083073767800e+00
5.237378882462556007e+00
4.339888334173714668e+00
2.264062777583306207e+00
8.459614679931357628e-01
-4.782197907511798718e+01
6.352431964898901384e+00
3.209880550887756367e+00
5.078198453787997835e+00
3.466154767305782425e+00
2.242446986452085955e+00
7.870472554887769867e+00
1.936630807106131558e+00
4.799988429953160995e+00
2.670520657507646778e+00
1.674341366291618671e+00
3.345543836785866532e+00
3.089847269880948488e+00
2.724097910620110419e+00
1.447270287308336956e+00
2.100022194604775461e+00
2.833033654916978339e+00
2.058676066724603348e+00
1.955114497274955676e+00
4.931676291122492728e+00
1.487199463678032352e+00
3.190673685634793255e+00
3.559301570152805905e+00
3.215128285396506413e+00
-4.749935075288489372e+01
2.851743496591754745e+00
4.129729838539770270e+00
8.217204509741261376e+00
1.915073198989620140e+00
4.227264159511561203e+00
2.085229276950185451e+00
2.888570876775019336e+00
-1.953088070300168511e-02
5.500874210829638145e+01
2.569720608596524070e+00
2.653732936781572960e+00
3.791093175933256454e+00
4.840549521999908400e+00
3.931582493895677821e+00
3.410189167883636241e+00
2.416513167917300198e+00
2.351223285855679634e+00
2.493755107443083485e+00
2.517964351908993592e+00
5.067472354467206230e+00
3.777282187718045581e+00
3.343886604839627630e+00
1.032428617423031048e+00
2.996524789771760844e+00
2.649153687618817976e+00
2.607444122783513230e+00
2.565434896377852603e+00
4.204899921015879727e+00
1.030422039860633809e+01
1.907799883185658851e+00
5.010984859573108352e+00
2.983403207648838151e+00
3.019577486123634191e+00
1.796538826739832562e+00
3.435573902959681014e+00
2.506426404450690093e+00
8.261472843035466695e+00
3.382298842334649169e+00
3.322007255884745547e+00
2.752831354241938033e+00
2.896432957028506117e+00
4.431793918842332758e+00
3.018281004954805891e+00
1.839893716059366469e+00
2.336422295022591022e+00
5.330470936816484873e+00
2.525716983015762196e+00
2.809258934370726823e+00
1.235091675276017265e+00
1.589370555792355866e+00
2.352849576439637325e+00
3.892757183588333891e+00
4.898615768165477391e+00
9.190222178891495730e+00
4.648942737841774253e+00
3.425284709282632178e+00
2.770398658419538140e+00
-4.665502565382723787e+01
3.622145887635702444e+00
3.423364440428357636e+00
3.305223329013489586e+00
3.242743705906404816e+00
2.917220105231132621e+00
3.805218401512425075e+00
1.956084060353163734e+00
2.632671545249221090e+00
5.656938723610504383e+01
4.430353235520985145e+00
2.315383914811962818e+00
1.761043153371615988e+00
3.051429221267403680e+00
2.473929156059277101e+00
2.334763879129734043e+00
2.710783099844668254e+00
3.505439060259272210e+00
3.969314548122198971e+00
-4.842066372811679997e+01
3.625758840150482776e+00
1.803389777894747636e+00
1.319992467636817679e+01
3.011050338715428154e+00
6.214183326680640107e+00
4.721079092246220021e+00
5.390328046059384093e+01
1.781945024393651211e+00
4.326260757941525092e+00
3.295985030018005801e+00
2.647466321653354715e+00
3.197851482523475397e+00
5.400932503143748065e+00
3.314705602721041533e+00
5.301334005852777409e+01
3.004241928411959250e+00
1.670923605509449184e+00
-4.379712205836521832e+01
3.851103824845528045e+00
3.123334662055759825e+00
4.864624587037303272e+00
2.990744865308212042e+00
4.801321977599739554e+00
2.662993526110176479e+00
8.993962595463464993e+00
3.553205339611178459e-01
2.908539279907375263e+00
3.052681469648355517e+00
3.142670920991114780e+00
3.873475125847468448e+00
2.804422445010248399e+00
2.380412720383528136e+00
3.262292513615811629e+00
4.270048607301942134e+00
4.675880798752870326e+00
5.583308889067788883e+00
6.041577682164441576e+00
2.105593666967104927e+00
2.674032645943056785e+00
3.432805642431902005e+00
6.008178330051633154e+00
2.789913372312568640e+00
3.810263927438028553e+00
2.413065497744823595e+00
3.846804856965600372e+00
2.121664308793282494e+00
2.918741164025631107e+00
2.524974558944283576e+00
2.553307135484538026e+00
2.636714409539447246e+00
2.685947348450515637e+00
2.625463096027454757e+00
3.459648420847565298e+00
4.258464403652912900e+00
2.735720584169782477e+00
2.289914320219704980e+00
2.649315526111960306e+00
2.404802298492593415e+00
1.910234490847147137e+00
3.520839171463530537e+00
1.691473751712794238e+00
6.187242619837513224e+00
2.654154290237492830e+00
8.635708328916602561e-01
2.047103673660366496e+00
-4.586968890842483404e+01
7.898845417507924793e+00
2.449016883931789401e+00
3.754455228690979585e+00
2.865437040483098219e+00
2.390770727029521314e+00
2.411952758136429509e+00
3.171178008282371952e+00
3.314847533668480839e+00
1.557270295323601950e+00
3.800783837045166091e+00
2.616237218998112457e+00
9.746600064674446173e+00
2.466146388531524458e+00
3.256573980067988927e+00
2.173834881657342066e+00
2.928774086718343828e+00
3.209180328075990296e+00
4.615816464694294297e+00
1.748618283488406089e+00
2.473933597672631102e+00
2.549235802865484235e+00
4.271015713032280559e+00
-4.696819846793875541e+01
1.776370021670425681e+00
5.076223322383849990e+01
3.287512774109770497e+00
2.569636363858450956e+00
2.761869031583394918e+00
1.285472728951582155e+01
2.666793897632584009e+00
4.186225567918569368e+00
1.277751278252527456e+01
2.973929322253560770e+00
5.043537224917624684e+00
3.518136132534749105e+00
-4.825505164595276852e+01
5.656564601880386789e+00
4.763617878241926284e+00
3.217831158192892893e+00
2.572118296691319639e+00
2.608307694342828942e+00
2.610415636392507732e+00
2.977474941183143375e+00
1.552129428228779195e+00
2.453183223529186385e+00
1.998490649207274705e+00
2.405741125672269831e+00
4.220572893499291212e+00
2.635245869830942667e+00
4.420467110515445164e+00
6.503644813023630178e+00
2.881053534770087410e+00
2.790941454706824754e+00
3.377614908890599565e+00
2.634293720954470341e+00
8.342432428715667925e+00
2.207638592014435464e+00
2.464937568402329582e+00
2.924923223173475417e+00
3.015265730438241309e+00
3.909688413437957255e+00
5.903648072756730869e-01
2.753766095925921586e+00
1.740229885751150452e+00
6.666468050253627098e+00
1.736816473039436648e+00
3.533136426077009062e+00
1.940186134226548065e+00
5.363293946205674345e+00
2.977615023986436071e+00
2.264198437710687628e+00
3.218804147009619143e+00
2.584620174832604977e+00
2.704095845695434264e+00
5.117972846819235144e+00
1.644413949204198033e+00
2.492397078778731512e+00
2.618351802216575930e+00
3.852952929599174237e+00
1.415363711658603529e+00
1.822730252191106404e+00
1.111281042398356433e+01
2.381491567406934351e+00
3.582795214135761075e+00
2.422379673853348958e+00
7.199373036083815514e+00
6.226151706514254158e+01
4.638892733637081101e+00
5.391358061468592666e+01
5.306466889601671788e+00
4.526631645730073927e+00
4.168230542144702788e+00
2.911637085179892726e+00
2.998757900267946752e+00
3.605594042970272195e+00
2.658006194952184487e+00
2.448263108698129020e+00
4.394161977793497265e+00
5.889417183428442115e+00
5.633877641213496901e+01
3.670325612983940111e+00
3.217554757121284137e+00
2.358570015216216120e+00
5.773022919021435939e+00
2.132755719618951051e+00
1.824769221814663611e+00
2.238479053118993534e+00
2.124230507481814190e+00
2.702347139215953931e+00
5.177425397932367446e+01
4.537221482980792864e+00
4.123870442143969584e+00
3.014421195325681424e+00
2.628870092245971790e+00
5.000789885218748232e+00
1.839942987555649667e+00
1.115445806853434618e+01
6.631720005839413901e+00
4.030257514139781172e+00
2.655888675714356051e+00
3.838723278508378911e+00
3.532696716749143206e+00
1.476066730338335553e+01
3.031661487531945642e+00
3.285537297846813587e+00
2.954960401177668228e+00
2.714414957379680970e+00
2.544810804894115819e+00
2.193088719877751558e+00
1.386072575587272704e+00
5.066280797189463669e+00
1.872042726833741622e+00
2.532758006111254456e+00
3.561098030067478604e+00
2.204018488443007850e+00
1.297437785281448486e+00
6.575756993525633476e+00
6.220062570840351412e+00
3.561322586455792916e+00
2.283012607035678432e+00
2.845214437908045291e+00
8.852882218334995557e+00
2.611007009288348168e+00
2.137528878092195939e+01
3.656671622568842039e+00
4.814756792443574795e+00
2.964147915820487533e+00
5.228381477986928871e+00
2.443275914686755534e+00
2.217701434994225451e+00
3.167355332763718057e+00
1.412300330142274163e+01
1.164713497922981311e+01
2.741201071678273316e+00
2.758691220621795726e+00
2.138825952495980953e+00
3.206999192383200636e+00
3.229572042960728862e+00
2.081351934610935484e+00
4.538481344926845296e+00
4.003434701526787265e+00
1.995928845470873458e+00
3.672688590061203850e+00
4.445236821867487365e+00
5.183500276339019308e+01
3.146295831163235412e+00
3.390528124565286294e+00
5.165704781572721949e+00
3.113773609300301448e+00
3.060183945087162627e+00
3.449215366663299864e+00
3.158688718320420641e+00
2.420436239109276855e+00
2.728287124806421993e+00
2.275100578926184891e+00
3.689265354928608076e+00
2.005153642793526370e+00
4.628012385168577936e+00
3.088984279431971736e+00
4.174437112785469139e+00
6.134075841256009909e+00
3.062215560829654848e+00
2.411073395761936133e+00
2.788055393485587619e+00
2.644170145509419534e+00
5.108912288447021943e+00
2.592664630422139016e+00
-4.848826703323413767e+01
2.222509466800163036e+00
2.890127760496532972e+00
2.147639352528304180e+00
1.183260780024999015e+01
2.739013906046902758e+00
2.101205988819129900e+00
2.824722972821067657e+00
2.777682005331133741e+00
8.738136179007227611e-01
1.538374968721431202e+00
2.939692084322447219e+00
6.420129010146011339e+00
3.971061311561287166e+00
4.550090997709677509e+00
6.021825515457256195e+00
3.271439865232246724e+00
3.103467272326583259e+00
3.322414308831867835e+00
9.654902009096183235e+00
3.396339342276541995e+00
2.823841343485268940e+00
1.370004086490743900e+00
4.623404576952905742e+00
1.617160839621926582e+00
1.154059318763376529e+00
1.250963926609224286e+00
1.978250423020043058e+00
2.607184583610477446e+00
4.703706902538345780e+00
6.162587021773449081e+00
9.528781614936914224e+00
1.039213121063408352e+01
3.242766371503392531e+00
3.102257109697609927e+00
2.689177482820271692e+00
3.279999273437475438e+00
3.030385943090824874e+00
2.385042917726297507e+00
3.808262571451192180e+00
2.590576323582646445e+00
2.684218768771753361e+00
5.570679907694152888e+00
5.198601520622638361e+01
5.717722686140857213e+00
3.908086577512838389e+00
3.653471851760392131e+00
2.260228214688847714e+00
3.482311842061142748e+00
-4.640837426305038349e+01
7.274666221243029085e+00
4.107457372621711400e+00
5.187770171631466809e+01
5.288680237148076912e+01
5.177257352441898064e+01
2.722180204080939081e+00
2.393426389356895889e+00
3.094132719311321722e+00
2.314066516464881484e+00
2.851688018169858729e+00
2.132697978631859392e+00
2.150375819309601422e+00
6.528799172849180543e+00
2.155363530691028373e+00
5.632342768273817413e+00
2.287249382099311390e+00
5.048443837986730465e+00
2.369055095344183570e+00
8.888790298689109193e+00
2.043425460079506539e+00
6.478827278475062457e+00
3.081203895154010386e+00
6.243389661177978667e+00
2.460496205609540965e+00
4.411639667210869753e+00
4.903299175969394241e+00
4.340045634801116492e+00
3.135275503137225694e+00
3.060820882358528561e+00
1.878085694219948421e+00
4.105372987195873513e+00
1.993936859298706343e+00
3.473067373100235944e+00
2.582931122595230722e+00
2.815943870253212022e+00
2.667237543069624461e+00
2.559367970679470528e+00
-4.692920073366308742e+01
2.146804252903390609e+00
-4.711620775975965358e+01
3.950999547535808620e+00
2.796935925408744694e+00
9.702132246037827201e+00
2.790190726317941738e+00
5.786139343157680415e+00
2.814171637705781492e+00
2.989350646756852026e+00
4.047812599528880284e+00
2.149686358500130012e+00
1.213001581713405219e+00
2.917533615533951519e+00
2.138466802362434027e+00
2.113571802708447578e+00
2.089148493597740242e+00
3.804392765167651902e+00
1.912365108258902824e+00
5.236656334461543771e+00
2.661950187633588705e+00
4.238025336424401601e+00
4.181814930326197555e+00
5.977169360917221752e+01
3.527245061019204098e+00
5.866596010044768938e+00
6.636140016207180636e+00
2.619974530173664995e+00
1.842057266375908720e+00
3.189159687252729025e+00
2.447520931927583465e+00
2.942216127681897220e+00
3.255403413081859654e+00
1.653844400408973625e+00
2.093951764047564890e+00
1.559905797619153933e+00
2.806960552665994868e+00
1.449045498754459871e+00
2.961113968492227411e+00
2.720698430495839482e+00
2.486739396561936655e+00
2.210960547960517886e+00
3.123385569683909679e+00
3.647545911508525140e+00
3.307343933774833378e+00
4.128735989963326247e+00
2.862682245581352536e+00
2.281698964283029873e+00
2.709501413119432822e+00
3.601129016687462325e+00
7.393787868258673512e+00
2.262616463670076516e+00
3.371924344764845927e+00
3.189619092916437637e+00
3.287350316164042496e+00
5.500099794067767789e+01
3.296063717487155209e+00
3.451139809667849612e+00
5.660916725908469971e+01
4.038114370291662425e+00
2.766504733897895640e+00
6.827455715672308578e+00
4.489072682138233183e+00
4.413602457960013048e+00
2.813858586045601573e+00
1.164318873644932362e+00
1.574486949532628133e+00
4.843589600074500012e+00
1.564967403931674639e+01
7.866647668526646875e+00
3.240886290491533206e+00
3.321900556067785004e+00
-4.641088261155474726e+01
2.411815990395827392e+00
2.768033695591645582e+00
2.067439001811283372e+00
3.190795732938022322e+00
6.150110430318307841e+00
1.203126810558919901e+00
3.071048855936050703e+00
2.979365329992276656e+00
2.512033672336896117e+00
3.282086144616763956e+00
2.089057321844526527e+00
2.740679121504894233e+00
1.310518232402819727e+00
1.916216348110509449e+00
1.985140891785000861e+00
3.074013417421326277e+00
2.475815621274330081e+00
2.181248213639759737e+00
5.244242552921205913e+01
3.095361130184019149e+00
-3.431670859014027997e+01
3.506464823064475045e+00
3.068465395148355146e+00
1.573733247345804775e+00
2.854398328215181913e+00
2.171619304202899947e+00
2.411962125851488281e+00
3.176891943793724415e+00
5.271623834553989241e+01
2.527257208824000845e+00
2.293164443303004507e+00
6.015101006543087436e+00
2.300929161980627580e+00
3.740821424736468614e+00
1.571308731665878922e+00
3.357261613291583124e+00
3.963623541752319124e+00
4.547219782177830183e+00
3.353653182102882546e+00
3.179950853506967157e+00
3.171647460634900106e+00
3.003750105536819426e+00
4.924625088705467668e+00
1.883957913870577094e+00
6.666273493363463309e+00
4.065039087012323193e+00
1.817133616110291783e+00
4.704827475831112160e+00
-4.250071364906256122e+01
2.385189566100977210e+00
2.655401538670961958e+00
4.169633284692878306e+00
4.385243688848878385e+00
3.366274792663672688e+00
3.409748253802452389e+00
3.301665021657737675e+00
5.415488511643932412e+00
3.006385181883540536e+00
3.264521617949010857e+00
2.496241570671426935e+00
1.001001822030475985e+01
2.899834345737955399e+00
2.663769530451986611e+00
2.882370305751800643e+00
1.458618063039751389e+00
3.317671401678121690e+00
8.736493933345586882e+00
2.880735428598627301e+00
4.685316618663575738e+00
3.756940806775758812e+00
3.600351810755681115e+00
4.201498382374783347e+00
-4.642148510055925925e+01
4.966464656578622794e+00
2.672822929015410853e+00
2.259888892541815686e+00
3.329653255658068023e+00
2.475505507009320816e+00
1.465861803923250717e+00
3.138599898521980958e+00
4.871332458917176034e+00
6.114614286544012955e+00
4.019355508542994393e+00
1.064024158224877858e+01
1.856863469109248932e+00
1.330278918689111523e+00
3.279300890820031622e+00
3.487750393931712267e+00
3.094368110250059534e+00
2.831356431668559548e+00
7.855882296240344509e+00
1.817363842290456555e+00
2.725848869385424589e+00
-4.629380699470566896e+01
4.994926101232762150e+00
2.533890221270384213e+00
9.409207787614739971e+00
2.748164475746640356e+00
6.999761809958187975e+00
2.545756883694730632e+00
2.768715064130391479e+00
2.156806869302971830e+00
-4.416680256331974874e+01
2.671541336825019819e+00
3.432908210096656809e+00
3.691410717537827679e+00
2.198647623618826152e+00
2.321453361163863693e+00
3.500621725672463214e+00
1.554554772953851582e+00
3.061110332550156521e+00
2.404161971574564127e+00
9.086197741285593210e+00
2.574512443150231089e+00
2.541636141747368072e+00
4.472177241951391657e+00
2.905805797165519344e+00
4.874391121219795231e+00
-4.796353429281535341e+01
2.273238430321009140e+00
2.865319065504679852e+00
3.497670892817250188e+00
5.640506933596618921e+00
4.383480690591093243e+00
2.075442053624761307e+00
4.189220332552496373e+00
-4.054421320055124767e+01
1.473364819653639302e+00
3.881664243812153359e+00
2.358841239523944644e+00
2.640641891428082921e+00
2.819591906269809378e+00
3.691887681366027962e+00
5.252832152601646598e+00
2.843272266625580524e+00
3.137159916486152333e+00
4.637981394044386363e+00
2.835351150673651510e+00
2.646995472106945080e+00
5.164929047739285295e+00
2.572036004377745488e+00
3.195387402527158471e+00
1.567475311882818190e+00
5.908607567595922205e+00
3.286050771238961055e+00
2.919719232479378146e+00
2.733505171680402412e+00
6.054819073358679304e+00
3.065271480595124665e+00
5.055534270409179243e+00
2.682020990396012827e+00
1.697334719634337352e+00
8.054596100484488375e+00
2.796801486845291507e+00
3.107441095662406116e+00
3.127967122972871383e+00
1.044455815729962289e+01
2.371099853164863269e+00
2.653001813870702108e+00
2.238654279102388234e+00
2.999650133666402763e+00
3.498837224520812139e+00
1.219889173953398132e+00
5.570280523114917060e+00
3.106247645689600656e+00
1.984833837475002971e+00
3.617566665880297627e+00
2.725437000229530060e+00
7.337286742018136465e+00
2.987767638903045864e+00
1.019570005614966490e+01
2.599482622487010453e+00
1.104476835579668803e+00
3.308495780126202490e+00
5.550834465859019851e+00
1.967560713694996855e+00
3.157143419798164263e+00
2.959744450793121651e+00
3.191467683062559235e+00
8.137071933454272710e+00
4.938386701851094962e+00
-4.741135145033121034e+01
5.977269288767503852e+00
5.353550167626297096e+00
3.547085039181478550e+00
3.853795721933190421e+00
4.929200044327957109e+00
2.314162422173689393e+00
3.979365321217802620e+00
3.786789026744116882e+00
1.939944695097825855e+00
3.384096645653781543e+00
2.667468606504723727e+00
1.737434192790843213e+00
5.043427891071369018e+00
1.451780620608482897e+00
9.227539727513192958e+00
2.226606714288278610e+00
7.696649881898283141e+00
7.028596819642119797e+00
3.095985972665060260e+00
3.510335527359419672e+00
2.794211744613593229e+00
4.309257701870735424e+00
8.005627039460840422e+00
1.969494686221037849e+00
2.829925854795535045e+00
2.924012133569413585e+00
2.780544722285695158e+00
5.192725271196231951e+00
1.518797677025256121e+01
3.918159969357291050e+00
2.192922677724158831e+00
2.198365580723337764e+00
3.969079281169340945e+00
3.058629179057705372e+00
3.657244615495952367e+00
3.687673248668741355e+00
6.431957350562054643e+00
2.756400272970874532e+00
3.247211955894109270e+00
5.216561716810647908e+01
1.869741371805667240e+00
5.968041470844203999e+00
3.202291160313813112e+00
2.362584966346917170e+00
2.549665557314108710e+00
3.608820639505197381e+00
2.182222999097916727e+00
3.461444088501496541e+00
2.355397627320064746e+00
1.709092917469854589e+00
2.918213711432436686e+00
2.557125018883037892e+00
3.329254021054121715e+00
3.074715467014310644e+00
1.843707328712865134e+00
5.085840026217541165e+00
7.140159130723485958e+00
9.244838461608352986e+00
8.691927410663433662e+00
6.062645283217690917e+00
2.819761663986871447e+00
3.018218190810026069e+00
2.037589884322882128e+00
4.700970198713304349e+00
1.633058028495857572e+00
9.116129100131642460e+00
2.442953144637188601e+00
2.985205305831921674e+00
3.430529886187114297e+00
6.674257670067758497e+00
3.172242769113938543e+00
1.588375358993901143e+00
9.196772583897036668e+00
5.294902683630497542e+00
-4.717630374960643280e+01
7.433188426672524329e+00
3.821848349472660278e+00
2.087618575148512345e+00
2.395733300993793780e+00
1.420917609114601809e+01
3.726298069732774998e+00
8.012895700814372191e+00
2.608286478874661807e+00
3.221275480585251039e+00
1.843140996343267002e+00
1.896433355778186280e+00
2.156680211656452073e+00
2.471047290994056844e+00
3.951190968532454217e+00
2.924647994678978069e+00
7.888961827900849322e+00
2.971788795934592109e+00
9.401228627542832506e-01
8.925481728978970075e-01
2.719570630438922443e+00
2.577394654282957109e+00
6.436638848119636691e+01
2.807732932554044325e+00
1.235789199984525855e+00
3.206440845705923692e+00
6.750321466792564173e+00
2.509214219951210634e+00
6.308410060366173688e+00
2.138892380968325568e+00
3.020032565307923633e+00
4.513538632582265286e+00
1.961055680440821458e+00
7.487501427934709852e+00
3.444506046079640171e+00
2.289820910515484975e+00
2.324452916668378055e+00
2.806708447031446507e+00
2.625431693804539002e+00
3.007440321736696731e+00
3.089026620831235359e+00
1.567580793595690247e+00
5.973302619704451644e+00
3.994615553004760233e+00
3.089539817986214576e+00
1.868583856007726807e+00
3.000023048071695175e+00
4.938719920637494099e+00
2.685848571551189945e+00
4.094455256105999474e+00
2.576461646814790285e+00
8.997186632483766822e-01
3.586211221890408751e+00
8.699061316406368150e+00
3.561425110917635806e+00
3.321259348115823684e+00
6.689341136801629339e+00
-4.459283446602006507e+01
2.656407441544453185e+00
1.102846161467071262e+00
3.240069468953828302e+00
4.841083262903024931e+00
2.261189151741083592e+00
2.433799909758293634e+00
2.435291281617466552e+00
4.637904564633881677e+00
2.191855076263510949e+00
4.663474202264549007e+00
2.154893045346240044e+00
2.857581785532708807e+00
1.783627660692447936e+00
7.839473193283703623e+00
4.788037532620568193e+00
3.768536529990097250e+00
2.365477242196154073e+00
5.298466768881057476e+01
1.939969231147757878e+00
5.953859441872406677e+01
1.171290056355934972e+00
5.229251097209036914e+00
9.761530601090808723e-01
4.702486206339672847e+00
8.117876881299006087e+00
3.381968748017671444e+00
3.534189718191551588e+00
8.514302401454838076e+00
1.315260267321816334e+00
4.504131639320569924e+00
2.354772554048640387e+00
4.104283176185806958e+00
3.575525705206961113e+00
3.917522802821739258e+00
3.842590980633520115e+00
2.018599038698277948e+00
2.567727621390811787e+00
2.793813455947506075e+00
8.353000260023856427e+00
4.466528653118315262e+00
4.296024714617779239e+00
3.614054580649622039e+00
4.536346741110921066e+00
3.774128203292868911e+00
3.246443966137406711e+00
7.650657207444653274e+00
4.012940511101315444e+00
2.800385841860137504e+00
2.712949657705127748e+00
4.833241941170630440e+00
4.532557926360908596e+00
2.384464458033696665e+00
7.042167916435819741e+00
2.403479756447210569e+00
1.734308419136755930e+00
2.949677898699272660e+00
1.553105717787447215e+00
2.318461594249663804e+00
1.884482398157162208e+01
5.108810780742221169e-01
2.602357703488692664e+00
3.259020363646786489e+00
2.544194575945597503e+00
7.909070172773934537e+00
2.641929398486479563e+00
2.656760730179381191e+00
3.667257635612832800e+00
2.205227691644936705e+00
4.780715774540079899e+00
2.083439172208561008e+00
2.473978048147312148e+00
1.594571407181746059e+00
2.155665929204828579e+00
3.795886660457865158e+00
2.343109557556662725e+00
4.686867138706823255e+00
1.609127829043618840e+00
3.806812018980036072e+00
4.657520176471479090e+00
4.718844704454157046e+00
2.461764834759695653e+00
3.229272371963947119e+00
3.063382123070556240e+00
4.628544649386606480e+00
2.192639976603298013e+00
2.896348203476755145e+00
2.996029003030836080e+00
1.768967688062093924e+00
2.648281286776774657e+00
2.720294316766068921e+00
3.553463768182421934e+00
2.549580344024490408e+00
4.682874390275561183e+00
6.687144662080864776e+00
7.003711122944044298e+00
3.507081235601386737e+00
1.481636882183748005e+00
3.343612471292692234e+00
2.402906887204815156e+00
4.781391821234779904e+00
2.212518152500889457e+00
2.134894728756264737e+00
2.818409739780660228e+00
5.392054697617456149e+00
2.713637914800503204e+00
5.662542495226361439e+00
2.226268030717039270e+00
1.524180537128105195e+00
4.198566371443732237e+00
2.586078393401615827e+00
2.176864231384938009e+00
8.558094858590752807e+00
3.083009370461169407e+00
1.425047155663939469e+00
2.530184898281548023e+00
2.777907891625428505e+00
2.787276426768830362e+00
2.502139392615191582e+00
4.513130515309118351e+00
1.737835068942707339e+00
6.982643347794837752e+00
2.933670725302802929e+00
1.443359898067767766e+00
3.130772910476084192e+00
3.730445119403758447e+00
6.568794970855597271e+00
2.804842559413248004e+00
8.502898387022662874e+00
2.543638629753770086e+00
2.845345543618929440e+00
3.373958065616702751e+00
9.004805354966432418e+00
2.001837188688125657e+00
1.875360546686783758e+00
3.830230335018386612e+00
3.482841625708734679e+00
3.526706275196167972e+00
3.376924040451974918e+00
5.921650669984085624e+00
2.789425891258462631e+00
2.724304749420181526e+00
5.164659274280703727e+01
3.801872248316713776e+00
3.064598278246712493e+00
2.326973680372488307e+00
3.518123706829086039e+00
4.148899916138717003e+00
1.879758841421260485e+00
1.490374776452043193e+00
2.853579468498820493e+00
1.119973307035514409e+01
1.941302761627743845e+00
-4.732084165502941886e+01
1.010840056423150557e+01
7.028973818194661938e+00
2.794387538421022832e+00
4.891028447853100758e+00
3.180769014267189387e+00
-4.714610875936175205e+01
3.041707377117982780e+00
3.174895850017782628e+00
1.627641400415830386e+00
4.474806094561477821e+00
1.935378147694915230e+00
-4.523661674170472224e+01
2.554558688726485727e+00
5.963045191379980459e+00
3.072921426827482261e+00
3.074548679344676572e+00
3.559171751673051443e+00
3.431876858740896097e+00
2.579411289235870708e+00
2.116967384459259360e+00
1.588220743513321764e+00
2.656583451325562173e+00
1.397796925880034635e+01
4.068428881121908702e+00
4.718601765062608422e+00
2.411895780260555178e+00
3.392138888582786560e+00
3.324537602697371863e+00
3.062247121265197158e+00
1.470702072646205893e+00
2.863618453544692688e+00
3.228975925253031676e+00
2.982180812369504164e+00
3.361200745758635922e+00
7.502169323480084806e+00
4.864560968672197561e+00
5.418811311374506445e+00
3.316003570968794278e+00
2.684811063277291687e+00
2.969118141252173881e+00
2.401222786058347936e+00
-6.214039403388782468e-01
4.860331192625419128e+00
1.728392834912986897e+00
4.907290191769156706e+00
-4.162810521053052781e+01
4.169535324520905917e+00
3.324136575815658912e+00
2.934142599626168746e+00
2.093005571481256766e+00
4.319438709073572191e+00
3.961096635254026666e+00
4.018379092219820592e+00
3.802912949455597769e+00
5.133274104714192987e+00
3.150701118647583066e+00
2.378043596321752329e+00
1.150060284576522429e+00
3.574863399471468917e+00
4.531122528144912565e+00
3.098747723887583128e+00
3.094828504785059220e+00
3.206507058440631219e+00
5.035094693253288511e+00
1.829426760619092374e+00
5.157320167167128488e+00
7.645394076362414637e+00
4.479123549837619400e+00
2.679906310771785982e+00
4.816851712783410733e+00
1.861561938300668961e+00
3.375677572721383246e+00
2.859246537735184113e+00
2.724315940133979375e+00
1.870197650110206222e+00
3.066090564613593639e+00
2.596286247614953524e+00
5.841642456868695987e+00
2.091237757847590029e+00
2.188125643841736245e+00
8.373595909918158497e+00
2.530526214119626527e+00
1.471222964575001235e+00
1.518009160662469803e+01
2.084336007890084552e+00
4.302439646529979456e+00
1.853854463465775870e+00
2.844436698114063411e+00
4.569409673201283439e+00
-4.491337432115148687e+01
8.180351250248392603e+00
3.058357652665529169e+00
3.464698099112723639e+00
1.627997029793968098e+00
1.302121836818499467e-01
1.981045238809554965e+00
4.627727046555873969e+00
4.264612653004776988e+00
3.633568287144346431e+00
3.322313799279402957e+00
4.941956176680695201e+00
3.288392948596054133e+00
2.964544135098067024e+00
3.612207995159973706e+00
5.127628363465452033e+00
2.405031312463518312e+00
7.611555337286676881e+00
2.079008159055653948e+00
4.323918697292170599e-01
3.954529556033879345e+00
3.546772489278775975e+00
3.503642970916665877e+00
3.811742421773667733e+00
4.697042215337241089e+00
3.490799549376182753e+00
5.032986910747858644e+00
4.113755244630718622e+00
2.539356250452690755e+00
2.119022187932424472e+00
4.299530071726394453e+00
2.872426843616789238e+00
2.489743426240397461e+00
1.942239783292564637e+00
3.109480477037230628e+00
1.988192152374858468e+00
2.606040444408934675e+00
3.841299031170390066e+00
2.322312953326871376e+00
3.488324444436194494e+00
2.396379232681732585e+00
4.340287369428059705e+00
3.727526565733276342e+00
3.618636526559401823e+00
3.398979535758137605e+00
2.618140431230502330e+00
2.118985639857923875e+00
5.220255771944035672e+00
5.428253297681965961e+00
2.359558588401462043e+00
6.772724875792270893e+00
2.440040372390630541e+00
5.387389336721159161e+00
2.245725282444600346e+00
6.265473141020081016e+00
4.114772569052330020e+00
1.498288525846346531e+00
2.957900208925716257e+00
3.282871960863357863e+00
5.280575661256050779e+01
2.591831216828559992e+00
3.500217261368384847e+00
3.782078655625389807e+00
3.039053339894062677e+00
1.668154699027487586e+00
1.905189350232995737e+00
-4.684794924473360567e+01
5.403194550767378956e+01
2.520358877709241163e+00
3.804538242315630647e+00
2.688451386324895775e+00
2.047751565490175008e+00
2.738410070116759965e+00
2.035435803389559428e+00
2.339347698342003845e+00
3.509883670400873790e+00
2.637202406268966737e+00
2.485629302254264594e+00
2.420301391888629361e+00
2.661231875185741558e+00
3.019735316390282254e+00
3.424348705610806842e+00
2.454996064506231868e+00
9.000077985326653263e+00
-4.614115046346807958e+01
1.884665837235424135e+00
2.534234302363701730e+00
2.626588761669678806e+00
3.855890734788998575e+00
2.879422581944715454e+00
4.043075112986658226e+00
3.039582886673375839e+00
2.445304482965795057e+00
3.133923226482474789e+00
3.303029169756264594e+00
2.058749183219203083e+00
3.853155099842686671e+00
8.942053705513636430e+00
1.854339602703267920e+00
1.312579769103930039e+00
1.660716446197908258e+00
3.438651656991085659e+00
4.162769582871950647e+00
1.304132822965831329e+00
5.348884894193358974e+01
1.296515361876686923e+00
2.310790574896518290e+00
5.367415900325168465e+00
6.492057504429922687e+00
2.271598349838203745e+00
3.701149295090191416e+00
2.659526265024912739e+00
1.044447301095500613e+01
2.477613970928853604e+00
1.126568200006092724e+01
3.520697736332633276e+00
5.185206175197122747e+01
5.095345737312468870e+00
2.594494809381189260e+00
1.806037800209551403e+00
3.267779478342491384e+00
3.462546326364902338e+00
-4.448828239112131655e+01
2.241231991241220634e+00
2.955230134214425153e+00
1.238325003303190108e+01
3.110167404422498727e+00
1.556544460125952867e+01
7.495118291045444359e+00
5.634128040792148795e+00
3.171624272068028993e+00
3.122775839886301696e+00
1.059995289400709595e+01
2.818533337927981108e+00
6.672852759256826971e+00
5.494340041976043310e+00
3.536423624547509803e+00
1.848473550167913260e+00
2.788523842619304638e+00
2.889477883393738011e+00
3.076730848960476550e+00
3.644800264123353450e+00
7.487591076024773251e+00
5.003604031614615977e+00
2.764130794540881286e+00
4.048851750484919521e+00
5.173071696383940576e+01
3.989307386498616381e+00
2.943283334660286688e+00
3.566246216828869109e+00
3.359558477607811344e+00
5.334798780873038382e+00
2.102892926556476638e+00
6.377383443464559321e+00
2.552453412640341313e+00
2.536606393989806030e+00
3.877388430125741969e+00
2.616370363123172726e+00
3.688205563712601887e+00
2.543233155823422909e+00
2.915549024970161440e+00
2.732554478418947053e+00
2.694110718831128182e+00
4.908581090834074345e+00
5.260594924835042718e+01
5.325049291851947686e+01
3.414707789560788243e+00
2.866022088538996204e+00
2.567225033342175777e+00
5.513564621343013172e+00
4.133385609081393852e+00
4.346661460871251492e+00
2.622034649446937760e+00
3.461439909784366442e+00
3.991450779509355229e+00
2.737926759174965419e+00
3.549527831083528540e+00
1.213833115164761445e+01
5.959515038978548063e+00
2.559371994468447653e+00
2.282969862726248245e+00
2.240005739942833252e+00
8.578829963407240911e+00
2.235785908105099473e+00
2.083614161368263051e+00
2.776245901663334958e+00
4.114581803926783188e+00
5.499546415457377435e+01
9.440767544594375948e+00
3.453368005929327023e+00
2.242232563684210866e+00
1.981004266388332713e+00
9.478437249465020642e+00
2.603799889464434969e+00
3.211801106926357008e+00
2.207466876595158389e+00
-4.698555916356431794e+01
3.931393621117402759e+00
6.325042765596119665e+00
2.396900856677932179e+00
3.269409047612785724e+00
2.199238543780911215e+00
1.479204057221406909e+00
3.275729911910314485e+00
1.610315634112440941e+00
4.137058435010687596e+00
1.120717407242932318e+01
8.670487425201581999e+00
1.496088393039491038e+00
1.360242968245457096e+00
-4.729670837435014619e+01
5.281861502490912130e+01
6.860317301982479243e-01
2.545394075068518447e+00
4.068526075730615865e+00
3.060439424292546118e+00
5.279181995647330439e+01
4.474660034021957777e+00
2.246063178960266971e+00
2.407956471757028982e+00
2.965356693814713562e+00
1.600644788887363390e+00
3.485092840231157396e+00
7.590975383067919857e+00
2.321035254979692652e+00
3.015137438214399168e+00
2.807962305848429096e+00
2.693434805951518740e+00
2.736447253375945188e+00
3.612876779220788315e+00
3.184424386780913441e+00
2.870988533044988245e+00
2.309711692045636866e+00
3.043115664648881946e+00
5.370756599689364919e+00
3.833698800420602737e+00
2.005611502153903825e+00
2.804125975012857541e+00
5.280796639852205487e+00
3.383197013498349559e+00
2.814211869852885961e+00
1.876602485737488779e+00
3.182289478503430136e+00
2.887684632793544814e+00
1.295766860979609580e+00
2.278737542905641789e+00
4.408243182654486780e+00
8.097789365975025078e+00
1.922900220798972937e+00
3.415495921601018114e+00
3.643172943227953375e+00
3.536488015299789289e+00
3.183115760962520469e+00
3.091764826693778279e+00
2.384290709311650325e+00
2.873219719069564082e+00
2.545732063084491958e+00
3.070736622354778955e+00
8.597332732730853522e-01
2.683253258219071569e+00
1.890586333007790332e+00
2.820481308185948333e+00
5.143569333356493445e+01
3.146489567801273424e+00
3.198186090895314138e+00
1.148821009224156597e+01
4.774924804140892043e+00
2.782706343176185815e+00
5.881369469496812386e+00
4.079089591640007839e+00
3.387704179356888279e+00
2.415541980419438683e+00
3.365558348067161809e+00
1.258251990091587658e+01
3.183369088719060436e+00
2.591019010194905547e+00
2.601960726481147290e+00
2.495157147684019527e+00
2.556824605205182621e+00
2.885463391474476946e+00
2.477244170411836421e+00
2.843746733901424406e+00
1.530216923207846857e+00
1.680556021556200097e+00
1.379572333569926368e+00
2.131440310946850047e+00
-4.541086338442509884e+01
2.088803962234864642e+00
2.278951058368324123e+00
1.662181423108769485e+00
3.053708229852372558e+00
3.948649027104383258e+00
1.449732149870508202e+01
3.548338585573308279e+00
4.254110493059142684e+00
2.190910534434021617e+00
2.736251664710657838e+00
2.996347613652909914e+00
2.475750193087919548e+00
1.894469395080208507e+00
2.224096099284952555e+00
2.766569142190062447e+00
4.012540851448859414e+00
2.872971133214802020e+00
3.022130224349459660e+00
1.938801373455677046e+00
2.525936694356385459e+00
3.935119917548135504e-01
2.946956373525389417e+00
1.989439496503971450e+00
2.742843223240841954e+00
3.017335660786374607e+00
3.166878389886904621e+00
3.427847653698442354e+00
2.726446993710503364e+00
4.843823534785828500e+00
1.533771045532759558e+00
9.279089567253176796e+00
6.372296864069397770e+00
3.766901744528595053e+00
3.908363226438924087e+00
2.157122865880773510e+00
1.138705462529764123e+00
2.624751307775466280e+00
2.393882596305227484e+00
-4.704128463216520828e+01
3.829773990443846365e+00
7.054339838395213391e+00
2.744553442073853766e+00
8.670605719149100388e-01
5.022173026210521307e+00
4.153456528161486361e+00
2.314439893837430873e+00
2.876745501341487099e+00
4.335833235641087136e+00
3.525847272592421255e+00
2.310603251604785413e+00
4.610151053592903558e+00
4.433477308402910211e+00
3.812144005574429784e+00
1.995722648190827897e+00
3.543985987388542647e+00
2.379232608178075914e+00
3.467257684633168413e+00
2.115328541259619222e+00
5.282045691686111155e+00
2.438648176996079719e+00
2.411182716806173687e+00
2.760571204600313244e+00
3.358841243205854532e+00
4.170145918251428441e+00
3.628751651602499795e+00
-3.391758620605456187e-02
3.848955244783975438e+00
2.858891655823613487e+00
3.564040614039755805e+00
-4.526264557844934444e+01
2.338886810012197337e+00
2.232037363918075723e+00
5.683373040787021324e+00
2.631071262875321004e+00
4.112838642098666675e+00
4.091104907984417061e+00
3.387019490608708772e+00
3.688537545007153362e-01
3.038612122222642320e+00
2.297031096508493242e+00
3.414739692160161155e+00
2.846048434815728001e+00
3.406484613930572003e+00
5.914659630166812398e+00
1.455638640218311908e+00
2.659164314933566420e+00
4.079420340591492611e+00
2.952255011387188155e+00
2.440067821266011627e+00
3.460390738691037527e+00
3.899354677379577083e+00
5.211182363464624601e+00
3.652938039924771729e+00
1.484727810784673752e+00
1.971856601165229428e+00
2.854221009348593796e+00
2.401332098018406747e+00
2.421827686359856013e+00
2.482229777319060027e+00
1.069891026738720496e+00
1.025900644500286774e+01
2.927962868943815078e+00
2.477027990775359623e+00
7.849547290377910436e+00
2.753107537832206742e+00
2.010575896314126254e+00
2.752323845005669511e+00
5.597961943977430188e+00
2.220488939872395484e+00
6.273144453578465729e+00
2.488535443313165896e+00
1.568022012304343127e+00
1.979608227640703211e+00
2.483524293740778432e+00
2.130552023515460469e+00
2.566065681959812217e+00
4.793086081315180103e+00
5.817219540821298551e+00
1.143279706759406977e+01
3.177782424964211039e+00
3.195279723182813836e+00
3.083810624539632617e+00
2.936494455014929894e+00
3.161791288051944981e+00
2.424727897460891679e+00
4.161169494418250459e+00
1.040646309004099601e+00
3.120294131556021977e+00
4.434974773207599696e+00
5.313064094910950530e+01
3.634060606927667081e+00
7.160398946761651118e+00
3.336998957748135375e+00
6.060882267033284698e+00
4.055223644121965343e+00
5.321152626460802892e+00
2.189860306776746590e+00
1.023108598796586044e+01
1.689339555980562180e+00
2.654634809363165093e+00
2.623982803759182136e+00
2.857442785371773653e+00
6.716249116405542452e+00
1.321459500731981818e+00
4.189105458300868001e+00
2.921573074708282647e+00
4.467791121774282281e+00
4.289934402034480954e+00
2.630308892927612163e+00
2.320666292504669492e+00
2.820005120006344512e+00
4.232357554147845313e+00
2.007187876032004326e+00
4.545992185960257004e+00
2.220745210889351284e+00
2.447353210842629245e+00
2.354537339994668077e+00
3.538732599425564729e+00
7.470183818336541215e+00
3.149784185534911352e+00
3.639755117921459338e+00
2.836609454980294487e+00
1.628761647481558494e+00
-4.376333666276924816e+01
3.650366229246622574e+00
4.224563595302660346e+00
-4.758492874311377818e+01
3.758144437627995771e+00
4.157528433317494887e+00
1.626757107778385558e+00
2.033721303827799698e+00
2.657015821901223429e+00
3.376255907533033618e+00
5.186514576582712976e+00
4.069978151296883340e+00
8.657919782907537609e+00
3.985747355834532879e+00
3.632665188062698114e+00
3.148587251985760727e+00
2.804917043577916935e+00
2.866502263070822121e+00
5.220835528454495744e+01
2.794667227483784711e+00
4.721754251615011277e+00
3.516113074802966310e+00
2.737137845210924514e+00
2.945466933788924990e+00
8.568761813260683979e+00
6.016868336507409154e+00
5.184704468593535154e+01
2.028001084221034755e+00
2.298110596479987500e+00
3.202676854655452043e+00
1.908098650181792921e+00
3.173845248570863475e+00
2.155362730380587788e+00
3.259244919409025165e+00
1.427987843374728616e+00
2.158402641337415773e+00
3.012379570528335826e+00
3.101722568614579956e+00
3.140531873303285426e+00
2.142501985376452645e+00
1.607949752183730485e+00
2.209018520826439236e+00
3.852479671244323445e+00
1.967449912367699394e+00
3.072500422142681487e+00
3.304483305316396002e+00
2.140726597977125056e+00
1.662348468303230131e+00
2.576477774154005917e+00
3.748369486739790535e+00
6.298300903114046889e+00
2.317799832143468741e+00
2.326018820363843442e+00
2.556520220781443253e+00
5.060099034424468734e+00
4.420858732530454027e+00
4.206525973484627201e+00
2.830142472283429189e+00
3.385441181984319314e+00
5.432541386881886147e+00
3.339867348250236567e+00
3.251040272850944657e+00
6.136179737747518459e+00
2.032406163918591524e+00
2.678925784415763456e+00
2.070752523913252929e+00
2.077568420046691955e+00
3.170367245732335526e+00
1.696230236361840005e+00
3.234657749165636087e+00
7.873821554124978306e+00
2.267814272729702818e+00
4.076010419875799151e+00
3.808098190272879435e+00
2.047645035665144331e+00
2.487912986001410420e+00
4.031330876497745130e+00
3.233970028532900720e+00
1.620123473679871529e+00
5.437369184969729474e+01
3.345642707525906534e+00
2.469732688667069187e+00
2.939070956327108775e+01
3.786933216542873737e+00
2.950749449716618678e+00
3.107830924326654198e+00
7.409290819414810159e+00
3.168254854726751724e+00
2.299358786614667416e+00
3.206971940012866895e+00
3.123795961344695282e+00
6.276264605407227748e+00
2.453618795963404153e+00
5.783895542011388358e+01
8.707888492279152182e-01
5.282774094065868553e+01
8.489170324196990691e-01
2.337239752330293019e+00
2.684365802802450407e+00
6.688313662723897934e+00
3.244483519233192226e+00
2.820343555986871031e+00
2.565134303465258725e+00
3.114114424955988447e+00
-4.804821246059422890e+01
3.136590533546931070e+00
4.144489858624137213e+00
2.208212700521884564e+00
3.782401492579727798e+00
3.514217557108697321e+00
2.887888620976238663e+00
1.519018436336282640e+00
3.949754400310909741e+00
6.799066980575657837e+00
2.287186379837724992e+00
2.703562708122607905e+00
3.188355924597473745e+00
2.941528484384627440e+00
2.768191395929530341e+00
2.708466653368295063e+00
7.241476774737108713e+00
2.329474718119463272e+00
5.009831207347998472e+00
3.113048615204100589e+00
2.174415503702042507e+00
5.097651622585702036e+00
3.990431615897523709e+00
6.358783765292657542e+00
2.076497372794789520e+00
2.834463073365277364e+00
2.631803632172490026e+00
3.547640730232271444e+00
2.568362130243230901e+00
2.315664837966558309e+00
1.457542600801042587e+00
2.541495515831226459e+00
2.487607502929680692e+00
7.972715150207182688e+00
2.762487016389880257e+00
3.500327181924663300e+00
2.305321901014228292e+00
4.005341991920712275e+00
3.305185390432971548e+00
2.162574398717696411e+00
2.958542989303664772e+00
8.641169283169617188e+00
1.150633463159564274e+00
2.182583765911047191e+00
2.188801303227804418e+00
-4.388823113311393342e+01
2.729280863513033673e+00
1.473012319455056618e+00
1.718630718828574544e+00
2.056188137760832646e+00
2.172301865219271821e+00
2.307556669122234005e+00
7.077458553985861656e+00
2.232531893717863092e+00
2.968136708597094664e+00
3.398720375543711203e+00
2.971805206339690031e+00
3.531604993359805267e+00
9.757077447758906175e+00
2.364129216009613010e+00
3.815114199714004783e+00
1.720364845316034730e+00
2.035711172135924674e+00
2.609350905258274622e+00
3.072110832278796000e+00
4.031674515618297150e+00
2.542336261565728339e+00
4.451359511820498049e+00
3.171909511955905980e+00
3.501122904600868946e+00
3.354875775703423546e+00
9.378820835344914286e+00
1.860312668548382620e+00
2.877411738909138261e+00
3.462469641690355537e+00
5.503987536006805570e+00
2.955731481539584315e+00
2.631463321622613982e+00
2.634800631248580771e+00
4.444470735148223994e+00
2.915555737927126856e+00
2.167214802416007391e+00
3.602663826009203873e+00
4.736778151384520186e+00
2.589714744142309844e+00
5.230761529363741857e+01
5.706971875399302618e+00
6.169508733678509493e+00
2.351816099385524161e+00
1.030733693006748908e+01
7.157782064744463213e+00
2.719270804795633545e+00
2.635613101694449512e+00
3.633459023192752824e+00
5.109550087673201624e+00
1.698040548182685905e+00
2.544303482039896203e+00
2.949646620116054940e+00
6.215071941351805407e+00
3.291105249240406483e+00
4.710388244844395444e+00
3.247588527704014627e+00
2.271639576768502700e+00
3.114809629652098177e+00
3.017205389840798446e+00
1.484658906504833453e+00
2.884520906820004171e+00
1.993336321905699871e+00
2.890462760026841771e+00
5.218109397511680925e+01
2.342127975487291458e+00
1.302866791262746515e+00
1.986808729509030869e+00
3.314228069006023514e+00
2.606317541990298636e+00
5.171800314784063879e+00
6.937484976291290906e+00
5.338151314104381839e+01
2.451549949506823811e+00
3.067973040912395977e+00
2.401377259061244107e+00
5.675270311141169088e+00
2.252647979051463079e+00
3.017157726598207024e+00
3.180375440222276584e+00
9.955908141115800802e+00
4.991103032246591908e+00
1.046328292215009270e+01
1.668983685333777611e+00
4.247993517203079605e+00
2.300874719527194578e+00
3.244765576541795760e+00
-4.708537039605334940e+01
2.443536837607062751e+00
6.358540352290665609e+00
6.449703257055809935e-01
5.199678154442277389e+01
3.222628612569079731e+00
1.676878490976118075e+00
2.538160300731330921e+00
2.778882601314720535e+00
1.628981922980781594e+00
4.971430259105683369e+00
4.914108725523726129e+00
1.938219704546436661e+00
3.432803756733874057e+00
2.383110068125300351e-01
2.656932710926545038e+00
3.095666032438726845e+00
3.167581490762529484e+00
2.617129104838665565e+00
4.251783014343916811e+00
3.364375880088134707e+00
2.705654331874329799e+00
2.173280370224698110e+00
2.602245156927108560e+00
3.883599993882295820e+00
4.816262259849019678e+00
2.315650585145397677e+00
2.877679969166826890e+00
2.546369122590818712e+00
2.093169555228678647e+00
3.839870674002746398e+00
1.281242874953389288e+00
3.016897740985662324e-01
8.486869817256900816e+00
5.983973153167268855e+00
3.240419958375734932e+00
3.124767863297778447e+00
1.540126839553485949e+00
2.632070278817575826e+00
2.986083540390196411e+00
2.642792883504272439e+00
1.687129878294571839e+00
-4.762266699916743562e+01
3.710994257550412456e+00
-4.687604011741604637e+01
2.095685156704189644e+00
2.484936481580813261e+00
2.354762248184428586e+00
5.467237045928143857e+00
6.992479261530125001e+00
2.938210410970437891e+00
3.185758207703165201e+00
3.071316898723736255e+00
1.983101848076991525e+00
2.705778678399587189e+00
2.083347640844552373e+00
-4.657296905068076143e+01
3.338845791708544564e+00
6.098731342566807712e+00
2.978362846019153576e+00
2.767013092645044914e+00
2.421365055626372609e+00
1.756207004866733534e+00
1.199857914291174721e+00
3.151147219255750365e+00
4.556914219525918242e+00
2.579665878672327217e+00
6.019561616520711311e+00
2.478195138886522209e+00
2.999155995388710583e+00
4.632420790420590961e+00
3.380961938400956157e+00
8.619356984977423863e+00
1.916812826944020776e+00
2.672099636330703021e+00
3.876073548743139696e+00
2.000623449468325266e+00
5.796282559926432043e+00
2.670320174701042326e+00
5.191633232495945549e+01
3.366794119240339889e+00
2.140939770926503893e+00
1.456834153349156002e+00
1.798665446679626356e+00
3.198493912036389997e+00
2.188105256758853479e+00
2.858256258197521937e+00
4.850120055670411823e+00
3.191244895318398722e+00
2.772086512991259521e+00
3.560907604782131308e+00
1.959300540116715839e+00
3.032290164342632988e+00
2.459163483073523615e+00
3.146195118929732359e+00
3.233802054685906313e+00
2.220760543344813875e+00
2.651556567839318035e+00
4.474404675020382527e+00
3.054126060990879132e+00
3.540267218010503925e+00
3.952481227216731341e+00
2.882284012928510109e+00
3.660680880566676620e+00
1.937625507487344967e+00
1.611997870899310348e+00
2.345675810253015747e+00
7.870490492541699190e+00
2.445016642034304244e+00
8.487469944489653528e+00
2.006373596418039362e+00
2.727814873117901939e+00
3.875350474855167704e+00
4.063526912102582322e+00
8.174964676057665969e+00
3.649340684594851503e+00
3.806255024614657145e+00
2.590261224380717486e+00
3.142357112883946257e+00
7.365311117848034606e-01
1.826040659552057122e+01
3.485002239375071920e+00
5.921860816465597921e+00
4.962513276187303646e+00
-4.718533916640421921e+01
1.596980114636621151e+00
1.311920358708694945e+00
4.170402380173708679e+00
1.326375958947410227e+00
2.646269837945284031e+00
2.221770587125183827e+00
2.008266405303346325e+00
3.107937488614347377e+00
5.249466687581463020e+01
2.446135204116052009e+00
2.839872478926046995e+00
1.232746754937693368e+00
3.151415467077183674e+00
3.008575829127584811e+00
2.409213918010236544e+00
2.840579799697835472e+00
2.884096369053688047e+00
5.679817339264577214e+00
3.357275231536564597e+00
2.749721895669121174e+00
2.914881798548642600e+00
2.733395458351655094e+00
-4.873135658522938485e+01
3.154055206305552250e+00
3.815480487406381016e+00
5.329869897554638136e+00
4.604509206151878864e+00
5.582506143961516898e+00
-4.684699481404946653e+01
3.903238977925310493e+00
2.737696872320589225e+00
2.823206232379924963e+00
3.908442054008599786e+00
3.469820310516182893e+00
2.991224853846136345e+00
3.422986355274768577e+00
1.333087399438623866e+00
2.614440245679544361e+00
2.786484667845591900e+00
3.095585472803173310e+00
3.583041593058196028e+00
1.167098228526349502e+01
6.900067504578051292e+00
1.984571816792539245e+00
4.479681614867218720e+00
3.379731604720475069e+00
3.268598102195065636e+00
5.364016473662893247e+00
5.159076834635070696e+01
3.038147883120110748e+00
2.696866923639342772e+00
2.309180601786066322e+00
2.303844295035805345e+00
6.832623398460432540e+00
2.738897013673867065e+00
2.757905455361327807e+00
3.631988666949714784e+00
3.592606702423289278e+00
1.767880330652258181e+01
2.506167075758170437e+00
3.638712077340265694e+00
1.577182000130836981e+00
1.231248018975319347e+01
1.015703684566769027e+01
3.449645824865116506e+00
4.491001813566642298e+00
4.461173429945461066e+00
3.372744930139195851e+00
1.091979449823420101e+00
2.937754142428188775e+00
2.847264187852724504e+00
2.369509273012856632e+00
2.952376018328600082e+00
1.801369410792863501e+00
3.202133725670842423e+00
3.142547715156100541e+00
3.400537085169187179e+00
3.219361939929563210e+00
2.050475022621291554e+00
1.944153849749800322e+00
2.366586864125272527e+00
1.477368563648557842e+00
4.342910210912917179e+00
3.805945856150700024e+00
3.152674358245254105e+00
3.944129123261159720e+00
3.546716256711643922e+00
5.256179348115428240e+01
-4.653857132786036743e+01
6.420399685211890528e+00
2.046154694255192474e+00
5.328148682651801415e+00
3.338802014585513955e+00
5.231468464977893262e+01
2.471626432484598457e+00
6.295185815650583550e+00
1.642116992689421018e+00
3.375953648015848518e+00
2.823647785722237735e+00
1.618311040362255149e+00
3.325331412531518982e+00
7.110354680164815200e+00
3.392716339458887731e+00
5.457584814810248730e+01
3.606841528139075770e+00
2.437504672404687156e+00
1.188860002729817644e+01
2.582190777013679828e+00
6.084731341039018915e+00
2.843878799931587320e+00
3.898855724933502742e+00
2.382212562339397266e+00
3.592192409587477542e+00
-4.904469166496055266e+01
3.871389226797280703e+00
6.813081967902411051e+00
2.949519523869987392e+00
2.607323558979101286e+00
2.725069635255600087e+00
2.444225907569634426e+00
2.237867266105059816e+00
7.630876159357490529e+00
2.135835036962406619e+00
3.248614535937982772e+00
2.195279832943619169e+00
2.276102238925602705e+00
