1.560962320688514460e+01
2.645214262159827801e+00
5.348012520129425695e+01
1.926253241435544661e+00
1.741497997893133531e+00
2.674591444029724485e+00
3.795429741979330807e+00
4.129431836346568296e+00
4.048311085352762184e+00
1.088927209562999598e+00
2.135784185574896910e+00
3.830541880610649486e+00
5.380302124995793633e+00
1.130612319806447275e+01
4.388208846528055318e+00
1.515411314976241819e+01
2.454286460911192957e+00
2.993122409039160825e+00
4.733251753041772147e+00
3.068147460181331887e+00
3.578534168207817778e+00
3.459982715326504810e+00
4.035559427940397903e+00
4.910972481781748833e+00
5.521890589439024666e+00
2.727879601152502609e+00
2.075608373492222825e+00
1.972034016453412031e+00
2.420421236703604428e+00
2.696942223045947440e+00
3.023552733653742219e+00
2.267154597873417110e+00
2.219715381693604606e+00
4.123147741720394777e+00
3.672279753130184954e+00
2.507899464398161360e+00
4.375254917752180006e+00
2.719609040822899892e+00
6.269556280581474184e+00
3.825545752277193401e+00
2.381848754558743231e+00
3.150308128679694786e+00
2.490193162167939178e+00
5.987080778156862237e+00
6.656163138459575634e+00
2.991837550545719537e+00
3.404358350277576495e+00
3.979473816083007875e+00
5.140724240752872376e+00
2.262731319099672955e+00
5.115277107114620136e+00
2.876387424775610047e+00
3.654682390857320495e+00
1.638587821727966132e+00
2.932056065957409974e+00
2.110790756495542819e+00
2.535069604057934800e+00
2.925171796849336481e+00
3.826682387148932385e+00
9.405009552661088179e+00
2.846927190090111193e+00
-4.741086335118812656e+01
2.725283901517672192e+00
3.051360553037803403e+00
3.489325267064624647e+00
1.657798729560082673e+00
1.969406594014301737e+00
2.698503759554827575e+00
3.973721175583469822e+00
2.487801330973082869e+00
6.806037524631079805e+00
3.235243574803449818e+00
1.649979192724838395e+00
4.510598665957147091e+00
3.923638673836942203e+00
6.131718474163233346e+00
2.807453734521641042e+00
2.542586164392767856e+00
2.867166246322683687e+00
2.635588191535381597e+00
2.892225410065031976e+00
4.102776208241581735e+00
3.358117963389889660e+00
4.196370367295685355e+00
2.797093439934806636e+00
4.750626853772999425e+00
4.069610093868531564e+00
2.413275837495178155e+00
5.370809664525280880e+01
2.340522046289003733e+00
2.582263346448240071e+00
2.130183675246695607e+00
2.987684123973085804e+00
1.872205127202916319e+00
3.880184972173855051e+00
2.950615441655313198e+00
2.920049685854305022e+00
3.064446706172411439e+00
1.850866850396517105e+00
1.960654419067059395e+00
5.357916317297407360e+00
2.242542526280010939e+00
3.461654419676007066e+00
4.043276058335532497e+00
1.976567551703926950e+00
3.091685964793885244e+00
3.425958972290929161e+00
1.954790381860743276e+00
1.940810032914126237e+00
2.890559621371036947e+00
1.526724843327355696e+00
2.634745481373170328e+00
5.141073405053909084e+00
2.182020688777439155e+00
2.942794668716053774e+00
6.496064940082116657e+00
4.061412432293243668e+00
2.709753290578405860e+00
2.117835609100998884e+00
2.100912293142155107e+00
2.333841031783504327e+00
3.246207799816837714e+00
2.110024571743850164e+00
1.892794637883960185e+00
3.625953208173548603e+00
2.054970535393970454e+00
2.305460791736943627e+00
3.144345420088736187e+00
3.147675338974501358e+00
2.039981392018811679e+00
-4.585231043283733499e+01
2.964791444690086486e+00
3.568220779053133729e+00
3.271407201635315509e+00
3.443200287411054106e+00
3.049953768082094285e+00
3.147728420004079819e+00
1.827991582873371712e+00
1.117954845646907058e+00
5.301507499470693574e+01
2.098855322191780282e+00
2.623374917836139630e+00
2.713970110193063778e+00
1.878173351587044460e+00
1.360866931092187260e+00
2.265200906855262097e+00
3.499603672517292985e+00
2.876595248999799459e+00
2.460322076465741858e+00
5.025603937283765532e+00
2.780031457598497013e+00
1.768595269947277870e+01
1.880775744416225193e+00
3.443596064758345232e+00
2.891866831001527416e+00
1.917183214660109547e+00
3.005284113417213021e+00
7.472792351853914994e+00
4.522531146006258496e+00
9.011921700295365767e+00
6.730630442825096260e+00
2.834801846017457994e+00
4.634428271214630968e+00
1.750272981888526314e+00
2.334709161090821716e+00
2.744522591033923931e+00
2.428084509581922568e+00
4.436021456492541759e+00
3.313150603831706675e+00
1.633666062306321942e+00
3.513055198773011867e+00
2.681376171555903021e+00
3.326744756101769340e+00
2.335698501341271882e+00
4.994885643808023801e+00
4.405709382871195956e+00
3.269367909911975012e+00
1.381275395031139164e+00
3.627082957257798057e+00
2.502163926557339657e+00
3.246781573810581634e+00
4.216464246149813633e+00
3.265772193315768845e+00
2.710310493870624171e+00
2.351122378487471298e+00
1.439880411928275805e+01
2.832072586552035087e+00
4.164366445200355926e+00
2.003049898718583410e+00
-4.641481941774843989e+01
3.578009504442590583e+00
5.391863990925322270e+01
2.716344288541237439e+00
2.747204823742340096e+00
3.162144228063070717e+00
2.469484483331093827e+00
2.277132044822701040e+00
2.015915966161347939e+00
2.401919782195766739e+00
4.779018349395419918e+00
3.633658092212225466e+00
5.782743125332036271e+00
2.375944819902619187e+00
3.025621062638367942e+00
5.204245243562095169e+01
2.386424050477836900e+00
6.523829640415346631e+00
2.508131828489326587e+00
2.721257381903165573e+00
2.969119360703816213e+00
2.509148550172636494e+00
2.170273551633284725e+00
4.528857401246646930e+00
1.867696877620996343e+00
2.878291569015249074e+00
3.721361376257728892e+00
5.334380170927000009e+00
2.370031751845730561e+00
7.179632269581886383e+00
2.551519883512419984e+00
4.423701794309627289e+00
2.824303854679580894e+00
1.604915893636296165e+00
2.096747703266144569e+00
2.784344090769054425e+00
4.536504070814803669e+00
1.060553448196036186e+01
1.366968784108252732e+00
7.469068330733230177e+00
1.839366522589709341e+00
5.212830091833164481e+00
2.932494134521035356e+00
2.332925997390563388e+00
1.448924330611682798e+00
1.740529042603386589e+00
7.871496405743445557e-01
6.375959107222182176e-01
5.775469140556936942e+00
2.661542077147188934e+00
2.448267112883329766e+00
2.403364182511100289e+00
2.200020840268785083e+00
9.699728849937686803e+00
9.227395197276841543e+00
3.824135691921770608e+00
3.342820670193223265e+00
2.255938400024806612e+00
2.522204031965619819e+00
1.245439872441776075e+01
4.943391801657350371e+00
3.285529785569339278e+00
5.185799148744806075e+01
2.537821372962772770e+00
2.478705719834679577e+00
6.866737692376808866e+00
2.276202945163855240e+00
2.173113838143645005e+00
6.712061533193099727e+00
2.063022837454496994e+00
1.879891640540120701e+00
2.224385305419640968e+00
2.935883268123518963e+00
4.899618618000486592e+00
3.153334823028989042e+00
2.405776848348692987e+00
4.816442939416456070e+00
9.621709753645621532e+00
7.837275175459656573e+00
2.902590003108830974e+00
2.243636259050618698e+00
1.261313858037006241e+00
6.613526509817771348e+00
3.786900330157130679e+00
4.791410891947972317e+00
4.210075794736401811e+00
8.471514518340164557e+00
3.658738454628767567e+00
6.344884481729184955e+00
2.001762031136288922e+00
1.265123190764338545e+00
3.182590379045751039e+00
2.926119060506195524e+00
2.714680497228757261e+00
2.654443743916023557e+00
3.661072400001815996e+00
2.801563193896782433e+00
2.180836044103281246e+00
6.708879748354707573e+00
2.500681397125456673e+00
2.873080319231537949e+00
-4.643377901452313949e+01
6.395619497929438069e+00
1.051420151462938080e+01
2.450450820366963711e+00
3.688404615265802100e+00
3.507740600118236962e+00
4.123150066280812709e+00
4.416047201044917436e+00
2.321405210731971813e+00
5.339275603724822616e+01
3.152310915737684294e+00
2.781306724990395551e+00
3.562950411068101175e+00
2.014056466538996837e+00
2.414178424978445037e+00
2.506314535771688057e+00
2.084759866016724139e+00
5.249363829363971945e+01
6.278428969459291409e+00
2.720958345902291686e+00
3.067425413723503524e+00
1.597766426463704148e+00
4.550986836179170325e+00
5.320444003249500042e+01
2.243894993114059044e+00
5.212833269881277687e+01
2.896636314923335842e+00
4.034515286318711702e+00
3.495469460675306284e+00
2.874431394167894727e+00
2.101060846028881546e+00
1.831471347511782533e+00
3.001034763926772264e+00
3.798601044891776191e+00
4.317571143535635869e+00
1.702953203474341537e+00
3.826052410983839636e+00
7.936437106218898307e+00
2.924879467936652766e+00
5.303390472736879246e+00
3.368823246871342381e+00
2.550410027020862280e+00
2.841698245392743516e+00
2.523254808328103671e+00
3.327133469231829732e+00
5.903939090348251817e+00
3.841115119058528649e+00
9.133241809423878976e+00
3.416722016081418012e+00
3.045059868869262498e+00
3.746574373991240492e+00
3.198503452445077944e+00
9.669606730214132639e+00
4.169576528398508231e+00
4.912194784737799580e+00
3.566128792038329109e+00
2.033063964924044953e+00
5.855253849098410512e+01
4.976153685206511135e+00
3.055059187388271091e+00
3.921071725270551589e+00
8.852947953956146421e+00
2.944010500700061872e+00
3.763233235744837923e+00
5.178705564132689787e+00
3.271405985339309819e+00
3.514087864724298349e+00
4.847733594098629695e+00
6.968683251591377470e+00
2.964875587099689458e+00
5.614320348973395269e+00
4.035055977912957559e+00
3.068244832443737025e+00
2.881900519523510340e+00
3.427901270455237626e+00
2.644288198504759713e+00
6.762121129035891798e+00
2.235749396997691818e+00
2.141141721519078445e+00
3.463196732939268330e+00
9.970095650725479430e+00
1.422993427924151622e+00
1.998813283215232328e+00
2.442049027266176786e+00
1.690320206339952058e+00
1.689338160796908461e+00
3.221505469167066593e+00
2.249361751415546173e+00
3.755262570491019858e+00
3.075408865555552484e+00
2.621111539246223643e+00
2.458830398742383849e+00
2.533110391466042444e+00
5.854175599500654137e+00
5.751289613213524277e+00
3.716202908011311479e+00
3.170544001781890664e+00
3.873393462561616651e+00
2.426184235909779829e+00
1.633474132243114774e+00
2.478764394692179795e+00
2.579164220811053898e+00
5.857316782216098972e+00
3.786143169895122451e+00
2.956681429724178134e+00
3.361288126900834339e+00
5.913821570308164688e+00
5.294423550951574242e+00
1.332560705957774427e+00
2.696923111146930729e+00
1.271261825051648664e+01
3.748559777356549549e+00
4.304127379293200661e+00
5.208040871231751368e+01
2.189415132054354451e+00
2.845567060003013182e+00
1.961784715832189052e+00
3.664927416943065008e+00
2.005228724637738935e+00
-4.475431906395809278e+01
2.813148016681069841e+00
3.235590386827503551e+00
2.641853716869765112e+00
2.673038063953507848e+00
2.612747909790820611e+00
2.692447888469019723e+00
3.428368227619141173e+00
2.775159164487402741e+00
4.290603227484855786e+00
2.074987439794938382e+00
1.033212893512213171e+01
6.241217070296634084e+00
3.131566494791054200e+00
4.199178045103652224e+00
1.879525636694002966e+00
3.579253391882649460e+00
1.638017703128160862e+00
2.850214937754261602e+00
7.814388916725892642e+00
2.268110568693525675e+00
3.214431062154847751e+00
4.212177256978093531e+00
2.550118150679912432e+00
2.930813016966035800e+00
6.847558705706561888e+00
3.492483425454687485e+00
1.818782896924709291e+00
3.251218940909895938e+00
2.527874202757776079e+00
3.138500581664445122e+00
6.521955198595303926e+00
4.607166823469459160e+00
4.601084655887812680e+00
3.156220728755486871e+00
2.225888146593582029e+00
2.823442223929545136e+00
5.428066164724425491e+00
4.562811723982701295e+00
1.177273253525654706e+00
3.291467967552494045e+00
1.726541638670929801e+00
1.212360455475739762e+01
8.368244086755504796e+00
1.676640562620321795e+00
2.093716904597608952e+00
3.033196332499497938e+00
1.410323005193765189e+00
4.665395378046914843e+00
4.071291918538017640e+00
3.504602764970582207e+00
1.788642508601432590e+00
1.761421100180901034e+00
3.829084991304074759e+00
3.703829950156805495e+00
2.940080667540003745e+00
2.753590988944994322e+00
3.272879993869267423e+00
3.006544686021368040e+00
2.156458511698934544e+00
3.092321355243098591e+00
2.760613174384910273e+00
2.553296040614232432e+00
2.046260263839552174e+00
6.554417281244306892e+00
1.909667702302563663e+00
1.993724696457360057e+00
4.052475484304528308e+00
2.530797028078853206e+00
2.631392655565355732e+00
4.345269720027324922e+00
-4.646690431972336910e+01
2.993303658243075649e+00
3.203107821191169879e+00
2.907233094670533369e+00
2.913425853035168878e+00
7.273441555500586020e-01
3.942790570405149353e+00
2.843724781487922293e+00
1.568052121216284567e+00
3.425836358486587407e+00
2.909252631139400247e+00
3.387809966340383561e+00
2.833269771947025006e+00
4.041295530446184614e+00
7.145869829246943361e+00
3.443318163310271629e+00
2.890507024857537299e+00
3.298919852394694985e+00
9.175529090456262082e+00
2.047031339267259664e+00
3.212040752788314357e+00
1.836503898282399794e+00
3.956850824408170375e+00
2.703305543607489536e+00
5.600387881155206315e+01
-4.632142389541279215e+01
2.561830007363765649e+00
1.165800468584956384e+01
2.736601342663191883e+00
1.806911486078169560e+01
1.439423524008814237e+00
1.140313862944488932e+01
2.871294510964467861e+00
3.792777001030839035e+00
2.509359336951316077e+00
1.022382992122969680e+00
2.360784924589047762e+00
1.225488372842818841e+01
4.398174344564532490e+00
6.041641482966722876e+00
3.478856437845523786e+00
3.100282275262728593e+00
1.888099439754943987e+00
2.843480482781056473e+00
1.224863005422251794e+00
1.440616780383946693e+00
2.308671167082413600e+00
4.022635300883713683e+00
3.294898801267295507e+00
5.036720496713794404e+00
2.541242397144196641e+00
5.261435205634739987e+00
3.215002172795030866e+00
2.835795674361844210e+00
3.277627801270480479e+00
3.298793058751652740e+00
3.012011000031631358e+00
3.683412027293116786e+00
1.471519279446351014e+01
3.746436621440095482e+00
5.192870054972626548e+01
2.872507159377387875e+00
2.576065509455941260e+00
6.857116658615447946e+00
3.600498379969400808e+00
2.834492741727758780e+00
2.484249504402110453e+00
2.738128906728675371e+00
2.047299029003017523e+00
1.705159325849656016e+00
7.006477608605517382e+00
2.519311707022852787e+00
2.811547588830378253e+00
-4.828112590209931909e+01
3.911165756441090213e+00
2.894232287013376759e+00
3.312578097459691673e+00
4.349996664169764493e+00
2.140232756980168016e+00
2.940272682908614765e+00
3.124679833181040589e+00
2.686763168456844486e+00
2.999446310801245463e+00
6.216646913007466857e+00
4.151483369424209258e+00
2.955642285810947456e+00
3.763490475689858616e+00
5.370261306287467562e+00
2.395416429927472279e+00
3.227198796862362329e+00
2.133705153313065761e+00
5.176586294799978560e+00
1.396777452642354866e+01
9.796409819925646190e+00
2.536395353770277694e+00
2.384042694571765431e+00
4.096245033565994120e+00
7.939134106048580719e+00
2.287337940631139155e+00
2.976396308147710279e+00
3.374469794815392110e+00
2.570397922896164200e+00
4.758055088585098957e+00
2.365272388934493542e+00
5.068402679947936917e+00
2.677847340973940060e+00
7.348019701255520175e+00
3.045536653876319555e+00
3.230246415584855146e+00
4.367376049981306352e+00
1.264147334714273319e+00
5.650265811917639880e+00
4.890229537017090067e+00
8.410077246208654600e+00
2.187856772029359576e+00
3.098595259861331996e+00
3.287405177419413960e+00
2.874446070642083573e+00
4.192479186559946669e+00
1.598132679904102460e+00
2.487409437743990370e+00
2.284982435315844107e+00
3.278646376513356664e+00
4.257225683559682672e+00
2.257629381747364938e+00
4.630741887190299444e+00
4.420890423431298899e+00
2.560076194137308914e+00
2.611405153229999332e+00
4.047516282939048082e+00
2.219893071652824901e+00
2.062848136249829878e+00
4.594723184824833773e+00
1.831095249746067744e+00
2.642493615256746864e+00
2.311379584049455094e+00
3.125082380004108096e+00
3.171459304821665715e+00
6.287348002975677197e+00
5.274616269216627984e+01
2.322235290026573917e+00
3.524924858343116973e+00
7.145268872117229719e-01
9.127879736155264823e+00
3.504525562399007033e+00
2.053243204784420239e+00
3.159401904963731855e+00
5.764679724280940221e+00
8.604004569869356800e+00
3.363335920851317606e+00
2.382850304875582470e+00
1.924553884752123301e+00
3.353663963510378654e+00
4.072921462720473507e+00
2.923119716521903388e+00
2.618102579378941197e+00
5.590228326153889427e+00
4.768359741899272919e+00
2.398113824606318278e+00
2.510987876692126086e+00
2.743513321340365074e+00
3.196530615965274880e+00
5.775113758962097776e+00
4.815572983359119874e+00
2.395265619754360031e+00
3.693791834183583145e+00
5.555734899577258190e+00
2.760404506192984719e+00
2.513708284614216470e+00
1.725775299100640314e+00
2.326064183829761323e+00
2.991416694274144028e+00
4.027654820343431474e+00
4.211069873784723860e+00
-4.720815339832370228e+01
6.992059437943866307e+00
5.122323023782031193e+00
2.627766998260167242e+00
7.295671468448483132e+00
1.635971922773644671e+00
4.343162889004124949e+00
4.504594541804883612e+00
6.702681628527249913e+00
3.320736144208392027e+00
2.151123452866319230e+00
-4.753264432261167372e+01
4.050613665991318335e+00
6.254243045586553862e+00
1.127726619825689269e+01
1.630888986744140512e+00
2.737625800317150304e+00
2.309611049500255309e+00
2.136400188918913479e+00
1.502468759986877123e+00
2.653639890771179566e+00
2.371795967448223852e+00
3.214680869169060262e+00
3.387432600387408677e+00
1.039865593418562639e+01
3.200356338216958196e+00
4.559148771427744329e+00
3.059867977987726029e+00
2.875573321593464904e+00
1.490529155486351121e+00
3.246459376452458745e+00
2.114379250576075009e+00
3.377140382307193711e+00
3.939144670574944218e+00
4.965979806376244809e+00
4.567944430834744551e+00
2.604257991197310051e+00
7.974681018040184810e+00
-4.537754907724327325e+01
2.303445836514290690e+00
1.093239136866767680e+01
3.829821536014219596e+00
7.182311548014704172e+00
2.847961735710964781e+00
2.163013594573143017e+00
2.438871228007861269e+00
3.331617496271065626e+00
-4.647193543352197764e+01
2.419347087111409778e+00
5.511630174379745029e+01
3.900522593959811157e+00
2.790959382515146636e+00
3.379187374143038269e+00
2.963541331652927990e+00
2.324532655947709081e+00
7.374914633629344962e+00
2.478334244659355701e+00
6.548623547141890988e+00
2.638996452131413317e+00
3.045796162650115768e+00
3.193708081533040311e+00
2.448121762426151093e+00
1.648885882810269710e+00
1.172601792404540433e+00
3.882122090269380266e+00
3.794755356783351630e+00
1.339969512399554086e+00
1.908831439171786659e+00
2.849415676230809602e+00
2.025090990065995911e+00
6.462191631298483507e+00
3.110361639319661364e+00
-4.628252001484232636e+01
5.377748540898734220e+00
3.244874347948894400e+00
7.644494994233053120e+00
2.990193602823719043e+00
3.384997055417845235e+00
-4.236825686688253967e+01
1.546166777759976796e+00
1.443648601975244805e+00
4.104887599421656930e+00
2.240120932654516395e+00
2.825192102564225038e+00
3.949400792409768268e+00
2.330290209781705535e+00
2.718817530669172644e+00
2.383319952513081930e+00
2.260419385988683416e+00
1.960045360114739177e+00
2.552746405487865911e+00
4.781565023358807842e+00
2.934408134598958107e+00
5.027753389408840867e+00
2.769562885380186135e+00
3.545657322225477692e+00
2.267539215362085692e+00
2.110179308338027582e+00
3.191887208213357141e+00
2.010104045797614702e+00
3.241087049244646412e+00
2.437557966241076457e+00
2.608302147823862160e+00
8.404685623520574467e+00
2.278472941513999928e+00
3.402660432130450108e+00
6.472579089955830867e+00
3.040337129728004850e+00
5.404223444350075845e+00
2.380828280528861640e+00
4.362673462347316899e+00
2.744319866296770716e+00
1.155514753231590142e+01
6.921948135279798464e+00
3.129686424267813294e+00
4.997454252577783862e+00
2.281921476703838270e+00
1.744599996873817727e+00
2.824307396035882434e+00
1.223792960453522305e+01
3.026857901218426683e+00
3.079200557150931328e+00
1.642576908926639767e+00
1.143739627289565242e+01
2.031416284918072357e+00
3.556484340439478142e+00
1.767326113178246061e+00
3.008861855875032632e+00
1.944431976001778750e+00
6.288526462747157098e+00
5.566668152272784553e+00
2.811802358184738893e+00
2.844889234558996005e+00
8.921471587293666516e+00
3.171835930582123986e+00
3.166625294115510414e+00
3.913596780446808587e+00
2.561446627985791036e+00
2.712278427140040193e+00
3.772251390946802285e+00
3.267958054302733117e+00
1.402183961608475693e+00
4.487419641637492518e+00
1.913481712430461723e+00
1.126711104320486490e+00
1.968882260775221882e+00
2.628241426722974339e+00
2.848526911359375635e+00
3.457569055739301955e+00
3.148163874148070196e+00
1.668498622325436997e+00
5.449354034231701149e+01
5.234715789276898334e+01
1.237951891367796087e+01
5.130420315223137351e+00
1.710696360551329898e+00
2.189747061537310913e+00
3.503525891629511779e+00
4.602202259857136823e+00
3.700713750802103519e+00
1.327119430693902036e+00
3.313360426819782933e+00
2.289875249716443850e+00
2.689731086818659023e+00
1.676025703119444765e+00
2.484891817981561779e+00
2.480788308609065851e+00
3.769767534095573858e+00
2.780435872735643077e+00
4.322180215947589055e+00
2.881766936358530096e+00
3.498729692740629726e+00
7.675783780908211895e+00
4.362864470223581925e+00
2.721842253215319474e+00
2.943922816270314602e+00
2.499721660950816826e+00
-4.725278891947847626e+01
2.769987004749878690e+00
1.800616461264826107e+00
2.265091228862279316e+00
2.227264954245077089e+00
3.588491360516495199e+00
3.892015280019342605e+00
3.546554450090713129e+00
2.245274616052046479e+00
2.279994930464788183e+00
5.113628476726812977e+00
1.734242773740786392e+00
1.458714397027755405e+00
6.188947070685340890e+00
2.426783612601884244e+00
2.673862406023093996e+00
2.853835379591056487e+00
2.329905484967905061e+00
2.320153293581861842e+00
4.363443251056414063e+00
3.017817638886551190e+00
4.915636145900977638e+00
5.309565861923517538e+00
2.754527783642353622e+00
3.910721363388580674e+00
2.532468913844315495e+00
2.339709185259828850e+00
2.279728580434252194e+00
2.374762631075434172e+00
4.508560133734974329e+00
3.227172075865905931e+00
-4.593450766811523067e+01
3.350597304183312808e+00
1.095998197702116350e+01
9.115947764113254692e+00
2.361583752185979712e+00
-4.683722824400861384e+01
5.481454838878240032e+00
3.691846974940909742e+00
2.026980045866425328e+00
3.738018216263564231e+00
-4.222168557418044088e+01
2.984660785179523046e+00
5.439072213232567066e+00
3.524269435559622465e+00
2.637429726226127702e+00
8.845695951709311444e+00
3.453814240841183381e+00
2.847042129586367931e+00
9.733547719449687108e+00
2.365965562858484361e+00
1.964694384953870498e+00
1.900012396400306169e+00
4.173895554063498103e+00
3.629407733984664652e+00
2.409613345339451485e+00
1.513977812273561208e+00
1.067801747420525471e+00
3.126151348080431269e+00
4.589728930076725000e+00
7.491510679956095764e+00
1.504736851287884036e+00
3.432303991134034504e+00
2.670671482947469144e+00
1.410320074377996891e+00
5.612633612204152911e+00
3.844752378625498679e+00
4.582627243448415655e+00
5.345117976592503339e+01
2.748337844719968004e+00
6.555957190369771759e+00
2.976507589881381755e+00
3.295618067973698828e+00
4.183882935822818894e+00
2.899179535816944764e+00
6.591505369166130279e+00
4.283043784496930684e+00
2.125828115841117416e+00
5.115639331873072848e+00
5.399803962664361023e+00
2.248361518422243410e+00
4.791857222954801543e+00
3.733800739447057815e+00
3.069060268552545434e+00
3.628098512772890416e+00
2.323635958725886574e+00
7.946241124074830076e+00
2.852947307786003694e+00
5.545998131944493537e+01
5.544737440102885273e+00
2.104066692883213463e+00
2.480737454067762471e+00
4.021715827535594201e+00
3.896139257050265314e+00
2.622881178201179608e+00
3.000357876951919245e+00
2.992922348270378841e+00
2.825651835610056839e+00
5.374983376713493044e+01
6.919239349258694105e+00
5.352303354251671408e+01
2.087663774868510735e+00
9.092321009234508367e+00
1.553679804513295126e+00
3.120988585383460023e+00
7.197191340880091381e+00
2.422118757258330035e+00
1.405716050476435441e+01
9.448181034075755491e+00
2.963228679104509933e+00
1.718966942038232526e+00
2.880162020523071131e+00
6.511987525105377372e+00
2.756941071213726779e+00
1.003760460058217419e+01
2.237904275296110246e+00
-4.742922298941103065e+01
3.064307981490006938e+00
5.463237756033021419e+00
1.606658280396248362e+00
2.622301596511953825e+00
4.858724456302192074e+00
1.577466097900843467e+00
2.727639796581333265e+00
3.042234194019377114e+00
3.108922840948290744e+00
3.078870356723018009e+00
4.230506636313956292e+00
3.512576347230917495e+00
3.736664988928096065e+00
3.095915867936641419e+00
4.255231980085950383e+00
2.424081595579268722e+00
3.774772971315369041e+00
1.326793208991341455e+00
-4.122448487010287721e+01
4.203957213968376294e+00
1.740355990393799956e+00
1.731907857751834090e+00
4.678465466399210904e+00
3.797102682943759966e+00
3.562761657599610832e+00
3.117837525406695232e+00
9.168698999581234688e+00
4.113136146938248139e+00
2.804319199102006444e+00
2.630803973251294892e+00
1.689220615212493559e+00
2.393001397541867803e+00
1.764299873901102433e+00
5.532479970556009263e+00
3.085527883417995998e+00
2.219743000221034990e+00
2.630285015776861357e+00
2.735399685454355634e+00
2.468526868469384183e+00
1.744474679921091509e+00
1.378593641087283883e+00
2.470918196430729630e+00
1.540700788505240615e+00
1.066121557527679187e+01
9.935136951534435212e+00
5.558910609864593511e+01
1.011611060046314314e+01
1.967935590443193661e+00
2.574309872213718542e+00
3.067743336086522721e+00
3.056142413305922734e+00
2.280224657955400414e+00
3.968224999759012661e+00
5.288799689454705799e+00
2.967970080837699864e+00
3.283032767199635771e+00
2.874511849197828539e+00
2.421885036250883694e+00
3.804732750659129970e+00
1.288293422665178767e+00
3.415515801005375440e+00
1.604109416342161198e+00
2.944550858553732109e+00
3.676567061348489762e+00
3.082406895756287568e+00
2.166828091723972616e+00
2.586452134035369443e+00
-4.747993645458442558e+01
4.670183444630045422e+00
6.146085917974362545e+00
2.417223688049635832e+00
2.967840866946815481e+00
3.969105745599192936e+00
2.827951239025277008e+00
3.236717790626719715e+00
4.877649719758790248e+00
2.155190638725503316e+00
5.701944976496338136e+00
2.347631306980916932e+00
2.036672010661514598e+00
2.504227112745302186e+00
2.866817545322383864e+00
3.383907341467141894e+00
2.992927258759461306e+00
2.897835437604690867e+00
2.500182329472397935e+00
8.054832106691369731e-01
2.874095709776688601e+00
2.034461176313877573e+00
2.179381144952310390e+00
2.773681900960468294e+00
2.721571336125987006e+00
2.763784487631594011e+00
8.801652836205029473e+00
3.659516974406993306e+00
4.477509196638239430e+00
2.471790326059019272e+00
3.109369267480208698e+00
3.371741028079519698e+00
1.864718599364414420e+00
2.520924157034361013e+00
3.223791888042694342e+00
9.167250566462509909e+00
4.019014228208050099e+00
2.239528271308838026e+00
3.655572011511660335e+00
3.827718288424023729e+00
-4.693890957346174275e+01
5.432989536995039259e+01
5.714253239032691667e+00
9.642098361394294770e+00
3.958678371613025160e+00
2.963129341380440263e+00
8.699029662264663898e+00
2.896651916572362317e+00
3.850999488762713696e+00
2.574401532236320289e+00
6.031973087487817686e+00
2.622955122864112809e+00
2.937577265596208687e+00
6.831461796575572620e+00
2.794731092184295385e+00
2.900173142688095673e+00
7.442888987952227531e+00
4.981471211552610079e+00
1.713503472477939438e+00
2.761954364440318166e+00
5.175591426389793526e+00
7.284052085501560470e+00
2.765104942544617472e+00
2.923983538657339398e+00
3.024398133145688394e+00
2.917118284176696275e+00
1.066942783171460185e+00
2.752380654350429445e+00
4.615572673391809211e+00
8.198490590476655626e+00
8.528219544764905180e+00
3.345837897855523213e+00
6.935952139449764076e+00
9.700975352639638061e+00
2.857305539738669076e+00
2.367222822345079969e+00
3.673728208667963901e+00
2.185486905353184017e+00
6.192181325236029821e+00
4.423059910257918226e+00
1.660366716239656260e+00
2.713293401249316172e+00
2.566381118914899062e+00
2.310831265107443855e+00
2.933159256314541441e+00
1.250193587254575256e+01
5.272876341449361348e+00
1.736362991371835252e+00
2.440521706271847169e+00
3.051892621342331413e+00
2.087187827171385290e+00
4.595215462537499462e+00
2.105186254177441540e+00
3.548483392078183307e+00
6.191331463679906832e+00
2.000075061940973065e+00
2.277336901624322785e+00
3.105394408430870890e+00
-4.799451045108911273e+01
2.088683882486169097e+00
2.604717689560993144e+00
2.418748065001973480e+00
1.772595738892850381e+00
1.453548366517015245e+00
2.435688096766247313e+00
3.144676687929016445e+00
1.395669071196043554e+00
1.900443082587916832e+00
4.376139031880703634e+00
2.290568712750661540e+00
5.841164871662515523e+00
6.136196322889389876e+00
3.001469074455237696e+00
3.122977532809378953e+00
1.292260183013135721e+00
3.441383775540517220e+00
2.588386124397493049e+00
3.883682276568871661e+00
2.503479623644628838e+00
3.064508654378081953e+00
6.025570210346600675e+00
5.283565297560048890e+01
-4.766578997555691188e+01
1.707399439133182595e+00
4.508926754667360370e+00
1.267911525989060761e+00
1.913293411433114377e+00
3.535454195656692278e+00
1.571887172530993304e+00
3.332313225391519307e+00
1.979532168022797300e+00
1.227966888819716607e+00
1.990275687047887931e+00
2.710157982708180313e+00
6.933123300106103670e+00
2.352012764394134425e+00
2.942281016995687448e+00
4.022359308400458744e+00
4.099178981135818134e+00
-4.561103140751706064e+01
3.167387863262629999e+00
2.918959990338380717e+00
3.019979230128596814e+00
4.679872428667225748e+00
3.305622425591395519e+00
6.870178004990274090e+00
2.703923366071080192e+00
1.553550036702346926e+00
5.125808002030527888e+00
6.112635095882935410e+00
3.401040538749380282e+00
2.486554427871839223e+00
2.123665784948779223e+00
2.868706782799149035e+00
5.101126045152032162e+01
3.554786297028976527e+00
3.123219580925727268e+00
1.629686604305849107e+00
1.629624837321590691e+00
5.763848744325043683e+00
4.778366936052571567e+00
3.276328640688800142e+00
2.180188127654648422e+00
2.433547610424067198e+00
1.550424243148664782e+00
5.220063926807379318e+01
3.799676765828872149e+00
3.395242807810585184e+00
3.502398396167485384e+00
9.266222741512862626e+00
3.382952400586734854e+00
2.450948590320772169e+00
2.256402396769674468e+00
2.469934807801123622e+00
3.129870659372807840e+00
4.091332749128831381e+00
3.234272089339922385e+00
2.145312805689199909e+00
2.956910250071934421e+00
4.093242495363156763e+00
5.044458339102865452e+00
2.756365366678946494e+00
3.749992321941381324e+00
2.474739147175560205e+00
2.668631468420532116e+00
5.629718918666521965e+00
2.552502916305538605e+00
2.919726675142835681e+00
2.580085006287286209e+00
4.212181874907922285e+00
4.166774891761882316e+00
3.172969400787124528e+00
2.262275173851416632e+00
2.947994109128547091e+00
4.412847967221402712e+00
4.895231623359818762e+00
2.685101225828577576e+00
2.408927220593327867e+00
4.051675486825057071e+00
5.241734407868901258e+01
3.097058109832111494e+00
2.088634506166480165e+00
4.819089732499747925e+00
2.821467629680582956e+00
1.904649200643836027e+00
2.055574876077416402e+00
-4.626753317582505076e+01
2.537844553611737553e+00
1.589039752280213058e+01
3.121136226220756260e+00
2.018941761435119719e+00
1.421235796764551251e+00
2.151803167194612065e+00
-4.683986469441949652e+01
3.699455757880162565e+00
2.460803676516291283e+00
4.401943931550683864e+00
8.973777862999085642e+00
3.294522510970409268e+00
2.932875990049971904e+00
2.683501541131571244e+00
2.970171769505740578e+00
3.780924109892781715e+00
2.615581759925407201e+00
2.460512501640238714e+00
2.537778368574629795e+00
2.464984569512127521e+00
2.645311255947046192e+00
5.292742067562865316e+01
3.197506288332976787e+00
2.328424576887716313e+00
2.828957201077107797e+00
2.120588997157692557e+00
1.925265942857097290e+00
2.443921997284838721e+00
2.234474895833397312e+00
2.925688257231247036e+00
4.099692538078488546e+00
1.622640042702184093e+00
3.829985165613861486e+00
5.178671825407073825e+00
2.703117587414824996e+00
1.887652285423924381e+00
5.565085879300007754e+00
3.182474928034723316e+00
6.446504376152209836e+00
3.837818268035825042e+00
3.566774116158708541e+00
7.561137317683678027e+00
7.394830593495643534e+00
5.172176293796282742e+00
1.434128351489609976e+01
3.172546498321049846e+00
2.654295013843854356e+00
1.923804496326181779e+00
4.021424570463467241e+00
4.593608535875898014e+00
3.128700041794872266e+00
3.607917825998606887e+00
3.364830512189892264e+00
5.676318550315519573e+00
2.771918694054225529e+00
4.404750892536114293e+00
6.109257188845834463e+00
3.452135988696337865e+00
5.115008894087356595e+00
3.692250863452121390e+00
3.343099450224715774e+00
3.299933158132236866e+00
1.722978452612656142e+00
1.154194610870105286e+01
2.721786342169824291e+00
2.765407139670204018e+00
2.885505504256086873e+00
2.139510407009140636e+00
3.688425722516806449e+00
3.711631465979758016e+00
3.307526413226504314e+00
7.297933321312872756e-01
2.113755674501021975e+00
2.647639539397047326e+00
3.408832853424026865e+00
2.381275353993213884e+00
7.307216581396319910e+00
1.716437966213935740e+00
2.281755774584778518e+00
3.667617364876114561e+00
4.035063245691169698e+00
3.380374656879272965e+00
-4.707206276312240334e+01
1.175684924192276881e+00
3.415176082217192377e+00
2.494697848325837075e+00
2.201533018335164016e+00
4.342615649133525935e+00
4.008027777216159215e+00
3.321053029192278849e+00
6.551749371081923456e+00
2.585178109121891055e+00
2.835522503388035354e+00
2.648073274123688314e+00
3.070048189541541905e+00
1.838934894271477383e+00
2.976985511466772927e+00
2.861033968551867979e+00
3.340881980848350530e+00
9.679338541080404923e+00
2.612584217582900603e+00
2.666327489305618581e+00
2.349686711835409447e+00
2.785171546398350628e+00
2.132439086985147725e+00
2.585083325641380103e+00
2.700039504477993013e+00
1.429959914509228991e+00
3.682432926729685363e+00
3.374329873520000689e+00
3.171525428328947349e+00
2.870624025198218021e+00
3.033179679961415243e+00
1.603673871866677647e+00
2.488819926596475440e+00
-4.404723723569690463e+01
2.609182121847732905e+00
8.707038280826333576e+00
4.195425214215094734e+00
3.421473868750525504e+00
2.883756148453800350e+00
3.600641566848064024e+00
2.041407629463383611e+00
3.726111794701426394e+00
2.126577537678909557e+00
2.336002115327540984e+00
1.348874408864643382e+00
3.396018658086572994e+00
2.354490134915868893e+00
1.897116529506317706e+00
1.409331714335070984e+00
2.710636832537930641e+00
5.232241327417379750e+01
2.066981451803613812e+00
1.319479421664844665e+00
2.157566641061919199e+00
3.217038271262408600e+00
3.940956433171706852e+00
1.101741761062778879e+00
2.339923560938233837e+00
2.804300879768052646e+00
3.082982771608314021e+00
9.290998229836088029e+00
2.582960828068966652e+00
4.570458893487952423e+00
3.783722379453049456e+00
4.862992649809879886e+00
2.759922211997482666e+00
5.346744241732998226e+00
3.169679561855975436e+00
2.128283751066284868e+00
3.185596041977062143e+00
6.654557926486798891e+00
1.967401064747313022e+00
2.645637593058626891e+00
1.278440044420324995e+00
2.643044314321195465e+00
3.718291180463912493e+00
3.053419627641726475e+00
4.182443616554213150e+00
2.881454251173483083e+00
2.980450048194688062e+00
2.720229641646865648e+00
4.101371708658722248e+00
2.977111564637178631e+00
-4.813774563177835830e+01
3.413495526965180105e+00
5.756327542574172895e+00
2.862292973635732096e+00
3.216803385655267800e+00
1.713406673922143852e+00
4.047296962988890634e+00
2.192443650538058009e+00
5.320372111236198798e+00
1.357205069066069081e+00
1.962826779297508484e+00
2.511908534986294850e+00
4.189933552816407669e+00
5.150178411044936233e+00
2.952333702766960499e+00
2.544968962864524453e+00
3.354053198394891577e+00
1.749618840623966110e+00
3.346949068535606031e+00
5.721902024411194887e+00
3.303368058030262677e+00
2.858620946944908425e+00
1.282372373677701738e+01
3.076361616867794968e+00
1.641702856763664009e+00
1.025769870976748877e+00
1.816187733738170218e+00
2.937692510162243309e+00
2.431346286740531326e+00
2.194773877412059537e+00
1.899731050361021190e+00
4.405343195399809453e+00
1.505624064635852299e+00
2.470444069997085546e+00
5.435445898364560691e+01
3.864104484769750325e+00
3.633179829971239450e+00
4.170798816399136300e+00
6.772167939397071734e+00
2.796199329855818316e+00
5.368408020017631088e+01
-4.641058196496658894e+01
-4.888481558241499414e+01
9.717850819702910314e+00
3.954478981729703690e+00
2.120836934322054557e+00
3.505772910367063400e+00
2.751161062535671942e+00
4.787842139147573839e+00
1.512084248471437853e+00
3.196455138561510534e+00
2.435587956391166209e+00
3.096963607330784019e+00
-4.741012851548466500e+01
3.782597914031165409e+00
3.155533772250459279e+00
3.903275058388849139e+00
3.043502259685784583e+00
4.535119301963313809e+00
3.060637068623374812e+00
2.957212713147312044e+00
-4.646827849165203617e+01
5.189929130239096189e+00
2.690864249216788462e+00
5.020928842717033547e+00
2.828646214955957472e+00
5.672616530003522506e+00
2.503277870819654360e+00
2.522451553978064975e+00
4.769105285442117648e+00
2.006667745240835465e+00
2.968943252143126710e+00
1.298314863992835022e+00
2.800618381340118201e+00
3.429946613207459638e+00
2.809494089043284681e+00
3.667480627967248275e+00
3.847697538018034713e+00
4.911952231481354403e+00
1.810660548877603526e+00
3.103864631110228256e+00
6.615611088878956103e+00
2.793948596210940494e+00
2.092880288839791270e+00
2.498793883988211117e+00
-4.721587875219918828e+01
2.890090361218158321e+00
2.758529637869270079e+00
4.751794294373231864e+00
2.777402096913629936e+00
2.586534170438786084e+00
2.581643764311877476e+00
2.940684016938666101e+00
2.960616398493923107e+00
2.909554935027632627e+00
2.601145659388914400e+00
1.692133522421149117e+00
7.734185124509243003e+00
3.248842785919630494e+00
3.934157838525765172e+00
2.397496118019512235e+00
3.443090168489990610e+00
2.737622094202618150e+00
3.132621284157035113e+00
2.728851334055260036e+00
3.562149754593550988e+00
6.164295552068066897e+00
3.539415687123408816e+00
2.758971853318288758e+00
2.488490460866884302e+00
2.634120878555769263e+00
3.692448881019457119e+00
1.803431871886460591e+00
2.270686776055559353e+00
3.148228405403294516e+00
2.381520147925356934e+00
6.348967305152610763e+00
3.610395193833060290e+00
4.258999110003398592e+00
6.471482428997150649e+00
6.098111461949434542e+00
2.310800169832682549e+00
2.730107646766553042e+00
4.008211224542352014e+00
3.477173657535207685e+00
1.733137769741379897e+00
2.805880218702144546e+00
1.093629707658516415e+00
8.802271358633300125e+00
2.396295342491030933e+00
1.281493962441204637e+01
5.299587534146789380e+01
2.025612685440199012e+00
4.651056803595397859e+00
-4.654858373763865131e+01
1.426547313367422243e+00
8.070629582580519212e+00
2.317045909681979321e+00
3.696287010550891594e+00
1.833909096893344692e+00
3.626381097079457216e+00
2.627466500380244696e+01
2.096515813821463681e+00
3.324981188238675944e+00
3.268356979618508351e+00
-4.709544034097903875e+01
3.196801514333660332e+00
1.467475494633354360e+00
3.191821574160980557e+00
1.825033278185577368e+00
3.175456491963689842e+00
3.087889132677495319e+00
5.319165319682779725e+00
2.536198970667730368e+00
2.578545178290870155e+00
-4.772610737638342471e+01
2.142877183249523920e+00
2.457414607326156908e+00
3.627356151331528888e+00
1.783416779599233948e+00
3.026618743146486601e+00
5.210735104836175857e+00
2.829754048419424350e+00
4.369403893719437271e+00
1.541853104137251851e+00
1.811536435414714674e+01
2.557255795796257392e+00
2.855627976190610706e+00
2.892572408727813738e+00
3.324377610012813733e+00
5.246952414992380298e+00
3.278274228678123681e+00
-4.198405264682586591e+01
2.455497632582825496e+00
-4.587936267757501696e+01
4.574952436091248131e+00
1.833308393360829180e+00
2.993380851278250265e+00
4.837474807301694213e+00
4.501528506547828101e+00
2.463842468524894525e+00
2.796429100367437748e+00
3.070361631472499742e+00
3.271173621855546276e+00
1.714948873645207206e+00
2.833705892548251448e+00
3.185911922004016628e+00
2.047857809918752992e+00
4.264850350242602062e+00
2.764609630349191605e+00
1.899835095204172708e+00
1.861819647352179308e+00
4.786024562071186317e+00
3.399722658248533147e+00
4.721320104806657980e+00
1.394525875084646760e+00
1.691044599999422804e+00
3.566093906613044595e+00
6.391483402973221928e+00
5.775236444221366128e+01
3.900615854262091453e+00
1.906127759282123968e+00
4.674042032448824102e+00
1.176001297281754177e+00
5.155742703477380395e+00
2.837497777010574929e+00
3.148293785686873125e+00
3.178681378171241967e+00
3.534542980262783463e+00
1.264647816849713058e+00
4.134341451535001433e+00
3.722954564481673945e+00
3.708582483647822947e+00
3.708873408661295112e+00
1.443031889005890855e+00
6.487623648558383138e+00
2.858312464787009954e+00
5.673324584690681860e+01
2.323881286659776446e+00
3.481727450331554508e+00
1.709092949062189337e+00
3.470159806451724727e+00
3.685929214773776330e+00
5.272297124603075247e+01
1.898180906653293309e+00
2.130604923045242405e+00
5.289471842274380009e+01
1.759658073399246181e+00
2.342108028974231537e+00
4.257667093106060285e+00
4.433007771691682031e+00
2.203392788104573619e+00
2.802652206117242528e+00
6.130318602221937141e+00
4.491377770415468262e+00
6.210564512773659729e+00
3.356512639918555863e+00
2.223522518255921732e+00
2.060522089086123110e+00
8.319080295321708007e+00
4.607968614789381689e+00
4.799374914194685537e+00
3.238519442990902331e+00
2.413785427442201481e+00
3.258643719280598816e+00
3.004207081595037021e+00
3.725933877643609726e+00
2.329192208623338978e+00
3.496428157053158792e+00
5.094140709177647608e+00
3.462713448772144265e+00
5.732143015470226644e+00
3.089364316094499685e+00
2.737465045844194922e+00
3.956154315328008320e+00
2.411963888078171525e+00
2.523959451511193386e+00
3.304091315525941486e+00
-4.786255721433674637e+01
5.502447408757191738e+00
1.859352565886640107e+00
4.049253296398304336e+00
5.973195939072564187e+00
1.957663961063752067e+00
1.581141003384344712e+00
3.193323613832737884e+00
2.703542636338887473e+00
2.097856985699343646e+00
4.588858688606400449e+00
2.954434629404417478e+00
4.670368402378585415e+00
2.069145725671142966e+00
2.462528823999934779e+00
3.147202417059736135e+00
2.633937138111498655e+00
1.490076578422587561e+00
2.546789164836145591e+00
3.691735617137459791e+00
1.707236671855222765e+00
-4.749293775952178009e+01
3.024185465187271937e+00
3.464705617577551688e+00
3.209388165747563360e+00
2.504997388492362198e+00
2.296761396574592773e+00
4.579870852543812099e+00
3.213078365266440084e+00
5.685292148708777304e+00
2.633390036453396643e+00
2.790982304407988668e+00
4.288792976920976052e+00
7.314402265115934831e+00
4.209955794921055983e+00
3.840885796967933974e+00
4.169883725835742183e+00
1.906001472377900186e+00
3.601554607921554574e+00
2.814858401855685255e+00
3.154297809163766342e+00
3.221986011571894792e+00
6.120795974079000779e+00
1.668937007866535316e+00
3.143681769643062118e+00
2.652678175739084487e+00
4.355151226990635394e+00
1.989559929810949157e+01
5.340043240562651761e+01
5.297915055106429350e+00
2.236919230650030510e+00
1.647546239561558989e+00
1.709358216742172942e+01
5.631300749897389935e+00
5.222010052022473481e+00
2.839909952605338184e+00
-4.735653339733097056e+01
3.805278054293723677e+00
3.385684237480448999e+00
3.828886200027732389e+00
1.553591015167001377e+00
3.098966903223676628e+00
5.676977515922027706e+00
1.322384158265675458e+00
1.272333309319177985e+01
5.174647617444231074e+00
3.087759083740265531e+00
2.916965405751641427e+00
1.964977871684755018e+00
2.896183588471827441e+00
3.096907791705671098e+00
3.334494390753674153e+00
3.053335513946176860e+00
7.697304254884241637e+00
1.933867619954988903e+00
2.709628115120901626e+00
4.515788356233846557e+00
2.811106226411197451e+00
2.940630160905615131e+00
2.363518402435430765e+00
2.723195735139278817e+00
3.645633276369156572e+00
4.153899707859988411e+00
4.450829029432876283e+00
2.304798372076784840e+00
2.983104114791231165e+00
4.017887504418863998e+00
1.850602384326281991e+00
4.660787728031725585e+00
3.582654396722695367e+00
2.158872263349884690e+00
1.889645725620923145e+01
4.308356729987075084e+00
3.955733947322178867e+00
3.555074243913939558e+00
1.996970909858056809e+00
5.205063753594617282e+01
3.755734143811502168e+00
2.163131456964811239e+00
3.221538430128401131e+00
1.757512552174280929e+00
4.342775887551893810e+00
4.894516262520241412e+00
3.244579308812041596e+00
2.696860660487872430e+00
6.930106310806717573e+00
5.082272340860741977e+00
-4.708693573593567550e+01
1.618641533537910959e+00
3.324966645638856910e+00
5.090504101407057114e+00
2.370771619060860758e+00
6.648590586246584166e+00
4.229448068088609958e+00
1.614641524943202455e+00
2.022407686376731739e+00
3.199627505963614560e+00
4.461157192936061833e+00
3.723724615465172860e+00
3.092960960243870794e+00
2.641677310687322144e+00
2.857396890865680827e+00
2.772252747767248948e+00
2.723539042416814659e+00
2.308948150735392169e+00
3.586801147909766119e+00
3.690931824145201823e+00
6.882759248631966642e+00
2.419644193259005593e+00
2.581724224661009703e+00
3.690638068112106485e+00
3.670482973255571491e+00
2.451688968862239193e+00
2.477973554615597873e+00
2.175974837959275376e+00
8.049132360140283993e+00
1.946029167406859495e+00
2.970821118743056655e+00
2.623494667811316905e+00
2.441492034598555350e+00
3.159631621895050646e+00
-4.916295032562744893e+01
9.298567039868990136e-01
1.557653261814434309e+00
2.327808625189210279e+00
1.568954718318849695e+00
2.103453697745680806e+00
2.632657724554703815e+00
2.820157742756477237e+00
3.059351676569648237e+00
2.890679282789681892e+00
1.830895421291331759e+00
3.328769028796396245e+00
3.560952299832924162e+00
3.287642502039742176e+00
2.832188301303077527e+00
2.447222933149572732e+00
-4.723097917132599122e+01
2.383774416843931210e+00
2.493330093800273595e+00
2.728142190207501372e+00
3.007986873204633760e+00
3.981060867688874350e+00
3.066214180737095951e+00
7.876457444594283430e+00
1.585730268450156633e+00
3.422623709652407253e+00
2.911980366230731754e+00
2.840894283696397515e+00
5.442855150431147315e+00
5.559939396811272161e+01
2.100324908919867894e+00
3.525429853901175026e+00
2.384143188109828060e+00
2.679610626609774560e+00
5.204527546810840732e+00
3.537632135909639874e+00
4.101993964415552973e+00
3.369261361168321756e+00
4.636355227872114959e+00
3.569324204798043798e+00
3.440581988460372997e+00
5.000856299408196648e+00
2.307013881752907114e+00
2.169763780397438779e+00
1.566825020097048604e+00
2.649548985057396333e+00
2.424532547766912849e+00
3.934748488271732292e+00
2.492345294627255292e+00
3.416318108641827500e+00
4.289396523462398747e+00
4.125579621172070333e+00
3.736873337057291966e+00
3.631914048209746504e+00
2.107692709572574596e+00
2.752399336855340550e+00
1.401614306357690909e+00
3.668216137974531943e+00
6.291029644596471293e+00
5.140221674946801045e+00
2.195279640763739160e+00
4.590788253003922570e+00
-4.681224137457075329e+01
4.536532810263997462e+00
1.656696062175921469e+00
1.602715706674828544e+00
4.536411253261534604e+00
2.220320263856780940e+00
5.420449286497074581e+01
6.283913111580262445e+00
3.482414481596828537e+00
1.890729783694562016e+00
2.757687494161841446e+00
3.142221708116641032e+00
3.874470055905935961e+00
5.240007254150587102e+01
6.695111912349189787e+00
2.841146007814768115e+00
5.379017393386744317e+01
3.135518225668811443e+00
2.679566025387165595e+00
4.015321357523919943e+00
2.266739636832050486e+00
2.605632354224198810e+00
2.373893585669290651e+00
2.551745933193416249e+00
2.744391147594869906e+00
3.884064200893771357e+00
5.379887411991387758e+00
2.589544869950302974e+00
5.334155293076224780e+01
-4.705592899280617303e+01
2.056801189282867703e+00
3.414639566712722285e+00
2.206260524810110368e+00
5.244023595700930684e+01
1.572722377111485326e+00
2.707171311434444672e+00
2.357501806878554262e+00
1.150525834895104627e+00
2.754979967598010226e+00
9.293586113157196849e+00
6.575785457763490882e+00
1.591721564085206486e+00
2.340915432716521583e+00
3.731074208537751069e+00
2.690705836946023943e+00
3.131316490812552367e+00
4.026191057662732220e+00
1.674336520320415245e+00
6.288665442023297913e+00
3.294804899366246875e+00
5.046373569786352320e+00
2.886563139296401737e+00
3.246790375479721824e+00
-4.694821887965883178e+01
2.909221009528919932e+00
5.307110251503074494e+01
3.083398359402490740e+00
2.353661242236184670e+00
3.346435923601541518e+00
2.276388623858232485e+00
3.612860403604321924e+00
3.122066645976064869e+00
8.703572902824824098e+00
2.601724323564549746e+00
1.892078597835450182e+00
2.208093527953685076e+00
4.231466709048977926e+00
2.441226465823957970e+00
2.069049864130342531e+00
4.137397362026245418e+00
1.588122597224622012e+00
2.588623830140391213e+00
3.074969467615762841e+00
2.511125845123563405e+00
1.609891822429333708e+00
3.009028017643972319e+00
3.187811563842425144e+00
2.128957504935090395e+00
3.522969084233442683e+00
3.987948150846658990e+00
3.192041522437717216e+00
3.866627332752905488e+00
2.628512377517703502e+00
2.776062853065031533e+00
2.340712497216540733e+00
4.803025629490642601e+00
8.987290954193534631e+00
2.461584287363232537e+00
2.640869042393820365e+00
2.235344055595396728e+00
6.704498160381699989e-01
1.893728496245367543e+00
2.503477841996313735e+00
3.274599693874939099e+00
4.501627554441058443e+00
2.706914466859897672e+00
3.293100018761187631e+00
7.191844347513285385e+00
4.033141804885905124e+00
4.911462252403857143e+00
7.202947419769878934e+01
1.910632313396234405e+00
3.005121238164538244e+00
4.192541028959819727e+00
1.571526412263676287e+00
2.917487809889459438e+00
3.075120703576332382e+00
2.173723905872146478e+00
2.429952813775519083e+00
4.280715662807553556e+00
5.238255932462443099e+01
3.576387244197135828e+00
2.571813814488569161e+00
3.360905174799256656e+00
5.176706330653820487e+01
1.138110063342702816e+01
3.125241093274822912e+00
1.390618002845693812e+00
6.414539002715354599e+00
6.312161061117786076e+00
2.450262172808725047e+00
2.359666810984994090e+00
2.933138711053901115e+00
2.988228136041778615e+00
3.162156548764152308e+00
1.750452667170777632e+00
2.036481965087596713e+00
5.049648585598637496e+00
3.170471250192022694e+00
4.774031302610039162e+00
3.841524287081161226e+00
3.613857846489077374e+00
4.668699304042759124e+00
2.314107684241729412e+00
2.694198314910682956e+00
2.182508766009515710e+00
3.184094313931844500e+00
2.654025424129642818e+00
2.142623992954050482e+00
4.870811987283920175e+00
3.596472309449532556e+00
3.083486838840076238e+00
3.283208333888737229e+00
2.496513606967453835e+00
3.832043926518036159e+00
-4.415886698922163589e+01
6.398987648022150587e+00
1.890712230998168764e+00
2.928779390762544566e+00
3.185465681042115360e+00
3.264658645093415856e+00
2.081771514082197516e+00
2.543009335120339998e+00
2.899386988979108626e+00
2.364116763596932902e+00
5.081297386667201543e+00
2.990489695563910644e+00
2.298486153494040174e+00
2.131174261174364482e+00
2.960557092065232876e+00
6.456333800527522371e+00
4.474614077748697127e+00
4.248550910114307300e+00
1.845244390027867443e+00
9.145415638518525014e+00
1.186434615514552204e+00
2.529771029678169025e+00
1.568229715319961803e+00
2.704773607928533607e+00
4.472270066150648482e+00
2.643325351364310016e+00
5.337026258888293739e+01
8.045144299078575756e+00
2.624299801696376999e+00
1.806221266548766913e+00
4.357448168201229599e+00
5.411609801156845379e+01
1.226662544916167796e+01
3.451999193053110204e+00
3.755174720489536266e+00
1.745597295135288274e+00
8.778015171128936700e-01
2.877310010751262581e+00
8.371501563196837026e+00
2.705513360422659552e+00
4.002015041779320548e+00
1.305082478690681613e+00
3.880996297566261077e+00
7.546125385801346397e+00
2.192624859878309795e+00
3.795544643665202500e+00
4.312568846977869796e+00
8.073730054197572059e+00
2.725643664976460379e+00
-4.654811147744184296e+01
1.006589136577838772e+01
3.776745720539491202e+00
4.333657922621397596e+00
4.958665115146473568e+00
2.696456276120576590e+00
