2.570254231883417173e+00
3.508610367759982474e+00
1.587914464012751914e+01
2.303961261349087408e+00
3.105585566836355671e+00
2.641333097876044089e+00
3.803796821022030095e+00
4.007998760311908271e+00
7.918808437454694094e+00
3.006416399044431476e+00
3.108525700338310216e+00
2.949499565282080571e+00
9.333897235759266664e+00
2.057611394970335184e+00
2.168375406775165271e+00
3.260663746056731149e+00
2.476550244070643281e+00
2.689447684705913666e+00
2.924030096851906180e+00
4.539228338889403247e+00
2.952345724229134216e+00
2.617467711191766799e+00
1.290198972579646508e+01
3.682249167280116975e+00
5.316018388330070010e+00
2.097519242280713403e+00
2.575631414193348956e+00
4.611168110653089514e+00
7.549996113236452366e+00
1.981249617500630000e+00
4.264155256752726331e+00
3.943798603347250964e+00
3.110149219273228294e+00
3.221261108590569577e+00
2.791990691819554726e+00
5.640111129147639346e+00
2.361256835063563209e+00
1.697649874759601829e+00
2.181239816314700430e+00
2.271695273128824244e+00
3.244249002358044809e+00
2.723851285071769990e+00
2.185758327814620650e+00
2.756137966287430352e+00
3.662413549673305457e+00
4.635870060050241825e+00
2.907532496224834340e+00
3.093483614559252803e+00
4.175187331552661973e+00
2.663451352024753138e+00
2.147548322106766605e+00
2.575866105682445895e+00
3.131897040883693251e+00
4.179877270203212092e+00
4.070597906754287010e+00
2.940318617730016015e+00
3.066362233709988949e+00
2.643067350868345322e+00
5.064002751829199234e+00
4.779547346826658938e+00
2.180352660255521435e+00
2.916223134503799219e+00
3.925729798128095194e+00
2.275896423859194773e+00
2.836712937990049976e+00
2.973421101044271264e+00
1.786466772993057672e+00
7.924092154314328340e-01
5.513898170293895618e+00
3.180600711066519537e+00
4.293133579088120655e+00
1.018988358373509584e+01
1.235758570598923889e+01
2.571332588257407181e+00
2.696770783096054558e+00
1.439260927966570014e+00
6.714631149208804217e+00
2.847448595343430533e+00
3.073069798372452421e+00
3.423457528839410458e+00
1.667212347797140337e+00
2.521567709858840711e+00
5.744926611445571041e+00
2.288285798111703517e+00
8.471265541470767602e+00
2.782215274845354802e+00
2.435141821065791135e+00
2.282725197693752150e+00
2.132002235136006174e+00
2.382145913844850416e+00
1.713391219386909636e+00
4.604349370254175788e+00
2.124879845545518009e+00
1.399059603482440739e+00
4.032377525718482403e+00
2.163264024887562087e+00
4.731768614876211032e+00
9.915763922729246005e+00
5.665915163227456475e+00
2.517738150722648616e+00
1.915690287962665828e+00
2.570388809041853850e+00
2.145958230759398067e+00
3.942151753662627378e+00
1.619610196514409850e+00
3.301004888854199848e+00
6.216118041985833287e+00
1.622740482941484430e+00
4.420403744094689280e+00
4.276613113939909283e+00
2.547786579914799177e+00
4.224700031162695879e+00
2.567946063968493231e+00
1.454124940695248780e+00
2.733632888248913595e+00
3.597594669278670665e+00
4.666470008672434666e+00
1.127313180578869645e+00
1.986837005133021972e+00
3.887341104672145775e+00
1.068765125946852024e+01
2.990082631326445917e+00
2.498212463114276360e+00
2.398440870898225441e+00
2.270898242215115381e+00
1.730127069581440136e+00
1.294747848880281271e+00
2.310630775124622005e+00
3.828271322983563429e+00
1.904548193567554559e+00
3.575428389658649841e+00
9.140741665624187107e+00
2.033189918955137010e+00
1.505614133733308435e+00
6.501777876668228373e+00
2.716041988581992417e+00
2.055952843615444170e+00
3.806946812310676442e+00
2.810247134914953371e+00
4.413939751406857681e+00
8.666172897362811156e+00
2.285291546822718622e+00
1.827419781483922367e+00
5.831607239345894200e+00
2.613610278637168438e+00
1.268490547502889676e+01
4.609371572009535178e+00
3.335656488797061670e+00
4.078115571859242117e+00
3.533080796453049288e+00
4.731363770606131780e+00
6.105223548769806996e+00
2.810892912738912397e+00
5.837071714286530266e+00
2.955539818048953382e+00
3.376334973339122580e+00
2.689060339228197982e+00
2.744557015222341079e+00
5.260804620505344253e+00
3.382387582675281834e+00
1.982041328846213091e+00
7.200937716737895400e+00
2.675663202739315238e+00
1.467485821564991300e+00
4.076612238051435355e+00
2.951854490697309874e+00
1.816456436152492415e+00
2.834105137288973175e+00
4.417447154069109594e+00
2.047792301211855737e+00
4.728130597107360167e+00
3.648998552259092421e+00
1.848358819795264507e+00
2.983108015605612007e+00
3.761091400798292295e+00
2.112785121551172374e+00
3.935171104786755691e+00
2.184144601585491507e+00
2.985151253651839642e+00
2.903253796853876079e+00
5.594878739881163909e+00
2.454896652792879941e+00
2.218211943208721060e+00
3.930572593702907014e+00
2.351035480637810871e+00
4.617026473465745795e+00
3.867597880521670195e+00
4.197469119796948256e+00
3.350150825360509010e+00
3.626575425772429639e+00
2.600462606224055229e+00
5.109557671231541143e+00
1.358567621575657913e+00
2.132415280498812571e+00
2.842195111331691226e+00
5.311353283265066949e+00
2.028201210972190083e+00
7.231554894001172684e+00
2.427931733655803725e+00
3.845372502136170212e+00
2.347543392946358942e+00
2.265735896395510984e+00
5.888674245766733151e+00
2.319712225144666018e+00
2.525847259856147886e+00
2.775011681655169760e+00
2.218286325563650685e+00
7.466833525259812809e+00
4.069107827424859991e+00
3.452676756302415662e+00
2.743820790970609380e+00
2.229406324281491436e+00
3.931925506639402101e+00
3.077924868559968719e+00
6.025052097861555822e+00
3.879739730826045285e+00
2.360456097304643563e+00
2.850454024068352243e+00
2.968324222229896669e+00
1.434694147325126679e+00
2.986302839619902283e+00
2.765817970788873925e+00
2.691101359261159676e+00
3.154390192753212752e+00
2.359409627273691967e+00
2.069318457344584861e+00
1.874235935524924512e+00
3.628571176921297159e+00
3.182442873007683914e+00
2.593369465037183907e+00
6.623396625954244499e+00
2.962487957467677901e+00
2.607980142533805612e+00
3.547115050042456197e+00
2.514649429752779941e+00
3.235836039462148150e+00
2.861284162086413119e+00
3.075755417890511989e+00
3.775893115627059871e+00
1.584048643809370827e+00
2.872863659988507568e+00
3.343471565837616843e+00
1.505806976138167830e+00
2.159401670776067927e+00
2.516859927010644871e+00
3.986002649626311012e+00
1.368469142591312027e+00
2.142641279642585772e+00
2.963554330052014407e+00
2.741028858288296899e+00
3.251921928704210263e+00
7.987527028614834990e+00
5.063533516459584938e+00
2.570488256940193672e+00
1.997234342154325049e+00
2.508627250090631478e+00
2.309475763387400793e+00
2.901514073574207764e+00
5.825692481965393021e+00
2.508799866389521238e+00
2.253260879394958227e+00
1.858248636993238279e+00
4.913789873188624924e+00
1.361319686449778521e+00
3.606091108784180044e+00
5.249874044448905153e+00
1.216919352784446851e+00
3.520997552597398883e+00
2.196972494747837068e+00
3.083842953360965922e+00
4.952446875010590333e+00
2.350651139969822001e+00
2.656311617269270897e+00
3.984697235259842873e+00
2.428875945829795491e+00
3.042010330963182962e+00
6.227218913901065633e+00
3.538278878534677929e+00
2.890608563822852251e+00
3.381844079490320620e+00
2.330606356746454111e+00
2.919128307566183800e+00
4.255893036631246851e+00
3.212712689558482104e+00
2.190296042531940213e+00
1.019081779394504395e+00
1.896110367876044034e+00
4.199332465676850923e+00
3.698448323092588197e+00
4.349244570659532627e+00
3.713735256568258869e+00
2.813987458920292006e+00
1.425452390459468432e+01
3.299401050172903194e+00
4.424675338339136843e+00
6.333865509148788320e+00
2.307042375559814396e+00
2.114317264084506043e+00
1.130921929634818568e+01
2.785753567448443047e+00
2.423294123913855014e+00
3.367503302646253083e+00
2.391189475280625309e+00
4.036350290288710951e+00
3.151563711838014648e+00
1.807952401387643127e+00
2.377909978984321882e+00
4.574380215019515639e+00
2.049673539309836645e+00
3.327824011330290599e+00
2.425434180676967255e+00
2.859098097932097016e+00
2.860528534869296813e+00
1.654717024269816150e+00
2.964032986409772530e+00
4.295148362241134166e+00
2.557033684567854070e+00
4.907947786757619113e+00
4.227788906545237424e+00
5.183893958554461889e+00
6.746595095820798527e+00
2.515187832684556923e+00
3.126855575565413936e+00
4.132815511194730007e+00
3.021783965334985833e+00
4.078938942148431224e+00
3.115126597660279995e+00
1.750602001493784865e+00
3.199767501981773066e+00
4.528012194274828595e+00
1.380990951933604016e+01
3.704587339545730718e+00
7.992622324197692585e+00
3.562590855312565807e+00
3.103020815168662239e+00
3.258786412444626635e+00
1.670016901461119474e+00
3.836041146689713077e+00
1.199863993617292346e+00
3.713596904246571739e+00
8.427749169114434835e+00
5.697359718807679663e+00
3.934709666520827653e+00
3.059460330022259367e+00
2.732331351598450642e+00
1.873857450058034058e+00
1.716192656339532885e+00
2.487896064826191633e+00
1.729062702250070638e+00
1.750907137416553461e+00
5.696636241873334505e+00
5.175812627616960704e+00
9.062162176574637407e-01
3.645680090132708440e+00
4.592205094813362365e+00
1.833377791362277742e+00
3.230719096097903975e+00
5.495503414373630768e+00
3.859589061969149082e+00
6.302593127190155187e+00
2.314868560085206806e+00
2.899562955119226793e+00
9.641613601812059287e+00
2.855627397023559055e+00
2.551802413841717687e+00
3.334052972168906948e+00
2.296417170348091563e+00
4.302529030570332758e+00
2.299544449127524093e+00
4.650764357268898586e+00
4.857790865028936977e+00
2.996913250876894974e+00
1.826072182514528297e+00
4.038233248991440760e+00
4.021042037461016072e+00
2.073375276241660625e+00
1.255465068973133702e+00
1.402658355298905768e+01
2.774875722603231232e+00
3.144590412064058871e+00
2.908433113038545237e+00
4.059719205878487003e+00
3.761681636222212077e+00
3.311149450034263975e+00
1.564252206505622578e+00
3.756147435332537921e+00
4.595302977525379973e+00
1.552045251352867972e+00
1.330282170979805390e+00
3.254056328035082934e+00
5.053057150139017573e+00
2.782620541836527739e+00
1.846674937922664128e+00
4.289223883662748094e+00
4.948982262370723362e+00
4.716314556965371274e+00
2.580460852081658096e+00
2.934185762980860979e+00
4.430753498279821123e+00
3.110349963198625556e+00
1.501346041504715778e+01
2.615021389459156076e+00
2.636857369823873309e+00
1.857187297130948878e+00
3.311189109285010534e+00
7.212336379837293698e+00
2.590323706157884320e+00
2.701483215974989527e+00
5.497917534896339831e+00
8.628654417580783331e-01
2.792807118457753646e+00
2.472290219006060497e+00
2.673794767109519910e+00
3.850730488326182588e+00
2.174663406485627615e+00
3.280236925424114158e+00
5.477722361925950523e+00
4.434189956917118813e+00
1.130628063050316001e+01
1.474105099197484003e+00
3.041651027792323436e+00
8.910899174432879377e+00
4.263544004191852643e+00
4.200639250984751882e+00
2.676832922690415284e+00
5.638236635579785272e+00
4.024580950494510034e+00
1.719274782890854114e+00
2.813565811104893122e+00
3.123742714621064120e+00
2.569944787552701282e+00
1.894910922420601773e+00
4.630271561895872523e+00
3.314440212508790395e+00
2.687264847052145189e+00
8.853974574215413895e+00
6.452786229899293069e+00
2.416352773215666438e+00
3.673498578212504029e+00
2.934755684748009408e+00
2.515028965160765129e+00
2.495859763216285998e+00
3.187744120090213684e+00
3.258295990508932150e+00
3.497091713492262777e+00
2.837477574890553633e+00
5.799886685290395860e+00
1.957450169548170305e+00
2.735881168715011746e+00
2.555072287167003520e+00
2.801740520964213221e+00
9.355710349363222100e-01
3.819000883682466707e+00
3.165812792282904020e+00
2.538292045626298954e+00
3.094624957236710827e+00
5.790319288442287160e+00
1.667705493759229718e+00
4.063401786193693965e+00
3.137546583316703330e+00
5.818485553414513234e+00
1.906192727533589260e+00
2.773426438509452474e+00
2.273090789360564301e+00
3.288336442591662578e+00
2.201512859381900444e+00
2.324508080442448943e+00
4.750888890452230839e+00
1.568862831551559811e+00
4.018573942100323038e+00
3.965570691280101201e+00
2.388177691222540755e+00
1.924237039737957122e+00
1.116011428612514145e+01
4.256701544777854451e+00
3.552313123470628220e+00
3.795800453131664032e+00
3.165712370071676496e+00
8.380299846469249303e+00
1.455037137892708943e+00
2.029358844986621335e+00
2.137797799089494077e+00
3.667135716618056485e+00
2.703978342633531540e+00
3.001758863015483225e+00
2.430913826902330488e+00
3.789704527394335276e+00
1.675492920818200338e+00
2.630742585657648291e+00
6.236016197864772792e+00
5.502155443836162618e+00
2.262031085812101772e+00
2.487347938319472984e+00
3.021032488623338175e+00
1.927045025026235203e+00
2.567641538603509410e+00
2.209472524574313645e+00
7.838331481964233127e+00
4.109088758500607952e+00
2.217282675542082249e+00
3.659684147628948558e+00
5.520012400742044356e+00
2.397076108671261974e+00
1.255696438102710921e+00
1.628478004851857674e+00
3.197621385895384805e+00
2.900713755721120890e+00
2.362215905743894506e+00
4.148711786737703910e+00
4.074705778818060509e+00
3.102331220279797019e+00
2.524461412316058695e+00
2.661423933982695722e+00
2.207592837646201733e+00
1.249775322165489921e+00
3.003657816118247670e+00
5.384367869111452265e+00
2.123703872187598929e+00
2.966448659601914173e+00
3.015395228876295519e+00
2.261612925880747582e+00
3.418103470763470764e+00
1.995761280723038489e+00
3.742721375198150291e+00
4.151315046833532030e+00
9.693594229008597907e+00
2.263943494437915760e+00
4.153853118844006431e+00
1.342878239362211623e+00
5.312396264975145499e+00
3.479907491926685470e+00
2.847196139770708623e+00
1.526847176597814215e+00
3.175560540467343706e+00
5.639578224346436741e+00
4.269988118466089944e+00
5.382408967213580198e+00
2.381454832890876894e+00
2.500324118204197976e+00
5.046345205174825210e+00
2.434849371867924717e+00
2.801870770115022946e+00
3.704823093256248256e+00
2.615044134303415646e+00
2.805986570349274789e+00
2.304009744144321914e+00
3.876806418273416543e+00
1.917482803865520280e+00
5.348410018287644618e+00
2.140375918361259178e+00
3.896370437012329546e+00
3.363625556450839049e+00
3.234965315614166670e+00
2.628634154190079286e+00
1.463196934356250090e+00
2.009315067923087561e+00
3.050578478461587029e+00
1.270296045275452812e+00
2.586994072321596505e+00
4.061802261459163788e+00
2.177807347517160430e+00
7.956440114401742925e+00
4.380795685216020807e+00
7.382816616301550283e+00
3.371209760488325102e+00
2.963299870446708617e+00
2.710617803695554606e+00
9.689504291821817716e-01
4.060016534440407554e+00
2.850971877741470095e+00
2.959319717282764550e+00
3.020936913279513636e+00
2.729072437267730855e+00
2.265306275932793767e+00
1.841045404654958695e+00
1.843473773467288801e+00
1.042046222204973782e+00
4.744086265435192296e+00
1.561200777358306979e+00
4.411204908407097669e+00
2.545610091116587981e+00
2.333111193149592033e+00
2.304852085410657558e+00
2.179441573651351938e+00
2.212014339604722046e+00
7.676078805900057311e-01
3.175917511483591138e+00
3.410515934405338179e+00
4.375995253976869392e+00
2.676787367289160890e+00
3.890759579251187095e+00
1.795500364425244522e+00
1.650191583019145147e+00
2.582518577662610504e+00
4.347123669937675849e+00
6.360588795661413997e+00
8.332284806291342605e+00
5.894764548482877231e+00
2.385368329391012843e+00
3.655611529481892497e+00
2.558398667476799559e+00
1.633051460282408884e+00
1.791986567127623831e+00
5.152433745595500270e+00
1.870111719195614031e+00
3.798916483565471403e+00
2.825507111123306547e+00
5.273133101326596517e+00
1.845167847773083070e+00
1.636835375765722844e+01
2.343323161271065214e+00
1.414884367980133284e+01
1.474500123361398796e+00
2.678161571115706074e+00
4.084634396435346204e+00
3.607586586722238309e+00
2.175604516404194388e+00
2.954048676541012330e+00
2.111748028909936181e+00
1.371043229189748081e+00
4.691259617916355040e+00
5.009837206139800436e+00
7.714795092462676251e-01
2.325707624937058959e+00
2.680131488985953325e+00
1.452292659329064595e+00
2.567169993880546564e+00
4.381184104931326040e+00
2.149815117221857808e+00
7.035452438105814110e+00
4.551246266694828790e+00
3.580086900422138285e+00
1.655749178834839963e+00
4.549951258009194532e+00
3.046828054433094124e+00
3.758217870721233478e+00
5.556116366668009121e-01
2.634483174366034852e+00
1.763634036618190848e+00
3.307016997095230781e+00
3.362553761184456924e+00
2.737537825263603342e+00
1.739484127890992049e+00
3.258886151120814478e+00
2.786621811850647390e+00
9.786246292458439910e+00
1.742276194329162253e+00
2.489060090768406397e+00
2.749083333120549089e+00
1.034970919227413688e+01
1.724095093717361582e+00
1.949024200927911066e+00
2.341768471039694433e+00
7.500761961999771188e+00
3.770678473407050646e+00
2.048022846204060166e+00
2.814637881541973474e+00
3.491714272567693289e+00
1.692490893737238489e+00
2.494064251783529862e+00
3.631956653166474425e+00
3.014377444063149003e+00
3.232594326188769074e+00
1.039847923128313312e+00
3.398338463819680744e+00
1.789542386818062880e+00
2.474812213710268161e+00
2.437473536874910085e+00
1.706779783923407789e+00
2.041683077553870795e+00
2.554048960413935365e+00
3.036152644080432506e+00
2.485516945862699778e+00
2.265219763423380162e+00
2.965660174772610347e+00
3.441742409192968477e+00
2.187139523769876970e+00
2.211015730238652388e+00
3.167003332363980128e+00
2.431830429561165019e+00
4.175590911562488294e+00
1.370067228134521864e+00
3.005546917288527187e+00
3.012321675683351963e+00
3.230037812787764917e+00
2.461955652471410794e+00
6.410098162832728264e+00
7.247705235787938349e+00
2.807393909935399279e+00
2.063335372608392060e+00
2.851116925999669149e+00
2.305687340617974534e+00
2.580911612137847477e+00
1.519725490603020468e+01
2.790914721971160528e+00
1.975299141472433462e+00
3.967561718205216970e+00
3.386073280063264246e+00
2.847702387767898635e+00
9.791001575990332384e-01
1.691894540195580499e+00
2.412971709750452831e+00
3.188216539496358859e+00
1.954479283788492339e+00
2.840566833739321062e+00
1.257080457360961745e+00
2.164791461014325513e+00
2.852755375120442860e+00
3.857122440527260387e+00
3.502194383116241205e+00
3.106598101432064940e+00
3.923902177831153804e+00
6.305289459366383298e+00
3.907519706756151123e+00
4.319592785773404664e+00
3.102379005224096709e+00
3.129271292984665997e+00
4.776065413183204100e+00
8.369036894131070881e+00
3.431284357370186111e+00
4.044759890385778434e+00
3.027940536776629443e+00
3.766716874457836539e+00
1.367894333204433099e+00
5.178327600597770974e+00
3.193659917812971205e+00
2.836013489167322543e+00
1.977600287233065579e+00
2.638742478275368786e+00
2.375649807860219731e+00
1.638280462988405350e+00
3.839264103012024698e+00
3.249067246833679867e+00
3.793662182025616669e+00
1.939680775923129596e+00
1.861708642560175431e+00
2.655682105520011049e+00
1.873159138966817405e+00
3.495238276679583755e+00
2.461823724984297357e+00
5.007679962834513887e+00
8.968341300491495360e+00
3.264328774753268103e+00
4.856575306299179218e+00
2.740791208497323161e+00
2.457025450655715204e+00
5.363520554462865242e+00
2.921817351813394303e+00
3.611721318425560323e+00
2.959385565547442365e+00
4.102581875508089837e+00
2.834617910885502301e+00
1.659013746984076887e+00
1.388234452162899757e+00
3.173828539700295437e+00
2.394156880038215807e+00
1.501048260789669264e+01
6.210918070553208992e+00
1.058433744042945790e+01
3.676982979739857882e+00
2.565508442146021473e+00
2.739180710426226906e+00
2.760007170815191202e+00
2.950052913006775412e+00
7.813006101405677306e-01
5.337647579176297619e+00
5.589728705664779973e+00
2.119013531846570597e+00
6.657070946726175720e+00
3.638278894220090098e+00
2.753389207590342114e+00
3.770177174345978433e+00
3.733415491652718465e+00
2.995520404248158020e+00
2.036372268878380076e+00
4.591300282576138869e+00
2.975693023417330441e+00
1.719162433231379294e+00
1.891256788441100012e+00
3.642289362755444238e+00
3.218976534603340767e+00
4.142476283098030621e+00
2.994760024270675558e+00
2.979494076842913675e+00
2.076634918638163185e+00
1.890399041530226087e+00
7.372902112045752077e+00
3.433669744423173409e+00
2.386899857907181399e+00
4.596861536607763199e+00
3.329664263626901821e+00
2.114156634960534298e+00
1.261846573471018695e+00
6.038065696046823305e+00
3.712813350334932316e+00
4.033686986090092574e+00
2.598626897982460715e+00
4.248377961310669804e+00
2.874439799994899403e+00
2.488482743365429961e-01
2.596984587362986652e+00
1.209619226516485124e+00
2.552837774990783348e+00
2.500745859557856665e+00
1.988710316137809464e+00
5.067526299067191431e+00
1.617376084679433168e+00
1.451188117871012651e+00
2.387960546275351259e+00
2.056589955483670629e+00
3.264641703461177435e+00
2.200527907278304163e+00
2.325066558961522034e+00
2.363139128060439909e+00
5.344732861809973201e+00
3.283436693682815211e+00
9.250452037895628976e-02
2.614488357923336892e+00
2.809114534567666688e+00
4.112762669204063748e+00
2.479022954270539980e+00
2.982306576659802477e+00
2.090747844765370012e+00
2.127627954769932828e+00
3.425796130410695195e+00
2.759509012080616497e+00
2.545745981928048796e+00
7.272379814784430963e-01
1.312363933662108018e+00
2.362418646810684919e+00
2.604995848965613092e+00
4.650862335570952411e+00
3.766485310090876837e+00
7.890205798350292454e+00
2.033061855025425579e+00
4.178833159849842716e+00
7.225621338274182293e+00
3.050549546395085354e+00
2.772247842964063125e+00
2.471817250438152591e+00
3.303603887177702703e+00
3.920033936845897848e+00
2.950691409197136572e+00
2.758726126188657979e+00
2.742805572116253199e+00
2.227795507976881417e+00
2.003167871864071525e+00
2.550721848824919036e+00
2.382445140315950560e+00
2.043905065610034377e+00
3.074448696928782088e+00
2.546849952429936170e+00
2.727404093904805205e+00
2.485078919205090386e+00
4.974223958450799898e+00
2.546469685169896469e+00
3.069343714713828941e+00
2.030738176129460282e+00
4.117506363209142428e+00
7.442845478922142100e+00
3.950242792233699340e+00
2.671280935501019194e+00
4.907518096537658359e+00
4.045775339287947858e+00
2.612636522479558021e+00
6.866695551455940461e+00
3.777733825358532194e+00
3.471020870922633783e+00
5.309215009554453246e+00
4.049886379176072637e+00
2.444194183262583309e+00
3.008444528459699452e+00
2.250569312659288279e+00
2.513243205372721611e+00
2.861742132234756930e+00
5.053674872159039211e+00
3.962806429789738960e+00
2.288601892902761392e+00
5.313818724644022495e+00
6.559861442205072279e+00
1.920227565454407648e+00
4.555867635106564784e+00
2.328775228096322536e+00
6.111504878799438600e+00
2.252995209323874537e+00
1.734488167297100869e+00
1.804722909580377177e+00
4.129043762980351140e+00
3.003525243383083243e+00
6.831228745861398721e+00
2.378963787966021037e+00
4.498355530965576499e-01
4.730154314939981397e+00
2.927740899528209706e+00
3.748075617800711079e+00
2.057547177620644874e+00
2.268846823735354512e+00
2.263911574840770768e+00
3.539363866490730537e+00
1.318072843247555692e+00
5.090742586267603897e+00
2.399917404753132644e+00
8.642381416356772483e-01
2.353434638012291025e+00
1.467961689142830206e+00
1.429157218706825816e+01
5.389224820590925447e+00
2.764965033132721128e+00
2.307836745123720057e+00
5.224839090759581417e+00
1.213800229287379651e+01
3.095537807561623556e+00
4.419542416138991570e+00
4.189645093014807031e+00
2.402427230736763786e+00
4.446930105779537179e+00
2.163114549005012321e+00
2.105989319441007535e+00
2.176220734908978827e+00
3.110073373839486788e+00
3.276634043080837166e+00
2.651420719873608611e+00
8.848024394209922150e+00
4.062127255330680420e+00
6.612711412981476577e+00
1.459680334587147632e+00
2.331022689518153168e+00
2.234321880148373296e+00
6.629285314883698987e+00
6.209056593601204099e+00
3.251791764287355946e+00
2.228075366278683411e+00
1.269931548734941629e+00
3.268431289463127776e+00
5.600925195591440087e+00
5.755599198130262550e+00
3.208223315524238561e+00
2.834676076099302389e+00
3.731184534704549804e+00
2.997299113113332858e+00
3.085968023090175816e+00
2.651838468458300291e+00
2.326341996457713890e+00
1.048480284285867192e+01
2.640175895578324106e+00
7.004008267136389243e+00
2.000831843579091274e+00
2.884283932265694350e+00
3.080949966018386110e+00
2.748384510538317116e+00
3.208431558156167540e+00
2.857979999052052467e+00
9.740588489834496322e-01
2.019058220722255825e+00
4.097939945049262178e+00
3.407688053697523589e+00
4.773951546158340165e+00
2.670039085746121810e+00
2.475646800279609927e+00
3.173518709193444476e+00
2.887815820196754313e+00
2.696011143842151458e+00
2.841922817388725875e+00
6.009762125132793287e+00
6.446091813961835726e+00
4.803428918685319182e+00
2.481050676249108022e+00
2.458985337483101219e+00
5.910243307053685058e+00
1.085870067515615656e+00
3.947324846199602888e+00
2.522289893831021423e+00
2.386022932237270577e+00
2.543069968188101715e+00
3.538727704988682721e+00
1.441091282454516120e+00
3.515527021880325620e+00
1.709022667803251849e+00
5.658253593176425511e+00
3.074136674538659797e+00
5.943825807168224173e+00
2.549837313628489088e+00
1.745542928069173660e+00
6.982143476423793516e+00
7.754762017619358794e+00
2.861004262519494912e+00
2.837286362472417611e+00
2.101996441239200930e+00
3.334696925399664114e+00
1.041160067610373119e+01
2.423021530657670120e+00
6.230340425508472002e+00
5.116030067135966419e+00
1.634629210876878069e+00
1.059677271963766287e+01
2.036453645656383316e+00
2.072885102415777059e+00
5.826249600443802024e+00
7.582200001655065691e+00
3.058311996939192312e+00
8.174056448564531507e+00
5.189637867797504356e+00
4.728674147242181824e+00
2.258305602593050132e+00
2.424904069453782895e+00
5.550428261232083216e+00
3.024086366727658959e+00
2.588222397695704391e+00
3.153097658757378685e+00
2.090869895901064535e+00
2.713242442493934536e+00
2.380935998436795931e+00
4.462847793420309905e+00
2.862588609384384863e+00
3.874357434120292876e+00
3.009862272417377138e+00
4.378058134451731753e+00
1.766748054312630378e+00
4.927491485540318905e+00
2.235127476412877900e+00
2.613012362067567373e+00
2.363329860504632673e+00
5.247471067742017325e+00
3.719783385704314771e+00
2.897157450826242098e+00
3.050041629387088449e+00
3.144596598491478545e+00
2.135158542531737424e+00
8.540457087596406538e+00
2.846060934193219261e+00
2.032163068736701828e+00
2.247935746720940209e+00
3.354034861138226908e+00
2.680522356218807190e+00
1.586158509720356324e+00
1.874442000282617427e+00
3.403640867826366989e+00
1.525090061792523377e+00
2.925487119374747369e+00
1.705443443971551565e+00
4.316035461905226356e+00
2.855159518051447076e+00
3.470568905590363240e+00
3.197411535929372661e+00
2.763014713721202664e+00
8.119023411423890835e+00
3.194310626764062633e+00
2.775342299177167682e+00
2.688201216975298902e+00
3.081183533993996804e+00
8.533558797469094515e+00
2.799305093637056707e+00
6.373972213304578638e+00
3.024213397982344897e+00
4.070127178472992213e+00
4.151417621392366364e+00
3.853399137753836357e+00
2.349773344040715362e+00
4.574605026418741005e+00
4.601329714136219273e+00
2.550590062243578426e+00
3.748691741698714441e+00
4.204430977930744717e+00
3.178860359552852621e+00
3.411991761387931366e+00
3.783385399879267474e+00
1.069135655855985867e+01
5.487322074204997513e+00
4.572566900092702724e+00
2.704913987164113909e+00
1.901394068916533175e+00
4.853279296717591507e+00
1.992302446875042987e+00
2.550992565389639033e+00
2.965446672239663961e+00
2.618036800640548556e+00
1.787481579394872844e+00
2.466043609580566898e+00
5.222417085165617756e+00
2.662113863381159184e+00
4.097073719213723209e+00
2.916488714966322338e+00
2.639192512289388226e+00
3.008290799369415236e+00
1.859107878354803622e+00
2.586033893716093601e+00
3.118758730874974017e+00
2.325903027535347434e+01
2.597912479609819414e+00
1.704507045509275454e+00
9.683959292540517794e+00
3.534194065928800033e+00
4.531577664527471683e+00
3.947086623391004245e+00
5.511562470345639397e+00
8.674150004504973310e+00
3.925812775253669784e+00
5.113887624529437126e+00
1.170219711615862579e+00
2.844692987516649119e+00
2.636694565127218226e+00
3.612229994126873400e+00
2.507418365431022700e+00
6.003045012356874821e+00
2.291935720832972478e+00
2.891531541765564040e+00
5.763987567701317261e+00
2.234018324976986491e+00
2.702900929465986479e+00
5.241158305054133493e+00
3.213999928770591374e+00
2.813883606548802874e+00
1.657545055798755662e+00
3.222676762364175662e+00
1.469110853593916799e+00
2.712531628786090998e+00
2.812882532294908700e+00
2.460830117054577659e+00
2.949503910080167213e+00
2.505157969075958668e+00
1.910693323984193004e+00
2.776092245006637871e+00
6.363319959144981830e+00
4.237302776235540414e+00
3.676706493854438929e+00
3.674728892293538163e+00
3.100572610947575747e+00
6.791128845223617816e+00
2.697555727951317817e+00
1.985038886195218177e+00
3.133669584832165178e+00
2.224635877844548304e+00
4.202177486636006876e+00
2.802569485204151167e+00
2.778069733409262998e+00
2.837154470783857629e+00
2.744383594762706213e+00
5.574482445995162294e+00
3.615371714570663197e+00
2.982755007292273497e+00
1.890139533944895645e+00
1.567035765229804145e+00
2.558001604969174281e+00
2.550929334763598177e+00
3.342973621534023998e+00
3.282681752429608135e+00
3.319509746226400715e+00
2.197326391377605770e+00
3.162670748666946974e+00
2.050237663939361354e+00
1.854959257239764625e+00
1.083365060185702333e+00
1.126643933883750925e+01
2.934023257804999840e+00
1.277309933002554132e+01
4.296532265679435802e+00
2.721600783554564806e+00
2.330972016044604800e+00
2.439074278967898746e+00
2.619290678350313151e+00
5.001034168338289732e+00
1.774559765532224498e+00
3.279533571552486482e+00
3.073015915102478957e+00
2.008694087176530196e+00
2.019478006976171969e+00
2.216645657216784748e+00
3.093491331397005606e+00
5.128913229550496666e+00
4.415272931020623126e+00
5.788302434619017944e+00
3.253875822801487683e+00
2.724173988209582564e+00
2.155431531507246312e+00
5.915365693783988021e+00
3.311758356292570760e+00
2.236735686648613886e+00
3.195141187302995789e+00
3.484999499368767850e+00
2.034852998202366336e+01
2.314401813248622375e+00
2.173843820632485713e+00
2.496910637191790183e+00
2.260329175536054613e+00
2.958851190350539007e+00
4.221178658059150379e+00
2.364403111752500841e+00
2.354344589684496114e+00
2.464123985036663633e+00
1.534683113502229190e+00
3.357932371759570156e+00
2.517782645705184841e+00
6.156370368730321729e+00
3.111393202263625923e+00
5.639548461944670521e+00
1.209961954671968654e+00
3.247456652172987290e+00
4.836002935158685290e+00
4.028601575060894113e+00
2.466201013457612223e+00
6.089104782759024559e+00
3.655592464654588092e+00
5.851830228377673748e+00
1.612649096763559609e+00
4.031595548262406403e+00
2.392414510919389947e+00
1.986276274410928577e+00
1.199843054920132879e+01
4.811287695913476270e+00
3.881184282703436406e+00
4.815588464736731744e+00
3.491095651083476525e+00
2.220041697566669026e+00
1.337057179291315556e+01
3.067830804206628237e+00
3.577406367217419003e+00
2.168108799657474162e+00
1.617820615740427792e+00
5.057596693204958527e+00
1.907890841473658172e+00
3.479231002210947832e+00
3.688648110820413883e+00
2.701492527662995968e+00
8.808706910977310400e+00
2.269219235123424383e+00
4.207631940465748954e+00
2.928652299301207407e+00
3.350891193440981741e+00
2.762701293662101598e+00
1.915564535852932293e+00
1.672902456425849005e+00
3.613740679875082407e+00
1.058228142064749022e+01
1.977862763120106004e+00
1.811154160052834472e+00
1.640255261347905336e+00
1.712333329673514593e+00
2.654952262706459454e+00
3.779680524544125397e+00
2.826105430562383614e+00
1.751827515173566940e+00
2.917410268331134038e+00
2.880184831905803211e+00
4.073650192190105379e+00
3.041685578348743757e+00
2.453903372040501019e+00
3.333591679980121736e+00
5.625277404081582056e+00
1.845143380994903604e+00
2.819662587386010610e+00
3.854769243595269401e+00
2.165662745461209848e+00
2.092313328610804657e+00
8.868669029243996249e+00
1.016116735878505040e+00
3.619791774619887992e+00
3.038556283550769788e+00
3.988116731678459370e+00
5.296310137967973120e+00
3.768064757680174459e+00
2.299210836568470029e+00
1.321934175232873265e+00
4.759320023900459162e+00
2.382010525128372525e+00
3.218271352931389995e+00
2.354728964910417943e+00
3.726738589836076088e+00
2.877526633476749751e+00
5.946361466880013324e+00
2.513929985405007006e+00
6.791730708145554907e+00
4.056556985573345209e-01
1.736888552021589094e+00
4.886630246401784561e+00
2.429003888044214854e+00
2.766903155431453154e+00
3.199206439389513879e+00
5.316122931979458954e+00
3.059402463031392294e+00
7.985702900978862928e+00
4.544947389133579208e+00
2.188486009847498082e+00
1.945704712211360876e+00
6.088190500108979109e+00
2.214358191731867542e+00
1.257418380671198044e+00
1.771432915583174950e+00
1.148135353516579471e+01
2.641259811212436581e+00
3.259791990221745817e+00
3.339162527674350400e+00
2.989988546604417596e+00
2.522684078470305735e+00
1.664306983279529639e+00
4.666862514642785342e+00
1.774578671914307959e+00
4.619095558231785859e+00
2.496102591664689729e+00
1.645901157852019736e+01
4.547820861781866064e+00
3.817264079721358172e+00
3.259936305782790367e+00
2.905495536666701462e+00
3.681028183602129022e+00
2.715757704806108119e+00
3.790741181298981743e+00
3.476802803719759360e+00
6.417761004111066647e+00
3.260997702668802845e+00
1.580385105429557679e+00
6.970566751215859114e+00
4.163423166476858839e+00
4.488492118319542534e+00
2.411551151877532995e+00
6.251847124061946204e+00
3.188102250669787807e+00
2.210990045348886213e+00
4.389275528500333756e+00
2.835680111091687827e+00
2.743983469188788327e+00
4.359490986219427100e+00
4.672558333393215690e+00
2.380313788620974869e+00
3.969556328160234848e+00
3.294651660186596498e+00
5.028208033324455428e+00
3.274766197885961017e+00
1.897490443065003252e+00
4.042537266759986814e+00
3.232623750707837473e+00
2.591091939016984202e+00
3.482818833250418411e+00
2.914028880843829050e+00
1.814746674157725614e+00
3.827651986172596388e+00
2.269171442992398813e+00
2.965643021671399815e+00
7.015364869974868967e+00
4.269910271333497320e+00
3.956276524225755153e+00
2.029360432075273835e+00
3.092907863232297938e+00
2.573600190755040540e+00
1.629535302312281830e+00
3.012099501435889337e+00
2.090896058337869512e+00
3.622574254556813589e+00
1.988020336274634037e+00
4.657729670619781714e+00
4.115660668341145190e+00
2.273296585868593844e+00
2.319604687827263589e+00
2.564768291184131854e+00
2.127980855222171286e+00
3.230889653536080708e+00
4.045273675925820989e+00
2.931537100947923857e+00
2.942348014329557060e+00
3.531332396548696462e+00
3.300719562367220750e+00
3.185469115550378927e+00
3.606185257464208593e+00
3.315889931625998877e+00
2.189188585737070980e+00
2.932936917868654181e+00
3.655981365855173415e+00
3.135058665688739588e+00
2.925681508220040694e+00
2.600096451749784432e+00
1.435096591470792049e+00
2.854293387079880340e+00
2.911018827583120139e+00
3.469468073487240289e+00
3.130013262578787536e+00
3.531754694920989923e+00
1.737976233750852639e+00
1.767805149135041942e+00
2.254145712001760948e+00
5.618792906716285174e+00
3.082442944703697396e+00
3.187099144505372461e+00
3.926269138834475925e+00
3.272948305139069980e+00
6.561465708642437278e+00
1.869336317571884010e+00
1.389746955387748839e+00
2.771805627764215352e+00
3.971056982344629560e+00
2.219571520768758965e+00
3.694565311929881357e+00
4.701183050132565100e+00
4.763015459464129187e+00
2.897132065816400370e+00
3.658162770965246224e+00
4.056972536412352781e+00
6.560631916777238892e+00
2.854311741185669771e+00
4.067695252393542127e+00
2.144454428665188317e+00
3.155812466097522417e+00
2.171418110766637710e+00
3.819846761871145358e+00
2.808169976017840686e+00
3.167666859370648513e+00
2.184380347215702844e+00
3.482464641794182469e+00
3.154085325956146324e+00
3.048687824720087480e+00
3.248922825150974081e+00
3.093924885343101394e+00
3.311125471210987214e+00
2.475268886268989110e+00
6.563499064387704252e+00
1.133561189941222658e+01
1.296255427398906646e+00
2.223056575545204083e+00
3.020796806144279589e+00
2.587683091592592355e+00
3.457462072882094173e+00
2.220883414525806732e+00
5.951775992035509333e+00
3.237468613669632234e+00
3.421809027037969297e+00
6.003914954520057634e+00
2.769301579442122740e+00
2.985041531699051731e+00
1.438255633606227324e+00
1.417633883219808544e+00
3.923575824427376624e+00
6.613012985929609400e+00
4.649930088197146816e+00
2.745070132868095758e+00
2.374694581592707188e+00
3.420963383436088634e+00
2.674630712091667917e+00
4.989336266180584900e+00
4.647578732083918140e+00
4.736963633390395501e+00
1.938547241954652556e+00
2.474514098204453560e+00
1.795537308049741876e+00
3.738118774707229974e+00
3.578541206419261655e+00
3.297726237030000895e+00
2.589339191278396068e+00
4.408675063151109796e+00
2.383698657749520500e+00
8.988695364997209225e+00
4.043177394194238161e+00
7.147492119897993490e+00
3.238345731587978449e+00
4.027867564912439136e+00
2.124931124760377266e+00
2.782822779737015750e+00
1.992687894772192436e+00
4.408132911430492129e+00
2.221395169482433651e+00
3.302492453707609243e+00
3.669555092448361311e+00
3.037645203981341524e+00
3.719101305192417328e+00
1.826796249876723399e+00
2.663672346310225869e+00
2.890608646305179885e+00
3.419322843778364263e+00
3.388864273314827980e+00
2.105144100260354367e+00
4.008051928841183553e+00
2.303225631033599008e+00
6.213570168831621388e-01
4.294980322351344526e+00
3.305439728330779925e+00
2.794568670194721882e+00
4.242896993885818091e+00
2.821450391880925501e+00
2.556534345847551126e+00
2.181465936193889288e+00
4.402337509154920170e+00
2.688228822770308835e+00
2.079716454351964394e+00
3.343117470505336364e+00
3.203111812924798851e+00
1.028346019933285893e+00
2.142074079576741230e+00
2.841479401982866193e+00
4.668010322258228761e+00
3.061632384642857030e+00
2.848494420392969850e+00
3.407053223210689374e+00
2.775096975876088390e+00
2.836892581585219286e+00
2.767986842118951518e+00
2.505967248449731954e+00
1.982566537566887055e+00
1.883358839220755421e+00
5.793539726176721416e+00
2.488755944494943861e+00
2.154978114746322948e+00
3.203907179178475229e+00
4.456857303655434421e+00
1.940614221075243506e+00
2.826734839982632863e+00
2.628304750265604728e+00
2.931004973149114790e+00
1.347180677506655044e+00
2.492376269011602030e+00
3.575809935337900480e+00
2.588130646170500260e+00
2.472915722117629223e+00
3.098921205996846506e+00
2.856471722524717372e+00
1.935353188480529063e+00
2.887513243003946073e+00
2.218225583820188973e+00
2.806827387319600575e+00
2.328029162394257057e+00
3.109764042677620299e+00
5.202651199678161476e+00
4.143397198393328651e+00
3.592110097756638698e+00
2.487589033003239969e+00
3.558527843329247098e+00
6.946737994932591143e+00
2.779519526150173725e+00
4.384197684512501247e+00
6.109229326042441954e+00
1.529714501721526565e+00
2.741137712399228654e+00
2.627159503469588930e+00
4.483129512102292047e+00
1.612478085819837093e+00
2.969362571271944251e+00
2.312592585030628811e+00
5.192862209806870410e+00
2.625647860135477352e+00
8.158708977507821203e+00
2.606231966871216166e+00
3.239320027500752541e+00
2.835651605385266283e+00
1.802132002925443288e+00
3.281899454088721413e+00
1.073040117671824412e+01
2.326562926084188909e+00
6.479630375704827472e+00
2.630030307035092552e+00
3.265295427172190568e+00
4.324649011153414158e+00
3.217617731036141127e+00
3.004526982143389535e+00
2.703449068481407203e+00
4.035301185792496526e+00
2.252060965655876767e+00
3.209763556658538075e+00
2.336838884683893003e+00
2.044759939185836650e+00
2.442904448879995360e+00
2.612777220281095492e+00
4.016599360824907983e+00
3.052175074502854635e+00
1.803482758505206895e+00
2.757623886838132865e+00
2.243674877317524796e+00
4.334577031233371791e+00
4.236516538398499065e+00
3.863558972571304206e+00
2.012967175339210879e+00
3.819498581919979596e+00
2.788515164946001157e+00
1.162036340998447947e+01
3.429939301319630651e+00
8.798080279060727094e+00
4.951756246153409258e+00
3.275430587890627798e+00
3.013182366363990283e+00
3.321982566061775888e+00
1.406528616238428953e+00
1.892074169504427639e+00
2.834740970384727721e+00
4.195384432556772403e+00
1.334197206190853180e+01
3.241747887524851990e+00
2.052313095942125631e+00
2.111457467337219285e+00
2.268337674419355299e+00
2.204158844133079498e+00
4.240724717652676112e+00
4.953685448174029560e+00
6.291790328517785191e+00
3.172492986491252775e+00
6.136645942622839911e+00
2.307923966625215151e+00
3.464288037815357768e+00
3.354551723515173389e+00
3.124072553990266954e+00
2.471711972857065565e+00
2.619754483290914759e+00
2.034414912282686672e+00
4.338356691866481540e+00
2.296304273940419360e+00
1.796736728756868962e+00
2.386422822753921480e+00
2.259245285412742987e+01
2.997368971362342815e+00
1.212886669940302475e+00
3.485362900348548898e+00
5.120525393160261451e+00
3.132121381528680359e+00
4.087693609245805604e+00
2.206923431281651471e+00
2.722436018960728177e+00
4.158859419452607398e+00
3.298296818340165970e+00
2.448763999787479495e+00
2.763880043611475656e+00
3.819813948132625647e+00
1.807488516753977370e+00
4.411863332203075139e+00
4.175678835089311924e+00
5.333178154407512750e+00
3.151685263129772263e+00
2.781124010954699521e+00
2.698160580390007279e+00
1.910660405967294251e+00
2.823305605959040676e+00
1.921820672533133489e+00
3.479735440273897584e+00
2.475233089811475384e+00
4.808060480568604689e+00
2.480924456746934403e+00
2.460270475424820802e+00
3.834962376740834955e+00
4.127212606707432840e+00
6.946009790232114511e+00
2.266400636298514737e+00
2.951808238323061939e+00
2.532806091715210872e+00
4.169836023489806642e+00
2.693633578353062497e+00
2.243563429178447421e+00
2.763905129603733357e+00
8.156200988950306652e+00
2.817772042744978389e+00
2.277831489791451336e+00
2.140426314797139185e+00
3.229068597085140269e+00
4.119542785149561404e+00
4.684778520749750541e+00
1.571803835650949033e+01
1.894701623929880396e+00
3.785852397382302836e+00
2.368430481420641165e+00
3.378454629394969544e+00
2.811256171156325312e+00
2.829621601282778620e+00
3.660996158038406723e+00
2.596459657448602520e+00
9.106514756892877926e+00
8.844982960040828956e+00
2.826434117766893905e+00
2.442415633561014765e+00
2.713661215051754283e+00
5.254422277318652412e+00
4.518615626629081561e+00
4.512925794291173354e+00
3.286664149287733760e+00
2.610309982134541240e+00
4.099335134347711573e+00
2.948461889265115321e+00
1.726074826813849494e+00
3.619710617489140692e+00
6.641625709915303766e+00
2.952851882946608608e+00
2.189161426033275237e+00
7.737970053102718460e+00
2.223702768051593726e+00
3.098980656975736547e+00
3.126608473150167100e+00
1.497612266891165556e+00
9.728964639663416847e+00
3.101297369816889749e+00
2.136598881616707857e+00
6.441589889499029553e+00
2.087899541413031912e+00
3.977200664598066648e+00
2.833427180786384447e+00
3.877223693211552913e+00
4.811137393445093835e+00
2.674933161752459210e+00
3.436068505212327651e+00
9.494353585232019554e+00
6.756496499150609125e+00
2.319672291325537650e+00
2.665887205184126696e+00
2.661438047161354348e+00
3.001932906905176335e+00
2.769837000774840963e+00
4.482599888093481866e+00
5.901554803628225265e+00
9.561664474892104693e+00
3.249947059695392770e+00
3.418470486242596085e+00
2.101189710750281936e+00
3.366512194480982156e+00
2.912341849990099263e+00
2.470660900650460512e+00
5.391519070146012282e+00
2.658658537814964973e+00
1.994640580794425855e+00
4.980703741121948802e+00
5.876731255120450470e+00
3.076212436973215336e+00
3.180020446996175920e+00
2.665945296662203035e+00
2.461960156288222290e+00
2.663701387549269661e+00
2.522661374795807099e+00
1.997534696147201583e+00
2.333152268187753897e+00
2.266535410472122702e+00
3.384510952372386416e+00
2.523550359483220706e+00
2.558184854619915960e+00
5.814864580509467196e+00
3.033651683887085504e+00
2.983650779482963422e+00
2.758158228809780788e+00
2.626744653078421088e+00
3.386457447413929067e+00
2.287445111294564182e+00
2.402508111010862368e+00
3.431983402733020938e+00
9.573999264853220836e+00
3.831171951539161125e+00
3.323826986051185539e+00
1.153502746313314953e+00
6.393130388236431649e+00
3.170114073475121419e+00
2.563279201610018543e+00
5.382001224972835729e+00
2.400826067726243629e+00
5.407338380389317578e+00
3.018912029097361227e+00
8.681065240723885523e+00
4.615141759892724238e+00
3.272017356770232865e+00
3.519712028934772086e+00
4.504666553650004346e+00
2.966739663443878960e+00
3.218094015987756684e+00
2.336308674293269050e+00
2.844225280623816410e+00
1.126969586087581021e+01
2.699409142183098353e+00
2.189217390859398371e+00
1.856386396693009422e+00
1.932359692620226665e+00
4.976443466812279226e+00
2.786573311622532412e+00
3.355728876435712493e+00
1.309359297335054251e+01
3.210437042249870032e+00
3.098578505630297908e+00
3.554692222395619439e+00
1.891976577891642863e+00
1.872533970609773890e+00
4.635885796404282999e+00
2.784059253289125735e+00
2.103123969873633925e+00
5.042037599649216162e+00
2.533778006680564410e+00
2.807597452551533035e+00
4.272229491620938013e+00
2.242453331290437113e+00
3.160653620367214423e+00
3.760407902015669546e+00
4.397379346309534753e+00
5.255887491273128376e+00
5.073116573261112094e+00
5.803751976313586525e+00
5.576044013404709787e+00
4.371302421842531594e+00
3.103066406143021538e+00
5.095799804662304311e+00
3.996306791505703337e+00
1.546388866954051533e+00
1.032289258487919170e+01
2.642388876473306336e+00
7.446124843749341693e+00
3.522463469052183882e+00
2.550009940696728261e+00
2.302022321061960586e+00
8.768901650813788251e+00
3.059773865962085004e+00
1.101423690235581176e+01
5.287659181271748388e+00
2.601283325820989756e+00
2.945391827917764438e+00
2.845023891456321063e+00
2.409845468470158014e+00
1.032537328170223034e+00
3.055341938137412505e+00
2.075912495157380633e+00
2.690414221309793685e+00
2.185104282496329375e+00
2.836806213766646323e+00
9.136153797004112675e+00
4.627853460088495297e+00
4.488845418723927949e+00
3.106439240084668540e+00
2.024309398262059911e+00
3.047521772181009059e+00
4.397951558821511675e+00
2.957825035272569458e+00
4.264200168693774273e+00
2.557528944509288138e+00
2.263952437982087673e+00
5.199408313407250404e+00
4.172969803983896497e+00
1.689116717785183575e+00
1.229384332981387118e+01
8.215837827569389518e+00
2.336989401575729541e+00
4.892038504840422242e+00
3.211484986262572949e+00
7.039429343114368187e+00
2.206730708561013277e+00
2.983269055027700123e+00
8.431989546991365714e+00
4.726540023737371143e+00
3.162850808561891380e+00
2.511769289192449683e+00
3.592857680099399431e+00
1.389209510164748984e+01
2.305079669189174396e+00
2.655744276383904978e+00
1.944655277849118180e+00
2.115088874488937343e+00
3.580399027090646058e+00
5.173120948666257490e+00
3.020723281922734760e+00
1.229221571530427770e+00
2.098241898277199535e+00
2.647997117005640888e+00
2.982039902676156373e+00
2.812805505800019201e+00
2.433061252954783260e+00
5.249904384071023777e+00
2.094018024442243497e+00
7.675366874500963554e+00
3.974440683195245683e+00
3.233918743168534782e+00
5.923606386438456717e+00
3.602253206012595577e+00
3.123971520082789333e+00
3.521703756195276203e+00
2.684239431131887343e+00
2.512969676649964068e+00
1.698352326830842696e+00
3.130746768788988277e+00
4.563207562075898949e+00
2.606566232529763827e+00
2.169207180408299962e+00
6.570076787184680356e+00
5.622035728727428960e+00
4.104581130604161743e+00
3.615064464257990107e+00
2.321695476256749213e+00
4.149258275731632750e+00
8.042542577192214992e+00
3.098606230342091372e+00
4.938579446724678412e+00
3.002478833936747193e+00
1.944137750692543243e+00
2.613873731188620653e+00
2.136475234090911002e+00
2.514475187581286075e+00
2.749289244200604276e+00
2.960138607391934684e+00
9.422328358195390052e+00
3.362752753568783337e+00
3.331192841560337570e+00
2.933327230356783666e+00
2.324264034185612005e+00
3.335406204946205655e+00
3.254629153973403799e+00
2.698328989604596995e+00
2.386134861430302401e+00
5.574892737176321944e+00
4.580058806935374704e+00
2.208319069581594185e+00
2.087168320571049840e+00
4.293923042451669225e+00
2.711630570552300057e+00
2.327580635327496594e+00
6.631829435880844059e+00
1.848472922675733043e+00
3.276205336955404057e+00
2.658471403414552903e+00
4.898496706739723372e+00
3.383672596791644338e+00
3.862648971913780649e+00
3.265226685122180506e+00
2.674369750823979430e+00
2.205158036796929899e+00
2.367691566436672446e+00
3.330250583948278997e+00
9.850559931974656180e-01
9.768826045045506667e-01
2.156281146971950058e+00
4.951121369371605851e+00
3.375236738105660272e+00
4.104837085884828873e+00
1.778668118735757142e+00
1.953881532494001538e+00
4.028621305016363507e+00
4.757858680643161975e+00
8.836628182748988536e+00
2.364477661739718073e+00
3.087086154830158691e+00
2.696449447767613972e+00
1.579228848444491407e+00
2.862916527537284317e+00
2.518438712280798519e+00
7.333269853143322692e+00
1.026963489847520883e+01
5.086035189363718345e+00
3.677333688777739251e+00
3.193964101881896056e+00
2.242596620222163217e+00
3.212161834794207582e+00
5.564719793302373319e+00
3.072776579008282827e+00
4.040186753598176139e+00
2.143347543338357752e+00
2.866168310974307687e+00
1.820550131505430658e+00
3.327951895434804186e+00
2.773356823075638911e+00
3.186563468658375253e+00
6.635264886697536113e+00
4.190370789787927208e+00
3.284171588292631228e+00
2.459266604669530842e+00
1.150885426833400782e+00
3.330761328796839393e+00
1.223369903883583198e+01
6.105760991584755715e+00
2.828458975644856821e+00
2.690143152334242949e+00
5.519543537063603011e+00
2.120955828362913742e+00
5.260742238469577892e+00
4.503349898154302089e+00
1.597141363311599394e+00
1.329660660495424196e+00
3.680979835965595637e+00
2.601678818951853156e+00
2.806221743804271807e+00
2.790929509998060443e+00
2.828796881750838210e+00
3.138626242400727406e+00
2.538938836225519857e+00
2.845521465475447709e+00
1.875637716295705193e+00
2.304564887496586056e+00
1.547677856076199898e+00
2.180908153592965082e+00
3.021912388133986216e+00
2.242162271760760106e+00
3.598708941418584217e+00
2.046594999432486794e+00
1.147842493483527182e+00
3.872309420930234225e+00
2.969401915312740670e+00
3.240263774074866543e+00
6.279527459481057505e+00
3.282204914783685812e+00
2.450808006566208785e+00
1.507158354962155045e+01
1.156064776713410236e+00
2.919596636782476384e+00
2.580217808526506396e+00
4.471927559568217525e+00
6.932205749904923664e+00
2.010316659560472008e+00
1.962513819077776223e+00
2.245809595656552471e+00
5.000879094640351852e+00
3.571790547518704173e+00
9.456085067128146449e+00
3.094437974772425992e+00
2.602140844746627657e+00
8.243412601053250910e+00
2.574644846197483350e+00
1.666243506886917913e+00
2.537138603659854663e+00
3.191945035196554592e+00
2.100242444033735723e+00
2.523399939376983703e+00
2.943008217098907586e+00
2.524603211419305993e+00
2.792484189653263726e+00
3.274434944360117505e+00
1.914731076676668309e+00
2.780580928152144082e+00
3.106251675775749010e+00
2.113977366827321624e+00
2.775368727720902040e+00
4.910137592723722300e+00
8.330162952292445411e+00
7.493421332921936795e+00
2.129746878142412037e+00
2.921064735312119964e+00
8.630215360597914831e-01
7.451572283386633799e+00
2.311565583876073138e+00
3.094816139418219869e+00
2.422825962921598908e+00
3.797172301014579254e+00
2.234367535422707718e+00
1.274265250351394485e+00
1.907401647783862897e+00
3.319696605724592686e+00
2.651204157122658334e+00
1.718452867309939958e+00
1.707749481912428147e+00
7.733837873056075729e+00
7.159047403669632992e+00
2.031360777465908374e+00
2.470772631794688756e+00
2.997227304862212893e+00
1.644464344203147688e+00
1.873638936544983480e+00
1.529308832832278142e+00
4.261558834429736820e+00
2.934894267411420898e+00
2.637388257326913177e+00
3.359798959130964935e+00
8.311926868696753345e+00
3.010253575997052344e+00
1.589169006431010889e+00
2.837189336537428108e+00
2.301472205383559899e+00
4.343265395766801262e+00
2.510998619773807228e+00
1.453737038877737220e+01
2.847294566537116101e+00
2.653924674050385679e+00
