3.544050144544612202e+00
3.583920283358090320e+00
2.576772752325948268e+00
-4.510149091015077261e+01
1.482121500298543060e+00
2.101313660200203159e+00
4.453991343391245472e+00
4.320244763942527655e+00
3.168790741797747668e+00
5.061467230693200037e+00
2.215156365034101515e+00
2.637920945158244379e+00
3.532905473750403313e+00
2.763985670860074073e+00
-4.743566658409008596e+01
4.124431277591289913e+00
2.825619114831392054e+00
2.960529522167063110e+00
3.259910509445992144e+00
3.136468504690662407e+00
3.468653415081665248e+00
1.820260870602545822e+00
3.506610092747050267e+00
4.162071657197166097e+00
2.257279999317036268e+00
5.364091915847849634e+01
1.922162466045544083e+00
2.971194888273237744e+00
4.141880158428174141e+00
-4.593150159755401063e+01
3.650781680312105593e+00
3.097296054101132956e+00
1.941428519127546215e+00
2.038988926210807406e+00
3.056964669756284891e+00
2.426235490946336615e+00
-4.556698371236585388e+01
3.435168563157888766e+00
2.439157248569307157e+00
3.706055444908528340e+00
3.425130625777407456e+00
2.873430525383940726e+00
5.157391285496970568e+00
2.832725430256485044e+00
5.152912384548152858e+01
3.545799376939685832e+00
2.982610740676991945e+00
1.986608361843320347e+00
2.749376063748151910e+00
4.496415107110327547e+00
4.729630146319120598e+00
2.919090021319301620e+00
-4.505182312402747868e+01
3.066730879452763237e+00
1.960081258031513896e+00
1.625028840655560858e+00
4.858995383397473944e+00
3.782603613396544162e+00
2.312645290449309776e+00
5.318027700053691831e+01
5.228617663714482688e+01
2.127005996707080016e+00
1.741188451766779943e+00
5.819823270761817469e+01
1.550592793511924583e+00
6.573698462076180249e+00
3.091173364164732096e+00
4.203714144639850936e+00
3.360045188961729323e+00
1.072910638623534041e+01
2.362941124123431269e+00
2.613532866086161199e+00
-4.830665003217605857e+01
2.676346782171536987e+00
3.697297370211307221e+00
1.646973824575428402e+00
8.406118206174165053e+00
4.605249727199681509e+00
2.445290086925782536e+00
2.744814529274850923e+00
-4.760484806224157239e+01
2.705741900460753246e+00
4.242200237197580215e+00
3.107028126356976561e+00
2.959024938229689372e+00
3.037453722712256443e+00
5.825671310600117891e+00
2.813881991311141917e+00
4.822567690730820367e+00
3.719053919415216569e+00
3.461310897332557701e+00
3.384329017259264383e+00
5.266685037088504373e+01
3.128652408365172111e+00
1.392742872444536761e+00
2.737173739544055184e+00
9.731957775374224795e-01
2.274019933388037984e+00
3.982653800194169147e+00
2.661466260806472750e+00
1.897036550939623867e+00
9.969242406713387794e-01
2.739861857748901119e+00
3.761592771062847618e+00
5.720843162974435181e+00
6.585770885609008474e+00
4.022573215815855363e+00
4.348135104809684570e+00
3.785083562904886456e+00
1.090368589889292084e+00
3.013900371176567727e+00
6.369280652153700650e+00
3.995510750246229037e+00
3.989213432857801056e+00
2.971479756370439151e+00
3.651573453307305872e+00
3.571500256387917904e+00
6.552570275047225223e+00
7.087172425124038000e+00
4.253529687835473361e+00
3.916490107703750834e+00
2.093458711509717851e+00
8.227119387041092580e+00
2.941230353626911320e+00
3.908824105864539433e+00
3.355516697669931769e+00
2.390183931492724234e+00
5.715420105828068920e+00
2.180642816555530050e+00
5.313218305461985125e+01
2.627372426498623348e+00
1.715118810898926816e+00
4.174300996935851771e+00
1.961634281054289941e+00
3.429931999143897237e+00
3.946780873381251276e+00
2.520190224265540291e+00
4.901145150229772263e+00
2.846975720871658400e+00
3.033091213784055995e+00
3.232472872404551723e+00
-4.061238376355326807e+01
3.175265119175039175e+00
1.498871212868100988e+00
1.742111063733265963e+00
2.845040915110287116e+00
3.618054309719473061e+00
3.358617538034967875e+00
3.675775808024030589e+00
3.329338512574515185e+00
2.724227582171073969e+00
2.615177541113072213e+00
8.589665627762162359e+00
3.088360696412024708e+00
6.722715184993100834e+00
3.649917902051259766e+00
2.805701622616223911e+00
1.687039045613593746e+00
1.689099196128500679e+00
2.935418881195559493e+00
3.879875586832833179e+00
2.754680075057916344e+00
5.301575225090083165e+01
3.201615140634477275e+00
2.618857170565260795e+00
3.512969155803576271e+00
3.510606419294689307e+00
3.237096086380244930e+00
3.911165268406789686e+00
3.689293608282301129e+00
2.282510492204253172e+00
1.889415100886794319e+00
7.061345422465539201e-01
2.400232095501174889e+00
2.287091172361332969e+00
2.513755901117315616e+00
2.958833917770516742e+00
5.522539929349026266e+00
4.605096855827559565e+00
5.432378125423753090e+01
2.523676865633039501e+00
1.120828203937298717e+01
1.860020439676919546e+00
2.904221136655093627e+00
4.059259418477146220e+00
3.443373634112351311e+00
1.852362906007258170e+00
4.885872395992232775e+00
2.661075982737838963e+00
3.809915170206846557e+00
2.837279345130059482e+01
2.607314226934776435e+00
1.505391455344902374e+00
3.684509191738616796e+00
1.966837291197797821e+00
3.682849972840722241e+00
8.141337416458242160e+00
3.697488792677464886e+00
2.635139350032932093e+00
2.267472837960101018e+00
4.682892015834276833e+00
-4.752266138075452062e+01
3.192017658274569403e+00
3.635183958118648917e+00
5.337607509234349124e+00
3.264431041038768022e+00
2.652070282382214650e+00
4.417850057418625909e+00
1.012539033846334924e+01
2.440752127594345566e+00
5.201386105197705945e+00
5.362382661093954539e+01
2.722907875671101596e+00
2.508047902506627125e+00
3.140531946256997387e+00
1.744290483740598807e+00
2.559760975944268768e+00
-4.740093180089945690e+01
2.436295609797377359e+00
4.663652159629533500e+00
2.749501246169432811e+00
5.248022636027522481e+01
1.497801475032546570e+00
3.292810337300903889e+00
4.434430602196803406e+00
1.428057388888115398e+00
3.103986002109713205e+00
3.392709831503232465e+00
4.637397270349275402e+00
-4.349313073354723258e+01
2.431836945565438501e+00
3.376328061709223061e+00
2.845416342005198107e+00
1.076461510470602345e+00
4.852047118699557515e+00
3.432952293133665123e+00
2.672598973148031298e+00
2.373971113285513024e+00
7.447923702901582566e+00
2.494268242695698579e+00
3.167494167790079196e+00
2.607680565568753828e+00
1.618646537096706695e+00
3.719284561564939473e+00
3.135275022142681944e+00
8.894321056303593487e-01
2.838636969361196805e+00
2.965475695076202900e+00
3.073794833040745633e+00
3.579131986375249763e+00
3.413854912072668224e+00
7.208978035838460308e+00
5.951875252858284782e+00
2.827239497997393158e+00
2.436974527116873013e+00
3.732207794648245702e+00
7.261091980201842766e+00
2.572442690592918524e+00
5.209645610467248389e+00
3.610031068275107557e+00
3.657906603766239328e+00
3.116439064913311796e+00
2.356215380372399970e+00
2.479208957017446480e+00
2.709266210513081141e+00
1.295659688068533821e+00
1.084392988678549496e+00
3.233387426505870632e+00
8.697290914139466977e+00
4.048953773118059374e+00
3.254471576827145718e+00
1.836301158508008236e+00
5.340714674053291589e+01
5.684678120605243024e+00
1.794810436397016540e+00
1.049715192958225574e+00
2.892085409220256143e+00
3.194862391209039032e+00
5.209891975218162941e+00
3.263488102561092230e+00
3.349740159770644876e+00
2.423287438659706527e+00
3.056493343837867638e+00
2.893609879816312791e+00
4.235848021468779478e+00
4.127105508903271769e+00
2.972851928030037616e+00
5.085319266661860738e-01
5.189852151776669587e+01
3.708755501905080187e+00
7.123421434794886764e+00
2.707267284296060339e+00
4.724965579587252051e+00
3.445617701120023746e+00
6.291275757907163424e+00
2.972128564695438513e+00
1.569648506145342237e+00
7.022596081803836654e+00
-4.552302867678085363e+01
7.864973570042139706e+00
3.491709208990153357e+00
3.115875766275922221e+00
3.486871679433325433e+00
2.068197986169540759e+00
6.516156769219479727e+00
4.811456782646322594e+00
2.910850489406414443e+00
3.677934376530207938e+00
1.642037797998930237e+00
3.927596100462955597e+00
3.949316889670164699e+00
7.053338525049539953e+00
2.051048195959014109e+00
1.959744694687337585e+00
3.472873519597074132e+00
2.317533695574876429e+00
4.070185706647542645e+00
5.328816688954847791e+01
7.071148895683506908e+00
-4.801623834315611106e+01
3.489284423138194757e+00
4.777547185550067965e+00
3.308223715374847274e+00
3.456618652581808337e+00
2.608621663130917145e+00
1.982580748208171872e+00
3.300378353812327248e+00
4.848490462644551968e+00
2.738845062598557423e+00
2.344123460040169249e+00
3.050974398220883010e+00
9.735669893740830361e+00
5.316952528529422750e+01
1.207644300108884350e+00
3.247613351190195452e+00
2.442231296895281734e+00
2.878685730210283289e+00
4.022036526693463010e+00
2.714289779341372277e+00
-4.874330750813012969e+01
5.151197731469149943e+00
1.367195649551971393e+01
2.175331318316064966e+00
4.410538222284680288e+00
3.116901260513087468e+00
5.209718317060429627e+01
2.967962794355139877e+00
-4.727284980399794989e+01
3.526722885322827850e+00
1.713011810838456217e+00
2.883921318215317164e+00
7.299875280641084707e+00
3.438324676234853161e+00
2.028780651819108716e+00
5.413325823207616594e+01
2.405027962992940527e+00
3.514651273786728147e+00
3.687484948546837060e+00
6.068308301356188039e+00
2.855377663933677646e+00
2.270892134640020821e+00
-4.770301684606119608e+01
3.387232405294423376e+00
3.187832244394099401e+00
7.301412531725276267e+00
3.489132035342151550e+00
4.245666802126532247e+00
2.923857723060854674e+00
2.447442081440205364e+00
1.937682565675330482e+00
3.164659254357398144e+00
2.086562667676266081e+00
2.674676502389417454e+00
2.167676869532901396e+00
6.814970531850216062e+00
2.156163912695220564e+00
2.989413364528171080e+00
9.667166683294787788e+00
3.642467076175121665e+00
2.777706120198799145e+00
6.545601634495336718e+00
2.159956979854789960e+00
3.768667728679913509e+00
2.889253707015577710e+00
2.447538417309261138e+00
1.555513075829063840e+00
-4.753667536077689704e+01
2.223280264078852930e+00
3.459565220698086474e+00
2.781115093847356334e+00
5.365051387602066058e+01
2.807848490445558731e+00
1.761048121495600638e+00
3.236180437995888504e+00
6.044970960498576851e+00
2.583560288862218890e+00
2.589927207814046728e+00
-4.034421923970518264e+01
-4.679714831492381677e+01
1.900487033044387930e+00
2.408130487369248840e+00
4.378878254733602482e+00
8.143046823215369656e+00
2.326913945401074102e+00
2.749825692953724587e+00
2.102180455505855861e+00
5.354107855139893957e+01
3.394672758500916210e+00
4.130283095382134562e+00
1.449256584968031225e+00
3.829308865008298479e+00
5.573767316687065154e+00
5.239346236246550603e+00
1.470946241030206769e+00
1.326258625164919325e+00
1.978182463006892045e+00
2.348798778506820284e+00
2.914172128749716428e+00
2.921745253884038718e+00
2.953655205151592522e+00
4.761478477522858910e+00
2.181508209750413929e+00
3.472359492387877555e+00
2.016500702953169633e+00
5.534859537412220476e+00
2.035848409713563179e+00
5.159064610871588741e+00
2.680023177127506262e+00
3.698579709001218685e+00
2.072110276553928543e+00
2.732752479834023696e+00
4.320888812957287328e+00
8.569611813863170724e+00
2.580807965225822009e+00
1.950387711401475821e+00
2.336072971368459594e+00
1.312148171413658915e+00
3.401372650776903317e+00
4.375505243117686405e+00
-4.619354604661392472e+01
3.017507988226811655e+00
2.636968510859690085e+00
-4.314900801909893602e+01
6.630739525087993691e+00
3.031540424673248246e+00
5.241703812662106543e+01
1.903599450921828362e+00
2.749211470458228224e+00
3.427226102454214107e+00
6.241659937952179327e+00
6.088948510538525483e+00
2.576088326520276972e+00
5.399447932780248038e-01
3.257829185786229598e+00
2.619750226975836149e+00
2.813723959521435170e+00
6.990572883529914350e+00
2.078331358460371980e+00
3.167610787222123747e+00
5.235967674710067143e+01
-4.708574019982842174e+01
6.915161212773721644e+00
3.386629410205022062e+00
3.066378181904381606e+00
1.684306283654968928e+00
2.242054958103794515e+00
2.961038737381123997e+00
4.745997812504827884e+00
4.498999974105194255e+00
3.151544017093407035e+00
5.459570438572663775e+00
3.171457284016327094e+00
3.212696009206547743e+00
8.276004000325915655e+00
2.733577475538218060e+00
9.756592205851575272e+00
2.130665043591873253e+00
4.505600314130917106e+00
2.050403151022736736e+00
3.100960759894408891e+00
1.070591392106301942e+00
5.277925787347960807e+01
6.780033032536440629e+00
2.641244008249479247e+00
3.738860431615987689e+00
1.564990206549807361e+00
-4.728221611576874750e+01
2.371443572731285698e+00
2.900419136413130872e+00
3.776824078415040198e+00
2.778226634480234658e+00
3.639087733944280423e+00
1.010489010499832307e+00
3.459567193706760690e+00
2.085841167206617719e+00
1.070069466655039214e+00
1.409126346307731481e+00
5.319174776389176884e+01
2.594376385857287026e+00
4.780523976397223151e+00
7.879597195780661423e+00
2.301765350028366353e+00
4.817098640675152588e+00
2.677331571852976655e+00
2.967918315683309327e+00
2.966642284711640709e+00
1.637881104540686472e+00
5.279592606265769206e+01
1.349965904244790238e+00
5.208636708574815977e+00
5.257059832383849596e+01
5.530797672490177064e+01
2.234819202151058892e+00
5.196065698446199477e+00
1.965589538284669313e+00
3.319641514731477727e+00
4.658648992480056705e+00
1.409200015746715495e+00
3.746903415851880581e+00
2.640159912698313960e+00
3.032101817577306235e+00
3.826664246678795234e+00
2.535807810298332576e+00
4.807892407357904574e+00
5.329497490483117872e+01
3.784315312448151225e+00
2.979524445795977083e+00
2.313913656950532083e+00
4.827215549115933868e+00
2.662296530330739319e+00
2.087470258755806718e+00
3.809664003841024105e+00
2.133747485576042990e+00
2.799682491741079637e+00
7.585529318880010585e+00
6.105800959240810677e+00
3.381687798862658578e+00
2.802012507519940243e+00
2.821642193818289179e+00
5.492891285867577800e+00
2.988845434231774068e+00
5.318875463589712638e+01
-4.821833975517100868e+01
2.142006664786657577e+00
4.193076802997071972e+00
3.309960934335781868e+00
2.173702388963581811e+00
3.096092584266085357e+00
2.379387480731428806e+00
-4.844414249059165911e+01
3.514924763413328268e+00
2.301390876282982667e+00
2.974878146419685176e+00
4.704337886849546457e+00
3.320016772681587014e+00
2.753531474455726435e+00
5.777070497090590351e+01
2.778860160797884227e+00
2.366959776892264777e+00
1.956029293662406188e+00
1.006229963863792776e+01
8.101622295872793700e+00
3.037250286871861160e+00
4.851559111314225348e+00
2.996623172485097353e+00
3.583893639834433209e+00
5.110053196859212221e+00
4.219424664239360467e+00
4.654852495520291455e+00
2.366571340326903083e+00
3.201467095153847975e+00
2.832060452687892749e+00
2.380609583717959943e+00
1.049119797670134702e+01
2.795510590455247968e+00
2.113485514730375492e+00
1.594319562836649995e+00
1.841965518867649587e+00
4.767979861035374967e+00
3.192434376061009438e+00
2.172146246158870753e+00
2.418188513636067682e+00
2.860348317723137690e+00
2.736640828715213747e+00
3.589949990466794194e+00
5.171022889231292829e+00
9.832659793999551923e+00
3.870653058550431957e+00
2.739584050947653004e+00
2.177155962520394894e+00
4.002753973274638888e+00
3.167102951268323530e+00
-4.522984692377912097e+01
2.399903353957600682e+00
2.638986192001261610e+00
3.091515775402006394e+00
2.471487598746511249e+00
4.962231426785063348e+00
3.021293810357324361e+00
3.341366985819511193e+00
5.005686226069972378e+00
1.310481950883536362e+00
3.035486899526452564e+00
4.150044612239492281e+00
5.721650646754034675e+00
2.489675676287796513e+00
2.124961823929881533e+00
1.724990402940416612e+00
2.938665512193609164e+00
3.332310336037445975e+00
3.071895223936991215e+00
2.565640530671701391e+00
1.654184876395378812e+00
2.389802675510251717e+00
5.848923458337328185e+00
5.647433247572090309e+00
2.881022995922247976e+00
-4.763348755849645499e+01
-4.734782634864763651e+01
3.730567253285376417e+00
3.832396318715800554e+00
2.049100440675893253e+00
3.637546547383929241e+00
1.929536530905338720e+00
2.665606836811193148e+00
2.167617285044135755e+00
4.427833082496027473e+00
3.562331874930041220e+00
4.890871837329843430e+00
5.917456591285980672e+00
2.603959658118886633e+00
2.272976504001526621e+00
5.284204587000358444e+00
4.430849793239631573e+00
4.472293469840114888e+00
3.013457600260302627e+00
4.094499086593817339e+00
4.080939813723375664e+00
3.737334974505713170e+00
3.042268983739904620e+00
3.583664289557113136e+00
2.311404596795899380e+00
1.720222246331817528e+00
3.513420497984528712e+00
2.185993411123937857e+00
2.966372010501249878e+00
4.751238366620887277e+00
4.722598400259270690e+00
3.210108842738798263e+00
2.996741889912916790e+00
1.945245827075340550e+00
-4.740972294407414012e+01
1.494485008556498506e+01
2.390705998951842659e+00
3.738585094547194565e+00
2.556343649685714592e+00
2.181517585141977023e+00
2.112379281444602075e+00
5.275286863537569815e+01
-4.802134953963386010e+01
4.001889803187083317e+00
2.214478247494122698e+00
2.415807032492585549e+00
3.831042411963128114e+00
5.336819245504224796e+01
2.747020705779298577e+00
6.621019045329036956e+00
2.966186343605492048e+00
6.070034571822141345e+00
2.195771870747053267e+00
1.750099159338993848e+00
3.372848187668131104e+00
8.298359746986054830e+00
3.764057816491918285e+00
3.091913045558725592e+00
6.968358935102330065e+00
3.688171792451243824e+00
2.939226720905943502e+00
2.499529500424582107e+00
2.156469180341919589e+00
1.103145331174522248e+01
1.792332126937621561e+00
-4.724033464827201101e+01
3.087595567208267333e+00
3.293083494243941090e+00
2.919165340127888086e+00
3.873293073581158374e+00
2.476540332158183144e+00
2.066422089927980377e+00
2.887309658234403109e+00
-4.641840390041241449e+01
2.460281323918301233e+00
2.250162786889835509e+00
-4.668902488361494107e+01
3.952759286029797980e+00
3.964484904333252402e+00
3.879366380578865847e+00
1.299953013115622280e+00
2.947166369627044258e+00
2.740362597857555649e+00
3.960390066972778733e+00
3.208405652218059956e+00
2.550675186131511119e+00
1.931596401601338053e+00
2.286645381122400345e+00
2.608893923067776566e+00
2.613312649823690048e+00
3.377871842746783759e+00
5.037451694603902297e+00
8.571751275836277273e+00
-4.794169315063525971e+01
2.567389451869524386e+00
4.064807459375700205e+00
5.463434336942215808e+00
6.492938919332749137e+00
2.813941007164407093e+00
3.620163011105300921e+00
6.672085572107592455e+00
5.552896133063796924e+00
4.977776747832526993e+00
4.264278864911539735e+00
1.992838628938145007e+00
2.086099491606128176e+00
4.648813823129714251e+00
1.326305154721066248e+00
2.995281463532010413e+00
2.505255686582445129e+00
5.298596925180926576e+01
-4.737123751409461647e+01
1.492424723741199388e+00
4.142497026442523378e+00
2.860778433687163780e+00
6.281211861345372682e+00
3.395025996682813130e+00
4.670794579131029245e+00
7.060269938967791425e+00
1.816698518794664929e+00
2.146427041775547107e+00
2.230299998586313226e+00
5.266369308826386764e+00
2.758152028248367582e+00
3.942655545639859760e+00
5.707562842129840774e+00
-4.706591915232086620e+01
3.941542008974978195e+00
1.286471576582379983e+00
3.075915162016283233e+00
1.565119839583881900e+00
9.441433792004847447e+00
5.475676614177372059e+00
2.934261411958988042e+00
5.606106638954430288e+00
3.925294102726534007e+00
2.924073210529974265e+00
5.293813975660738436e+01
4.015109810270471868e+00
3.999681712954024970e+00
3.944830868641327815e+00
9.128147449144481840e+00
1.218377161929106611e+00
3.984617384453406963e+00
2.632810897139066686e+00
1.592122909728865165e+00
2.915044549669395302e+00
1.147146672658182043e+00
4.387399176470223594e+00
6.910629463173143527e-01
2.526696197173272207e+00
1.193823219900218291e+01
2.959175237650094381e+00
-4.678093090864789616e+01
4.526658849893355097e+00
5.896339616275646733e+00
3.360284033221824007e+00
2.174727366161897102e+00
2.872947191395102351e+00
2.492272472865874278e+00
4.434418909151984778e+00
3.787695781322922617e+00
2.998076488799866990e+00
4.997723153652226635e+00
3.566950220077574230e+00
3.118143131789986366e+00
5.297668242929297833e+00
1.300912537987101825e+00
7.426130479774455395e+00
5.538332984116225433e+00
2.838271108711998725e+00
5.886330699117190868e+00
3.280118987839674372e+00
5.893118323889397381e+00
2.155079904581633343e+00
2.575000812425634500e+00
-4.748721804749631303e+01
1.082252458242159676e+01
4.151355729202009570e+00
8.339166045454515341e+00
8.987911868496023970e+00
2.563358753780171639e+00
3.234527957125203024e+00
3.005774150781360454e+00
5.215470140048088510e+00
5.213603604639747147e+00
4.105159608872861021e+00
2.003991490609494441e+00
3.763684076658213584e+00
2.492255186157439795e+00
4.277044154055646530e+00
4.740661069641515901e+00
2.799059279911198406e+00
5.953187413047480447e+00
4.280195124889816682e+00
3.615213934005728103e+00
2.122249017986304942e+00
3.436705164528005785e+00
3.781576163099718890e+00
2.435091358199738654e+00
3.944678666715334181e+00
5.344452893903148549e+01
2.566919148192302824e+00
3.096647350041087599e+00
2.665765767189788082e+00
1.893394617910053812e+00
9.170797359656978287e+00
2.376438683711481481e+00
3.292528930062700532e+00
2.469572936977880495e+00
3.330244841240465714e+00
2.078303984212912514e+00
1.485237268630615892e+00
2.679416261706610403e+00
1.765843654106260541e+00
5.890412261129112537e+00
1.331779708277188767e+01
1.089330565131815476e+01
2.147444303037400637e+00
2.202116681872417381e+00
3.251962854068402020e+00
1.757807125440467244e+00
2.455764035044885052e+00
2.131781280519141841e+00
2.145532745938050212e+00
2.037865246678006503e+00
2.784849081613147259e+00
2.607780512085907887e+00
3.323264480336690863e+00
3.082767881858829995e+00
8.812608848208007828e+00
2.475453510973682825e+00
1.650398251288594409e+00
1.800872836324272086e+00
2.961194121000597423e+00
1.708904183538140664e+00
5.754574299297921414e+00
3.247461543443948884e+00
2.855058061451646090e+00
-3.939414359826719192e+01
1.950393044752648297e+00
3.086111427741363933e+00
3.968022024763348199e+00
5.566257922371441680e+01
2.648151401573586305e+00
3.404865577863593895e+00
2.996713658773321409e+00
3.326171743160874605e+00
4.744504018300887971e+00
1.991471632038491535e+00
4.110383293235383206e+00
2.733298631687661295e+00
3.398809270452598508e+00
2.856426086899230832e+00
4.530818380249490573e+00
2.856713571730044698e+00
2.636763174183741842e+00
1.468040633155694996e+00
2.332701358072466036e+00
5.868301727729155814e+00
4.628836780103748438e+00
1.733846457459329971e+00
1.266233433112841533e+00
5.283614499336879078e+01
1.548831630410663074e+00
2.417088322778000009e+00
2.789433626586465209e+00
2.644316752617939859e+00
3.446936854847240106e+00
5.277791975532793778e+00
8.204999275579012874e+00
3.177057040346355610e+00
9.811889101923783940e+00
2.794520910182086926e+00
1.329728490217723769e+00
8.487295670643542067e-01
3.782330010648125906e+00
2.459752753792180613e+00
3.179981161976198401e+00
4.786236309158976354e+00
3.206413317492811554e+00
1.899374134942606762e+00
2.681498860800358930e+00
2.020500912787524417e+00
2.223909118375131388e+00
1.562144100818528969e+01
1.508903973263700182e+00
1.542370254863965728e+00
5.192870936644769131e+01
5.662833708906051200e+00
-4.655651980788892530e+01
2.568603129214636738e+00
-4.675142443984967855e+01
3.258568631799118709e+00
3.192478792687346356e+00
2.761191478052357429e+00
3.469459777238607323e+00
3.041048876738047024e+00
5.284888956539326443e+01
3.910618609552665159e+00
3.860715373079659951e+00
3.181438407110533717e+00
2.436552852284461057e+00
5.273340446394475833e+01
3.590237779600911949e+00
1.325944025367332024e+00
3.597072585494208052e+00
4.571491076962561628e+00
5.211446663014930181e+01
2.893171808650524923e+00
2.738466422773822462e+00
2.247881073971421451e+00
3.542651432090709207e+00
4.980706281528266999e+00
7.172461871304589565e+00
2.665461225029232661e+00
4.129246278298124295e+00
5.546762400586267461e+00
5.411020768784266188e+00
6.288264770561671213e+00
3.757537161221926603e+00
3.320813288248769535e+00
7.642861323124990669e+00
3.949578801571807407e+00
3.096427728308162042e+00
3.227525336478405560e+00
5.551563090246674648e+01
2.545443223594684223e+00
2.539873613323830437e+00
2.062580551010175789e+00
1.852962826186612677e+00
3.179799011938714060e+00
1.980497196596174625e+00
3.305324599592680102e+00
5.174619744765607265e+01
1.874035984695426871e+00
2.056804643540409483e+00
4.949943379136099608e+00
2.031464291045976367e+00
3.511516972626390398e+00
2.814108958308926045e+00
3.293191539775143450e+00
2.533258000725850945e+00
2.108230661854428867e+00
3.467134421445204229e+00
2.528004987409990800e+00
2.690136455093622647e+00
5.053535383047081275e+00
2.307606257915791659e+00
2.048807099956269528e+00
-4.824438401706444068e+01
2.516681737449842249e+00
3.959079866956509708e+00
2.476986532450144107e+00
2.082223541235792563e+00
2.513300163049335012e+00
3.239792182277884791e+00
2.931893405040379541e+00
5.419217485579911120e+00
-4.358818830469718364e+01
4.122121137154841186e+00
2.040606750042377016e+00
5.008805859967100815e+00
2.112086119378196347e+00
5.451305442800911294e+01
2.298265190265934788e+00
1.284875868147886901e+00
5.779891299131569582e+01
2.912020252398422215e+00
2.549420586984140424e+00
1.458500060529648223e+01
2.495389073285701365e+00
2.192287371479602065e+00
1.513215258417467179e+00
8.815290504870892718e+00
2.897954190028669164e+00
2.270106393416612800e+00
3.901148178316896864e+00
2.892349692338067602e+00
2.938782069833810073e+00
2.973999211031183254e+00
4.312651858027888530e+00
4.536141119713739123e+00
5.275560494657366917e+01
5.563926288878437987e+00
3.055742064170170025e+00
3.418732291012573921e+00
2.832316149529841898e+00
1.045665192156510770e+01
3.116007742392767010e+00
2.618037689863268902e+00
2.333668567242394687e+00
2.777066092791214746e+00
1.778784368686852080e+00
5.202554955011987836e+00
1.893505270127957330e+00
1.970868110220415748e+00
2.931896078021547503e+00
-4.728371898405776363e+01
1.905301597784475831e+00
7.780235104293368842e+00
2.140160608295590183e+00
3.896999817183870007e+00
2.470373523670666316e+00
2.895378296996479417e+00
1.490140586192900463e+00
3.477996406083432301e+00
2.478943013469120604e+00
3.063968511609831857e+00
2.859517284416748684e+00
2.405730668680786444e+00
1.512713779426187166e+01
3.688630651867418564e+00
-4.725927820756558617e+01
5.449885410845963563e+00
4.028357621018773038e+00
2.738174509460529205e+00
5.369244366777667032e+00
2.626261184684439698e+00
3.179445251340120571e+00
9.606977127196465460e+00
4.324507976809752741e+00
2.810169277439773960e+00
2.820411100655134895e+00
5.274395312327031604e+01
2.811948288851955802e+00
2.928002368043863157e+00
4.958448130233985118e+00
2.279283639233168568e+00
1.940735613646784374e+00
2.090391884476822781e+00
1.961983230223121266e+00
2.244750388650380568e+00
5.734852757384116373e+00
2.351862486341833147e+00
4.060062188456162957e+00
3.794136792469430475e+00
7.660233638884106355e+00
4.101962818706260450e+00
2.134670364844500234e+00
2.085797009324395823e+00
2.173132608144550115e+00
4.905252505677153430e+00
1.932946779147056482e+00
1.012763642476454606e+01
5.212827350446609387e+00
3.018376384303251392e+00
3.953158239213857783e+00
2.638311623175344955e+00
2.785850865700198575e+00
2.874800210354183427e+00
2.605918763522133919e+00
5.719773474250255951e+00
3.512021251596682880e+00
2.459602098420859306e+00
2.772372495093642808e+00
1.909612189092707801e+00
-4.753672566358042673e+01
3.190409352726613523e+00
6.015921318504226178e+00
2.508212601921444129e+00
2.682787552813785670e+00
2.701370655426528877e+00
4.790128757060661435e+00
5.397661246299112037e+00
2.211515256149736874e+00
3.396754398558959664e+00
6.611756724275794639e+00
2.876303004277283915e+00
3.275690658978121839e+00
1.366172987661360860e+00
2.094041301759901330e+00
-4.724772480758678483e+01
5.968394927184141885e-01
2.918810497638303580e+00
2.681666729989189868e+00
3.249120062732117731e+00
2.799738536468283190e+00
2.443410193718669632e+00
1.764615700036765489e+00
3.449139378342198636e+00
-4.533648288321741404e+01
2.647590625583689405e+00
-4.085705519874275637e+01
2.727952817617280257e+00
3.266620052995218959e+00
2.385067514415284418e+00
2.738908388471766653e+00
6.507220878338348946e+00
2.759937341915037479e+00
6.751329043756974180e+00
5.255689161724689740e+01
2.745187802733264792e+00
2.013389579966817777e+00
5.536410787466541450e+01
2.155632489011921837e+00
2.037979410796230351e+00
-4.754629376947482200e+01
2.881375221693621036e+00
3.035705024400670471e+00
3.008890773128573226e+00
3.225349216321359069e+00
5.090477248782265818e+00
2.255005882659847138e+00
5.266557810786994764e+01
1.767416535834431368e+00
2.987221133226307668e+00
-4.471082986524113068e+01
3.947501763488610038e+00
-4.752370535006789964e+01
2.953888809327617881e+00
3.196577856302213583e+00
2.796355797799684684e+00
3.146080878172111905e+00
3.196624769562277368e+00
2.677383787948370841e+00
4.124715307283471688e+00
4.027980823108675779e+00
2.103969291466253111e+00
2.503277495518648088e+00
2.772334089595486439e+00
2.875233071846966304e+00
3.224155957514550419e+00
3.128139829170849318e+00
-4.638850655834083625e+01
1.331154152898224474e+01
2.936169632572266597e+00
3.508435545052141169e+00
4.416122404841324567e+00
1.333090129573972682e+01
2.484112866868493974e+00
1.568840985899478291e+00
7.591648711217005463e+00
1.460696283340392254e+00
2.716372376382308662e+00
3.054388040255125336e+00
4.408425460714601840e+00
2.224572060890316116e+00
2.356674644268886620e+00
2.778108111126674995e+00
2.409442790491250097e+00
2.711403091801628307e+00
2.620206911285114071e+00
2.696918382251919155e+00
-4.583533379885595593e+01
2.650999103435002002e+00
2.479866560549360610e+00
4.183812996271084828e+00
1.645280185668918538e+00
2.311070022831210657e+00
1.988856571638637938e+00
1.379498865527325258e+01
3.877168400635204293e+00
5.258457993832208643e+01
3.442196598075655700e+00
3.939739239320592112e+00
6.041671386523862708e+00
3.025574054028511650e+00
5.071431640712802391e+00
4.232797392784695134e+00
2.131611952073789951e+00
2.151730744509897875e+00
5.293044310500928162e+01
2.312692478318631562e+00
3.250348129067410774e+00
6.671588213219463270e+00
2.939048843525160493e+00
3.828420267225293827e+00
3.596730119091600564e+00
7.298316439000580580e+00
1.963159776802645862e+00
6.602883262861126923e+00
3.024058012465164147e+00
2.600592257943720398e+00
1.557345058793625725e+00
1.582201798954592897e+00
4.581186719769622329e+00
3.413333721059844894e+00
3.204838956222691770e+00
2.245749035463362908e+00
2.042045801168121066e+00
1.744750045742284872e+00
7.977161698940587797e+00
3.329925774411705675e+00
3.633998940865632576e+00
3.487636858119414818e+00
3.160240630124303784e+00
2.700022810711959931e+00
2.625888231505867587e+00
2.535155564472278300e+00
1.014800306173744460e+01
4.223847674135265073e+00
2.101123900522453347e+00
3.041010050622420469e+00
2.565473853321254438e+00
2.804759159215095998e+00
2.452611944394992971e+00
1.927155031033502830e+00
2.311801467129044774e+00
5.197401542200289271e+01
7.713522126924020839e+00
3.591027720725817218e+00
3.099638687120549463e+00
3.000087667144551773e+00
-4.796114565746562874e+01
2.748380797062787373e+00
3.333747038331913437e+00
2.907827345878791547e+00
3.169644301477903880e+00
2.114865258338711307e+00
5.789789511007759515e+00
5.540269360595825532e+00
2.951373765694765616e+00
3.838073441299206578e+00
3.168826075093731376e+00
2.560662500167188327e+00
4.440423212810352460e+00
8.712901757465949970e+00
5.906723704802834263e+00
-4.720563041729475628e+01
5.363414153387206085e+01
2.758331420803481482e+00
5.224161662902571379e+01
6.976504256272209048e-01
2.833162101027567825e+00
3.263012382358062791e+00
3.066567214700845589e+00
1.046812162797251311e+01
5.253626447357613927e+01
2.647853148670436418e+00
1.972547342928574032e+00
2.596698634066801237e+00
2.378136187598720586e+00
2.983422251305268169e+00
2.654984852378912130e+00
4.213105586601900043e+00
2.200930596482222334e+00
3.323474589123640577e+00
1.852209898196186755e+00
2.477505446878073947e+00
8.513040197230466788e+00
3.742742994990449823e+00
1.660310980904321720e+00
2.267243017123110604e+00
5.201925279093030952e+01
2.835128384446357508e+00
2.904024774467680370e+00
3.602978265536767033e+00
1.831815976839277882e+00
1.163169900937913059e+00
3.317779064382672338e+00
1.844405538221486340e+00
2.767151436522773622e+00
3.613465438623387538e+00
1.457729150436158694e+00
3.249210746707045239e+00
2.465922171595630541e+00
2.741844515027446416e+00
2.424897359771446936e+00
3.159219529888538158e+00
2.267844548799742288e+00
3.831091576655301978e+00
4.006844285403285078e+00
3.283468107782961276e+00
2.476086331118696915e+00
1.972159116010324009e+00
4.964074249740010991e+00
2.893091489597082511e+00
3.376520080640455834e+00
-4.662107549087430414e+01
2.469264381954730858e+00
2.910660863402918519e+00
3.208907120957657177e+00
5.439074801491460676e+01
6.112225470568704466e+00
9.186367859478622222e+00
4.039948707520792048e+00
2.680222173120647255e+00
5.255202825230659158e+01
2.394417588830970445e+00
3.449373931076774369e+00
1.754865716151021715e+01
1.738412760197407536e+00
2.168053897674425468e+00
2.507034891382836861e+00
1.352630940830700901e+01
5.347760972755254016e+01
6.286277994824379434e+00
3.801626344807403690e+00
2.400605637418063765e+00
2.391056694149904516e+00
1.337489019993971295e+00
2.099184484036973775e+00
3.790106804538039498e+00
3.858721959473416785e+00
4.094166151081999772e+00
3.096762247013391978e+00
3.182586344114456622e+00
1.718670262206050836e+01
2.573486950679106489e+00
2.283166713105313939e+00
4.022215346242365541e+00
2.557796844436857508e+00
3.496257230056920129e+00
2.963838579029029585e+00
2.802260401091836606e+00
2.959637244692481683e+00
2.096578569158389804e+00
2.902400453932679092e+00
2.979321746773982760e+00
-4.708693937806251739e+01
3.195633010814922681e+00
4.680278393298680228e+00
5.241527224139101548e+01
3.414040003348826069e+00
3.898186760272435158e+00
1.179393793198301399e+00
3.078174954720372725e+00
1.901886868371826189e+00
5.299278969763547309e+01
3.359530912021050142e+00
2.684033449340534894e+00
3.366916215483942487e+00
4.644368902749786088e+00
2.433917472293190887e+00
3.037603602305130934e+00
2.887979535894097616e+00
1.048521206982154119e+00
3.315710713186216019e+00
2.233482086011581380e+00
3.275786011479902005e+00
5.435296172000533943e+01
2.647302534683698472e+00
-4.764921907625713970e+01
2.046761922201429051e+00
4.244908272855593800e+00
-4.687824543013248046e+01
3.509045433095279165e+00
4.433597201124374720e+00
3.386907431917240086e+00
3.264628964033801761e+00
2.977520022720012260e+00
6.976011358068126000e-01
1.999527679561957205e+00
6.915815708109866122e+00
5.163096084747636638e+01
9.464659773464417114e+00
3.699627000729669213e+00
2.692636852780219137e+00
2.114950672471984650e+00
3.408011918494072034e+00
3.975185895666790259e+00
7.881250697413570094e+00
5.312016540351150695e+01
3.092471140022524434e+00
4.324510414772494649e+00
2.603964052948145813e+00
3.941837181421498748e+00
3.827303431676602585e+00
2.165922483405985588e+00
5.200687401134645427e+01
3.280633149997200793e+00
1.689764606023427929e+00
1.652092155938014617e+00
5.240560141226961832e+01
2.805923479738238413e+00
2.176573690408108330e+00
3.200337629825387609e+00
2.393055744793872286e+00
1.795796559394120528e+00
1.720482334127336976e+00
2.199433216295532123e+00
2.763517305135786195e+00
2.762060950648296931e+00
1.208786559856901643e+00
1.698760613551611787e+00
2.849005366430749309e+00
5.324038581281907767e+00
3.026456903333472948e+00
3.123203990587657408e+00
-4.828351524601580280e+01
5.471076013299676077e+01
6.358467455740518304e+00
6.103659987979479951e+00
1.725858224525163687e+00
2.372252768290230129e+00
5.384196353162553805e+01
-4.526095613357542646e+01
6.701051081174666635e+00
3.141314142609744842e+00
2.869945348510694938e+00
3.718541360803348184e+00
-4.581510464795988469e+01
2.436108917093865678e+00
1.339762081365763180e+01
2.652077312777938456e+00
6.788326322222115294e+00
5.100773105420902453e+00
2.376574717685134175e+00
1.751493664848392751e+00
2.881091280991044723e+00
1.345708427722846778e+01
2.791810239022068707e+00
-4.548464090381700942e+01
6.202151052821228916e+00
1.452792780814335671e+01
3.855067395038870082e+00
2.589000741196172406e+00
4.985059670480017857e+00
1.380347888126978795e+01
2.784109816762849299e+00
3.808770540680277428e+00
1.661383407216161956e+01
2.354666727760107214e+00
4.401637530125706022e+00
3.094690707408648489e+00
4.228238878216198593e+00
-4.748434996414512455e+01
3.609131232351459495e+00
2.752272764490160561e+00
2.418474758773432765e+00
1.383993251629697552e+00
2.479484198041591814e+00
-4.645912572137708452e+01
2.777396245837958411e+00
2.605217146500129477e+00
9.219702474813677995e+00
2.478706574719915956e+00
2.850288055609631499e+00
2.930881392124036200e+00
2.090839239438159858e+00
6.215217101892072549e+00
3.937662770459797734e+00
2.978218320642353145e+00
2.179374017320877766e+00
7.524414873477597077e+00
2.723032002333174884e+00
2.658369398719831356e+00
2.234947380489070490e+00
1.990880729766837165e+00
4.355038947608884214e+00
2.021201663128982862e+00
-4.661647105302665040e+01
1.885083673928537040e+00
2.445955867386883309e+00
3.206341781021015525e+00
3.980163785316955138e+00
-4.661352908059321720e+01
1.849836404357481978e+00
2.842572802635765949e+00
4.263132274190567728e+00
2.829372456047401840e+00
7.716316425996794237e+00
5.440490279494286341e+01
1.416508920213218836e+00
9.051524139338034125e-01
2.862453140109414207e+00
3.460188243123256235e+00
5.305181529795462581e+01
3.045402455305455280e+00
2.999271638611744617e+00
6.699105574858507772e+00
2.563261193307141639e+00
-4.398676652063824832e+01
3.935220031759147474e+00
2.176544867784956594e+00
2.716375453971407339e+00
3.596588054046455429e+00
4.258628870756899332e+00
6.249143153120817473e+00
3.246347971804152355e+00
6.965797413324608556e+00
5.251300689047654657e+01
3.345381774663638730e+00
2.932577938287432406e+00
3.431819278202923762e+00
1.118424048416042993e+01
1.200718927368720435e+00
5.371310247173575192e+00
2.385922351389325069e+00
8.655941255566947490e+00
-4.745138301273075143e+01
3.827788257038351460e+00
4.416367868489639470e+00
-4.830675134429022677e+01
3.702627773278092782e+00
2.315867109066087171e+00
5.270724003460773588e+01
5.473703522303534186e+01
3.319768780961653398e+00
7.053431618721374363e+00
4.804172941147885290e+00
3.917996719407509154e+00
4.688564423285986216e+00
3.019082573013008197e+00
2.548456209323330501e+00
5.319202086755105796e+01
1.552922872314931535e+00
1.966853689879638045e+00
3.415458430342769969e+00
2.198744719572527817e+00
4.934631286002082895e+00
1.175239040724398443e+00
2.564648198255696343e+00
3.604363420245753957e+00
3.268005930790156111e+00
2.221165528404608569e+00
2.518523664326361544e+00
-4.812433731886500965e+01
3.247681154725587493e+00
3.383781271017227255e+00
2.127955848557893326e+00
2.369401646146519269e+00
1.165267217710619185e+01
-4.739196408948487260e+01
5.803354550236472065e+00
6.039359232478448192e+00
6.559046205318162848e+00
5.156598561579802720e+01
-4.047520230286005471e+01
1.073016063829878686e+00
2.657435394571582954e+00
6.021238557963902061e+00
2.375527219207496543e+00
3.110521676982349160e+00
6.486384937900784742e+00
3.939563706869125159e+00
2.591063648698139321e+00
2.779346382452200448e+00
3.657286773324525786e+00
2.694945616342139694e+00
-4.826879829081099160e+01
3.213360116729916172e+00
5.362376367375004094e+01
2.378167261350229378e+00
2.518081846722028949e+00
3.092763878317180026e+00
2.016141703490742287e+01
4.121367742234625098e+00
4.601505449683521931e+00
2.601187271487633623e+00
1.439322095447751160e+01
3.102097122057927869e+00
3.327595584976838161e+00
3.276054170080817229e+00
1.087640184949529143e+01
2.703366844326781315e+00
3.286235642843836846e+00
4.675307753170857339e+00
5.275245738547019414e+01
1.509628290154219732e+00
2.347515149940523571e+00
1.978488488514692056e+00
2.902403025440244644e+00
4.012883768742094404e+00
2.014160794793287579e+00
3.158864160227596862e+00
3.938970032854724579e+00
2.675827848972570422e+00
2.116341005554690291e+00
2.271629072789226989e+00
2.754730916543474795e+00
2.851812297713633537e+00
3.353969068610846094e+00
2.748572633228369977e+00
2.493725424339856112e+00
1.225213278547487850e+00
-4.541629241266527828e+01
4.521781433025187091e+00
3.174063201307731230e+00
4.382707141589165190e+00
3.269430047960761865e+00
1.636499167181102621e+01
2.250864200556260464e+00
2.464599404658946113e+00
3.363411071132836661e+00
2.061532537222944494e+00
1.992551650300876220e+00
4.710490795198045255e+00
5.924500183432963141e+00
1.951153971580542823e+00
3.799991452278610460e+00
1.906623567422242704e+00
5.326214811834985241e+00
7.885611707122480496e+00
2.751252179709862578e+00
1.860961637693581361e+00
3.199157952223819379e+00
1.583760640405459830e+00
2.984954491546516042e+00
2.673640576897717835e+00
4.145529971497659005e+00
3.306305155926040129e+00
1.159354316931926476e+00
4.160058767491502607e+00
3.065342666429848428e+00
3.641944014222953108e+00
3.531919505809052673e+00
4.276183828642285079e+00
2.601917587503192131e+00
2.317396936314509048e+00
2.903397152390292391e+00
5.579085096926332810e+00
2.820445269577350977e+00
-4.678619070807567937e+01
2.537767083642290977e+00
7.673262596885278342e+00
2.057900281927414365e+00
1.288889735429765793e+01
1.397435675059062410e+00
2.487560298733415109e+00
3.446235228919421356e+00
3.521259479173305174e+00
1.342624943246613078e+00
9.647142439926522428e+00
2.957710298396290849e+00
2.281142820796607573e+00
1.879266398200992949e+00
3.225044796647901890e+00
1.813487254946274607e+00
2.138736810976060720e+00
1.087588297396354209e+00
3.631619032123177604e+00
2.545060252687759483e+00
3.209175435566234746e+00
8.508724265200875436e+00
5.304558288152361634e+00
2.524130349780541405e+00
3.302315181142651213e+00
4.653869679365623568e+00
2.338392280195098039e+00
2.557051846530479011e+00
1.942111472060688238e+00
5.226911506764049165e+01
2.024817639376108147e+00
3.230322839275678426e+00
1.576166413807308597e+00
5.043877382293217693e+00
2.504722583059988850e+00
1.929288710197096801e+00
3.618929790312478634e+00
3.788405793908941277e+00
3.426764712201078478e+00
1.176452691399013872e+00
4.923995746535286600e+00
-4.705045504914718180e+01
4.436902370149250707e+00
4.870862989976707524e-01
1.693395531896226602e+00
1.920224312383533860e+00
2.477095449278936989e+00
1.353835300229906302e+01
-4.703749889516613081e+01
2.843369637374358661e+00
3.241830420011986291e+00
3.058947143137186409e+00
2.886414201105245159e+00
3.050595866900993602e+00
2.544608767742934319e+00
2.625563770652231899e+00
2.505172565791630390e+00
4.893795932755903522e+00
2.884656500797248224e+00
2.808763669262844598e+00
2.742231056260526323e+00
6.759988410103714429e+00
3.003356619564862218e+00
5.192902679882710970e+01
2.781345234105598418e+00
2.284800879059962320e+00
2.504838870095309034e+00
5.996412170802422281e+00
1.526604162645467611e+00
3.370549912821277250e+00
3.568486936757165662e+00
3.339778908168297811e+00
2.419384016003918170e+00
1.475807819741434379e+00
2.924903538737701147e+00
2.421493319955466461e+00
2.855221751762290427e+00
2.911170087686068442e+00
-4.722546027995012707e+01
3.623253029376537704e+00
3.029588121422793545e+00
2.980729651879094000e+00
1.616918044143841326e+00
3.189970171293000423e+00
2.745960588166620031e+00
2.134408186129082452e+00
7.181373093615979641e+00
2.268721570714484326e+00
9.516317838646928706e+00
2.929119945646247114e+00
3.342879486423572466e+00
3.927516507977464766e+00
-4.751019685942425497e+01
4.069595018890398208e+00
7.156946909377118970e+00
5.087815775757052350e+00
4.532880670534336076e+00
3.769261307810643835e+00
1.671289895848510509e+00
1.889117793364145648e-01
3.104330832674431218e+00
3.981517011690694829e+00
2.030101308531070181e+00
3.334283602319198625e+00
2.667168714167381882e+00
3.890055347623837534e+00
3.515338665659067274e+00
-4.704687584126405397e+01
9.545787130393662778e+00
5.356594529913113689e+01
4.275858644314768142e+00
-4.722128650524155802e+01
2.922826553961715756e+00
3.087984145566581518e+00
5.273180386584706270e+01
1.381772591690919150e+00
1.495404969047548827e+00
2.905779817537132548e+00
6.366185194061793062e-01
2.565621029043685830e+00
2.552717185165626734e+00
2.479711840143328239e+00
3.002665842649975048e+00
2.768078719685032496e+00
2.680472368599819522e+00
3.822513403250637154e+00
-4.770135879091519371e+01
5.344751633829137205e+00
3.895507864814161003e+00
4.376867949001070457e+00
9.214782779841879545e+00
3.790435040674958067e+00
-4.750535886339859815e+01
3.575210003696409178e+00
2.356858183057155109e+00
1.728550929416444948e+00
2.962921296976681163e+00
5.247135475136162341e+01
3.238500318686708290e+00
4.661904204088415327e+00
1.026938090984979546e+01
2.878876744628527717e+00
2.194119585930145000e+00
3.395993167912986888e+00
7.094835412841275613e+00
-4.624747880774580011e+01
3.500744886651093069e+00
3.741579007056712314e+00
3.223737068772882353e+00
3.166582808998916310e+00
5.707073934949780991e+00
1.383737096322005922e+00
1.807953259385628009e+00
1.836181375135504723e+00
6.722952540003125144e+00
6.493984621118896960e+00
3.785034698905890060e+00
1.869364528206222564e+00
4.885942132527150150e+00
5.384159270657441709e+01
3.395967994640769927e+00
2.836387438224759805e+00
-4.527966825397368211e+01
2.955610096573149548e+00
6.698621494660708109e+00
3.084978002219741278e+00
2.515323183233870274e+00
5.634135350967349609e+01
7.318294688207422460e+00
3.715309103190665319e+00
3.864027205277444033e+00
2.125756395721429381e+00
8.227860923286048234e+00
1.763318028979425689e+00
3.217479144470808183e+00
3.313294390546272616e+00
3.916450851703308977e+00
3.164237303809671165e+00
3.244916828682069543e+00
1.829079308924382863e+00
2.360717948954307754e+00
1.909505640059351306e+00
6.086495991539745631e+00
6.807931032010679395e+00
3.361979554194153064e+00
3.631608649002596056e+00
9.883443429175833295e-01
2.316921885970914197e+00
2.163601088039018627e+00
2.846825108935667537e+00
2.432716385648860946e+00
2.886184508813706362e+00
1.712221537646590352e+00
1.128068590380533864e+00
6.147090381480942334e+00
4.042595711215779097e+00
2.185354356398820030e+00
2.948192301564394047e+00
2.309889192410510717e+00
9.874636048215553075e+00
2.388034595877881472e+00
2.995262634755873066e+00
-4.380646193849631231e+01
2.285790641481357355e+00
2.765583156562273714e+00
1.346012758385673136e+00
1.642706223396093623e+00
2.285405918203974540e+00
2.706026418755092866e+00
-4.642917554972488148e+01
5.062407630948500881e+00
1.037946178326864866e+00
5.195738272851537687e+01
4.237570997362729130e+00
4.964492450581655447e+00
7.593213764652749553e+00
4.437519307075012520e+00
3.427693239227575628e+00
3.156665030166123209e+00
-4.688761025081583966e+01
2.687687535035120145e+00
4.225734832673351704e+00
2.141286791367916997e+00
6.843437812058207115e+00
5.263257992441203470e+01
3.697099420771126521e+00
2.999254044944578812e+00
3.444546875397421104e+00
-4.722419857460774040e+01
5.252807448529292600e+01
3.259401828934971768e+00
5.230713949690033360e+01
5.374547703305634627e+01
4.116160109776060949e+00
3.008717103775683022e+00
7.027504327281652863e+00
7.374135374142263721e+00
1.200011453158944752e+00
1.361329087908019275e+01
-4.372096710765964644e+01
5.353509905285385884e+01
1.982546687292853882e+00
3.441971802468365205e+00
3.775524440035775253e+00
1.473219077630758544e+00
5.306588748678998257e+01
3.311533593960401589e+00
2.576041081625926932e+00
6.386615709867395907e+00
4.556847014215848368e+00
5.282886804865031394e+01
-4.604184387481708995e+01
3.630826454204730602e+00
5.290987137006574414e+01
5.304236629164128658e+01
4.178313655554036110e+00
4.916841565786651103e+00
3.730272400969881552e+00
2.822746915683046698e+00
3.316745017105473092e+00
5.529392082898391791e+00
2.785669346607233088e+00
4.181949263843081965e+00
2.075526125453512449e+00
3.395773801285633109e+00
3.956906253555207975e+00
2.800527318934289411e+00
4.611211536166221592e+00
2.156864733328522910e+00
5.649412739645797821e+00
1.901683098956494344e+00
2.742156961269079929e+00
3.128018072289596496e+00
3.061957174009389160e+00
3.983209938739499023e+00
2.532866588285065834e+00
2.706706802029828385e+00
2.082519865511160084e+00
2.471103252023376662e+00
2.807125367966733620e+00
2.493221974978925282e+00
3.231291385859726084e+00
3.246588941626241009e+00
3.854817799572872516e+00
-4.752819860166086130e+01
5.229346234306940033e+01
1.031813233791432438e+01
5.277156773253074817e+01
2.709046596887086711e+00
5.233093445434835900e+01
3.670171696359324720e+00
2.268053583849671817e+00
1.684106825404335206e+00
2.965080800746726641e+00
5.540002994617712062e+00
5.144006968109792410e+00
3.904318552670059894e+00
3.164408153098112741e+00
3.669824845475198494e+00
-4.692398399508035567e+01
1.011533529746152027e+01
2.555416579942232591e+00
-4.747637284046930972e+01
3.378719933128262021e+00
3.906022753374832845e+00
2.309018312369282455e+00
2.433872356480474508e+00
3.582012705421802057e+00
1.627321007278066167e+00
2.940133153458748261e+00
2.683668398933560351e+00
5.249762337707103654e+01
2.819938699652282832e+00
2.014025640468378509e+00
2.321636563287821531e+00
6.858344419145695703e+00
1.256436751182760769e+00
3.166673039512734267e+00
1.308247277470098169e+00
1.861562023380759934e+00
2.157875366820783292e+00
2.890384298661821560e+00
1.280839811880677637e+00
5.155827749008834004e+00
2.047315363843894787e+00
3.907680889428603255e+00
4.723796122483460813e+00
3.662690000702608195e+00
1.831935892313027781e+00
2.663925163306604560e+00
3.952810841431642075e+00
3.863471747310478044e+00
-4.672927496837176875e+01
7.609783263789704932e+00
2.236103378627900984e+00
2.236491378819896347e+00
2.655313190084791053e+00
3.257516862255311896e+00
3.018437016321256383e+00
6.154353232311123634e+00
2.968685757089708055e+00
2.355893379090336470e+00
2.423673676905198526e+00
5.338480503035658842e+01
-4.813318300181992271e+01
9.755999247872743751e+00
5.592081008087072647e+00
2.544578967862355157e+00
2.829286408939163611e+00
2.699819639626907630e+00
2.191109649433954587e+00
2.983401981354721677e+00
2.763389635890081131e+00
2.887983587996299306e+01
3.629060602394236668e+00
2.330925239593916842e+00
2.385614905664746210e+00
1.781446593871620188e+00
-4.872539221831280543e+01
2.967112451707051957e+00
1.061771338287050614e+00
3.284922828000490735e+00
4.040006942475738327e+00
3.090198643057303407e+00
4.217042645500987064e+00
1.089718711385682326e+00
2.466251345996228306e+00
4.238440484199461622e+00
5.207054784643213452e+01
-4.754312219276363294e+01
1.860131755048987756e+00
4.071682493755283794e+00
4.729333314779610831e+00
2.135358703347622011e+00
2.450055146118804927e+00
1.805051166475936997e+00
2.579688132174573045e+00
-4.709354178177656536e+01
3.314872110880946021e+00
2.195390385741796457e+00
1.906834539402517237e+00
3.036929151851231357e+00
2.783405414952061729e+00
5.510153901411885613e+01
9.743100142756659920e-01
3.078510249536774879e+00
2.575104651083418794e+00
2.579162554087441883e+00
2.765408924543629965e+00
1.873650253480407590e+00
5.387262890246447000e+00
2.532358966036435177e+00
3.114540521424610464e+00
2.290292492502175481e+00
1.576415876541727323e+00
2.000834816002158068e+00
1.062157402881952173e+01
1.049896377060714370e+00
5.883859609510407651e+00
3.708097151497913746e+00
3.539592503894915421e+00
2.825225247048099408e+00
2.331594420644053756e+00
5.648866570874817938e+01
4.151220060320509830e+00
2.272208612714677667e+00
2.247067977993217447e+00
1.885670772789236782e+00
1.865662785572606230e+00
1.826210557033323356e+00
2.929509824540319940e+00
-4.511124080774517608e+01
1.834706265169385508e+00
2.612777127721300552e+00
1.879369984375384162e+00
2.405830962810555640e+00
2.316084456659108781e+00
4.241900288541592623e+00
7.612167968150547637e+00
2.991415308613600832e+00
5.888332990993704108e+00
1.925674267698325615e+00
1.121337568456802103e+01
2.526468743236898629e+00
2.072567780023699235e+00
2.296148365247391077e+00
2.974982320317831164e+00
