3.026905377359496718e+00
2.743275112064251342e+00
3.754124170916202985e+00
9.206752989066209203e-01
3.210706511679323860e+00
2.778079503685046081e+00
4.125493146759956709e+00
2.071332465430461234e+00
2.430737949401655662e+00
6.616165432745507502e+00
5.451795698879137575e+01
1.419520525953650081e+00
-4.740446894252684018e+01
3.134061050266435000e+00
4.288687303449270516e+00
4.073151210902932640e+00
2.615665729607127066e+00
2.836220254614143510e+00
3.359827080469335314e+00
-4.606806869545839334e+01
1.272700241629430851e+00
6.736350322998518436e+00
8.453473962866864255e-01
1.253316141065200506e+00
3.948926564368988146e+00
3.230474491320004304e+00
5.340296842168471869e+01
2.342971804503564570e+00
4.030552107021614816e+00
8.041443747025885713e+00
3.672939508338204373e+00
2.737684898396301136e+00
1.139696382563299437e+01
2.505452700149218170e+00
4.984149668584146653e+00
3.097211689758228914e+00
4.996434365452206983e-01
3.399797864928141067e+00
1.903241126176044240e+00
3.187834102204297970e+00
2.304426606931323729e+00
6.192489524878099338e+00
2.447848709918494237e+00
3.425455009468523215e+00
1.968127303411422835e+00
5.335053138211786461e+01
3.179253240206280307e+00
2.661904762849841788e+00
4.173349440062005478e+00
5.998114507320490674e+00
1.209792670402619841e+00
1.925048451562775043e+00
2.558441659585654282e+00
2.221880133609583918e+00
2.166637452833755972e+00
1.563561180927804273e+00
6.932777747949563363e+00
2.567955140215826049e+00
2.824384083970306047e+00
2.589665458834334189e+00
2.267197243748699353e+00
4.238427020726680539e+00
2.420100401084855246e+00
5.185088446015484465e+00
5.434749825784631838e+00
2.682877839541628173e+00
2.877392751846677754e+00
6.735489677730579494e-01
3.176078056117891180e+00
5.288726327999346211e+01
4.018981289751209829e+00
3.760709163318373349e+00
3.085329666273101346e+00
2.480626236503338689e+00
3.175434897570694748e+00
4.166933015247004768e+00
4.820962309266525025e+00
7.112661578076818536e+00
2.111380499010272249e+00
7.498565677904254656e+00
2.141744333966483893e+00
1.943218014553549589e+00
4.152833964858524851e+00
5.241069870473189063e+00
3.971773788863613763e+00
3.387216296368162460e+00
3.203357304608026812e+00
3.021605508781558314e+00
2.094537503640158782e+00
2.694470434009891946e+00
1.725029111132420301e+00
4.354412421539796796e+00
2.669486793189538965e+00
1.030912484146792929e+00
3.462616821933188760e+00
2.370185840680031575e+00
3.192199926977810520e+00
1.774025450477519694e+00
1.659902362344463755e+00
3.427379650950243217e+00
3.228840943935097130e+00
2.292053021834961068e+00
5.359902939901159513e+00
2.875732124700335568e+00
2.911226033445353689e+00
4.450474696454756796e+00
5.086957784433619167e+01
-4.401009791626200496e+01
2.232374933157126318e+00
3.066424900010503052e+00
1.970897950755358563e+00
1.581809236065749191e+00
2.345505284923228739e+00
3.304055573916111044e+00
4.225280442116210899e+00
2.832265289780730111e+00
2.343853139031147670e+00
2.833586275975710667e+00
2.740717955107987436e+00
2.964478652554713989e-01
2.571690972007012910e+00
2.207603585749572161e+00
4.433029748166925188e+00
1.414781595660286051e+00
5.011073458259204472e+00
3.018302129035677517e+00
3.249286596984651609e+00
1.323717923505510541e+01
6.558149809958266019e+00
1.670652864900482371e+01
4.539785737903122786e+00
5.627173495976983020e+00
5.734680161129766418e+01
4.359530076394404929e+00
2.241202556793098211e+00
2.890544240628261985e+00
3.135666439822485607e+00
3.762605406845537015e+00
3.469809314385140731e+00
2.163190287447041893e+00
8.487255853190678323e+00
5.727067472031165174e+00
3.114362583625412295e+00
3.325454681967348058e+00
3.339757959381975727e+00
4.801742130232653061e+00
1.306125205773616127e+00
3.040654601249914712e+00
2.761866644344485255e+00
2.410985247381629559e+00
2.676418967585504571e+00
2.956309157602439175e+00
3.219070136382285341e+00
2.846954977560021582e+00
3.891450878802198865e+00
1.400723813704671361e+00
2.083187903576768196e+00
3.822962194678371617e+00
4.220808141262959445e-01
-4.733515744574341255e+01
4.406532313780703092e+00
5.109934318687811228e+00
2.603164685978528681e+00
2.684631853896997544e+00
2.104451548510534398e+00
4.538015680250476969e+00
-4.681479307640108800e+01
1.938354076830996142e+00
2.368029800323549594e+00
2.842316655442145734e+00
-4.758236553835138238e+01
4.358025884321220289e+00
1.760284813661580738e+00
4.359964284404255430e+00
4.472056796291712821e+00
-4.285907229142905095e+01
1.575246375362156392e+00
2.079521651941823368e+00
3.155476651946159894e+00
1.515549575916087965e+00
5.166683599729820386e+00
2.759211295800386488e+00
1.680262040840381443e+00
4.845647231940962030e+00
3.344129113783669283e+00
4.563731207586094740e+00
2.564928645465067270e+00
1.782372876145476459e+00
5.750865850266468016e+00
2.288128174674696425e+00
2.017541758208960090e+00
4.179064705745227926e+00
3.625547148291398347e+00
1.721576294350053438e+00
2.685880800171888794e+00
3.242797152538894334e+00
3.254708707316530170e+00
8.015637829491240041e+00
3.525124405101755620e+00
2.029769311422386480e+00
2.408157044589111173e+00
1.962543663737486455e+00
2.928104975941245858e+00
4.412952978189341735e+00
3.072645640522202459e+00
6.086697202314088173e+00
6.349668183394268084e+00
2.746583463783705437e+00
2.168095065289796342e+00
2.743024939352935565e+00
3.445011189728208745e+00
3.848775146715341933e+00
3.945048107878914578e+00
2.801559474131632754e+00
3.307025644872673809e+00
1.746063759527445747e+00
3.789132626757052424e+00
2.480719608277831334e+00
1.243240779349859082e+01
4.341061457334147278e+00
2.274224273998509460e+00
3.555352828972606183e+00
3.374993647756761916e+00
2.846224649062064405e+00
3.703848838289619305e+00
3.008878914055465259e+00
2.757138972144145939e+00
3.399713805888097795e+00
3.252689723502114383e+00
2.629042487810275386e+00
4.031273989837180771e+00
2.726175437389266598e+00
2.029873531770645556e+00
1.848853009328021768e+00
4.122721556260070308e+00
5.404560854344430254e+01
8.140892192211289569e+00
5.560568840512450706e+00
5.891380869551543498e+00
3.989300391792265810e+00
4.952564124702954373e+00
4.659162759841497525e+00
2.922401349897506329e+00
3.106165932736575819e+00
2.654243933155123525e+00
2.742585409885962555e+00
2.549603240229485035e+00
3.159294389905263234e+00
2.616137233783769833e+00
2.717063132604713438e+00
-4.439482660467687936e+01
3.088238737311060245e+00
4.212376075805426723e+00
3.395877634919374888e+00
2.634542927266880774e+00
3.599204478264194762e+00
2.431546254059464562e+00
5.720834028279123018e+00
2.267232325366457246e+00
2.734103929299442015e+00
2.444863194494628189e+00
2.936665617655341620e+00
6.211186637999063009e+00
2.545176861986608419e+00
2.519904699027294637e+00
2.272431297386823701e+00
2.857383095034013998e+00
3.533645972607371455e+00
1.913376290369289690e+00
3.125120295622927369e+00
3.427008927252134018e+00
2.066053705246360117e+00
1.842275979005833841e+00
1.853687835133749573e+00
3.825493312175455962e+00
5.392231277484368945e+01
4.820352859110236032e+00
3.406584839171746815e+00
3.817290522282172915e+00
2.986017962567575346e+00
5.981977959073653928e+00
3.141385074784268649e+00
3.770162723920957415e+00
4.743496136201121871e+00
-4.706562320267917698e+01
8.814001177708680856e+00
2.694113089601319011e+00
2.670526609541445939e+00
2.870680776571310044e+00
3.417999433136597265e+00
6.481308682635702922e+00
3.469648201617166361e+00
3.104111260192881971e+00
5.051881053239042352e+00
9.226491769444185032e-01
4.379527722484243490e+00
1.489613911256122414e+01
1.530150386827667797e+00
5.296768326595767462e+00
9.190212890755427466e+00
3.873593642073482446e+00
2.373680604715597386e+00
2.402125242544604244e+00
4.324373295207289303e+00
2.457353595987911365e+00
1.833932214899160806e+00
2.562296244544482349e+00
2.855278906143264184e+00
1.916599884188489034e+00
2.016764648955274186e+00
3.738201030430029714e+00
6.008364703373342053e+00
6.818652029734026954e+00
3.390660844181456746e+00
1.776742464673995103e+00
2.854817165586676531e+00
2.436491097031749042e+00
1.990188161638372089e+00
2.595521882461273133e+00
1.465035851938967459e+00
3.527019129649111573e+00
1.584995752786870105e+00
4.061033772215525417e+00
1.012740626215723028e+00
2.883982877270309331e+00
8.440602169810748734e+00
2.743163265945414597e+00
2.698370354276867555e+00
3.010492894361774585e+00
5.027431161199769960e+00
2.668228190642142117e+00
2.831558030053308528e+00
2.552523951787471823e+00
3.521971082635176664e+00
2.693903339800857388e+00
2.946326834621950663e+00
1.733689560719756440e+00
2.096093841658833057e+00
2.903283864565983752e+00
2.845331176992176303e+00
3.536866697274573035e+00
5.064208029261363819e+00
1.210458198422427323e+01
5.292763001606942197e+01
4.944635620393280639e+00
2.840818636868919889e+00
4.545327367728912549e+00
3.037583069122498536e+00
2.862021103317400161e+01
3.999290141612344751e+00
3.265026996163148176e+00
2.125940619503913442e+00
3.669649285096963087e+00
4.328967794586445095e+00
2.472174989036941994e+00
3.559612667787757978e+00
-4.474314821210148096e+01
3.091085274685394513e+00
2.617800299961111854e+00
1.561074925304553718e+00
3.103919058917721685e+00
1.221242691505344480e+00
3.976033967179157802e+00
5.125024662624730887e+00
2.723376478384740285e+00
3.940456712089298819e+00
5.399284604472393667e+00
1.225617413874674710e+00
3.246248772156703488e+00
3.847911697721397406e+00
3.018389103020848285e+00
1.811635262216026776e+00
1.665864346327471379e+00
2.658781668441737356e+00
2.410664199758747017e+00
3.596388596924732006e+00
-4.636937785245972776e+01
2.270863417913203897e+00
2.314535033831873978e+00
1.548033690257204498e+01
3.168083119111734014e+00
3.253246332718527700e+00
8.920776074200849060e-01
2.509390848973547250e+00
2.469599954261765706e+00
5.338371254819875844e+00
-4.720458385433522608e+01
4.456036444816870556e+00
1.366078158322040270e+00
7.272379176897360686e+00
2.049423214841011642e+00
2.367240744304900169e+00
1.017881727701935191e+00
2.281330162335565070e+00
2.863418256354897551e+00
2.915136505014657597e+00
3.291274624155896777e+00
2.684801769787827475e+00
1.086262992860399379e+01
2.767052054205040079e+00
3.329362998853508504e+00
2.260053466120052423e+00
2.906737021429245171e+00
1.165994571463855989e+00
1.074632961061956715e+00
2.738012395753488981e+00
3.373846029886410136e+00
5.673202132963778510e+00
3.605162286123795301e+00
2.000649134999441969e+00
3.738851508770630439e+00
4.554948195523658150e+00
2.426309356998124667e+00
-4.358442526917900750e+01
5.425133639338694991e+01
3.068070215660467337e+00
7.163343437184118478e+00
1.395157520409656238e+00
3.414645780397650654e+00
3.125061387926968415e+00
2.504902730589154025e+00
3.255135655381345750e+00
1.726494732313210267e+00
2.543324484834658783e+00
2.304773336851190457e+00
1.566469547337800750e+00
1.671645652686423844e+00
4.152082186678402564e+00
2.949834349718907234e+00
5.808237183541347548e+00
2.990725334116438816e+00
7.261623684621354435e+00
3.712922854820530638e+00
1.874199945418088653e+00
3.015226601619290125e+00
4.421875697859626975e+00
4.361838613551605626e+00
5.156734896713560445e+00
5.389137860981309203e+00
3.935863356214026609e+00
3.321472353775671404e+00
2.220001874801238451e+00
3.103105941945436985e+00
2.493472034941725646e+00
4.387533799793752465e+00
2.073054061203504439e+00
2.445287146357697949e+00
2.717613973180248887e+00
1.020485577605673155e+00
4.604318512352058690e+00
2.992513943730680470e+00
3.396428026839910519e+00
2.055309159301002886e+00
4.911708329183964494e+00
6.877875398631999815e+00
3.783832718226294745e+00
3.051200041381163075e+00
1.470488583512283176e+00
4.626957699863515572e+00
2.417082545228911084e+00
-4.552785824766252176e+01
5.802039623693595161e+00
3.007596084362102129e+00
3.365082053048199739e+00
4.168523221327085082e+00
2.051450676301262099e+00
1.255751059870734432e+00
4.024808741734357653e+00
3.083704302593586188e+00
1.425190779090899751e+00
2.881366522102929650e+00
2.610511861550684376e+00
2.566034386639987286e+00
2.793450989281752062e+00
2.453848553333474847e+00
5.716046592915673408e+00
-4.711664275349774300e+01
3.213058016595431887e+00
6.187826742252964252e+00
5.285081396791749597e+01
3.308326129255846126e+00
2.794031713369128589e+00
2.421872544135948324e+00
-4.607066561281891381e+01
1.465068393616354658e+00
2.462538038380595928e+00
2.762460440333725842e+00
4.466498558696889276e+00
6.993058489375848730e+00
2.724607450685543331e+00
2.676166361724980458e+00
5.206057648458514819e+00
2.702583120480284151e+00
5.810811584742367586e+00
3.396295972992774637e+00
1.150526133867816370e+01
4.694594624079951650e+00
3.220633817897402551e+00
2.410087347862353901e+00
2.599480026059353577e+00
2.565583155860084563e+00
3.316702571299530611e+00
2.373633181868968212e+00
2.605710074896608219e+00
3.007395997524739073e+00
2.644102092917644864e+00
3.013811049428879674e+00
1.015354070808164622e+01
2.260711876010967014e+00
2.009045806855783045e+00
2.866200472851048620e+00
2.627263208740659106e+00
2.983028673133091058e+00
1.976156921528984922e+00
2.776156200912460292e+00
2.038004503791739808e+00
5.572265397888513050e+00
5.518872514738513502e+01
4.181312766875321607e+00
3.066867288816100601e+00
3.296889491279582529e+00
1.408784387175586739e+00
1.966673676444426810e+00
3.196206484111872026e+00
2.219386884513924851e+00
3.653190449126764605e+00
2.409268257449610040e+00
2.309751148055477987e+00
7.517782827850613359e+00
1.746084407130486182e+00
2.761338708128846076e+00
2.446236527261446803e+00
4.032006270882202870e+00
1.642411753212644321e+00
-4.757532107135752142e+01
4.157557812766007999e+00
3.491113412386112280e+00
3.422995283319350435e+00
2.260777982573300982e+00
4.371359160579206815e+00
1.807349471633364013e+00
2.459174834663316211e+00
2.517824991843752525e+00
2.318170013317578437e+00
6.542474675928575678e+00
4.003759057313089897e+00
3.096270118471297295e+00
2.921783244355617537e+00
2.707594542147993000e+00
3.304567228989055749e+00
5.862226076438431299e+00
2.656298965023233816e+00
2.618925393336303475e+00
-4.690941838079082515e+01
2.916233500178243343e+00
1.941656398054916854e+00
2.670709307926111720e+00
4.771629620711768993e+00
3.014089151495449315e+00
2.436745406771726241e+00
5.464650319170971215e+00
6.953806668879740194e+00
3.819912898571371507e+00
2.143247644228301940e+00
2.233799107344446533e+00
2.565697045862489478e+00
1.337735469778206454e+00
2.367886802352320519e+00
5.341946167548082158e+00
3.725040356708827716e+00
4.868778095516321791e+00
3.005806432065156297e+00
1.561788326130245652e+00
2.797138771260343493e+00
3.803134106621766986e+00
5.099636900140625428e+00
1.316746727164341157e+00
2.152527539461762451e+00
2.657933697617625324e+00
2.954378231417564393e+00
4.222527415212545598e+00
2.578130493135640133e+00
2.130755406981098332e+00
5.197228360884589904e+01
3.425351870032733892e+00
2.475475655979108680e+00
2.928337684667625673e+00
2.750565867672501774e+00
2.307397692966964620e+00
1.563823958819488658e+00
4.206791782210030028e+00
5.666383452918263686e+01
2.895076070002777335e+00
4.433240828548174584e+00
2.789367427711978209e+00
3.029442157222435927e+00
2.031042044873786256e+00
4.047131550285769208e+00
5.169915937464406852e+01
4.230840865967518738e+00
3.282130045687801978e+00
5.333778658031318010e+00
2.392894176083627755e+00
5.995978977051234438e+01
3.763556209755678506e+00
2.240457296251458175e+00
2.839656531769332304e+00
2.339813850684611118e+00
2.802762903865377631e+00
3.278221126622520298e+00
5.263165068106057021e+01
4.661333566934286132e+00
4.339811924751524330e+00
5.144898028130675982e+01
1.866805251529161103e+00
2.248833680593654627e+00
-4.705578371545592375e+01
2.882165825317987373e+00
4.282038365672065083e+00
3.444483347350999036e+00
5.334337526516055306e+01
8.307409337346568279e+00
1.418744727479768564e+01
3.034178229098267288e+00
5.097156767916399644e+01
2.277805523528066534e+00
5.305382799082133261e+01
1.320024352440533955e+00
1.244549113779759741e+00
2.758138876222609781e+00
3.344140020966104299e+00
2.390078710748563040e+00
3.046815508344846268e+00
3.175887877583376095e+00
3.396420805983998203e+00
3.891260104567250799e+00
3.506813607293736368e+00
4.425303074318342134e+00
3.024492899854850148e+00
4.124418976107440571e+00
2.955050495934224308e+00
5.327493298304936076e+01
4.673123196197004781e+00
5.476193867278462690e+00
5.290406831894181927e+00
-4.682438316094123820e+01
1.410067241396863125e+01
2.460751990177355797e+00
8.185292336478607211e+00
2.696907447443811279e+00
4.653356108819389547e+00
2.259396184393893225e+00
9.844715786050382889e+00
2.729330714677436376e+00
3.296596330970069655e+00
2.489441666588043667e+00
3.869175427978188697e+00
3.391344850431888158e+00
4.711736290467033683e+00
-4.719513634687425707e+01
5.105328507014243122e+00
3.314274163541826468e+00
1.494452763538219653e+00
1.388841361189838608e+01
2.632587772045531960e+00
5.362441055761968300e+01
2.460311711156109027e+00
2.288201609315029472e+00
2.399273626243588087e+00
3.235003972529422622e+00
4.211269474507101762e+00
1.903732801167024258e+00
3.016004014118057075e+00
1.231445826929988163e+00
1.139864935949763947e+01
5.157544324549304449e+00
3.691821704578258423e+00
3.414059941758151417e+00
2.915959816569241525e+00
3.712677950367557766e+00
5.973605703949885104e+00
1.992685691934939163e+00
4.768870821410606808e+00
3.183430884756219381e+00
3.660332232125841578e+00
5.337589552378536162e+00
8.152421900588329606e+00
3.083753053882585693e+00
5.262860614893884303e+01
2.629350160727486507e+00
3.692434330691456879e+00
2.106129297293536151e+00
2.362306794623101780e+00
4.192248301831526192e+00
3.167998787320487786e+00
2.272870154290789202e+00
1.231810423280534916e+00
3.077224068332690354e+00
3.694784329592208039e+00
1.736264089905919406e+00
2.907217268463022641e+00
3.055996136092230753e+00
3.016207721775715722e+00
1.637278788113201955e+01
2.095462015241772669e+00
2.974489728225810481e+00
7.906158937185484348e+00
1.413589145363479904e+00
3.913572878034213609e+00
2.677926617743517035e+00
1.741130585688213328e+00
3.485033568592063258e+00
2.758287439098605631e+00
3.271699732809381533e+00
2.499966882174731175e+00
4.066516653321810892e+00
9.405963895758505444e+00
2.585275102486957799e+00
2.519700128222808644e+00
3.125256468821862033e+00
3.605257822796173350e+00
2.712027392081132415e+00
1.763579988768769313e+00
2.523685877277878742e+00
4.901150242757341680e+00
2.528818334358931885e+00
3.569479019438702494e+00
2.056194557811980239e+00
1.874060359123034925e+00
4.726883983686129831e+00
4.334871846870189671e+00
2.680386749882445852e+00
3.189968583529338986e+00
2.548155991703507706e+00
3.863256440346227727e+00
4.337068202607351708e+00
3.134915168583102041e+00
4.063440909257547418e+00
2.535771811443489732e+00
3.320167253088843751e+00
7.219551377781251666e+00
6.201357731782622729e+00
2.449920874557579786e+00
5.453652227693554977e+01
2.332470879886764159e+00
1.350811349887163670e+00
3.202679831434574353e+00
4.102985987855959138e+00
1.212565709139681092e+00
2.615024164461686063e+00
4.076861553026948748e+00
1.395583898485589502e+00
2.763460425426509381e+00
4.113202409796350878e+00
2.500593722575755962e+00
3.905915409174002484e+00
1.728525029872704843e+00
2.692613937961374937e+00
2.552770953146917599e+00
3.933497299447940243e+00
2.624405009980486536e+00
4.208873744853448784e+00
1.144907906361288497e+01
3.309980959848558335e+00
5.881884494644658012e-01
3.350341896601873870e+00
7.101592126783796033e+00
2.767738295973989349e+00
2.961819527390276985e+00
1.397906988659572969e+00
2.285932333482976198e+00
2.471325430838934079e+00
5.861535326865528361e+00
2.423475293052700597e+00
5.892692965708645758e+00
1.633651641439963109e+00
5.785536952500225816e+00
3.051456749655890199e+00
4.340558666815697464e+00
2.647569404997217823e+00
3.659676854787428546e+00
1.823038122717133502e+00
3.689529818833221952e+00
7.228560727876371494e+00
3.529622128922888180e+00
1.296879872914963983e+00
4.265803497597836724e+00
2.677438070913851664e+00
2.748218287306870788e+00
1.561926048728625949e+00
6.342095547301594749e+00
4.108899115812830516e+00
2.698762608971476240e+00
2.299909877124755919e+00
3.249778591458269528e+00
2.440058910292493000e+00
3.396683692257647103e+00
2.898519951483626400e+00
2.045242775884990039e+00
3.675792371770076450e+00
2.659742631756539133e+00
5.930867836387527348e+00
8.301989408937270554e+00
3.056596294261940461e+00
2.428703268615186595e+00
2.245160729767412100e+00
1.816765273375124723e+00
2.164931220737057682e+00
2.993852376811499294e+00
8.333259281387027428e+00
1.900284716363458193e+00
5.321513264861574299e+01
2.959036392880629585e+00
3.070233033266507316e+00
4.580091744249340735e+00
3.043912642639099886e+00
2.658947578479406104e+00
2.447463985669498854e+00
2.889662657989212846e+00
5.658889853527213631e+00
3.513113031742294279e+00
1.969925052947766764e+00
1.389189618324261577e+00
4.195336329872244363e+00
2.956565191653891311e+00
3.979997569178195693e+00
4.086460082818949680e+00
2.213421533756101844e+00
1.742428392564386641e+00
2.672326694869982422e+00
2.825940214101541947e+00
1.107515170169352281e+01
3.773991762809073336e+00
5.291033985511139903e+00
2.141207161447737484e+00
1.819005048883858500e+00
5.781232499390549506e+00
3.118747845721674405e+00
2.406317129605154648e+00
3.192139032833276602e+00
2.040331508920703474e+00
5.266552125694129671e+01
2.695244534884695842e+00
2.848367268453839696e+00
3.894204207740003643e+00
3.741524943737849718e+00
4.641270184713325975e+00
1.924249172945889708e+00
2.781426584825085868e+00
3.033032481882578679e+00
2.679174509406672566e+00
8.782323989267752040e+00
5.331120455116361256e+01
2.873839796071689268e+00
3.530953523806405592e+00
3.829315031078463161e+00
4.155130166798048919e+00
2.698580231373731930e+00
2.135391413462747412e+00
2.542245211358367563e+00
3.077967243868473979e+00
2.873969051815904230e+00
2.863224493405818638e+00
3.015072010326735885e+00
2.876742261454001692e+00
3.353408382115422803e+00
2.246741848322464374e+00
5.221760282778711293e-01
3.738857833213434567e+00
7.889827705302544736e+00
3.657850177924425239e+00
5.322122972177195876e+00
7.330612275944292655e-01
2.376281216051309819e+00
-4.754617454581968161e+01
2.866251804115412138e+00
3.733456957548560773e+00
3.366035611014140283e+00
1.954252740172017777e+00
3.010069215067825432e+00
2.382966704639751576e+00
1.170056765620911543e+00
7.043340427181702168e+00
6.554868282443825578e+00
-4.577959452748490321e+01
2.592006841020355168e+00
2.482261348568415293e+00
2.960716908726422236e+00
6.809181429754105785e+00
2.953737976030563317e+00
2.175533764000051384e+00
1.894148710133702229e+00
3.493279525530188945e+00
4.421560606528713855e+00
2.585439417265519069e+00
2.949286063023860649e+00
2.951808148374186924e+00
3.714220872776529347e+00
3.288361876030398090e+00
5.537617075745508544e+00
6.191083495267486470e+00
3.567986460964004181e+00
2.966066485967354005e+00
4.885198603001516204e+00
2.138826515969332487e+00
3.832042548564090989e+00
2.787609201436687556e+00
4.323282726046025815e+00
3.153216048433531871e+00
2.248131658293435819e+01
1.025283329690593437e+00
2.594438503352966219e+00
2.572788360892706905e+00
2.485957464778620452e+00
1.965045757848995711e+00
1.890967816691742076e+00
2.160582016744988465e+01
9.004235935552626913e+00
8.815778687528091240e+00
3.486424871962571004e+00
2.343458382248277516e+00
2.669621647175590251e+00
4.866447879353145822e+00
5.420888249329544273e+00
2.768405824078143063e+00
2.300868288281167739e+00
3.392832743595766587e+00
4.340539194413141288e+00
6.321927421678736891e+00
4.755626152390950878e+00
2.746707967059515365e+00
2.328924202730199511e+00
2.655029939249744064e+00
7.176949562364058011e+00
4.010176608613972959e+00
2.157326314688969404e+00
2.592843085677290382e+00
1.742786014801445793e+00
2.872706819947767443e+00
3.182116247839029466e+00
2.808053094752632983e+00
2.331382400638348784e+00
6.015467612914660478e+00
3.097127221284176279e+00
2.651486311495339532e+00
1.899035870149771821e+00
1.227660834043888149e+00
1.030667384114429197e+01
3.291521805217215935e+00
3.831989891620972699e+00
2.085546615099262091e+00
2.819282291778394178e+00
1.741360294476576032e+00
4.038298561980848689e+00
4.620613358580796692e+00
2.261173854046860665e+00
3.052358491151083708e+00
2.119277142530703095e+00
5.200351875789968403e+01
2.736914725692008776e+00
1.641666743612893553e+00
2.715236308801405762e+00
2.035252370540739264e+00
3.163319186560121565e+00
1.828698866122844269e+00
2.290168833411688976e+00
1.867557647152033651e+00
3.053042219410876168e+00
7.156282912384105188e+00
2.635367681047834587e+00
2.754471129855259992e+00
2.750165818058434297e+00
1.999851747284040471e+01
2.232304159811957955e+00
2.773915606305469961e+00
2.694411670628232613e+00
3.137145391673407779e+00
3.117933822988105508e+00
3.127771327522551825e+00
6.584332456859976368e+00
2.531623030622887072e+00
5.292747914764581196e+01
5.321905619477889360e+01
2.608018945490985896e+00
2.093625105670867015e+00
4.182800121445392705e+00
3.729471370395901708e+00
2.907245361539144923e+00
1.094980213536742752e+01
4.228823322607707880e+00
2.394888046528636849e+00
4.603908582266758920e+00
4.707153144201789985e+00
1.781006405145974858e+00
3.820485582141278424e+00
1.412465752514244421e+01
4.907757521200212913e+00
4.692706321444202189e+00
2.948343644414658016e+00
-4.557455863082576997e+01
3.497251609037568709e+00
3.979145685099445107e+00
2.818747975388947946e+00
4.494248274464758275e+00
3.032278588475583625e+00
4.629788167755711115e+00
2.588149162068875242e+00
3.276071284182717758e+00
7.198148398052035546e+00
2.813786205876382507e+00
2.043237249199508554e+00
3.476657077209975188e+00
2.945994822051845929e+00
-4.775671859780550932e+01
2.177208656428137434e+00
2.927110823018883590e+00
2.550511205246739799e+00
3.414226169870368643e+00
3.044932808196881169e+00
2.318353289168210374e+00
3.141461150284961423e+00
5.904330053051372929e+00
4.177735696374641705e+00
2.749184060011675257e+00
2.243398269289521352e+00
2.925074100866594140e+00
1.095475502419084357e+01
6.019055870289481192e+00
2.052547838944192460e+00
3.101105362549263500e+00
4.727292844553749873e+00
3.499583725751382435e+00
2.404680384467654974e+00
3.036003614464497069e+00
3.777141034299382749e+00
3.399497858634615177e+00
3.461173020473308437e+00
5.376695953248144200e+00
2.952708522142211134e+00
2.386352833951219665e+00
3.692604536207446664e+00
4.256589685467768724e+00
3.438577025390081143e+00
5.207254599930549688e+01
2.721077645252289567e+00
3.322453749076419438e+00
1.253327418750036060e+00
3.460157467990558899e+00
2.412816212994048026e+00
4.774730017151980199e+00
2.088396586949171407e+00
2.286805388085265456e+00
2.646633881188718007e+00
3.869859978626546848e+00
-4.755380312626895289e+01
3.113340751810574236e+00
2.194827863305099491e+00
2.583572999464377684e+00
2.998718842343610635e+00
3.068444727387011017e+00
3.078927840705960595e+00
3.165947543269788333e+00
2.033699052283557407e+00
6.461166111793752442e+00
3.012327860182872907e+00
4.721501886171500573e+00
2.467274079568022138e+00
1.302820163632447237e+00
2.595108600809963306e+00
5.576907342959766645e+00
1.384004279026929574e+01
2.650776496689035255e+00
2.282009887439132356e+00
3.156762577476780240e+00
3.570942637601022707e+00
1.047130588893094627e+00
2.620412776019217294e+00
2.184308202671596533e+00
2.836645060485813996e+00
1.780856634919809389e+00
3.568299775856240252e+00
2.750440422785163097e+00
6.241607933699216737e+00
5.026862159394354101e+00
1.970589547706258493e+00
1.821875159822024859e+00
1.979692579549650278e+00
2.506106302864913982e+00
2.715030451297628211e+00
3.082223026797189736e+00
4.114240121104242753e+00
3.237953373066333906e+00
5.528391295265342364e+01
3.340059964436729256e+00
7.857392444508120022e-01
5.627826727562670328e+00
7.004324033430173735e-01
5.345114895401229660e+01
2.842068006285368931e+00
3.947780141712688540e+00
3.059346058409849523e+00
2.445284556091977812e+00
3.178227241271667669e+00
3.184492106320684801e+00
3.438054097767388129e+00
3.371145156365658035e+00
3.462902437619473250e+00
2.541975389515666262e+00
3.051528763501753172e+00
2.553423828125891859e+00
2.281656017077820842e+00
-4.681655015659494978e+01
4.513332214101135165e+00
2.546977419067019799e+00
2.740685554480375874e+00
4.406608598367121488e+00
2.959191426364734312e+00
5.259002290508043131e+00
2.585773226873420150e+00
1.753803953255811843e+00
5.299474755821442784e+00
6.285858671803081421e+01
1.491212740806658221e+00
6.379234130650475620e+00
-4.683511344769974727e+01
3.245391207424908497e+00
4.594204391161742507e+00
3.126756416923814896e+00
4.970418168542642512e+00
2.665325325754769992e+00
2.027635288347938491e+00
2.412851594786789455e+00
3.895065917201822714e+00
2.783643332115548041e+00
7.590697181733995436e+00
1.632819649347237112e+00
3.531103083855117841e+00
2.275298418464190231e+00
3.048073407411198144e+00
2.967449813312037055e+00
1.126507894441658308e+01
3.277644961065162121e+00
3.194331882303273140e+00
3.082853023577834861e+00
2.380279567599774104e+00
7.634782976452366476e+00
3.566346579538211881e+00
1.898124270913556844e+00
3.513287618385176003e+00
5.272376688363144837e+01
2.380113125493818593e+00
5.668666568302603181e+00
2.429798774037921660e+00
3.015494406067148692e+00
2.946165213561656504e+00
1.238820728447406427e+00
1.402101013828350062e+00
2.595388507722293792e+00
1.265769443361934599e+01
1.894252611191848956e+00
-4.636593351891470860e+01
2.647844323294168412e+00
8.610819725496128285e+00
3.082110028926948964e+00
3.321492328076228517e+00
2.594186830287701362e+00
2.894871250149171793e+00
3.774803248506501063e+00
2.514357949170058504e+00
3.927527174295613044e+00
8.496560155567683736e+00
3.917434800301613063e+00
2.536801715080105879e+00
2.085742536971678440e+00
2.213610418239459587e+00
3.601914566637960391e+00
2.939158818592707334e+00
1.840045592313120704e+00
2.607955438294775163e+00
1.129548721421910873e+00
4.158858915849555693e+00
3.189436064527575887e+00
2.820539690971443747e+00
2.648636931294310326e+00
3.931788997159254784e+00
3.232689596828385525e+00
2.063469929969553363e+00
3.044122829063722335e+00
2.383604599318861705e+00
5.213442991717368358e+00
1.438101255053863881e+00
2.317576902814411088e+00
4.646277791833258952e+00
4.155604842695108658e+00
2.180234739064779159e+00
2.224283092429500286e+00
3.631187678060513235e+00
2.375320784203987401e+00
4.948943439265344857e+00
3.118964143214276064e+00
2.621491220811306366e+00
3.181985735290961514e+00
4.236714748070775194e+00
8.226683244569642284e+00
3.516281777524319363e+00
3.604267933420290504e+00
3.434618696560602036e+00
3.875481039088140456e+00
2.603925581661782562e+00
7.434004704857458457e+00
-4.766337576013589938e+01
2.109566854253104307e+00
2.708786462902293302e+00
3.132075362351613990e+00
2.052741713294624404e+00
4.346318063860659997e+00
2.279095739218891747e+00
3.028625889656047399e+00
3.130949478581850354e+00
2.757939765438366386e+00
5.147391971804807120e+00
4.373021748759700955e+00
2.543997146667213549e+00
2.383199036210791988e+00
3.284675761215282375e+00
2.655046760847049381e+00
2.583774958681171352e+00
4.059452033087328715e+00
2.726807919689786086e+00
2.068384790437123755e+00
2.896810031595445256e+00
3.081254041046661118e+00
2.610431917438069682e+00
4.801671657782669023e+00
2.943865016714358074e+00
3.134767949034882761e+00
2.515401366357483681e+00
5.247034345805525390e+01
3.514538336482492920e+00
4.569579694860555819e+00
3.552661476837058796e+00
1.957319976329327860e+00
2.561246269995712588e+00
3.010493942753054597e+00
6.594759548036407182e+00
1.406882002919665586e+00
1.604415658915248954e+01
4.804426114366936673e+00
6.356329982973376147e+00
3.124493651130578975e+00
2.328540142604454299e+00
8.113320845830228834e+00
1.623189237388798167e+00
3.256296466163585812e+00
5.748365933871767197e+00
2.575857484153704746e+00
5.273281283268243413e+00
5.768245788571988442e+00
6.178588647220475849e+00
2.825697549851113877e+00
9.017413389375263932e+00
2.617978361655354469e+00
4.900530720945430296e+00
3.800444496500596792e+00
-4.656685731914926407e+01
3.249065689600738605e+00
3.349473884261994439e+00
2.683783344444992558e+00
2.581094425026162931e+00
2.670004915666831291e+00
2.673640439017439085e+00
1.080639608279164854e+01
2.883221877873601624e+00
2.581197020455754387e+00
2.548037216122984283e+00
2.563450094735657991e+00
4.067495363776846951e+00
1.413849005765020150e+00
3.976645110388008497e+00
1.285725797278981553e+01
1.825319008389506337e+00
3.313793802519374943e+00
3.884777937181159047e+00
5.498993824095739669e+00
2.496957121617387365e+00
3.134956280524405781e+00
1.062147658750857637e+01
2.211076642754200350e+00
1.007434675187804274e+00
1.223266380121952990e+00
3.721936344109332495e+00
9.181757873670070680e+00
1.265059371789288623e+00
2.966892187492558453e+00
5.662387117966774497e+01
5.317382126248114460e+00
3.256240252701018800e+00
5.021948977484356647e+00
2.381664230356862255e+00
1.357605812124945688e+00
1.876739206644449487e+00
2.513797577235643566e+00
1.362592808475381778e+00
5.222197232945045897e+01
3.633252651705427994e+00
2.344255287345820893e+00
1.749257115010171892e+00
4.558850939526283952e+00
3.194549482686294795e+00
3.452169812646685543e+00
3.058315202095082785e+00
3.497027763391107325e+00
3.205372618333724333e+00
6.327573068370488940e+00
5.254411438262014400e+00
2.886055480380383731e+00
7.149587292850996256e-01
2.222181713880325038e+00
2.761081563916711890e+00
2.893848444962789923e+00
2.517809191396991775e+00
2.010801335754862862e+00
2.476742848206059833e+00
2.686730017656977054e+00
7.288458943832298864e+00
2.957233853140730950e+00
4.221055906199995711e+00
4.543807757392925417e+00
2.136928486162972263e+00
6.670482051633365828e+00
3.405554149056559954e+00
5.117735787273989700e+00
3.879398134356776051e+00
2.860497926897193732e+00
3.097120838185126068e+00
4.429133928958569832e+00
3.094207734969495860e+00
5.963254002815716603e+00
3.309630343482038661e+00
-4.647706095150289229e+01
2.505567619768155119e+00
2.615928005331431550e+00
3.826855173175883529e+00
1.111687165996903914e+01
3.494203282526552101e+00
2.212616001102744256e+00
2.704044024406020430e+00
2.165187887930833277e+00
2.756204571479884624e+00
3.829671550945020542e+00
3.625004216784164957e+00
7.304368186661016615e-01
2.118503186411484052e+00
3.542317557889808732e+00
2.800575558905554097e+00
1.046042868975509954e+01
2.460170321561307549e+00
2.296178767639016627e+00
8.210205689427301223e+00
1.994193422615454514e+00
3.368654047466410617e+00
6.416653988067764658e+00
3.814340704456842257e+00
7.217323109202919973e-01
2.197636119634501117e+00
6.493727459617094411e+00
2.660969185652016566e+00
2.701663865186825220e+00
8.072249730872560036e+00
3.981409856248869339e+00
2.525477143256088741e+00
4.786170214103395715e+00
3.422845401163769452e+00
7.150591436565945536e+00
2.079750601542522226e+00
4.069168302604434295e+00
4.231345121506095985e+00
3.341232481348172634e+00
2.896712109964762139e+00
2.588970967001357426e+00
7.601283465601504474e+00
1.547263151110535029e+00
9.313028038413770915e+00
4.650419005469513145e+00
2.150281092311987940e+00
2.650888647273352383e+00
3.941522470208906892e+00
4.540287796292451716e+00
2.689425749280072164e+00
3.323961089312229777e+00
4.392791376316286467e+00
2.548442913856013625e+00
7.698811170461969944e-01
8.712455778166924958e+00
3.088798781533733884e+00
2.382683528537338447e+00
1.349191029900918437e+00
2.981474259860379838e+00
1.640620553284134031e+00
1.273555075972478745e+00
2.472119270469820052e+00
2.888002966476021616e+00
4.675050378627668479e+00
2.733373389918300589e+00
2.518914680956015228e+00
2.014620109681711568e+00
5.176683877766841135e+00
-4.489722686127733198e+01
3.604544460426627239e+00
2.006351097406027684e+00
5.081285569449361716e+00
-4.730732390719682456e+01
8.721715849156366218e-01
1.973039914359358216e+00
2.359053669317964896e+00
3.707041289846392473e+00
1.634905569497861588e+00
2.502411224054477135e+00
2.516064923220249661e+00
5.881154887317698865e+00
2.137724413625977427e+00
3.305175692998584047e+00
3.888874599969630808e+00
2.832682541916790697e+00
4.122252121363299437e+00
1.842061515814166484e+01
5.915665555280666510e+00
2.807155821017030206e+00
4.764907413281120441e+00
5.218781115198225251e+01
4.687464396865257399e+00
2.298544572719095402e+00
2.163756272278681614e+00
4.071702704604268419e+00
9.250715376256508193e+00
2.547673019211853962e+00
2.649867017830069393e+00
4.173923043978252423e+00
2.844866619891289528e+00
4.005286407287298900e+00
2.393292541644097771e+00
4.281312507629599473e+00
1.180226071779340558e+01
2.749376304072097987e+00
2.265075836554071742e+00
2.068706936577585864e+00
-4.847276556486787769e+01
1.675165849239471427e+00
2.651538337802965106e+00
3.877338646946987488e+00
4.162327817989021739e+00
2.216641354273436892e+00
1.374153949759749027e+00
2.827433838586797865e+00
3.506982966650819655e+00
7.894024180980335537e+00
3.021000088693376995e+00
3.152985201722117381e+00
4.550702630624001266e+00
2.540451708909388540e+00
-4.700559296194364833e+01
2.334570809647884104e+00
3.996331265352201179e+00
4.531059026158308356e+00
8.064693159855483628e+00
2.812584743367716023e+00
6.301143628039190148e+00
3.844629871023867995e+00
2.877216480045863278e+00
1.930434197342289826e+00
2.951388778296371473e+00
-4.743631319610614838e+01
2.631542464193018294e+00
4.230702706701499949e+00
2.759985754350863463e+00
6.389561167778795792e+00
3.378431330139350042e+00
1.648849771553514421e+00
2.379827106669798020e+00
3.769862587151895372e+00
3.139176299008807014e+00
1.575935472016941841e+00
3.074711412051262638e+00
2.820258605796787332e+00
5.755903267436186965e+00
3.422336984472662991e+00
2.982341905966665596e+00
2.412354042578271240e+00
2.506269258339851813e+00
3.543356994039953634e+00
3.062083292432906223e+00
4.570267678695980607e+00
3.109429166363963049e+00
3.006235367220509325e+00
2.309317309540805496e+00
5.526655528912208126e+00
3.578016274259915974e+00
3.273352649810604476e+00
7.123169414683463430e+00
2.907525464044725894e+00
2.993469501181317938e+00
1.496650659979317011e+00
2.673791365355048910e+00
2.530976165810524314e+00
2.772405168041774282e+00
5.411882618251846466e+00
4.518934669426608153e+00
-4.827311430699005257e+01
4.315035889122640356e+00
3.732651312027622570e+00
4.259233393363581754e+00
4.595303501010146618e+00
2.057525580433515522e+00
3.764675068879804076e+00
6.007827965976896500e+00
2.167978716321014243e+00
3.167532071040916275e+00
9.244153942082686370e+00
5.239781366237285454e+01
2.292376908075868691e+00
3.463727267267705745e+00
7.214376586673670211e+00
5.859190809126032740e+00
5.212343172112788636e+00
2.390913250441351501e+00
2.132288924325621338e+00
7.647193749564544341e+00
2.100412440293643268e+00
3.164235556312032127e+00
6.110431897479465135e+00
3.372512482365629616e+00
3.339164922340234209e+00
6.511211063239683128e+00
9.643427588082559510e+00
2.457951622176720363e+00
6.230163519418095319e+00
2.520486784361210653e+00
2.506439539107979897e+00
2.767674743857682973e+00
3.457633000686519686e+00
3.054864788120755126e+00
3.554186222028372200e+00
2.633799095623420072e+00
2.798745667787663205e+00
2.462198871189208660e+00
8.930049856423213583e+00
4.173314626994155674e+00
2.478166480516435399e+00
2.402583168077677023e+00
5.690258652946360129e+00
5.145903641380805027e+00
4.874649977163187486e+00
5.163502470363715346e+00
2.461609718037183647e+00
2.615403623650350617e+00
2.287223861770546485e+00
2.098177843652622609e+00
3.952920791701457492e+00
4.036342827488017093e+00
7.865630527887013557e+00
2.330603801982161549e+00
2.527292739084634920e+00
2.086537120907358211e+00
1.146711717563831723e+00
3.080912872486417431e+00
9.540624007335729573e+00
3.393808467058069045e+00
2.235185057740273429e+00
5.632534678275942674e+00
3.260606089415815312e+00
2.743432644922756403e+00
3.717801459462226621e+00
5.033804059673126829e+00
5.105344372684043286e+00
-4.790720701055894892e+01
3.129977155713746573e+00
2.564678311382181164e+00
9.713914552745915643e+00
4.461817040248889477e+00
5.881227391981777686e+00
3.208553423881773892e+00
4.739103425304964645e+00
2.699492455875815100e+00
1.195467990431731353e+00
7.407546491378006692e+00
2.823383028409466089e+00
-4.616038572622075975e+01
-4.750186054091064847e+01
1.413106337685288594e+00
6.591360052497196698e+00
1.563657677733025997e+00
2.949021637676647600e+00
4.254526420339924897e+00
2.528519250230752746e+00
3.271145467646514593e+00
2.646133527266989471e+00
3.943136917770553307e+00
2.719108088953166469e+00
6.616832525438779200e+00
2.053707736117916127e+00
2.372185329673767384e+00
5.379466179143108917e+01
1.885725260359971678e+00
7.499443353205614393e+00
1.321617313511765257e+00
3.186980679736526767e+00
4.494288610919845439e+00
3.090289522512811971e+00
3.985733930995803753e+00
3.544768986164038349e+00
5.328787528961112940e+01
3.529502111218684846e+00
2.386132488277590280e+00
3.070615273869689688e+00
1.614680840545061891e+00
2.567614785392744459e+00
1.232375207070068646e+00
3.149810301098855625e+00
2.714960454077110175e+00
2.216456348242996199e+00
2.112749186667265189e+00
2.449124109684448936e+00
3.043101323190837704e+00
5.496684856271766506e+00
2.047655382134589530e+00
7.737687569567846424e+00
2.242113523394241081e+00
1.816994072404971128e+00
2.454254692089821166e+00
6.713102950689185278e+00
5.175162562215097850e+00
2.619723326597142687e+00
4.551691219453438464e+00
6.618654131522063722e+00
3.380704701432440729e+00
3.269260217214071673e+00
5.357916538632432335e+00
2.190895796675962792e+00
2.680604230605653004e+00
5.135272727667976156e+00
3.331030803689918329e+00
1.467108608587859964e+00
3.457846108031119137e+00
2.010608100431932943e+00
8.215012696381127633e-01
3.364489105264860669e+00
5.298638934944264633e+01
2.340083573774332848e+00
1.524598912760523461e+01
3.180965614174870115e+00
3.308069961201726805e+00
4.211723369066570299e+00
4.050571681756035325e+00
2.871245547311083168e+00
4.689983114602849668e+00
4.242213992176427695e+00
2.291659765365814394e+00
1.726636438519547623e+00
2.395863851068636752e+00
2.700836136324177961e+00
2.259656128346057891e+00
4.120641690401559920e+00
1.990890791938806137e+00
2.531849061531145750e+00
2.436284120617051130e+00
4.571394344387682551e+00
2.915067767269764243e+00
-4.599221015795199463e+01
5.267597283643207007e+00
1.034143145797579777e+01
2.367525899272745704e+00
1.214233063795648437e+00
2.033739934249798154e+00
5.444638017654052220e+01
8.911529258667876263e-01
2.592129314482665592e+00
4.071507515296600488e+00
-7.456885316082471071e-01
3.280579634524155797e+00
6.973223500777267603e+00
2.955578395958657012e+00
3.816248173247429154e+00
8.613151676148703473e+00
2.215874482995556960e+01
3.148873265647599506e+00
4.012143878656900142e+00
2.786687591509806605e+00
3.129900011343917932e+00
7.996802204657397439e+00
3.026408507505658818e+00
1.724169288824904278e+00
2.858835396462270140e+00
6.146654971933777745e+00
-4.691094061467340737e+01
2.458949094536441837e+00
2.242939228248290728e+00
-4.890093145173605649e+01
3.488158386937179500e+00
2.486729548007331925e+00
3.124773645354788520e+00
4.683184297998182366e+00
2.913713376850022740e+00
1.374659690109830246e+00
-4.898188636718207789e+01
1.942483053610535970e+00
4.123821649571361547e+00
3.133885939245847130e+00
2.234158510232427730e+00
4.243772980976016740e+00
5.546029577768873509e+00
7.687650112693048321e+00
2.835803322827688877e+00
3.599987315442132463e+00
2.952620036479335131e+00
2.495425071206361700e+00
3.558531024242324925e+00
2.389772499025652142e+00
1.086182207243285180e+00
3.779652069412435811e+00
2.885419264486623447e+00
1.147207133981632765e+00
2.665408770533141514e+00
4.075377277236603035e+00
2.047351464654789233e+00
4.577776482517765366e+00
3.349564669445443510e+00
2.629742547868364255e+00
1.859061968778629392e+00
2.760111201146461468e+00
3.772155417153561618e+00
2.211993507895579913e+00
3.766989327941497212e+00
2.340056416841449050e+00
2.584506048006841805e+00
3.493985175875934601e+00
3.542139965807803215e+00
2.170573277138628132e+00
4.545026177955721280e+00
1.146871285602483415e+00
2.409433428303021429e+00
1.965100354246836156e+00
2.300076032826749550e+00
2.855902533400592969e+00
3.598330568603280710e+00
2.826156671685639221e+00
5.070275317172224128e+00
2.059297777252383277e+00
2.726907129206211255e+00
2.316003766130355412e+00
2.300680141823247205e+00
4.900870944672629292e+00
2.125090650417901461e+00
3.260683561451807932e+00
6.297633247352385055e+00
3.313254681349961928e+00
-4.715782219270560205e+01
5.303061256769900922e+00
2.737435977029362810e+00
3.111264945857707520e+00
2.752760748236908306e+00
9.856862354367212475e+00
2.434410343919434894e+00
4.709708230504853432e+00
2.863029478747506129e+00
3.105174161606851335e+00
2.461921031285189354e+00
4.482997836946381653e+00
3.798154939537772723e+00
1.986480399601570968e+00
2.763016842278741780e+00
2.603837319785879512e+00
3.387067157509006776e+00
3.166345777078345414e-01
2.502053366840393256e+00
4.245051499815856388e+00
8.056034623078643264e+00
2.441015093975937411e+00
2.382781426675316450e+00
3.392371882054377341e+00
2.186557704893591136e+00
2.983239242375016698e+00
4.037946340182057448e+00
3.492169352506605318e+00
5.029230685363391018e+00
3.319437907461707304e+00
3.682751729886915903e+00
4.087723945251315882e+00
1.409886488178819564e+00
1.962294987417418923e+00
2.633406280964170953e+00
4.874431901225371178e+00
2.052783765783305459e+00
3.486895509393479031e+00
2.494601072053297841e+00
2.492818700314289870e+00
1.855050119743542059e+00
3.610375593509116854e+00
2.116151241630067403e+00
3.525319536240093310e+00
3.089834202033468369e+00
2.910468998148001418e+00
3.363540445486834951e+00
3.121142450050288897e+00
3.033330475024633710e+00
3.759403112363203459e+00
2.853736452156576675e+00
2.356256723084181992e+00
2.075452005508935382e+00
2.504073687210010668e+00
2.000287258681373359e+00
2.724256939771568131e+00
3.532864060016310148e+00
3.799342024662509587e+00
2.855289295163802255e+00
6.144209474268613747e+00
2.817755289486555181e+00
1.586395868667201281e+00
2.774426938572303047e+00
5.319960110666888653e+01
2.299427864076243999e+00
-4.738152638179629861e+01
6.672787247724233595e+00
8.808362773973016147e+00
5.690745358733463988e+00
3.483116834964011588e+00
2.954856149915981334e+00
2.783370777774838878e+00
3.138845074785840517e+00
2.156200404210810717e+00
1.513624431556937822e+00
4.779799840412032097e+00
-4.793395342971393092e+01
2.219611883118018714e+00
6.052418653508413904e+00
3.280711191363121504e+00
2.875971100396793823e+00
2.913070504850520326e+00
3.277414853520897786e+00
4.847821598529273857e+00
1.214622577783419866e+00
2.706975193924357370e+00
3.886015319164378923e+00
1.154307557362603376e+00
2.813990084917084911e+00
6.639598623288762269e+00
2.424566237144974323e+00
2.337329110697795365e+00
2.371335744868295237e+00
3.097958176533570640e+00
2.693726440457316684e+00
2.622320880812400112e+00
4.540046184026715892e+00
1.970390727537182363e+00
1.336028064063984111e+01
5.338759207562328690e+00
3.329941608421204347e+00
2.207531270158487935e+00
7.077384009793980191e+00
2.357804342048305024e+00
2.539878386247583553e+00
6.139920963122842323e+01
1.601146360815394409e+00
5.649868386128749975e+00
7.536291383282661016e+00
4.762319835737896412e+00
3.306281621209058219e+00
4.797162374394156714e+00
4.460103528219221403e+00
2.796059616139580317e+00
3.757221285357720486e+00
3.044979454122835438e+00
2.693327373009290593e+00
4.970954049151220744e+00
2.499535226769227236e+00
2.879048210703549326e+00
2.705022127841509860e+00
2.847988218775242775e+00
2.552791633768654034e+00
4.522471010950743775e+00
2.648350776699426312e+00
1.757756572833907294e+00
3.580875968242195562e+00
3.646476772253524512e+00
3.836043165005812217e+00
3.139580869202021507e+00
3.414328051176996226e+00
2.047217692185463012e+00
4.521371065298179559e+00
2.161424312692219463e+00
6.751842043608828448e+00
3.476349197838233707e+00
2.741516799330064202e+00
3.402075440326197242e+00
4.551856466863391404e+00
2.861068181751504458e+00
2.125352609479358890e+00
2.055973652384243344e+00
4.061674020003909646e+00
2.502903598259505369e+00
2.273607348308366305e+00
3.485981297448349725e+00
3.191598879461245097e+00
3.252473035865524942e+00
2.544356423579306359e+00
2.347398068108338176e+00
2.755622216327891838e+00
7.081196190697864878e-01
2.947254009521897089e+00
2.049733524441875954e+00
4.565872558078318377e+00
2.837027903118105598e+00
1.622812191315345487e+00
2.975192501577009541e+00
2.126657409896388184e+00
3.684191514037019832e+00
3.396483132425184515e+00
-4.802157510791351314e+01
5.288187852896058416e+00
3.371573705685855238e+00
2.026798356239781107e+00
5.322454590130773511e+01
2.635419904868910201e+00
5.169191470104530950e+00
2.088490190696518312e+00
3.528500759916603613e+00
3.632168959570809541e+00
4.365926206988675062e+00
5.320658959036330771e+01
1.507535795158941427e+00
1.786629854095673764e+00
8.856327331873949049e+00
-4.689819755586128736e+01
2.660565865376062433e+00
5.416775816700396540e+00
3.181819210980570301e+00
6.110260470665795474e+00
3.944099502653392264e+00
2.617354925398955423e+00
2.513152293119818470e+00
2.541563249493125731e+00
6.519573662417945670e+00
3.411738098869087743e+00
4.038834497039242244e+00
3.936133891487192837e+00
2.589316108623612944e+00
2.820952806598561402e+00
1.688001517631239290e+00
3.035152767975967336e+00
2.994839352955318112e+00
1.871146200775094526e+00
2.352775528692440332e+00
4.473163104634407361e+00
4.118777960058174870e+00
4.095788478014350531e+00
2.437489377737549479e+00
2.674472879948114112e+00
3.761269696191474665e+00
3.361346043464041866e+00
2.207355392577934339e+00
5.235328056411528763e+01
5.088559418221985098e+00
3.740066440548396098e+00
2.236400148809408073e+00
2.885602524484647269e+00
9.264389486254202666e+00
2.338617670645356306e+00
4.011876870745955337e+00
2.852547410175775511e+00
4.125975899611800557e+00
3.299081183365525582e+00
1.063231392262231845e+00
1.233511075804425428e+00
1.361404897695797089e-01
3.086711850344427077e+00
2.415864477135148736e+00
1.958205340073416734e+00
5.255147832384108852e+01
3.220079576308811919e+00
5.529097531114523179e+00
4.291716043765425148e+00
3.840654438917154856e+00
3.430564324657014108e+00
2.432902624315786966e+00
2.916827115136499504e+00
1.930859230709338403e+00
2.559162207010140300e+00
1.353220971744258261e+00
3.401345446791135707e+00
5.599705775949860076e+00
3.105489154543887409e+00
3.812095992678496970e+00
7.578882094192930907e+00
2.944099039413557772e+00
3.020082697181563969e+00
2.165394675482839482e+00
3.463200279016737326e+00
2.477673023705490252e+00
2.793780948358047134e+00
3.436353113215637745e+00
1.912384243003781181e+00
2.653542903070002623e+00
3.003635360645710684e+00
1.444272840598844754e+00
1.639317132593931081e+00
2.424332236617684266e+00
5.772181625971328778e+00
2.641951646502827877e+00
8.073933089480025416e+00
4.163026902311423250e+00
2.920371163976513085e+00
3.695669094546535138e+00
3.023708200415281766e+00
2.874255692337098544e+00
3.623067212402721893e+00
1.861256317009941430e+00
2.429282195545507950e+00
3.909746906018190415e+00
2.025885493739158161e+00
4.111169463001351332e+00
2.632194469695142480e+00
1.368053882043255953e+00
6.616542427895407030e+00
3.790523499487159498e+00
2.156624951451609817e+00
2.522773335174713250e+00
4.678089414814095903e+00
2.410686229832624150e+00
1.053179947632506241e+01
4.498641453621491593e+00
2.664434622471178571e+00
3.494045556041647238e+00
3.854242332397125104e+00
8.202901917683046662e+00
2.202357019915777592e+00
3.400435956635161183e+00
3.126860373425626172e+00
2.714213417881606638e+00
2.216377071768916629e+00
4.532443636817003352e+00
4.576424948353857047e+00
2.393329055089330915e+00
-4.530165668639448029e+01
2.889742355692118903e+00
1.167024011783203585e+00
2.661627546534411692e+00
1.242430694894662402e+00
3.901498586741310337e+00
2.067662310265698355e+00
