1.732076812473965388e+00
2.322204630604928433e+00
1.464527288276510131e+00
9.418882115175104985e+00
2.203111685592308078e+00
5.466172157252932706e+00
8.303455052372296308e+00
3.630410602213996807e+00
3.215236612164204200e+00
3.360060871259442195e+00
3.568214385097822294e+00
2.559396135917512360e+00
3.665925725207376029e+00
3.741941032673765211e+00
2.626981188756352115e+00
2.334847403216299355e+01
2.572646024117918095e+00
4.939981327693985236e+00
2.879102323126115248e+00
3.414647451833314307e+00
5.234809947361394933e+00
2.958984631111689190e+00
1.033732110958196770e+01
2.766788818761608315e+00
4.190645099015387842e+00
3.556690234583460342e+00
3.653651870516124944e+00
4.928479429891686081e+00
2.553036213792452713e+00
3.717405111961419983e+00
2.736858564973704944e+00
2.746969151148397792e+00
4.173608808157950989e+00
1.905203484819355753e+00
1.860784884146898577e+00
3.599968928565047133e+00
3.703122180855650925e+00
3.308914287250484865e+00
3.628311005958779756e+00
3.540831352825921652e+00
3.211312317764622559e+00
1.090271785655194137e+01
5.917813871449896901e+00
1.934441330081954069e+00
3.841980807082350680e+00
2.961154234813744068e+00
1.854761512093152209e+00
3.195396798325170096e+00
2.975885742382633037e+00
3.779652758843174976e+00
9.546681471718562406e+00
2.382920393078800991e+00
1.597813340702539886e+00
6.864951463036677026e-01
6.289006361965654435e+00
3.632108093925442205e+00
4.838057571288936209e+00
5.798484484360818314e+00
2.577563549115686747e+00
3.565592166090134629e+00
2.390829555821586183e+00
2.402945331130294626e+00
4.326472906880709957e+00
1.915697055608226451e+00
2.242009707423679110e+00
3.219007802166179655e+00
3.363675558854240855e+00
2.696895320383020156e+00
1.539214173479588554e+00
2.730869951077393498e+00
1.556794516472159273e+00
3.253609855444309140e+00
3.366526766103028923e+00
1.359372118240669947e+00
9.354449030182778735e-01
3.169940538685927400e+00
2.650660732577756917e+00
2.835070803599915923e+00
4.364805959277121339e+00
3.045083345825104093e+00
3.867997951739160722e+00
7.804729272039894639e+00
7.621579682018686519e+00
2.707160907654438287e+00
2.315312181282793258e+00
3.290994610564345280e+00
4.846014899325175485e+00
1.369398304876356720e+00
2.945807663959804756e+00
2.842146756298694399e+00
3.631052637171960473e+00
3.663498925625044755e+00
1.625745535396961472e+01
3.141784613450295804e+00
3.519753910950072395e+00
6.053029886279234439e+00
3.945156902760599049e+00
3.170427296785029547e+00
2.692275383676916434e+00
1.634363062614166529e+00
3.078327733318671378e+00
3.437889262196732076e+00
2.246177234989676919e+00
7.522620497268925455e+00
2.122131448115841756e+00
3.471622703755396611e+00
2.661901353317593699e+00
9.218296175339375509e+00
2.149163550096166997e+00
1.627226659374230611e+00
2.688386304581766417e+00
9.479065120159372526e+00
2.063727741649945546e+00
3.034169315609266171e+00
1.980032263745008514e+00
4.276003618258548578e+00
4.181529830338224230e+00
2.086965942916586325e+00
8.392845014376928425e-01
3.271043954834710110e+00
3.884736932200373971e+00
2.677802167151473789e+00
1.513179715183286200e+00
2.545595721727508920e+00
3.109091898413205879e+00
1.804381459296234835e+00
5.018222644574825253e+00
2.620649258385471025e+00
4.904049423525297158e+00
3.078466452332632830e+00
1.795369266320447466e+00
3.022941135847446059e+00
2.108608754985949574e+00
2.621497773501781481e+00
2.658141454860314834e+00
2.657512150685088503e+00
3.117018777266773011e+00
2.201800610170997707e+00
2.230635316546756730e+00
1.954682914786260994e+00
7.910232908136104690e+00
2.835013848397792913e+00
4.975983009123962297e+00
4.288748534493704412e+00
3.335622203178651546e+00
3.287267643952518359e+00
3.382242085406836463e+00
1.471699990192957719e+00
1.466556858367961125e+00
2.787778768620835734e+00
4.126970907943578126e+00
3.127835975034206406e+00
6.259455508681755376e+00
2.649291809387662511e+00
3.299669079803805527e+00
6.055997116628752508e+00
1.573030085197600902e+00
3.756736613956047854e+00
3.395068157912367379e+00
3.301426538579647740e+00
3.004479797068912106e+00
3.600652890356801361e+00
2.778270371763210456e+00
3.782622328457373229e+00
3.074597182444986920e+00
3.782520640325028438e+00
2.503355919181047273e+00
4.444955036078696686e+00
3.341346635319268454e+00
1.099353244872998348e+00
1.778656617302166953e+00
2.400989999293991595e+00
3.925787231143996969e+00
3.624528894023919090e+00
2.645900576442909991e+00
2.756612381935231060e+00
3.580725510760238706e+00
3.604436509704760816e+00
3.826149982045907283e+00
5.466660025111441001e+00
4.013110021292916052e+00
3.137534191865346767e+00
2.417530913343846954e+00
2.762911738246679683e+00
2.782828599886611798e+00
1.457715646333338722e+00
2.605486781181781897e+00
2.619596014343065882e+00
3.265237669916355223e+00
1.971611651051980330e+00
2.517842029065133325e+00
3.514295393561701175e+00
4.698668931946212268e+00
1.197437204288219981e+01
2.697233242455791657e+00
4.526680809538178529e+00
2.724828005775319806e+00
3.407356062802238128e+00
6.607877227971071576e+00
1.970424570747289383e+00
3.976355349904998615e+00
2.796704626464016741e+00
3.756095989897508147e+00
3.376030304215031030e+00
2.535289342089976028e+00
1.400528972576678521e+00
4.529209629624848077e+00
2.900370079119241495e+00
2.947065102202139908e+00
3.510074521054766805e+00
2.732657499806193435e+00
2.083222982852847238e+00
2.042385297554973000e+00
4.622018734044798016e+00
2.815782884781821593e+00
2.751133343962944622e+00
2.960837301546821898e+00
5.129320747054743279e+00
2.954399161794961426e+00
2.567975416762243945e+00
4.292754490949529433e+00
2.491645833106126418e+00
4.588332429979230298e+00
2.428052525560768338e+00
1.175905343836861849e+00
3.618374055992107596e+00
2.203968377183540106e+00
2.421266690965716784e+00
5.690828047069663498e+00
3.020896782566636851e+00
3.340644941286912584e+00
3.497166022491500659e+00
2.888202396169394781e+00
2.491205393818872960e+00
6.376387931948808152e-01
2.740629698534049918e+00
3.126107716752164034e+00
2.275328704205125785e+00
1.710313237323664248e+00
3.458591646510073669e+00
2.674584771357919610e+00
2.707970730736750653e+00
1.961547938242232725e+00
3.368148430987074615e+00
1.182938404286869272e+01
4.612207419862094149e+00
1.879230573431404983e+00
4.345640052680213472e+00
1.449447953069744388e+00
2.290561862898395251e+00
2.178840700735050540e+00
2.073028847839704092e+00
4.272799977822165474e+00
1.895539560023601799e+00
3.032443264388136495e+00
4.394012413583040733e+00
3.885991317991170035e+00
2.704100641830141871e+00
1.915799726817152493e+00
2.438746172222008735e+00
2.791467749975966584e+00
2.540820781092520964e+00
2.516677905773534896e+00
5.848805450661164862e+00
3.206678168082537805e+00
4.662853962252501816e+00
6.204383388062951532e+00
2.697956091441831017e+00
2.881409730033594574e+00
2.610165715633681494e+00
2.740303395503024930e+00
2.040502064606452670e+00
1.122314701566753170e+00
4.303992658511831770e+00
4.106195594903225832e+00
5.946745399908543561e+00
1.418044782794289471e+00
1.755656417650358403e+00
3.697501178393658883e+00
2.511618640341271025e+00
4.672201763660272178e+00
2.381273747971480947e+00
2.793671872076596063e+00
3.268937949555834610e+00
1.862662536787739187e+00
2.925201019426524329e+00
5.268392872457592802e+00
2.545348176826009556e+00
8.004975515756708404e+00
1.332286871961633778e+01
2.124959063866492137e+00
2.497649508684307129e+00
2.616252945670880514e+00
3.710375047244856006e+00
3.019618066874339313e+00
3.060338103571240698e+00
4.286615298426686316e+00
3.923705522729489026e+00
1.352235807603613083e+01
4.290505648247069814e+00
2.534872649877718320e+00
1.329062729230164219e+00
3.880831733383687698e+00
9.484120609262887136e-01
2.205647137750168962e+00
2.094514524706894143e+00
3.193377029686638835e+00
4.836610909843975570e+00
7.087524782448424432e+00
2.750298842904594476e+00
5.850895825647569382e+00
4.588935597607274985e+00
3.285859591910089250e+00
2.565921711196853749e+00
2.627778471552892015e+00
2.934234103101301283e+00
2.800698358692469636e+00
1.019661057202354471e+01
8.147355678270180590e-01
1.843317030164324022e+00
2.494361392799507193e+00
4.225931306396335962e+00
2.428306309843678346e+00
2.880569271466271175e+00
2.639322797976723312e+00
3.345597915582172011e+00
2.634010780223293935e+00
6.478407835530601844e+00
4.829897045533622091e+00
5.445617497865645085e+00
3.738755696706109966e+00
1.373009132676634048e+00
1.677107321898405612e+00
3.629854915599373122e+00
1.811142437406734418e+00
3.233130156241700082e+00
3.377657416117587186e+00
2.926253289183664563e+00
4.862696399715203732e+00
2.277549356798495683e+00
2.047020185246539281e+00
1.980135539717047255e+00
4.679153391841230025e+00
2.107389646244479664e+00
3.348520605997660660e+00
1.045620342653610368e+00
1.470693486267063310e+00
3.847946780562351066e+00
2.653089002379819927e+00
5.060561097450707813e+00
2.001513610931332288e+00
4.922372578729962811e+00
2.935550844079317656e+00
5.786317616343982451e+00
1.891249146073704424e+00
2.224167753439886930e+00
1.274434497914632702e+00
1.871934936761799895e+00
5.298035759143763457e+00
2.354949424439927164e+00
2.843871581433369489e+00
3.853596751517772923e+00
3.733131399881032930e+00
2.203329245488300892e+00
2.308597854688459350e+00
9.803803603078065976e+00
2.266713162057012010e+00
1.722336713032205147e+00
2.752878102289698425e+00
9.550300925458364176e+00
4.008133392753874702e+00
2.763107569884318160e+00
1.942354345727026033e+00
7.045093752902460871e+00
2.204649889599273660e+00
2.008168959487877103e+00
2.496754548655163664e+00
2.478967408230368097e+00
2.102816596315237874e+00
7.950436227154722424e+00
5.668016437207279878e+00
2.593665334246210374e+00
1.245258027086298069e+00
3.332158869812314350e+00
4.240791600588783794e+00
2.439195943223782859e+00
7.374399549733606563e+00
3.957646955924523979e+00
1.209240718736129594e+01
6.580349125576853808e+00
1.367179444307237901e+01
2.751536886600844056e+00
3.239861782709737348e+00
5.871080214334331693e+00
2.596322804741868939e+00
4.987483396510055123e+00
1.265177924150136191e+00
2.923578365530803413e+00
2.839059576855701206e+00
3.606358222380491085e+00
5.376829131783341431e+00
2.854820016558770490e+00
2.854589135987104509e+00
1.104183195973829967e+00
1.747191421186623739e+00
2.768182072377316949e+00
2.655579275145030671e+00
3.268436541600195699e+00
3.916070661697681921e+00
2.753735635583514973e+00
2.435175542556684114e+00
2.630058010385298406e+00
1.940111782191060064e+00
5.863615716694916991e+00
3.290093009405348212e+00
1.116689172243050621e+01
1.348889179849902753e+01
2.009207324176677023e+00
2.228291690896712307e+00
1.480606907985204890e+00
2.408577792923158878e+00
2.996962294723300335e+00
8.651828575522388931e+00
2.901815977395980184e+00
1.992748200883851517e+00
5.144198240704589864e+00
3.244032036333465818e+00
4.360920107958436986e+00
4.986611925306072557e+00
1.251777533803719811e+00
5.070004470318721701e+00
3.017983934168201987e+00
4.636917715677476792e+00
1.863434771319561145e+00
2.789902402918519098e+00
6.960422756773588127e+00
2.577494621735357594e+00
2.570274596020138969e+00
1.972574055592943187e+00
2.743400724427092374e+00
2.509143449347243315e+00
2.287982059910588450e+00
2.749410387333520944e+00
3.824535712138231958e+00
4.099841874824828203e+00
2.461787413581216555e+00
2.631017326237699461e+00
2.619703201905484224e+00
3.340524988187305588e+00
1.085140873514908844e+00
2.174963857676024404e+00
3.716540904418067726e+00
2.818651198693422177e+00
3.122009251290278176e+00
2.882820772903203821e+00
4.374463286834198605e+00
2.366427616454981120e+00
2.253759624544701801e+00
1.979973155628187875e+00
3.233695171025742443e+00
2.637532963725627511e+00
2.375022537171035619e+00
2.141947510515809672e+00
2.908772253816663156e+00
2.041026553264420507e+00
2.771092361751511302e+00
4.162279504893025006e+00
2.110238371877502406e+00
3.117703222233667137e+00
3.578681118411927820e+00
2.735340294121377802e-01
6.079142709673678091e+00
2.886525723927630516e+00
3.598643594340258378e+00
6.756388096007784227e+00
5.117881591771316074e+00
1.794778898343357909e+00
1.534804687666522005e+00
3.026053926013948292e+00
4.919063299933747579e+00
1.389379088373635218e+00
1.957814682517214244e+00
4.505511654651403575e+00
4.074676788043851694e+00
3.766040369563917078e+00
4.071387089809295645e+00
3.263204800348666001e+00
2.765481277477498612e+00
3.956635179168692673e+00
3.109303955951785881e+00
6.785371948527432195e+00
2.385744367159680301e+00
4.509554087640429643e+00
1.595650348400781793e+00
2.256480469354241958e+00
3.653681532203073790e+00
2.110995319806983961e+00
1.607189747988827300e+00
2.861451940752993028e+00
2.841483575064094769e+00
1.734544328411534053e+00
4.272522958142806360e+00
4.421270403986783393e+00
2.372809710332730138e+00
3.052268554582306059e+00
3.054183707991787067e+00
2.755914685711472689e+00
2.993551201214843527e+00
2.911383306473962929e+00
5.282913009379318403e+00
5.202158673202854189e+00
2.941471304566466216e+00
7.897988620551612549e-01
3.049285113588483753e+00
5.170912439404599326e+00
1.146068903306771247e+01
2.956287994203782965e+00
1.540410270837069273e+00
2.980338428264178496e+00
1.833914215089467836e+00
1.881865323791346745e+00
5.706760126276642531e+00
3.996605314794863695e+00
2.879495912565080307e+00
4.514987249221157128e+00
2.576607677091930171e+00
9.580810257489215331e+00
3.223903728255831158e+00
2.734305191491851694e+00
2.606104965616981683e+00
1.025206799828647064e+01
9.019287815675856024e+00
2.052678414968557519e+00
4.043027279368409665e+00
3.827769292115337230e+00
2.952905747228293798e+00
4.443563208713477763e+00
3.887041594057612404e+00
3.582528882193675379e+00
2.448850281864074496e+00
6.291308929561717278e+00
3.095539478192347982e+00
7.607929160684277825e+00
1.294707319281819702e+00
2.231342270228949598e+00
2.582601160110344907e+00
2.093873315231476795e+00
2.820628321857462151e+00
1.701885244343012804e+00
2.495778508897807058e+00
2.497002809260760792e+00
5.046222290260580223e+00
1.999768662539894715e+00
4.666835087708879115e+00
2.744879359270373964e+00
9.881567124579675010e+00
4.713601669203893785e+00
2.936915827907380372e+00
2.476460575080395632e+00
1.139173906493560429e+00
3.351051141925771581e+00
3.083326403088239243e+00
3.500480635260602824e+00
2.071663362446599876e+00
2.294061683829536680e+00
2.734750030145767674e+00
2.132864799898166019e+00
2.626242700089263860e+00
2.351181443266205040e+00
5.510683711388651318e+00
3.235317820007074907e+00
7.601955186258892105e+00
1.768709680923130412e+00
1.774922935009622282e+00
2.766249753864094885e+00
3.814541330229341831e+00
1.698663542139893456e+00
2.974394863834713743e+00
4.176596746860044895e+00
3.924917702108619011e+00
6.714220849111309342e+00
3.995805218239918410e+00
2.957880514049049392e+00
1.511727682896482072e+01
4.398771965902986913e+00
3.442288766317647131e+00
1.774560975535895535e+00
2.490224179492390721e+00
7.077791276571071322e+00
9.704841545960651850e-01
2.405503569153656152e+00
2.919498014828771026e+00
5.532955084465143614e+00
3.206165028108355575e+00
1.538335173809262990e+00
3.497416194566993042e+00
1.527608823157334594e+00
3.326974201682315169e+00
3.061557035233761770e+00
3.015199848206694622e+00
1.636405737688992001e+00
7.911540807262711361e-01
3.498613067480735861e+00
2.254113200831045827e+00
2.822530645258779725e+00
5.311605927191216381e+00
1.528966076379536521e+00
2.410442889776418074e+00
2.011744726378399850e+00
2.574799780459388732e+00
8.496679928628829259e+00
2.967276087123756678e+00
3.013802750900571148e+00
3.484320494948935032e+00
2.885363691551425358e+00
2.878101315327086684e+00
3.664974067105603250e+00
3.309455470953839296e+00
1.510367563605035546e+00
2.847583328968035232e+00
2.195567835739637541e+00
6.512501119249280990e+00
1.861470566609769950e+00
3.034062378863076948e+00
3.835639449145619828e+00
2.359360820648862322e+00
2.767240975955264748e+00
9.693321516659535675e+00
2.684185951212760379e+00
1.654278115007954852e+00
2.532210828994177376e+00
8.623134217110646205e+00
1.082566013353651968e+01
7.794736102607118688e+00
3.129953219709126877e+00
2.853531786396609871e+00
2.563423792475099106e+00
2.440711556007989280e+00
2.540603947780879057e+00
4.730111376394779299e+00
3.319015036649078709e+00
3.848707205550575328e+00
2.901172255210883844e+00
1.020425667530613012e+01
3.155889624239807567e+00
7.141454824872184304e+00
5.736627095210977245e+00
1.554561442017330153e+00
4.407881454337719163e+00
1.772462921760301180e+00
2.715362471397818389e+00
2.458289575963526374e+00
4.301594140318628412e+00
2.651031483500154717e+00
2.019288978475925589e+00
5.752994163393205795e+00
4.230452689447738557e+00
8.376790022878852326e+00
4.521586971606797789e+00
2.575718185921683112e+00
6.106051483177209249e+00
4.559910095686302789e+00
1.064246472782240360e+01
3.053111839265354899e+00
2.832209863623200263e+00
8.622085927343118072e+00
6.908241451769434605e-01
2.513544811381407396e+00
2.304787683787273167e+00
2.156964190926071723e+00
5.865159687263066246e+00
3.562560162683194864e+00
3.410104343361858525e+00
2.891805324932530397e+00
4.088455478085089467e+00
2.196476677705998526e+00
1.873665862850257158e+00
1.464629978103140440e+00
1.676785426237135335e+00
4.855652127037409116e+00
2.193478415355092803e+00
2.303050935834462187e+00
4.536710607559792052e+00
1.534637155495081284e+00
3.643084942677285110e+00
4.367107934268708469e+00
2.902186464613638606e+00
2.612767356027274612e+00
1.729973993654643039e+01
3.206686059965471181e+00
5.585038824924575707e+00
2.186048173291020191e+00
5.563127615549457339e+00
9.668257647193156501e+00
2.274683663265357314e+00
2.296076397817736758e+00
2.475083908426991997e+00
5.283781410199101636e+00
3.516990763511840701e+00
9.831672869472425802e+00
1.864172023545104029e+00
5.173988690907545873e+00
2.415346466769761946e+00
2.742202398726374390e+00
2.737547180516636924e+00
3.039727424766560215e+00
2.806803857922250955e+00
5.495051214772519899e+00
3.883471393044826137e+00
2.695591713143478785e+00
5.873081799485870391e+00
2.528090644588320668e+00
3.602907502760628322e+00
3.073611480835971577e+00
4.765167453186943014e+00
2.473463947543434571e+00
1.988266502031110328e+00
3.918771040202399636e+00
3.277355352971375702e+00
2.190861129455643486e+00
4.359634860562927372e+00
3.149742545911387470e+00
2.683919498857537000e+00
9.453355566956420653e-01
2.832737012458090842e+00
2.937454779958215578e+00
3.372384600787088793e+00
2.070087823375191149e+00
3.171489991615705328e+00
4.815100030485694127e+00
3.546232253495618991e+00
2.586412279802676295e+00
2.759702245868869142e+00
2.970580462939591992e+00
8.645094925416774601e+00
3.086819446180760096e+00
3.412758758882232790e+00
3.207057222335077284e+00
3.990635999179243054e+00
4.773820155126004217e+00
2.889077359011684276e+00
2.697897453773210774e+00
5.688598888490281169e+00
8.092466410882916961e+00
2.005404432144264781e+00
3.423130300898308054e+00
5.403880119780184010e+00
2.585946855410418355e+00
1.966810328461725543e+00
3.619204239869774131e+00
1.134479752129678864e+01
3.092014665308052468e+00
3.695654245524362835e+00
2.510790936008304719e+00
2.792836891896723905e+00
3.767218068462332425e+00
1.671525690726441082e+00
8.654009454214918406e+00
1.956414228379316000e+00
2.561151385214778919e+00
3.172988258289383356e+00
1.725642566530678490e+00
2.503372351390320105e+00
1.817844256467739061e+00
2.546514972262304166e+00
5.927026763553615574e+00
7.971075606274583336e+00
2.124968773488637108e+00
1.778898926761563803e+00
5.414527741506532266e+00
1.930870420239041874e+00
2.200951973582956800e+00
3.640593343256009362e+00
3.195820527512532205e+00
4.177963284829202983e+00
4.368326890053088718e+00
2.701023586618229277e+00
2.249435186699704214e+00
2.614127204737980215e+00
3.611935584008191480e+00
1.393596701136523208e+01
3.046307820151558321e+00
4.009717416402642343e+00
3.696605091554270306e+00
2.321956986807004242e+00
3.129023369424828616e+00
3.699572810039143178e+00
3.291968279265990560e+00
2.398081419284332494e+00
1.868675718409364306e+00
2.671024440409754508e+00
3.415784630310319869e+00
3.106448205766333626e+00
4.869136658480501367e+00
2.465402879344897880e+00
2.600597625616062558e+00
3.798955905855459392e+00
3.398543890502616627e+00
2.329867302759615733e+00
4.528545342646063787e+00
2.169129601551190056e+00
2.871151607559989660e+00
2.660756701771430865e+00
2.433298253862480998e+00
2.127543194609775590e+00
2.103744479264973322e+00
4.052782917185138167e+00
1.609147381401689225e+00
2.364498901188623492e+00
1.996006093504392620e+00
1.432122726549494907e+00
2.678647980530509898e+00
7.762814528539487391e+00
2.390909244558763636e+00
4.434742133680172671e+00
7.332550300585233494e+00
1.901261045995155774e+00
3.709772477839319738e+00
5.015741736554486963e+00
3.275690523230886164e+00
1.372444345495640983e+00
3.835387730448919452e+00
3.750311133278420694e+00
2.249598731470624724e+00
2.704211922345196584e+00
4.309869632079322166e+00
4.643528711504632867e+00
1.664511542622584939e+00
6.479482093485692928e+00
4.269485996162919683e+00
2.980599618270419082e+00
2.319796617414200846e+00
1.292816924144934099e+00
3.411905598027307640e+00
2.874497775348776596e+00
4.464043593016665312e+00
4.487146894496967242e+00
2.015216682798659953e+00
6.710315587918341151e+00
3.869991387695265850e+00
1.638231827333717971e+00
3.735682487339476499e+00
3.623875507339799462e+00
2.306595508345744783e+00
4.235013616600369346e+00
2.980711708693085438e+00
2.477278760944059854e+00
2.883588132792923808e+00
3.982672767011059989e+00
2.790010575010244853e+00
2.929103086299507552e+00
4.879124806723240226e+00
7.722893261750449767e+00
1.038050869537176268e+01
3.031876371803865045e+00
5.231027363224207249e+00
2.546869521124150104e+00
5.572494410270326881e+00
2.866023858644398015e+00
3.261541562912874781e+00
3.035725598157323013e+00
1.244248830358868751e+01
2.953065363285589218e+00
3.613959381482403810e+00
2.181598001605379977e+00
3.138645936842323181e+00
2.763203840487725049e+00
4.441399922025015989e+00
4.243725701879442980e+00
6.726019260054526328e+00
4.268312278556487982e+00
2.184882857997290095e+00
3.019513414106982818e+00
2.110995808767503146e+00
2.887921863445116255e+00
5.002685286948723942e+00
2.349119181684647728e+00
2.536862463114864852e+00
2.013965681663924645e+00
3.403344185508439423e+00
2.552198888577835056e+00
2.185395001429563777e+00
2.266383601344102772e+00
1.957754008878398011e+00
2.303579851077833140e+00
2.734477432131125596e+00
3.210586407048308111e+00
2.861948510490731845e+00
2.258533920724783428e+00
1.863401087882773588e+00
2.390931801293030290e+00
4.514848611454342908e+00
7.294744606785122265e+00
1.057085467371374143e+01
5.330039885170871017e+00
6.782205192729158227e+00
1.906563286434032944e+00
2.979301080734270357e+00
2.399272761580046875e+00
2.727828528075916470e+00
7.581961781244825005e+00
3.318378327337815570e+00
2.819547175225943114e+00
3.110604374136393790e+00
3.113860027810326780e+00
2.645931866586186842e+00
2.388198992739132720e+00
2.570348371322514147e+00
6.792489323678794655e+00
3.071485784310147960e+00
2.504625482523048063e+00
2.918005900177654155e+00
2.426387652598176903e+00
2.549584772315716119e+00
3.086265711676611900e+00
3.000081326203401400e+00
2.334420368874551066e+00
2.557786249714077975e+00
2.551844930653421883e+00
1.464732348041111365e+01
2.646839293220032197e+00
2.488198914094748915e+00
1.194649201699320429e+01
1.919045923428045697e+00
1.474734868115537223e+00
3.340318304192526178e+00
3.611975526931011871e+00
4.296128286149667908e+00
2.717805429426909836e+00
5.534878778982341707e+00
3.033674203086083931e+00
1.991005229408405963e+00
1.448308427881069615e+00
3.217371876572419520e+00
2.374107791387965793e+00
5.691544948782926383e+00
9.831460919939325471e-01
5.919967415332610727e+00
1.101283649078028226e+00
2.883529380497144690e+00
2.461573182457780895e+00
2.207504254590318737e+00
4.924272039914475485e+00
5.039556853580990925e+00
1.211566736164874314e+00
2.075652935825563539e+00
2.567319512085426414e+00
2.254334827835051236e+00
4.564533394471354200e+00
3.718892647572795251e+00
2.836967661223345427e+00
3.466201967843042020e+00
1.261712705045260119e+00
1.852518285170436485e+00
1.733584086197761831e+00
2.705256126266117445e+00
9.232504639476616148e+00
5.119705276736935318e+00
2.834633876048223922e+00
4.215627120642164272e+00
2.804674894481112624e+00
2.994158011969404232e+00
1.029124913726808810e+00
2.975172351937219073e+00
3.384177632872450214e+00
1.416874273913327764e+00
2.762321217631432013e+00
5.449103581122811235e+00
3.384404497800103773e+00
5.001470225599469188e+00
8.367155882772234321e+00
3.657226749045893843e+00
2.742589879221324356e+00
1.447439592446605694e+00
1.862666109312079765e+00
3.034440675903927964e+00
2.706705310848183110e+00
1.062600740008186051e+00
2.773354681612250072e+00
2.069791349803012714e+00
2.439332201428424884e+00
1.750297386158537805e+00
5.980937261039525055e+00
3.102032257601145648e+00
1.868456017350969667e+00
3.128746553450625356e+00
3.792159539104575927e+00
2.816450801703504592e+00
3.442479768233464466e+00
2.438719564005718876e+00
5.938089740097280966e+00
1.503139045217282366e+00
3.216695184686774844e+00
5.261058126467419882e+00
3.260812058733922658e+00
1.827506771638019778e+00
1.769762984527569749e+00
6.848562144972623500e+00
3.104575127676132418e+00
7.823450089476233771e+00
3.062147676752509540e+00
4.126698864387340571e+00
7.003808804548433464e+00
1.952515318233329467e+00
1.926193568792764266e+00
2.228554108160440528e+00
1.594678890332001941e+00
5.266950517869705806e+00
3.425929955715005804e+00
3.595670478734167119e+00
3.743858395325959876e+00
3.206357468977137692e+00
5.197154664221637077e+00
5.206728698889810936e+00
3.714610322812806231e+00
3.379759224557129738e+00
6.033617104135366560e+00
6.180191286465209544e+00
1.535839336678280986e+00
2.754867098157025129e+00
5.995729146662069020e+00
3.903583905397078002e+00
3.064678564271769989e+00
3.225574563711913090e+00
2.917686094501163119e+00
3.728123952970154420e+00
4.488085341602899625e+00
5.626299732699999723e+00
2.552480638908172672e+00
4.368596170802382161e+00
4.843160037623069236e+00
1.146859339744215722e+00
4.149704270685178997e+00
4.277768149121623509e+00
6.588428441840862959e+00
3.314052028123857241e+00
4.359262750739675063e+00
3.162042911793855993e+00
3.841141796955396259e+00
2.951027458330923281e+00
3.010666811782091390e+00
2.955436941379903537e+00
3.813795219004417980e+00
1.704367409352646412e+00
3.682975693256318017e+00
3.273764122029638290e+00
1.012926174428371162e+01
3.125580280041193149e+00
2.733353516882872647e+00
3.112280960029781607e+00
8.983212884123485509e+00
2.306244232652439496e+00
2.602807360441660833e+00
2.367177087027692473e+00
6.318129149283753243e+00
3.277535655493473143e+00
6.384581636536297289e+00
2.634401695705269386e+00
2.706355686123742554e+00
2.841207871727729373e+00
2.193397642116725610e+00
2.785588990756076022e+00
9.536883408452883515e+00
2.450615339349032418e+00
2.886954861130621275e+00
2.996713962294129452e+00
2.405232573972170940e+00
2.640026535866871082e+00
2.727746284437271296e+00
3.999804661758133317e+00
3.286976941245947081e+00
3.285984163292404947e+00
2.723556271581994093e+00
3.349891092166036533e+00
2.936767228577419342e+00
2.693303114286123012e+00
7.486585768876622637e+00
4.096417395942799189e+00
1.726164081452373988e+00
1.908196800526789083e+00
3.697514763727859144e+00
2.950239751157373469e+00
1.785053653308294574e+00
3.048515344628787815e+00
1.821199966578031626e+00
3.017477066447273426e+00
3.815016264965835013e+00
8.446976813740290524e+00
2.331718282266470599e+00
3.456706987579127865e+00
8.730885781301410020e+00
1.522866687281349662e+00
2.269960178661343697e+00
2.083560396852507601e+00
2.959024716268736199e+00
7.258248722982190593e+00
3.084324443530341409e+00
2.674062768063381945e+00
6.692240253764163427e+00
2.898824164897911615e+00
3.242090039290982162e+00
2.521055748418369102e+00
2.215034923176133042e+00
2.061930169359222464e+00
2.090759670473739895e+00
2.165419667862308106e+00
4.640308315081407287e+00
2.852650868248611804e+00
2.559203775033263462e+00
3.358612569640682111e+00
5.484832269035487151e+00
2.935627511018187530e+00
3.225307508764967412e+00
4.772323142523477557e+00
2.839540435591870082e+00
2.975449520991035879e+00
2.807739184211180294e+00
3.233882988082983356e+00
2.055075910253702176e+00
2.557629160432222548e+00
3.734417817977600418e+00
2.447521942555560770e+00
3.053145382825787735e+00
2.433822912829170626e+00
2.905066042196081888e+00
5.013912860408463956e+00
2.761773448102399442e+00
2.816429924896838521e+00
2.975293874034951713e+00
3.792320975564116736e+00
9.628831011171778975e-01
4.430588909648853324e+00
1.141655703052438131e+00
1.898500929853744301e+00
7.570041770815766569e+00
2.132991438165144693e+00
5.406419669888816060e+00
4.615057728129539072e+00
1.933829042536225007e+00
2.439077275412819379e+00
2.677131252053190025e+00
2.911617481107193761e+00
2.662639356475103192e+00
2.137701590919450112e+00
1.735480350586013909e+00
2.968508655507184901e+00
3.307743190641082354e+00
2.855506771706059155e+00
3.124101388341948837e+00
1.830592445410431868e+00
3.253093742119606890e+00
1.598144070454331711e+00
1.665223965104458914e+00
2.628480920427932244e+00
2.766426935163970757e+00
1.858170124816394875e+00
8.006311851564799298e+00
5.343679024516465148e+00
1.914847507033029972e+00
3.771028878481442526e+00
2.502720542384153646e+00
3.595851023806710511e+00
3.885659828573133190e+00
3.750906437901224688e+00
6.097480404359636452e+00
5.054906700880641424e+00
3.029329111404493347e+00
2.064884609018075246e+00
4.186847738976485545e+00
1.167834815067272558e+01
9.778196257874212094e+00
2.817892426372502701e+00
2.299535501439526453e+00
2.273837334192474469e+00
6.368250884608336548e+00
3.020620203977275153e+00
1.045946629794047622e+00
4.377309212183798870e+00
3.381647500648015559e+00
6.098149716083814731e+00
2.083799953447362796e+00
2.140543116606530738e+00
2.443375522817633705e+00
2.537681016856138783e+00
3.598382769245558777e+00
2.571665178295504006e+00
4.697013209988577742e+00
4.976576869550729754e+00
3.229864016765329193e+00
4.054610535312376030e+00
2.226151505898791072e+00
5.702980025942105513e+00
4.521898618832128847e+00
2.146654439937635495e+00
2.671682144801936776e+00
3.024613512049000086e+00
4.042966434792065300e+00
5.909361325002690180e+00
3.304565446008252749e+00
3.056757732474150391e+00
4.490564492550763731e+00
2.223029269989259760e+00
4.052737220455659539e+00
3.582962290135959016e+00
2.957529066892050640e+00
2.533955460743371191e+00
6.597082348416527964e+00
7.436013624318685622e+00
2.859637528817314145e+00
1.911412746737088497e+00
3.485971609468831556e+00
2.186099651707995584e+00
6.389909074710130810e+00
1.766497711283740557e+00
1.952519974010403780e+00
1.538404580927656751e+00
3.000299049681402153e+00
2.368380252526991470e+00
3.084169527617812268e+00
7.629622738130832360e+00
3.436951656147451128e+00
1.047219618683333131e+01
3.236567700576558515e+00
2.389315807141148884e+00
6.390924632582411391e+00
6.309118616244404620e+00
2.616483102924501036e+00
2.503781540579629539e+00
4.217617749162974938e+00
2.836397360486391683e+00
3.118355737138204020e+00
4.332846890878986557e+00
4.307594849851573038e+00
3.141627358151040994e+00
2.520171958089727493e+00
6.139567868204268919e+00
3.019598194315283202e+00
2.046840207870470607e+00
4.083548244877340139e+00
3.164164987206071089e+00
3.037425706959104410e+00
2.611156252349446483e+00
5.299007898152400031e+00
2.181200015668088632e+00
2.065285439977643467e+00
1.803707920277264787e+00
2.966375474131524026e+00
1.065982773383060467e+00
4.700719473739303211e+00
7.142080241312550370e+00
3.200421560640256846e+00
4.575706425708681024e+00
2.352969302744027935e+00
5.507673596619303780e+00
4.989861967897035733e-01
4.102070056276311050e+00
5.082385768161955752e+00
1.202474483901719404e+00
2.505846231052686335e+00
1.945618982151295473e+00
3.091928954102698857e+00
2.543490876325262828e+00
3.414395611011943110e+00
5.013268974135737466e+00
1.766238283993789793e+00
3.882462861481573047e+00
8.666490811317924425e+00
2.945862582980727229e+00
2.662741363844299602e+00
1.679309354261544707e+00
9.507984918142087238e-01
9.871337488036191488e-01
4.295964086984085384e+00
1.875261964612966903e+00
3.095557057283049307e+00
2.418676671811549994e+00
3.328605431213857546e+00
2.905126759123197733e+00
4.057621562079630095e+00
3.813481242740368593e+00
2.477238730355123764e+00
4.698517657387723645e+00
2.635324649704971822e+00
9.220441559061307579e-01
2.697160194399129018e+00
6.419446990546285647e+00
3.302788232866623375e+00
2.060943909488448078e+00
1.980308197938799974e+00
2.042018842427697045e+00
2.059520976018754723e+00
2.482165806862968616e+00
3.161939910164126122e+00
2.680118396386705903e+00
3.381516197812188818e+00
4.820094980860854861e+00
4.356467454348646129e+00
2.432646184810395518e+00
1.835079123926640188e+00
1.215780678283097238e+01
2.471820813587922050e+00
2.068918654049888506e+00
5.086218053412349782e+00
2.883236666036154805e+00
2.659852099869947306e+00
2.805350302680240215e+00
2.789278795122435817e+00
2.020824300469624024e+00
3.859011137008287573e+00
3.273232098313489935e+00
3.395043990722047766e+00
2.456903457207361363e+00
1.524397925613327542e+00
2.636166616654847417e+00
3.015008316946495182e+00
5.444698244902873796e+00
3.169906501432838919e+00
1.936657678646015679e+00
3.346110074264160517e+00
6.306828457102321650e+00
3.257520857790005220e+00
2.270054750248273301e+00
3.453328486980627332e+00
9.266641223687166473e+00
4.664627722992248593e+00
8.493968163700536422e+00
2.823704569286638932e+00
3.418703607560396929e+00
4.176611867380247034e+00
3.341139029223502810e+00
3.265989322152301533e+00
3.403813516831176500e+00
6.489690830291994672e+00
9.633697784353609350e+00
1.197254085205977070e+01
3.050649040711483018e+00
1.677053591797572807e+01
3.442414979351232418e+00
6.723238169457966151e+00
2.788845372035906323e+00
3.235821905750249972e+00
4.268121143700343012e+00
2.446510370181105287e+00
3.516278728997616732e+00
3.241837692998406961e+00
4.433433473825978410e+00
3.350096010105156896e+00
2.659814070825573751e+00
1.250070168023287920e+01
3.054289072473264532e+00
2.673225829530501585e+00
2.871953987259180163e+00
2.677787264452495375e+00
4.799192788410339361e+00
1.238957628383843890e+01
2.948568928075443019e+00
4.219024584256424681e+00
5.965989352148971747e+00
1.355864923844208425e+00
3.295097410404725480e+00
1.256909159829836220e+01
4.898700448079598146e+00
1.393703728725464108e+00
1.896843050865488323e+00
4.793579962050403154e+00
2.554261513575933229e+00
2.747867345123563787e+00
2.524340398171161848e+00
2.124520691870436462e+00
5.770445420987877938e+00
2.876416195244203333e+00
2.453640853746933637e+00
4.639880073438415131e+00
2.436835644962160430e+00
1.990175849076222248e+00
2.833345305528304880e+00
3.584372160795472162e+00
1.793071926173874786e+00
3.597838844218649079e+00
2.350602860432894126e+00
5.058134178522472268e+00
1.235936945621493477e+00
1.430521203705667599e+00
1.926238969771689291e+00
3.109880296661305721e+00
4.622615049927436104e+00
2.874574111254960762e+00
6.442982094131813220e+00
3.417728066318450608e+00
7.407330501974159986e+00
3.042613691525169362e+00
5.010022842440994495e+00
1.548576833635742167e+00
4.480023241307582005e+00
5.464535444437051304e+00
2.059713458704327316e+00
3.120538905348803294e+00
2.245986838601994329e+00
1.986021554275829493e+00
2.935662516780177533e+00
4.065856777760076923e+00
6.258034154755589107e+00
5.030226578600609955e+00
4.355758431384615825e+00
3.573754865440106787e+00
2.949840596898165135e+00
2.484157351122991297e+00
4.707226388522424365e+00
1.631620433944266368e+00
2.596626938038518073e+00
2.949892058567397335e+00
2.559147042900243640e+00
3.398596379371423559e+00
3.024333022572765373e+00
1.219116503817288422e+00
3.344935478310787857e+00
5.912117059017859333e+00
2.872466940603528585e+00
1.102831994672512472e+00
3.439081382919656260e+00
1.583835476152359201e+00
2.858540900845994770e+00
1.894406975291442086e+00
3.491247943429741429e+00
1.837063505655995854e+00
2.068579035690036871e+00
1.748596409817486208e+00
3.279926747219245264e+00
2.994111241106683696e+00
2.827750069287636947e+00
8.629845470227746063e+00
3.012612682627075600e+00
5.422923362714252349e+00
4.679633927774432323e+00
3.580798334612574685e+00
2.193918626170316077e+00
5.532861774313049708e+00
8.998138061875639693e+00
7.506434461950600046e+00
2.014456377743853110e+00
1.010592337440273170e+01
7.226373648071057865e+00
2.144822176110424472e+00
2.510243343864408949e+00
3.057804361818562189e+00
1.857716870121344011e+00
1.198588641619201667e+01
5.547929513318954342e-01
3.804675216630585943e+00
1.701216554833794969e+00
1.562676680194836010e+01
2.760492755959400579e+00
6.952188708199857459e+00
6.720823822912583623e+00
2.485471052144918147e+00
3.269078987641050649e+00
2.948112085498842738e+00
3.141470411882235858e+00
3.490893259044426600e+00
2.663409515296649044e+00
2.772949646707318028e+00
6.026215288607483345e+00
2.340914867847492253e+00
3.008336235600182373e+00
3.339259817671837993e+00
4.190616365303085011e+00
3.335484124269082695e+00
1.775429323641092072e+00
2.212010281112890553e+00
2.752193032310277676e+00
1.209344688666887269e+00
2.638885440917236203e+00
3.121674469546695363e+00
2.295744419336974484e+00
1.193558955337380212e+01
2.156270357236328206e+00
3.804280347044414423e+00
1.593063715055496488e+00
3.036183363733701679e+00
3.027973618274880430e+00
2.043215613473921888e+00
3.975776840877878637e+00
2.157319026069306922e+00
6.578101495376078134e+00
3.961926233055199198e+00
4.111675962773663429e+00
2.398410675374989864e+00
6.925842777584740872e+00
3.247013260943455215e+00
3.102668505961272860e+00
2.550470769049869801e+00
2.082863640728084942e+00
3.396262107334490743e+00
3.258124093372376961e+00
3.975920334180084392e+00
2.542206872219558100e+00
4.183545775986003079e+00
3.709010400572080091e+00
2.600404815126385216e+00
3.524756547440674570e+00
2.048164356526710250e+00
2.776217707200000717e+00
5.408517608940265120e+00
3.506027549854812797e+00
3.126990501122926869e+00
7.039673028334905602e+00
3.497886010981799298e+00
1.637828796419979582e+00
2.042476031179728313e+00
3.255698602072822023e+00
2.364370642768048647e+00
8.074764624202515506e+00
5.648009093253335777e+00
3.082842888072508725e+00
4.194266533850354861e+00
3.861209487457456735e+00
2.226068466493999587e+00
4.959133643394171287e+00
3.239419869823690235e+00
3.261013082172238509e+00
5.777646039185366789e+00
2.402364318286824840e+00
2.903513705843340009e+00
2.879484671408060414e+00
1.151081437007120378e+01
4.675962159338363122e+00
1.323289165910814802e+00
3.478831329735458056e+00
2.864331783710811763e+00
3.251630892502092252e+00
3.127868734441642928e+00
4.103169594285849264e+00
2.515261126660977453e+00
2.916690181315618968e+00
2.168369169595052437e+00
3.614301478288755476e+00
2.446202644634957402e+00
2.951968779481277672e+00
2.727223188575641277e+00
9.850519985747139273e-01
2.907221414992763986e+00
1.631403908841099870e+00
2.945334702820717521e+00
4.034946864184780324e+00
2.243627039014048030e+00
3.349237100270747280e+00
1.580574984779555825e+00
2.520784046637253084e+00
3.904275986390945530e+00
2.938362914929026459e+00
2.197642089530080334e+00
3.128546937305796138e+00
4.536471780789296027e+00
1.765812322421765224e+00
2.679767574481646708e+00
4.823257924943926689e+00
2.586743710310139388e+00
3.622419549469690914e+00
4.050532257504201539e+00
4.238757033880311553e+00
3.961592145316683578e+00
2.639946963328172469e+00
3.177784432439223039e+00
2.386236841586848456e+00
5.757406652440041128e+00
1.971056932669146278e+00
7.324474199164647814e+00
5.170229626601698492e+00
2.602115068758238614e+00
1.236645655376216801e+01
1.110177632889954680e+01
2.250688879970528689e+00
2.615196770680288108e+00
1.955464538791259033e+00
5.080403983104508470e+00
2.353081724382394491e+00
3.070977987493349382e+00
2.234393317853465621e+00
2.673561689489472482e+00
1.655396296580042392e+00
3.236302235151605089e+00
3.463512841895222127e+00
1.550427600308651455e+00
2.500497711498613995e+00
4.505945794122539816e+00
3.794664371406831549e+00
2.001988365065382691e+00
2.933041550624857496e+00
1.834739572755573089e+00
2.759575085507870451e+00
2.545566330517702980e+00
2.558177973103799463e+00
3.062908322666392458e+00
1.714873716338483511e+00
3.987792724104909592e+00
3.211264705900399807e+00
3.177238474620383890e+00
3.097228353976029691e+00
2.703549615844214493e+00
3.222101024660427804e+00
5.458323805588868538e+00
1.312696803195720241e+00
2.193657952048309490e+00
4.508792577389816536e+00
1.683502729803530107e+00
5.837046633279522112e+00
4.088232008669140605e+00
2.479945346833942299e+00
2.514555547881508257e+00
2.531255126663705113e+00
2.072192348317898336e+00
1.620576364806729730e+00
3.734462173632008053e+00
2.852220541636893980e+00
1.193908576499359597e+01
5.922933982265996988e+00
2.650041058332529342e+00
2.391165475356574088e+00
3.500444483259425255e+00
2.472518286374392638e+00
3.311098510407551210e+00
2.974615834387822400e+00
1.664640874378787716e+00
2.645799222232911418e+00
4.759092362927675346e+00
7.830783741777537443e+00
3.649727733979927446e+00
1.794183224055315717e+00
4.175409369605959320e+00
4.000876021620238809e+00
2.882814538991870013e+00
2.788050935637161221e+00
8.182614841088238222e+00
4.550721876602417559e+00
2.988512311094938312e+00
4.112566537702193159e+00
2.760655558957149758e+00
8.290715857789354715e+00
4.549264019510311563e+00
2.359473065748572740e+00
3.099251032477416068e+00
4.474188762483075621e+00
8.074284097990542364e+00
3.215200893544999161e+00
2.959485086883943072e+00
5.056077315106000114e+00
3.031411993924703729e+00
2.508625361915878038e+00
1.926243467219947325e+00
6.153696587611563018e+00
3.611872076133565646e+00
2.789865203677735828e+00
3.343720991835971823e+00
2.707003045043834266e+00
1.406698546997196653e+00
2.858166416435165669e+00
2.561993993100537548e+00
7.170344261590083867e+00
4.275856068008355493e+00
3.102331001401369637e+00
1.845417487742003759e+00
8.649252654987016342e+00
3.256097772292525505e+00
2.849140051618739733e+00
2.849887761524211083e+00
5.299735202926488142e+00
3.344921266026652962e+00
2.034161860810189904e+00
3.588841240227843787e+00
5.433248073409496115e+00
2.710450379261996723e+00
3.455956694685460739e+00
2.082190058823816692e+00
7.478285997348318226e+00
3.712420474253665503e+00
2.577548402361254709e+00
2.499465054791664809e+00
3.330677395921320727e+00
4.048444434533635672e+00
3.402306437200317113e+00
5.402281681103624500e+00
2.374047578324106844e+00
4.956543613627070854e+00
5.862561312535158109e+00
2.622045848093885301e+00
3.654498102490022937e+00
2.399501265655303417e+00
2.908045650593678033e+00
1.845917718871263702e+01
2.834406253629913053e+00
3.273495707475382765e+00
1.735085176489836289e+00
2.214660740096522140e+00
2.449214803663775974e+00
4.183689405854430277e+00
3.007001087558960783e+00
9.130709578083857636e+00
5.908385327189038527e+00
2.897230289802272818e+00
5.299045733150890669e+00
2.073779444159299601e+00
2.273703653825791982e+00
7.232737898322303849e+00
4.199987805728756740e+00
3.169381311620176778e+00
4.691742280411325794e+00
3.687372332825682442e+00
6.790942291481800730e+00
2.717540417777226658e+00
1.085160192236132914e+00
2.114431985400317071e+00
1.769765127924454395e+00
6.309702485224151225e+00
3.698719613094895386e+00
1.885475946105614753e+00
4.082799884823483438e+00
5.656561761714714365e+00
2.682657429782864256e+00
3.066000894255587639e+00
1.231324992118395745e+00
2.094654744000085334e+00
2.479485705989344257e+00
3.708528935664542558e+00
3.047264662200402263e+00
3.858243100673909520e+00
5.702416008045499751e+00
1.885247806773771240e+00
3.023327931590738427e+00
3.202975416723217617e+00
2.421695691527537164e+00
2.632512986756219586e+00
2.895681940649453612e+00
1.433254247342037990e+00
2.455053859203749855e+00
3.770692787945438607e+00
2.178180001590189097e+00
9.770948924637474775e+00
3.135167230334006572e+00
2.287048904055564158e+00
2.157945899910358012e+00
6.364670931351604111e+00
5.824548758124278081e+00
2.146716668146163354e+00
2.752029978918915543e+00
2.574830155317237690e+00
2.339971162462679999e+00
2.444660794714434982e+00
1.533881212047056852e+00
3.088575826713811256e+00
2.080164617195475962e+00
1.601754279608571974e+00
2.430000855131672299e+00
2.829637908198316065e+00
2.066371445994645839e+00
3.567422425701155753e+00
3.553436447159701750e+00
1.963024759989813406e+00
6.260476233188642325e+00
3.174634541331492699e+00
3.991660055465015677e+00
3.911878732908745882e+00
2.868337073170289742e+00
2.080839389645954718e+00
1.732141257183698269e+00
2.136985642253139250e+00
1.448444959284488354e+00
2.311106132475861052e+00
3.687994196426621407e+00
2.690686823799482319e+00
2.623215100447237713e+00
5.719993850570475047e+00
2.468127084660584725e+00
3.118850681400076930e+00
2.910318903782905586e+00
2.668946863923010504e+00
1.212176755240684756e+01
2.825442241883491690e+00
2.400790079265493482e+00
3.247043387575079265e+00
2.175381056872590424e+00
8.300000943197140657e+00
3.048526808150116008e+00
3.959115026953633709e+00
6.751351836254717576e+00
1.970670408894305003e+00
2.361043493199381338e+00
2.563250443533775957e+00
2.241001846388337437e+00
1.687779480970633461e+00
2.565078976089189666e+00
4.139700289288255064e+00
3.233858457112628315e+00
1.293647112302443958e+01
1.375173185110251550e+00
3.731569006312676073e+00
3.761653136912225026e+00
3.192121343933554733e+00
2.688685900483219982e+00
2.126246055185826656e+00
4.105352524102154455e+00
6.718700547112172572e+00
2.437944019241651716e+00
1.336747753712425046e+00
2.775067564379828156e+00
7.695073441637463318e-01
4.282241509462583195e+00
3.534927979700889900e+00
2.234952031559251040e+00
1.356354153823768449e+00
1.869031798667516009e+00
7.519916310651454161e+00
4.690487100257890951e+00
1.063833746951216241e+00
1.376107793120750955e+01
3.662188475314640534e+00
1.652628263948793697e+00
3.048597951279849116e+00
2.021271604212776740e+00
2.667194154874667156e+00
2.868628841448815248e+00
3.459644552801726558e+00
3.577293731434688429e+00
3.850697104093418588e+00
2.682832348136163780e+00
2.888197791996572672e+00
2.282178053740834489e+00
1.943438951804604908e+00
2.215949242450384826e+00
5.245856474964671889e+00
2.871402998917385041e+00
3.146718047611669178e+00
2.505407478906463314e+00
4.596565544434836781e+00
8.639117254010186819e-01
2.707423889066328471e+00
2.947796219152062580e+00
5.334498914984256324e+00
2.863452795749493518e+00
2.023184904544809815e+00
2.379373116957872458e+00
4.505482363382910194e+00
3.453487970287736353e+00
2.288257602571722948e+00
2.279096263356561458e+00
1.190499296443685395e+01
3.166819248040667834e+00
4.159386248613724746e+00
2.808840836238656546e+00
3.091865328082699094e+00
2.481556944239020623e+00
4.207038326592702049e+00
3.422842346284476367e+00
2.797607543409740050e+00
2.704563193500286289e+00
2.997042234489834200e+00
6.312339049081852060e+00
3.258014658247504691e+00
1.479517001476522431e+01
4.112945266331035299e+00
2.143377198843690046e+00
4.299823824435492270e+00
2.725491250695838197e+00
4.025862647661925919e+00
2.712249836864571773e+00
2.092491475945057910e+00
2.201471914670089625e+00
2.852940104638928442e+00
2.371995735162309771e+00
4.854967018780105725e+00
2.293310141861702789e+00
7.933650381645017013e+00
1.939223854414726889e+00
3.756409265152262034e+00
5.247090338193809878e+00
2.253414648045379831e+00
2.815126990305720334e+00
6.410727584681319868e+00
3.208372120345975187e+00
2.758593746867508578e+00
6.132283530798088300e+00
2.477782311718569552e+00
3.616819312881185411e+00
1.718420284171108392e+01
2.586681049069306848e+00
3.740975763510041574e+00
2.596725792630296681e+00
1.314453047223486770e+00
4.291271317579600897e+00
3.262278564983512652e+00
3.020753359604482213e+00
5.821557867570555267e+00
3.407618237238657866e+00
3.343828751755273387e+00
1.761420082475867455e+00
2.679559792974257615e+00
4.709921987959580392e+00
2.693796083157309340e+00
5.409490105445250663e+00
1.602982264594627448e+00
2.751366333571720002e+00
2.689157772712130967e+00
7.313034103314888235e+00
2.409985761369804358e+00
8.905625336094342259e+00
5.325106438318713664e+00
4.247606401587662006e+00
3.560665304023817868e+00
3.185833297127461883e+00
2.112103135919051411e+00
1.377787585890780431e+00
3.604824874072703800e+00
3.287875999348538691e+00
2.450115785352115605e+00
4.989961126935302360e+00
6.912700286095891045e+00
2.174812420929845391e+00
2.040268741125006446e+00
3.211446738081082497e+00
3.723009143953728728e+00
1.551833968827655896e+00
6.472865167431661959e+00
8.007506628268718174e+00
5.593952572234467624e+00
2.954336199768583082e+00
3.327015762292959700e+00
2.446747728213290340e+00
3.483665191978958298e+00
3.031693710241452067e+00
4.838772350523545818e+00
4.740900481400867505e+00
4.928650596811603002e+00
9.555471225295789850e+00
2.880037490920975163e+00
3.019203610806705296e+00
2.863853236224954024e+00
3.339942358923682963e+00
3.179314512452609431e+00
3.990857794285426419e+00
2.344410961975504915e+00
6.951755801365771426e+00
3.235083746887177814e+00
1.155288236390147460e+01
3.536471375281430962e+00
2.852319918436538870e+00
2.493127976394261758e+00
3.387950806552665117e+00
7.809369140844713897e+00
5.774017896356296475e+00
2.230349481622349472e+00
9.003700462949360883e+00
5.473404426982090953e+00
2.780392398700094692e+00
2.779798293891846406e+00
2.392176587567822477e+00
5.040103916218885871e+00
4.316937057546086365e+00
1.052949461129151887e+00
4.835468121546740328e+00
5.390057146489041884e+00
4.365801768745847689e+00
1.966960864802295594e+00
2.256463583129647787e+00
9.165635918083667733e-01
1.092607817515041191e+01
6.371379177563960106e+00
2.996645913204401435e+00
4.935222008799709847e+00
2.188413023096233978e+00
1.842525610597368413e+00
2.791481056001273497e+00
3.418477359298540907e+00
2.079803107045718136e+00
2.524220342799691430e+00
2.431244341626781491e+00
1.923847241658926288e+00
2.499765236823665582e+00
3.137949290029812488e+00
2.611954712127684708e+00
3.611616416408418129e+00
6.068654139728119290e+00
3.412765640808846257e+00
2.621318171999681645e+00
1.831964799047014925e+00
5.133955267599885630e+00
3.665878868757919129e+00
2.060017750980267959e+00
2.407129733354731016e+00
1.019214821034097085e+01
1.453137512920414931e+00
1.889760834285566071e+00
1.829270956057950537e+00
1.481303788967330348e+01
2.398364378270617436e+00
2.428486502728385510e+00
2.623136673669828056e+00
2.559632073896973115e+00
2.912707570112433864e+00
1.811314683925178803e+00
3.479097333737943387e+00
2.310215047990415105e+00
3.092326053046462686e+00
1.023338207342064976e+01
1.929444042378773716e+01
6.861396658916113722e+00
2.578176035119912335e+00
2.175011517779609882e+00
4.041897883765594557e+00
9.884774338448547581e+00
4.699286743875637384e+00
2.636864791812972619e+00
4.515262106171660683e+00
3.977573691532707123e+00
3.190364930068981142e+00
2.027671349386587885e+00
2.459800424682238695e+00
3.312809305937870707e+00
4.894551532025632312e+00
3.242347639245330981e+00
2.196272119208120710e+00
3.309652701346318171e+00
3.019345156327815971e+00
1.419714788043137110e+00
8.113163197610710142e+00
1.656499815447512347e+00
9.651712656016641745e+00
2.252443616554425265e+00
3.326182275908500685e+00
3.468131041429734829e+00
7.525764727406575538e+00
1.980611129444393548e+00
2.657846652449761038e+00
3.351962531336050599e+00
3.053389323940745914e+00
2.156874129186455491e+00
2.709833744446024983e+00
4.121809514930435903e+00
2.260345584423088638e+00
1.461502800241409883e+00
1.752954507409250295e+00
1.967587714355266026e+00
3.350491632432537337e-01
2.917249361749945979e+00
3.416983204686506959e+00
3.641572646497851728e+00
1.449755369435610453e+00
4.506113747821941296e+00
2.793396468176306158e+00
4.049728881110209677e+00
