1.038021573154853661e+00 9.407150127025266650e-01 1.430018737513651939e+00 1.100895824798137079e+00
1.098840515311519273e+00 9.498658682950751331e-01 1.294709709435912348e+00 1.203269136344093715e+00
1.077315609361761073e+00 9.860354938150744930e-01 1.211692898793669482e+00 1.226240660540626637e+00
9.454215172884264939e-01 9.383885956600768186e-01 1.354209095858228906e+00 1.197971170455723877e+00
9.899226892623060881e-01 9.441882062435844603e-01 1.059085086957740396e+00 1.130768364130722459e+00
8.957619680878101676e-01 9.829486691214728289e-01 1.407665119560418399e+00 1.013950836529392108e+00
9.881329215725350723e-01 8.316793514929347042e-01 1.164844403545089779e+00 9.631119186649930164e-01
8.175185242449566347e-01 9.683910687819708984e-01 9.885145137126374326e-01 1.124769457586153099e+00
1.044057810908415318e+00 9.699938889239309026e-01 1.215947478370346335e+00 9.571195231076554677e-01
1.105750667874314752e+00 1.093897678383284777e+00 1.218484779679539276e+00 1.064034501769047347e+00
8.115519100999276647e-01 1.122915750563751036e+00 1.108272651037949030e+00 1.100573790999610724e+00
8.529257422366534058e-01 1.125800044320828253e+00 1.142955343375795518e+00 1.075209619266620509e+00
9.456461382914899128e-01 8.476586403455069751e-01 1.144063521909342906e+00 1.206164034226462567e+00
9.304654000165187844e-01 9.777222246753819457e-01 1.202455225866073230e+00 1.086645388417210478e+00
9.763049482286584313e-01 1.098352109856025605e+00 1.264760852693924686e+00 9.564672448600488597e-01
9.228179463661436710e-01 9.568290830262617952e-01 1.246864259785412710e+00 9.880146568622889536e-01
1.014954964028436768e+00 9.263736781364874107e-01 1.424964888860176471e+00 9.837721806836634553e-01
8.295993145226028265e-01 9.533137793042314456e-01 1.063796154021578122e+00 1.219638151317529395e+00
1.072359106231253634e+00 1.062254156846463404e+00 1.267907986866358971e+00 9.120061746488112853e-01
1.116219179346143342e+00 9.789405262958045251e-01 1.264441611051139169e+00 9.413853657000786912e-01
8.545591550876352471e-01 9.615007206858912081e-01 1.087599893637547943e+00 1.216608123629913774e+00
1.021572090617249629e+00 9.438855586354260030e-01 1.272817827022905135e+00 1.091205728234428074e+00
9.560921186620633394e-01 9.082735467736506862e-01 1.220469202253585461e+00 1.106578248855951019e+00
1.062539908958979096e+00 1.111274644198372297e+00 1.296800661650398645e+00 1.220710054139583001e+00
9.757494936261595919e-01 1.011067266911114038e+00 1.182082684565587849e+00 1.034134466684438758e+00
1.007182775380578876e+00 9.550203170119652141e-01 1.215583887039852984e+00 9.775932763645471812e-01
1.094394413605394245e+00 9.303868937807100448e-01 1.225947579583033242e+00 1.027722939225566456e+00
9.939754837263513609e-01 9.411534884094456821e-01 1.290796759617219847e+00 9.939238745905589756e-01
9.922187227751873007e-01 8.324136431414511650e-01 1.248256938499096691e+00 1.073602309296488588e+00
8.248940348036885029e-01 1.104120190752281960e+00 1.306129033113563320e+00 1.107657775739991912e+00
1.152455212086430647e+00 1.098202303383977840e+00 1.280087361775843258e+00 1.105935390912247795e+00
9.374867600959689851e-01 9.593357283585165485e-01 1.355020936794847586e+00 9.865348774584619118e-01
9.750219866953490078e-01 1.087885981767634735e+00 1.058252096921424190e+00 1.021284701315799737e+00
9.924669829918227881e-01 8.817990037364605849e-01 1.294080477051885447e+00 1.045706259028965412e+00
1.032963050937930616e+00 9.858342205648051859e-01 1.127308187812886775e+00 9.619936861807508732e-01
9.040258066191899644e-01 8.327203251503557668e-01 1.398070900746952061e+00 1.088223361410533441e+00
8.316247774511938973e-01 1.023565451776596857e+00 1.316088174777423125e+00 1.016573318793284386e+00
1.038591396679894752e+00 8.499015689799275242e-01 1.193041114262369806e+00 1.142547700936358268e+00
1.063964287772111383e+00 8.314434487454079870e-01 1.295285616170001042e+00 1.129620895339408460e+00
8.060797097236211961e-01 1.018682036651634260e+00 1.218842189738747805e+00 1.127077763976380043e+00
8.489063508643747147e-01 1.028357381432827289e+00 1.194109550311273527e+00 1.092207038009941567e+00
1.094941464549519239e+00 8.977154492064866043e-01 1.235365286921015215e+00 1.084947981324959843e+00
1.019478033800011785e+00 1.003812090189560857e+00 1.220740955899074276e+00 1.131561266810686917e+00
1.094374498951420138e+00 1.060006143067752982e+00 1.288981790725632903e+00 1.050602758772353207e+00
1.033176344735174279e+00 1.034895698068484249e+00 1.231646587042139585e+00 9.861833684338300321e-01
1.038660725754681158e+00 9.996633707071073127e-01 1.322496147848738701e+00 1.119344905364664022e+00
9.601175981239020718e-01 8.231447351883846020e-01 1.092618849799073200e+00 1.084388321880940476e+00
1.057003965809463208e+00 1.012619492701981816e+00 1.291980740626491375e+00 1.133085402212088200e+00
8.205338722349280189e-01 9.278717826647984168e-01 1.144356253279427138e+00 1.017620965516430109e+00
8.993033290094245569e-01 9.486939623944133926e-01 1.234723088341881159e+00 9.607240716045913898e-01
1.079617630279667839e+00 9.558419241893844065e-01 1.242410958035854884e+00 1.122407809294438064e+00
8.185555966814086482e-01 9.528610937116996915e-01 1.063774373517807348e+00 9.792700585935206758e-01
9.213053465901430705e-01 1.115293900339523248e+00 1.251038363323769609e+00 1.137846633714307831e+00
1.012089226115032714e+00 1.042432221775271506e+00 1.182612887302292970e+00 9.080131860797325816e-01
1.037897231617398441e+00 1.073432972567425203e+00 1.019932105443846382e+00 8.875351949507066518e-01
1.022466286697675919e+00 8.613583955133721215e-01 1.145964636066290732e+00 1.028808943796183373e+00
1.132017657264368093e+00 9.655445951181145237e-01 1.366605925120845999e+00 1.046350391412518066e+00
9.232907204154660041e-01 8.455406044658224651e-01 1.158510824950445661e+00 1.098778650643237986e+00
1.074512167838550969e+00 1.000210147829758256e+00 1.346697260645915772e+00 9.038078393656061582e-01
1.006102352864215232e+00 1.070216845922842053e+00 1.157585257500923781e+00 1.027380250764790226e+00
1.172532914139299276e+00 1.031994614820182621e+00 1.186615816595238293e+00 1.104626701306343772e+00
9.847411717023039079e-01 9.659585590622488116e-01 1.296838167193243851e+00 1.047967842244961201e+00
1.087967431982776345e+00 7.896259187100113097e-01 1.150501498087159069e+00 1.055140892147677922e+00
8.008703725618430136e-01 9.990203858420581007e-01 1.182255670841536599e+00 1.033294903551398525e+00
9.528118741632157773e-01 8.897246018060578354e-01 1.242820639685358275e+00 1.137846809306642060e+00
1.036886690620684615e+00 1.037676863069705302e+00 1.206818866172647997e+00 1.013745417305070839e+00
1.129835714713459671e+00 8.621751683150465917e-01 1.301797393664328339e+00 9.477773756554779272e-01
1.071282835679411294e+00 1.071941586361618404e+00 1.197630663856982691e+00 1.030767779285406416e+00
9.265337666631804359e-01 1.017878185727062901e+00 1.181919239531548316e+00 1.079353506416900643e+00
1.051399776923481966e+00 1.109195187232421942e+00 1.249183842733391447e+00 1.182807010076923682e+00
9.707855998784363782e-01 8.916560597267526589e-01 1.056520107470896752e+00 1.052400464064586982e+00
8.180409568388788966e-01 1.025514328692925137e+00 1.109331479411358679e+00 9.549353562311561072e-01
1.066809594634890335e+00 9.991425940499806257e-01 1.103927573178183241e+00 1.060348186129324466e+00
8.263187328555120503e-01 9.522044533218008144e-01 1.247005896058121177e+00 1.120311149251232319e+00
9.803244746013515254e-01 8.507384540851963273e-01 1.407555231047207700e+00 9.350500301962672012e-01
9.062824489134619910e-01 1.089176838551874082e+00 1.193550885857188604e+00 8.479472933266062329e-01
1.021987872639334327e+00 9.449603385279498058e-01 1.152222231606560010e+00 8.568442718828480631e-01
9.795254918645764919e-01 1.123430696237725845e+00 1.341884884515330389e+00 1.133033990282024561e+00
8.604740493534761558e-01 1.144693555559118447e+00 1.146579818317901234e+00 9.872876164045636393e-01
1.000130931413774737e+00 9.510615192208986546e-01 1.135513190635408121e+00 1.046654160990599047e+00
9.389073336308796369e-01 9.701420546811114765e-01 1.135575760094571951e+00 9.622773724069898504e-01
1.000972462779272432e+00 9.708153669384839146e-01 1.213644622883510715e+00 9.939857338392903419e-01
1.059526829527038583e+00 1.050985247180282967e+00 1.044096847243376924e+00 9.791674885454975108e-01
1.025176121180965350e+00 1.239764360661925968e+00 1.120094359785570592e+00 9.343414082999823567e-01
9.859328935888541645e-01 8.642209787819272737e-01 1.122155558473920678e+00 1.157926634352031803e+00
1.026147673271213145e+00 8.326083106582455873e-01 1.132880336597846593e+00 1.090607352364423521e+00
1.028677759044194895e+00 8.573612849927658708e-01 1.139017687101418375e+00 1.216701534973662957e+00
9.851010571238189018e-01 1.031537230104938141e+00 1.242481914286197142e+00 1.171672563121584076e+00
9.112707724906851103e-01 1.054104442970970279e+00 9.978874381744885502e-01 7.300638240212077301e-01
8.927263151985571632e-01 9.758967605758551711e-01 1.115912425340037428e+00 1.135924808682961196e+00
1.080006656089876227e+00 1.020527019294900750e+00 1.184593268386295861e+00 1.179933679543784031e+00
9.767501926266575207e-01 1.004472318032438860e+00 1.028829566994958311e+00 1.188676727874969696e+00
1.082940314670868265e+00 1.009699236611629303e+00 1.198940981319560617e+00 1.201792836216855731e+00
1.104929236227069733e+00 9.853041072126629274e-01 1.013255589382584088e+00 9.787954904882975038e-01
9.780523326186212341e-01 8.094550379812964769e-01 1.086611033176413832e+00 1.088152489567040471e+00
1.004310065650584560e+00 1.158336933952391679e+00 1.160263761787122982e+00 1.140995855037308715e+00
1.004935358424353886e+00 1.035851727629140351e+00 1.175862624110597610e+00 1.041985546860419554e+00
8.976568794079242686e-01 9.908715112824348914e-01 1.194326420958628177e+00 1.057549173847656343e+00
8.867195965810379388e-01 8.761488208519354615e-01 1.175310788203193457e+00 1.116080253142075041e+00
9.526218207999531673e-01 1.055624751585203747e+00 1.222416418665372984e+00 1.168112142277201837e+00
8.493767161437826285e-01 9.351691302354272484e-01 1.137191349322052014e+00 1.150707384790527810e+00
1.006307161118838112e+00 9.899440104903222126e-01 1.258238337080945124e+00 1.153941208207915459e+00
8.522139472457082032e-01 1.132900565068403420e+00 1.081068336565738530e+00 1.014338539538654604e+00
9.298891832501609001e-01 1.030581959058332053e+00 1.160351877733467596e+00 1.031883088136965387e+00
1.052699917278680619e+00 1.057353010403303539e+00 1.336389046199662811e+00 9.804757193230762002e-01
9.163059609415585838e-01 8.985792537209993380e-01 1.305756670133035646e+00 1.107998621663802918e+00
1.091394306814193138e+00 9.259944980230917499e-01 1.171983140652629096e+00 9.676023284196336727e-01
1.000058005191030164e+00 9.210960363723285083e-01 1.357781446518853796e+00 1.089992581590616849e+00
1.017510149689436094e+00 1.000688460633797128e+00 1.295502907174761686e+00 9.249154987700040076e-01
9.230688755274233381e-01 7.849891244599997986e-01 1.309119643807545863e+00 1.119486902071235912e+00
8.683895025521024547e-01 1.144046611024879034e+00 1.238251242161304111e+00 1.125573002746210971e+00
8.503539034718821110e-01 9.798161857179152889e-01 1.074123959239608794e+00 1.108062835322694895e+00
9.780193750830857846e-01 1.063038322169018501e+00 1.192246721045392865e+00 1.065463359805094656e+00
9.656796075134674862e-01 9.440747623184067017e-01 1.120122347369953086e+00 1.083898872587778950e+00
1.049325138996043849e+00 1.106370077955991515e+00 1.151809376859650680e+00 1.026664723026261994e+00
9.370028543485037220e-01 9.482868664142075632e-01 1.258313816335568491e+00 1.161258977372334966e+00
8.689152365365101494e-01 1.006829398294364797e+00 1.209486825521294717e+00 1.079498073300669381e+00
1.070936109896814425e+00 8.369578015424810058e-01 1.066697067626516393e+00 1.132648885904167901e+00
1.145002724646924985e+00 9.440764046717581293e-01 1.240366699749800405e+00 9.904714389542962349e-01
9.772141764454491675e-01 9.803804897537202745e-01 1.143113430420460208e+00 1.006149232589847786e+00
9.902620170922001863e-01 9.866445053700576562e-01 1.173810932951432351e+00 1.036454334661673027e+00
9.234214254198034322e-01 9.092381174698790369e-01 1.228053320169153473e+00 1.130543244202429021e+00
1.019557566543427107e+00 9.994017093261475804e-01 1.164023326219122190e+00 1.183621238597899916e+00
9.337720684617616396e-01 1.060882523588759341e+00 1.129537614338641527e+00 1.033908209338920248e+00
9.085416945424096280e-01 9.525202035939765999e-01 1.322974343120153273e+00 9.741300334623782531e-01
9.922800185047324639e-01 9.925738020483612090e-01 1.130470382218960568e+00 1.199176089977049608e+00
1.131998493991463572e+00 9.177237832771161230e-01 1.212424059212174443e+00 1.003832754790966231e+00
1.059812113006371792e+00 1.008332192069128164e+00 1.284222756653963238e+00 1.062660764324122376e+00
1.016445440411821943e+00 9.600507885097847582e-01 1.202291936556503460e+00 1.156005726994575822e+00
8.654088616314902227e-01 1.062169788914967494e+00 1.343616530444714519e+00 1.275176481316055099e+00
8.748201081882525099e-01 7.745501258718433535e-01 1.285132526724842128e+00 1.259369148487798240e+00
9.538329155100764289e-01 8.535766768789633252e-01 1.205339874504635755e+00 1.142457302169637368e+00
1.023185896318088872e+00 7.909440872481753315e-01 1.140286881366098681e+00 1.168014806492019053e+00
9.693433716551324020e-01 9.977669512488890335e-01 1.177092415527843272e+00 1.106224799782062229e+00
9.762355715580699478e-01 1.012573883399545016e+00 1.185119465523121640e+00 8.941161848354692854e-01
9.337331245147748593e-01 1.016873146570114406e+00 1.046391442996099652e+00 1.061498162963029568e+00
1.004665012989265804e+00 9.976195732196785348e-01 1.173393198325688891e+00 1.331056341083550087e+00
9.362953706333101422e-01 1.140684435249522011e+00 1.106002284255105605e+00 1.118668244789660315e+00
9.867092590503755423e-01 8.740579253367217749e-01 1.493482715894688173e+00 1.089118016832459679e+00
8.524887924941892958e-01 1.048570708630599091e+00 1.191711512442910292e+00 9.874723860677512288e-01
8.400721083489025576e-01 9.307010312486040382e-01 1.347007410371059866e+00 1.149501249631061262e+00
8.957204150831278300e-01 1.192153432643371369e+00 1.312697418556088458e+00 1.068583241921712723e+00
1.129928344291530440e+00 1.041291365965330673e+00 1.217263673920376599e+00 9.239347550342799087e-01
8.507214988785616328e-01 9.971839268749495000e-01 1.104922728148429290e+00 9.612532912603937163e-01
9.609848570570771464e-01 1.180871878780536566e+00 1.152592151813694565e+00 1.095145049588901465e+00
1.091237501086635531e+00 8.471080298328492741e-01 1.181875774938724755e+00 1.117756656052352415e+00
9.959442959289764863e-01 9.959731852333176816e-01 1.090864454771300451e+00 1.101891750180894691e+00
8.651990279468345646e-01 9.028731921657907611e-01 1.222169848206822174e+00 1.237918266323120520e+00
1.037741404970838666e+00 9.882198603721853436e-01 1.340214068220497490e+00 9.978859029190234597e-01
7.367925275241983263e-01 1.010873534660932327e+00 1.244221694575755155e+00 1.133553243662424492e+00
1.017431421035868588e+00 1.054882848213834157e+00 1.406535668200774802e+00 1.069694004319208913e+00
1.110095884839629177e+00 9.439354536273539820e-01 1.271579242648231745e+00 1.076780961097155709e+00
9.866618541488236804e-01 1.078712107766570227e+00 1.204517938344751959e+00 1.009707897280655686e+00
1.002569705138839362e+00 9.992424831277926245e-01 1.184733373006307877e+00 1.014744677914671378e+00
9.728284389183143865e-01 9.805810968516717185e-01 1.188672094584463323e+00 8.998626041655510832e-01
1.118408942441829534e+00 9.260407546428910397e-01 1.109853504100269062e+00 1.020581275673736688e+00
7.220879887243299988e-01 9.709239856693827608e-01 1.036218417885298670e+00 1.027645985879794610e+00
9.681028679555725436e-01 9.909751013519292329e-01 1.037589808146126114e+00 1.095699998919655860e+00
9.786134215979969131e-01 9.385848058791355086e-01 1.089213537704856183e+00 1.086506241683898644e+00
1.005854491372175419e+00 1.129998777206769223e+00 1.350494880761915040e+00 9.499627372275859516e-01
8.577298169159484065e-01 1.001051786407221478e+00 1.214683506712120886e+00 1.031281628037532982e+00
1.054631883761282918e+00 8.863908153045997329e-01 1.177503473683468860e+00 1.234831543827637379e+00
1.099809384052533145e+00 1.080872225437390366e+00 1.409610418284830802e+00 1.043101836136012261e+00
1.035202837004473908e+00 9.458603764041557671e-01 1.203528682864559940e+00 1.080464772225200321e+00
1.046873297203897213e+00 9.915435982461883180e-01 1.205941304495765865e+00 7.776919750165133260e-01
9.043152994813371537e-01 9.411267354959742537e-01 1.325029787185204588e+00 1.144454148116028414e+00
1.135772934749593288e+00 1.118684859184353675e+00 1.082056589394723378e+00 8.669127990615784762e-01
1.066677616878038748e+00 1.036281552666430628e+00 1.228511033909142069e+00 9.560622764280671815e-01
9.210248072554856336e-01 1.127288223741295559e+00 1.311443364103176412e+00 1.113044714209761699e+00
9.488959882835196202e-01 9.451452722279480856e-01 1.256249360547965432e+00 1.018248428408147221e+00
1.024690456754868695e+00 9.561504362095342158e-01 1.221165286692875940e+00 1.092566675734163217e+00
1.027465957605165681e+00 8.856895855702157094e-01 1.241745455950974630e+00 9.877808539475826377e-01
9.270427021275489121e-01 1.063536200541596921e+00 1.143410247164238447e+00 9.585807641984596117e-01
9.840043293863146578e-01 9.803910094813450549e-01 1.191563011594340526e+00 1.060683172626090132e+00
7.797858730271843841e-01 9.034920760807662043e-01 1.213097691031180148e+00 1.118156955438455391e+00
9.687104312839367459e-01 1.040145069218743945e+00 1.119271322800655222e+00 1.219722054541340528e+00
1.030324347887259684e+00 1.098943738684848848e+00 1.084982781176305089e+00 9.864702497276555127e-01
8.407709000866071536e-01 1.125939773793860343e+00 1.208979188753445566e+00 9.714470432653471432e-01
9.866970735459972275e-01 1.056192774715834615e+00 1.077360779877724939e+00 1.032123959353292486e+00
1.036192345563283546e+00 9.753326986764691009e-01 1.354520643763531096e+00 1.070856877552217368e+00
1.023428666677409948e+00 1.133090471112647490e+00 1.182575892538640483e+00 9.080133745662422040e-01
1.002040192177698241e+00 1.156856645037324327e+00 1.115000079954512113e+00 9.487436740806198809e-01
9.548775608503760060e-01 1.142468730867474136e+00 1.276259763278890347e+00 1.155866321293373078e+00
8.602989683259955056e-01 1.130343138707849970e+00 1.120190868254995920e+00 9.345481836078577409e-01
8.390012296002121728e-01 1.062073083838362964e+00 1.162769860807806088e+00 1.155313432639665905e+00
9.326661476926415562e-01 8.827291751098951256e-01 1.067909673727590603e+00 1.041964651949798704e+00
9.162995350017956175e-01 1.024555715475505169e+00 1.207515942218071459e+00 1.024601480293081845e+00
9.736437615471860152e-01 1.034422604967298431e+00 1.306790999635818240e+00 1.052486406286220255e+00
7.815611771458379486e-01 1.038948530331444742e+00 1.231656340483171519e+00 1.048279044629038204e+00
8.551395302567988965e-01 1.112626468415068404e+00 1.185274131822006805e+00 1.198934431040360682e+00
9.938676714318029903e-01 1.103991716107115106e+00 1.123078120589742435e+00 9.748704169528933372e-01
9.177721523227979628e-01 8.679681299120827198e-01 1.195624486462950609e+00 9.428395726407352573e-01
9.627853397770819166e-01 1.126832624343017564e+00 1.153524811783436910e+00 1.054016871055761806e+00
1.009872729973372962e+00 8.711452734898676997e-01 1.204208354941859849e+00 1.062379974560469620e+00
1.193369693946654708e+00 8.590014084140942252e-01 1.379320800094242738e+00 1.067239598157295077e+00
9.662433242025169067e-01 9.356195022323670063e-01 1.317160530616278580e+00 1.162913887595242501e+00
9.471496171445606960e-01 8.043620965046960336e-01 1.210210742214271162e+00 1.108477269151315392e+00
1.042940158285162733e+00 9.574947720122763961e-01 9.637656637516303082e-01 1.070070081797765749e+00
9.269603588407150374e-01 1.051314390094495232e+00 1.246386190149380013e+00 1.240892349142711959e+00
1.031369468626260222e+00 9.014830131106199573e-01 1.206530961802597890e+00 1.311040613953658340e+00
7.020095135197302882e-01 1.116291744198334879e+00 1.053345416669515311e+00 1.040976913430876394e+00
1.063433683460428769e+00 1.091773502363938331e+00 1.268879847596939170e+00 1.086286255143531054e+00
8.885192237844246055e-01 1.049592338225961985e+00 9.694197177488830253e-01 1.015317859955120028e+00
7.867255317995242025e-01 1.017437377471086979e+00 1.168646498698222569e+00 1.257797020253520248e+00
1.014123247449623788e+00 1.032648510948190657e+00 1.324303737469072262e+00 1.000275343352911905e+00
8.594701358866864149e-01 1.026718005671138467e+00 1.107363876114788148e+00 1.072573795922378670e+00
7.944597772488302123e-01 1.010413939831535046e+00 1.135515705914578621e+00 1.291478029581321296e+00
8.885207714081088115e-01 1.194787223823027489e+00 1.218757691365509377e+00 9.948333191651456131e-01
1.053022726948466659e+00 9.613698137882317196e-01 1.156712456082252372e+00 1.143871483467308936e+00
9.910863957426735427e-01 9.659520299961755763e-01 1.073562672720831390e+00 1.178125912336494219e+00
8.324341672686542681e-01 1.073893190840702561e+00 1.218114522649009102e+00 9.438102371946147651e-01
1.095783168846742317e+00 8.349250957376983528e-01 1.357578261321753743e+00 1.134567335432699942e+00
1.083106136128049846e+00 1.083422601430576115e+00 1.241303417411221854e+00 9.956962713964205847e-01
9.968292743008669854e-01 1.012466713467516932e+00 1.139187584039672796e+00 1.008534160123227830e+00
1.044338320801821096e+00 7.605447611650064665e-01 1.170988566334940639e+00 1.002198901254796048e+00
1.036354824853092715e+00 1.103080134013467495e+00 1.014642939808511946e+00 9.210951793870099102e-01
9.497109028871510983e-01 7.966592011894718661e-01 1.432561637244264441e+00 1.200754741953089733e+00
1.003062405024348847e+00 9.103811312082059626e-01 1.160003230941222485e+00 1.234146647075003767e+00
9.093673715628318721e-01 1.024439624996444476e+00 1.160967198938493761e+00 1.085680347019167380e+00
8.458368109892444586e-01 1.019966863374121679e+00 1.253015285317825356e+00 1.053399377418648974e+00
1.000292398757332002e+00 8.816365821488435506e-01 1.208616810683269760e+00 1.090023789779027474e+00
1.066702749799655958e+00 1.059316393770823206e+00 1.342142156104224604e+00 9.689501550068951863e-01
9.291208989421861908e-01 1.154629730493375916e+00 1.125828372499848351e+00 9.879340746569132969e-01
1.041994894304774766e+00 1.114391266494340282e+00 1.287617547761291670e+00 1.088106017584295371e+00
1.071139023696506376e+00 1.031696947891925786e+00 1.302211542232504682e+00 1.064970365074018321e+00
9.595692141331497726e-01 1.005622289528280477e+00 1.172148553563661544e+00 1.026954844275068668e+00
9.816808870382337515e-01 1.137739199507932009e+00 1.099968037311640723e+00 9.667315407556997808e-01
8.846283994907508941e-01 9.772833422174164175e-01 1.093412388789495093e+00 1.087932865142570371e+00
9.003694653103506695e-01 9.767527808558665869e-01 1.162438022810131866e+00 1.102932325584170092e+00
8.814529929312421297e-01 8.961691159837497089e-01 1.131253918836149897e+00 1.189545016642488573e+00
1.090300539939502933e+00 1.077461060533776438e+00 1.165345719087230947e+00 1.066105389127595782e+00
9.204915435152233316e-01 9.730121739646323542e-01 1.215427402028894210e+00 9.042330545441253919e-01
1.161842337338883757e+00 9.693612699328945093e-01 1.235914469039783414e+00 9.872126494153020682e-01
9.032506085413701813e-01 1.074837767427665236e+00 1.228320718460319760e+00 1.074594860592397616e+00
9.763136599024940798e-01 1.142532702071686668e+00 1.261848159074004494e+00 8.937864687259025054e-01
8.508262575773454239e-01 9.423988984367439592e-01 1.149797733190490057e+00 1.294855184540552706e+00
7.404829639983919742e-01 8.779772840423617497e-01 1.227804474431331450e+00 1.170409426641936923e+00
9.675658582309303313e-01 1.008475157212241902e+00 1.033222995936106114e+00 8.856551733379630642e-01
1.081752894241937657e+00 9.389878155970609042e-01 1.318031617653713905e+00 1.151794715564753879e+00
9.328273904003676620e-01 8.759609856587489141e-01 1.367689482239363929e+00 1.222901156447404603e+00
9.507155732425733863e-01 9.451156240240575768e-01 1.304338112429326957e+00 1.122273506465262694e+00
1.023911305920093051e+00 9.100944388556279074e-01 1.249079379411158763e+00 1.015839855971491401e+00
8.623716017500490105e-01 8.720432712958491317e-01 1.031490497981851329e+00 1.090007958037764402e+00
1.016167434374334100e+00 9.297264969511473964e-01 1.204818193517858127e+00 1.026684283420526977e+00
7.275108283160933720e-01 9.363394941372743530e-01 1.063836201141673099e+00 1.106598274699305717e+00
1.027755620992160113e+00 9.040548405339173810e-01 1.064546366588377202e+00 9.860557292545304442e-01
1.014631033268823090e+00 8.664647039394328676e-01 1.276783841045894263e+00 1.098991462170823885e+00
1.056790425341015638e+00 9.789321758915922045e-01 1.055792681059050553e+00 1.068078692964328891e+00
9.914734101211457595e-01 1.152108280691626963e+00 1.179390115468515576e+00 1.090747275249726034e+00
8.334761706440452222e-01 9.877088501962408840e-01 9.877726166564123611e-01 1.050205808912538119e+00
6.868377844998139192e-01 8.562849426051794000e-01 9.743365549643051571e-01 9.876856977704435714e-01
1.109356245762793680e+00 9.014732706691523934e-01 1.450954260576480692e+00 1.293456472374816091e+00
8.870306642745817705e-01 1.112567824377956205e+00 9.992566307664826342e-01 1.076631061913248866e+00
9.664244302810761633e-01 8.710041398663338486e-01 1.175943498474032678e+00 1.063025677093672572e+00
9.151756674569156980e-01 1.061345218432692805e+00 1.144570277613123022e+00 1.024272683065187151e+00
1.062185064317655581e+00 9.378894234553859510e-01 1.117333829820426727e+00 9.674318417235755474e-01
1.008576800882844848e+00 1.171695004435826526e+00 1.373010197918958619e+00 1.071351968782795039e+00
9.700124417729506510e-01 9.093024949511236965e-01 1.369349724940784441e+00 1.131887618571431942e+00
9.586883239884488317e-01 9.851322568026342763e-01 1.264940004619770964e+00 9.057375218277996520e-01
1.025046028287212918e+00 9.848406195409172836e-01 1.179752025818051608e+00 1.047868724420009334e+00
1.136562160971575919e+00 7.907423240874452697e-01 1.178847841118776385e+00 9.411910555700412351e-01
9.677415122478110199e-01 8.818570981624705984e-01 1.153521675175036787e+00 1.131809283743232752e+00
8.837379327640325632e-01 8.740627503095128592e-01 1.124395694602165374e+00 1.023947409739252912e+00
1.097163435513892171e+00 1.074983762874347937e+00 1.190807619659490779e+00 1.168262061649923522e+00
8.654058097069019517e-01 1.006045406126195196e+00 1.353287735833425431e+00 9.659258028932775630e-01
9.967798384664667832e-01 1.022900302667756778e+00 1.219561341185700698e+00 1.106610322766816035e+00
8.606333844971595370e-01 1.006355649027153465e+00 1.271557610339988820e+00 1.056900278180387787e+00
9.826297575715088328e-01 1.193171773411355607e+00 1.051347098474614938e+00 9.764160962095006502e-01
8.695153507624077127e-01 9.893226794993221773e-01 1.208087130628134664e+00 1.066360465618854780e+00
9.454053811534406382e-01 1.116717460731341038e+00 1.155761723260033014e+00 1.001381362112518048e+00
8.301767528012304886e-01 1.034584433688685579e+00 1.097098057773058244e+00 1.063022438840663053e+00
8.948763194339554028e-01 1.069528782097403985e+00 1.134454810043907580e+00 1.106110294069751365e+00
9.345596366653255993e-01 1.056934004811190819e+00 1.053123874997336840e+00 1.147042757740689201e+00
1.075100154626921656e+00 1.026454551145796978e+00 1.155723588386230238e+00 1.128318466435008771e+00
1.037610897015356359e+00 1.013715203739449233e+00 1.181957203638389853e+00 1.028440975614288266e+00
9.986626426598091966e-01 9.045480883470456979e-01 1.248071302038932906e+00 1.323664409771837747e+00
1.054765150509167970e+00 1.121203090272369529e+00 1.066110927542084585e+00 1.140429221497902823e+00
1.060993828208725009e+00 9.950404121584084383e-01 1.103737520445185361e+00 1.035437864841374900e+00
9.803458980223940245e-01 9.543222144899660142e-01 1.236302773647337538e+00 1.096746569391712445e+00
1.071615623545883134e+00 8.882487504169730430e-01 1.028653698737989064e+00 9.128070403353552020e-01
8.718871104936876115e-01 1.067887694656254771e+00 1.168021481285051788e+00 1.145139517900354287e+00
9.164587335662404133e-01 8.709526016208044563e-01 1.080558206289162770e+00 1.169940275831784282e+00
9.725938505044557925e-01 9.493785547103609224e-01 1.186282379175813917e+00 9.996466505287081583e-01
7.923479789656924233e-01 1.078342082636338572e+00 1.266568242008804024e+00 1.188309747848878883e+00
9.418052765423450268e-01 1.023887012593252210e+00 1.155150584174339246e+00 1.005500726173288228e+00
9.235014004182906522e-01 8.283544861837425222e-01 1.256488251657851274e+00 1.065459083925657247e+00
9.691054979854250018e-01 9.165546609106001164e-01 1.237195448271591003e+00 9.689822037591913073e-01
1.008626641048900652e+00 9.353273454215205174e-01 1.299899122101334514e+00 1.121198712729647884e+00
8.389930114047285947e-01 1.026813240767725066e+00 1.228849161334502726e+00 1.066090879023153359e+00
1.079786590964373794e+00 1.037055255078505267e+00 1.230365147184972807e+00 9.195988101012521065e-01
9.286395131124125513e-01 9.292661480231889648e-01 1.256807857608227996e+00 1.070175593486745402e+00
9.690739056099654247e-01 9.111928755896107068e-01 1.212319601395518864e+00 9.501958564552773767e-01
1.040890900421546306e+00 9.907168028930892767e-01 9.892993893588722942e-01 1.042559527999534330e+00
9.732803074939287979e-01 9.678306960878647613e-01 1.155736206742537853e+00 1.110380061840680943e+00
9.353798809390606595e-01 1.150058515237557977e+00 1.082914339689489358e+00 1.000503394010069380e+00
7.901906788566230855e-01 1.105638907849622043e+00 1.324430012637779708e+00 1.068954499932593061e+00
1.058639783879635310e+00 8.950917241641019872e-01 1.122259458303072721e+00 1.013733429305618605e+00
1.093656813460768928e+00 7.381898971739342397e-01 1.225265743779288874e+00 1.027750110931247685e+00
1.066367958844190333e+00 1.062486327146615395e+00 1.221630005345945014e+00 1.024772252380273585e+00
1.026946530731052576e+00 1.110099068063181482e+00 1.134882112794095343e+00 1.050287477655368562e+00
1.155717055736737997e+00 8.719444903360917820e-01 1.365295618181259441e+00 1.068619929429633686e+00
8.653253400311320398e-01 9.159944590002321307e-01 1.142266687414928317e+00 1.082349275863458971e+00
1.033839413269969532e+00 9.665316348716002093e-01 1.084033549421026477e+00 1.059719986192830810e+00
9.892285849143479526e-01 1.142182428392459093e+00 1.056665659444024907e+00 1.001734709072765961e+00
8.598541434578754750e-01 8.152416193759072227e-01 1.224282101833908065e+00 1.076827487758414970e+00
1.055984516895111414e+00 1.067197791160856335e+00 1.316460473881381432e+00 9.475022151201690779e-01
9.778017003130160534e-01 9.908472974935152999e-01 1.099360845011376320e+00 1.078326193868025307e+00
1.065870307841824571e+00 1.134963383064044651e+00 1.183080663076218730e+00 9.458225133899846870e-01
8.832708051793772830e-01 1.190163691134709989e+00 1.170372508110714360e+00 9.994958069564118253e-01
9.982178450990086827e-01 1.064855827677064548e+00 1.209096955095951165e+00 9.243330631076638326e-01
1.155821300970406806e+00 1.091377912599804656e+00 1.267083855910569046e+00 9.949081611643421086e-01
1.154269702595012825e+00 9.353405801017726784e-01 1.095354797395421853e+00 9.438381048868865753e-01
9.971195238546006756e-01 9.158798581652408677e-01 1.385409397792591868e+00 1.166645917641316421e+00
7.580123425529902148e-01 9.276758925816827039e-01 1.206295540872701189e+00 1.021571669501120549e+00
1.119031842106092967e+00 1.135097818520734103e+00 1.196389879534215384e+00 9.028643773337929890e-01
8.963676402570925905e-01 9.957445673807454600e-01 1.210780669257175868e+00 1.063089516711299698e+00
9.585991978824179860e-01 9.740130227433231314e-01 1.345681362585243512e+00 1.053176977178110318e+00
1.081729808233368617e+00 9.511986442807792708e-01 1.280949038359186609e+00 1.061001969678817769e+00
9.607664213362909766e-01 1.029533076368175371e+00 1.216289357597995835e+00 1.191968798798421991e+00
9.754609148283095443e-01 1.013234405324741294e+00 1.273834629904680327e+00 1.099512261566348181e+00
8.974448144387588977e-01 1.042595143991198903e+00 1.184384468904949861e+00 1.187708033215263193e+00
9.811605981730783244e-01 9.842207055924733217e-01 1.138113509652818989e+00 1.176659978772212067e+00
8.744106073399081636e-01 9.046707882787516919e-01 1.270687531898623712e+00 1.070343751879716532e+00
1.099721054641976448e+00 1.024328495522301763e+00 1.284481461136021352e+00 8.531785228519460640e-01
1.146121978846565970e+00 9.223267432061392768e-01 1.305482727262436748e+00 1.016909500469556304e+00
1.136267483761955521e+00 9.872511330003079788e-01 1.010518835725541242e+00 9.857732812246695620e-01
9.346360216811105959e-01 9.475995310636275981e-01 1.054423033103111695e+00 9.044799362796964726e-01
1.117904284108534263e+00 8.853325755402818853e-01 1.147122063844569606e+00 1.078862191583250807e+00
9.323360808326166538e-01 9.883275919032906698e-01 1.119011146113684463e+00 1.013526859061100405e+00
8.447248768547672704e-01 1.104476030707700174e+00 1.035029971409482386e+00 1.046541962650102686e+00
8.944770786596442091e-01 1.116193666209995161e+00 1.205141961026481079e+00 1.278920261843317974e+00
1.025458681207708223e+00 9.191303528541223677e-01 1.258163646417709725e+00 1.044036812719441931e+00
9.350401560849984639e-01 1.098043214745093588e+00 1.190177984007845247e+00 1.060452923319634921e+00
9.819113985309442239e-01 1.208450854413266606e+00 1.046621133300142059e+00 9.654548860356465534e-01
9.074980340751520602e-01 9.848446483665272977e-01 1.236208306255665468e+00 1.114698162920676694e+00
1.145949899202246325e+00 8.907508213664830921e-01 1.274574931376947218e+00 1.136976980266919401e+00
7.211383452943930239e-01 9.999292435192436157e-01 1.153361009069940213e+00 1.212839998723358681e+00
9.812512850869343772e-01 9.580922659522888019e-01 1.226234633919530026e+00 1.038457933433281966e+00
9.757033688740459620e-01 1.350194520029268874e+00 1.033679708922907059e+00 1.075774468853263111e+00
9.445516839676516563e-01 1.084958989870267843e+00 1.051029567448253266e+00 1.005111797294093945e+00
1.024053821012116616e+00 9.138249981161538082e-01 1.121430002899981293e+00 1.003280388776811582e+00
9.687434201971369951e-01 1.041626457907832259e+00 1.344346031428341526e+00 1.058341272190669535e+00
8.655547830181531399e-01 8.829047660394881980e-01 1.159090244922279966e+00 1.094547447015147945e+00
1.049643493056902077e+00 1.052380202209067139e+00 1.176237931397247527e+00 1.132422985514528913e+00
9.816273315792293230e-01 1.046758161450404678e+00 1.211891021533855861e+00 1.209792144136801806e+00
9.427169152552924425e-01 1.103025666977127450e+00 1.196003258360870847e+00 1.228735540502492452e+00
1.004108091474541054e+00 1.168003157076700438e+00 1.284303141515894309e+00 1.048746167440040900e+00
1.102196602978945839e+00 9.646394445938677453e-01 1.287315980093443057e+00 1.185367617091649617e+00
1.000926035994283758e+00 8.327711616962684138e-01 1.117407388121834044e+00 1.030124717052837591e+00
1.057784355596293802e+00 7.836783370155706585e-01 1.199053712659799098e+00 1.023399566892134516e+00
9.972367107568619327e-01 1.022912056972059114e+00 1.249250963831578742e+00 1.134565046500909835e+00
1.208016651823666132e+00 9.360290384801288610e-01 1.231106163728948433e+00 8.783539444367691740e-01
9.805949018683363105e-01 1.135264903871161746e+00 1.137842059882038015e+00 1.126693027547417181e+00
1.135827627637969295e+00 9.410465404870264061e-01 1.265041182474918813e+00 1.124582456233550465e+00
9.301954581410512013e-01 9.310031017747408821e-01 1.374609136276972565e+00 1.054164369398842505e+00
1.205079767893194154e+00 1.020114176910305259e+00 1.226896537580890456e+00 9.393103454555853382e-01
8.698881500088060381e-01 1.092759040244391189e+00 1.349413799472242603e+00 9.855442288777931381e-01
9.507059747845387765e-01 9.730026843308702267e-01 1.333060665279120149e+00 1.126986033593092351e+00
9.635033950417731807e-01 9.410510741793551848e-01 1.232938282273247532e+00 1.121556202218979781e+00
1.049673390045189780e+00 1.064668987367216824e+00 1.191354559718299067e+00 1.024629986374371082e+00
1.138151043687528841e+00 9.097990051645468146e-01 1.298511903110149968e+00 1.067432289145156199e+00
1.033087584306974227e+00 9.849709140761746529e-01 1.239880669641523880e+00 1.078665969561203086e+00
8.983571533246251795e-01 9.437020292835736068e-01 1.077959701896262557e+00 1.161722676821333788e+00
1.104653605767033753e+00 8.845634061386580260e-01 1.202343819194023666e+00 1.039435032553853500e+00
1.000932531363650790e+00 1.018967389944425594e+00 1.266867605083219495e+00 1.065370334569058830e+00
1.156142114176120561e+00 9.422654145002102855e-01 1.111484268475756210e+00 9.712254862848471726e-01
1.096374569189883186e+00 9.302724186218036539e-01 1.153427358525193513e+00 9.827314116403768063e-01
8.648282744218561691e-01 9.943940788487933835e-01 1.045863078899929688e+00 1.125137797609599311e+00
1.219605143099643740e+00 8.962402695676923159e-01 1.422397554953481302e+00 1.008993420882202674e+00
9.795867841577774460e-01 8.993898598234371100e-01 1.232462775312968217e+00 1.031651420108077088e+00
7.955670994923298434e-01 1.064320144615878316e+00 1.063095488040476155e+00 1.101284677486478403e+00
1.030552819512929874e+00 9.889594847100092734e-01 1.158752991570757063e+00 1.003366263735253616e+00
1.060218608121059614e+00 1.095739882576796553e+00 9.772996580032651259e-01 8.863370928385593261e-01
1.084770752553948503e+00 9.227136913374789362e-01 1.328992221039669186e+00 1.163867203542124917e+00
1.035863724324931567e+00 1.063115904034314108e+00 1.226581978641152926e+00 1.167011397800415518e+00
9.907427929088825636e-01 9.266149734859435716e-01 1.203149252335162567e+00 1.100682216209499575e+00
9.482545052443724920e-01 1.097941631906932169e+00 1.178548207247544388e+00 9.925665823248494002e-01
9.492635082798726032e-01 1.125809232573732110e+00 1.185626128385754319e+00 9.438255855180610610e-01
8.889807465290133770e-01 9.439133708777569520e-01 1.187534640548042031e+00 1.089619575553081310e+00
1.106342251914973263e+00 9.836483736865602179e-01 1.102533494636285250e+00 1.110196826707282591e+00
9.438211929666681099e-01 1.029648877554873110e+00 1.168274906740037533e+00 1.112969947113628066e+00
1.066884596513957728e+00 9.909658191098646984e-01 1.310607743306066997e+00 1.086058841719953927e+00
9.143836396960207669e-01 9.518927806440917738e-01 1.059309873317599626e+00 1.085262863079595519e+00
9.022513841800664514e-01 1.110401329092828737e+00 1.076635062089141393e+00 9.818638004750313009e-01
1.008528641591775132e+00 9.579701543784117090e-01 1.125926359509845431e+00 1.043697320498088388e+00
9.032537169979363290e-01 8.691120010314072886e-01 1.273135589778494392e+00 1.020218554075569273e+00
1.043146405354118844e+00 9.813041227726750915e-01 1.263717972376499743e+00 1.081801089692638218e+00
9.685315238442953056e-01 1.005665285092776307e+00 1.216210595655665694e+00 1.115495460112286841e+00
1.080572072640904713e+00 1.032519430110664826e+00 1.171525289217699717e+00 1.030433602080363276e+00
8.890055151282145740e-01 9.941992101568029039e-01 1.104945727737599137e+00 1.138896455281568798e+00
9.141449233785429174e-01 8.503081925235868033e-01 1.179665326309546458e+00 9.756603825662915064e-01
1.052435771171974510e+00 8.610572644303162715e-01 1.116371166534457782e+00 1.131975251384864212e+00
1.001884571123594636e+00 1.093201036348892874e+00 9.891253071690395693e-01 1.044289578218301040e+00
1.081966903626077281e+00 8.986736406069777416e-01 1.225889693379961010e+00 1.119965691899804439e+00
9.929584321001443392e-01 9.289693669525905806e-01 1.300283029241403598e+00 9.586924880954498240e-01
9.728726197160592060e-01 1.096706659236900139e+00 1.177709387604427560e+00 1.056107215570764035e+00
1.045633427725465525e+00 1.016512798247672933e+00 1.144523662782214402e+00 1.106207967466705133e+00
8.638109726231042451e-01 1.058825778055917377e+00 1.156186525312077773e+00 1.076435132052062649e+00
1.089204272231198090e+00 9.532341728893590771e-01 1.244184840696396899e+00 1.111754512369810488e+00
8.881165566148088164e-01 1.101369670951413804e+00 1.217088048503845776e+00 1.198984471509550787e+00
1.080820832863987002e+00 9.064460001105102416e-01 1.279951148192665977e+00 1.011707639864904307e+00
8.765297878332236614e-01 1.063722222172085674e+00 1.086909513511226111e+00 1.034454173565149793e+00
9.952395480318992904e-01 1.050540538147898717e+00 1.226518897363952032e+00 1.033734342130121719e+00
1.235569824886335377e+00 8.782428901315456615e-01 1.492293679740032797e+00 1.113643715836195591e+00
8.568961297595184545e-01 9.139892917535007433e-01 1.094406330119271464e+00 1.046082801802497020e+00
1.031029821858160389e+00 1.158239421386963119e+00 1.330353724160625362e+00 1.108864272835313303e+00
9.878870678214297651e-01 1.178676754226522405e+00 1.159538066953922142e+00 1.020502771727856750e+00
8.118899757825481789e-01 1.203546143307375971e+00 9.489069354983189486e-01 8.949844664382228254e-01
9.526324344976926373e-01 9.791517755958965008e-01 1.166384163189694956e+00 1.015126993711471304e+00
1.091286396156282201e+00 9.189492935313645638e-01 1.243384150458316517e+00 1.117078657197023484e+00
9.086994991211665429e-01 1.007349531883548144e+00 1.266430650999586183e+00 1.170538815826781098e+00
9.529048286818661007e-01 1.149427830731893474e+00 1.115795567046477643e+00 9.190631823185606564e-01
1.139046839660100785e+00 9.088616596325969077e-01 1.163344319323463383e+00 1.264488437811293498e+00
9.129451053913801850e-01 8.412868706330758339e-01 1.357089950679590817e+00 9.250595542681465666e-01
9.879176409070675735e-01 9.907009344324825273e-01 1.092720772709670829e+00 1.047241269115769757e+00
1.056628075508589948e+00 7.963261732699740136e-01 1.181135688743437440e+00 9.964886845947724670e-01
8.620920457442524665e-01 1.038990151222280334e+00 1.178602593352277017e+00 1.061922198572457843e+00
9.021939026813341478e-01 1.058983829334362525e+00 1.212963139542909907e+00 1.111726656740773533e+00
7.984213349781003055e-01 9.573768457939904053e-01 1.062982370673560162e+00 1.037113795966217777e+00
9.566124092044387961e-01 1.108800880840980829e+00 1.227872848915045667e+00 9.835700265960225508e-01
1.014897340979090457e+00 1.132333734516910662e+00 1.264099141959327488e+00 1.169926351585138802e+00
9.057963593100032407e-01 9.172011643181081642e-01 1.202078677816646346e+00 1.054257679631564359e+00
1.029709531697274194e+00 8.773932184913388888e-01 1.343029309673843485e+00 9.685546842889110053e-01
1.039708336550910994e+00 8.524850705531304973e-01 1.307736231925645365e+00 1.033239804767974279e+00
9.799257568007387897e-01 9.593837795212188935e-01 1.287136688632783743e+00 1.058809674806563850e+00
1.051935988366085928e+00 1.060837913996694581e+00 1.390855268405939427e+00 1.067532452948169786e+00
9.470808564394531670e-01 1.034460299917755011e+00 1.321935807781785766e+00 1.138230671447449494e+00
9.398281399754571108e-01 9.265073839260367095e-01 1.247022271019299300e+00 1.154191140000692117e+00
7.451352299011736458e-01 8.114702678665481894e-01 1.333444314164299316e+00 1.062843580066275440e+00
7.668812609545024861e-01 1.027241892879838137e+00 1.145448691930123442e+00 9.629179992456007309e-01
1.130899924670988099e+00 1.056431230232852903e+00 1.278337160122135163e+00 1.159961849048253946e+00
9.439705225606365158e-01 1.033345997357565382e+00 1.203979349202700000e+00 1.195727719455310423e+00
1.023955832859877235e+00 1.154840865105478676e+00 1.168256720677782967e+00 9.234546277115213142e-01
1.081897701610199825e+00 9.310728142111264205e-01 1.301221326672663769e+00 9.996590286679758464e-01
8.707753931336675857e-01 1.039266721256277171e+00 1.021924370236120261e+00 1.125317955007255399e+00
1.017333787947083845e+00 9.857731644986204023e-01 1.193924103348811938e+00 1.075400932361572082e+00
8.567547877834172931e-01 1.031906041117268247e+00 1.254022811367409229e+00 1.031855107753107514e+00
7.057602526125538178e-01 9.252556628480822498e-01 1.089511872014401916e+00 1.269358229157925289e+00
1.070279818990416354e+00 1.096760778093910371e+00 1.124191788921962809e+00 9.692014006303864004e-01
9.177802329067662468e-01 9.865707065383907404e-01 1.142627365117336202e+00 1.049319414690745411e+00
1.038749636455056358e+00 1.049835077295275587e+00 1.111843463606919213e+00 1.140659418779234491e+00
1.095425442840443297e+00 9.665317572443306027e-01 1.435905824979813561e+00 1.126429623609485287e+00
9.547601850153409897e-01 1.033101597135256178e+00 1.296150548269264791e+00 1.011639599497850650e+00
1.018928347045599425e+00 1.060128042374828050e+00 1.217663234214765300e+00 1.112832555996358996e+00
7.794919555704424852e-01 1.102622520131866901e+00 1.163522623405513157e+00 9.960397920527378490e-01
1.036193444802176122e+00 9.386679743296958423e-01 1.181950674071976737e+00 9.517473172923527347e-01
9.039181083506070413e-01 8.052866417020128065e-01 1.336360978314292236e+00 9.376486463080324629e-01
1.083692873801709755e+00 1.094439579257482142e+00 1.171606623099429978e+00 9.603009268895440487e-01
9.000221031675671446e-01 8.935750395410304581e-01 1.090348279273865240e+00 9.306081074876033643e-01
9.126579784248305405e-01 1.014290292768330382e+00 1.150838974476834142e+00 1.018988401493813312e+00
9.567291581676723444e-01 9.788519919778420064e-01 1.213853849584947131e+00 1.001005927090349301e+00
1.120353633670693849e+00 8.686685480909132062e-01 1.217463578086072973e+00 8.310167763234399541e-01
1.074941963912604326e+00 8.988382605915189449e-01 1.373739221047664438e+00 9.512950779681332847e-01
9.640040975863817252e-01 1.119756177254826568e+00 1.193340050365761407e+00 1.039477904566864286e+00
9.146817279348544716e-01 1.008618229685809053e+00 1.147067443737427528e+00 1.100546389589882157e+00
9.391647565678779008e-01 9.945779419062193982e-01 1.129283445005418551e+00 1.023632003218959197e+00
9.680215904637959889e-01 9.412585824199675155e-01 1.207257593386442229e+00 1.131527888655685432e+00
1.042134722250788847e+00 9.675051377849830381e-01 1.223157479100489331e+00 1.084758952036895208e+00
9.606909304620671053e-01 9.651291987521398719e-01 1.122638651657644093e+00 1.003020916094145010e+00
5.718491121211084494e-01 1.131034519419036766e+00 1.222647940185682680e+00 1.099312278734048354e+00
9.044311022414494028e-01 1.094851571938683321e+00 1.146755892815761735e+00 1.169617624567010683e+00
1.019572597154312366e+00 9.612795638657433139e-01 1.068970867346227704e+00 9.709698386875663667e-01
7.975060024774602851e-01 1.009207265939560338e+00 1.158967952518710209e+00 1.165425421846186138e+00
1.143721203138726050e+00 9.536187385312826503e-01 1.108264820282760965e+00 1.032783395380656000e+00
9.694511691611328308e-01 9.897265995345752021e-01 1.348181788816317894e+00 1.053599562213586749e+00
9.358940289973123328e-01 8.853573263415971395e-01 1.344907934129204063e+00 1.046689683435253482e+00
8.883679540690047061e-01 9.788580495421391747e-01 1.168365181865633984e+00 1.043633260360251391e+00
1.129506780519828668e+00 9.387344103076736834e-01 1.303946405011935372e+00 1.028396326630361957e+00
8.877765333010365634e-01 8.231120773268899571e-01 1.349053188094161637e+00 1.028776267366892538e+00
1.049267115357430447e+00 1.067425027233464219e+00 1.286172596912767530e+00 1.025345633563325309e+00
8.971483805826544478e-01 8.250630949444309747e-01 1.438961498207925738e+00 1.107584664769756699e+00
1.044210256984332785e+00 8.428244521930743360e-01 1.001343580707983572e+00 1.108075479755937565e+00
8.581850219209460340e-01 1.072310439179507746e+00 1.261874522873637217e+00 9.089988470169875212e-01
1.020584402551172110e+00 8.596900254688739640e-01 1.249736722352772000e+00 1.174777870760857823e+00
1.089333462190576141e+00 9.744666169640582298e-01 1.126560803159653013e+00 1.083796008836227509e+00
9.983009476990054587e-01 1.060089347386551806e+00 1.425832015797591668e+00 1.163435809589426384e+00
1.170027395286004968e+00 8.557202568784370023e-01 1.150582221124900384e+00 1.299723453862107858e+00
9.780205978136637945e-01 9.444691249961927326e-01 1.319971340131934179e+00 1.075388655030350193e+00
9.286348263003227910e-01 9.159001080122980420e-01 1.361369518137425016e+00 1.253150811073496795e+00
9.883046841149518702e-01 1.030655481452552147e+00 1.086280432709634258e+00 1.018765310631695842e+00
1.105293935926324744e+00 9.748682697374911887e-01 1.218166941656153357e+00 1.240330959854701209e+00
8.831716094753204738e-01 1.058475516234396618e+00 1.089759420781789112e+00 1.006953567366535740e+00
8.953194311955020579e-01 9.372656321414528646e-01 1.221733119663611200e+00 1.065668623043522167e+00
8.837069413416384078e-01 9.554227870724218974e-01 1.189635237785608535e+00 1.154683396910483495e+00
9.991536384157926332e-01 1.028746408328157003e+00 1.271177048427970746e+00 1.148620577586218383e+00
9.199386833695402110e-01 1.009722933506952858e+00 1.258563703277664869e+00 1.148307845667783322e+00
1.018329078876599070e+00 9.317658011167505583e-01 1.292750410137822881e+00 1.005171319847032674e+00
1.039102531141774088e+00 9.993848244973859707e-01 1.276009196457373651e+00 9.352649687655626431e-01
9.577687858088761441e-01 9.481038051518356768e-01 1.179537697101833649e+00 1.060080763212051025e+00
9.208907119142810682e-01 1.026761065447724608e+00 1.126009548434859786e+00 1.063386304227081691e+00
9.590901893968347691e-01 1.014858647849791851e+00 1.324577983372049239e+00 1.102842970773247000e+00
9.959611973490841708e-01 1.090215145114120876e+00 1.092766877684068660e+00 9.317375384236045166e-01
8.906189031247936372e-01 9.409097215793301716e-01 1.205254048916448051e+00 9.841226161014398066e-01
1.110033438820374974e+00 8.848029821190190880e-01 1.139052174367520820e+00 1.000549276426212941e+00
1.034006519950731784e+00 1.044366255092584739e+00 1.245901630086482470e+00 1.107470408245940119e+00
1.258816829834862316e+00 8.976263548683809379e-01 1.336151329950492350e+00 1.063813794732841655e+00
8.957898198413210000e-01 1.009378341717897642e+00 1.243021831144838218e+00 1.079485581568520702e+00
1.031102979859982671e+00 9.196091255540249643e-01 1.299735406136632854e+00 1.112091289699457919e+00
9.351224890535965173e-01 1.185737986779110464e+00 1.202021219825563758e+00 9.999454072881105438e-01
8.355930200917758288e-01 1.030196744730490277e+00 9.707465477942595067e-01 9.661044312847930637e-01
