1.132018856559566800e+00 9.939984338673172326e-01 1.000278267747357397e+00 9.995541411500570295e-01
1.198859196408997185e+00 1.079390700532786296e+00 7.806738830800665774e-01 8.491156726102937480e-01
1.177518287065203229e+00 8.943800958516635591e-01 8.489661712248963710e-01 1.115505092154868816e+00
1.219266775966301841e+00 1.138132245642218265e+00 9.946317230829043732e-01 9.874635114080448917e-01
1.343866210337729905e+00 9.563994285482413371e-01 7.137984029880690695e-01 9.164041041331713044e-01
1.270823563265099043e+00 1.274769367931936959e+00 1.007993945345991849e+00 1.012645282548084946e+00
1.191683907286773092e+00 1.137312981328706396e+00 8.758535088336514285e-01 1.060142246416221568e+00
1.206510755280564284e+00 9.475649563872431402e-01 8.418378872142006086e-01 8.604188871425992868e-01
1.161636294782639744e+00 1.184919855933882493e+00 9.299106755020327686e-01 9.944515153884012637e-01
1.193017925873121277e+00 9.733135378061618104e-01 8.775274106486022907e-01 8.604668263618049373e-01
1.034373053530585729e+00 1.071460980168870814e+00 9.265186732047563378e-01 9.217023010190780186e-01
1.158751575804509271e+00 1.112024918434592946e+00 9.384101436538454521e-01 8.284840417735455098e-01
1.169069550236112365e+00 1.188028361190369697e+00 1.004926041261445580e+00 9.168970246983603190e-01
1.223542671523344394e+00 9.864946420530471549e-01 8.828312961822788463e-01 9.747337079528396453e-01
1.096043253426031816e+00 9.375584326790652456e-01 9.133524821616245681e-01 8.845542506380763559e-01
1.021038694997553398e+00 1.056492114816238059e+00 7.160724652927755729e-01 9.383059284373015396e-01
1.245835396403454087e+00 1.030245914889965864e+00 9.480741284746093678e-01 8.931371119289820415e-01
1.053593906403856639e+00 1.092977332421922299e+00 7.134817006082689872e-01 1.092437356008630234e+00
1.174281783979562732e+00 1.134787651948726328e+00 8.464429319565132115e-01 9.441739647721544282e-01
1.229631344341967747e+00 9.821427165337945908e-01 8.745292998618784397e-01 9.118114428311990816e-01
1.009205381238837296e+00 1.168330267460196303e+00 8.976963235034355337e-01 8.665428707188996826e-01
1.265491893591339512e+00 1.053352650072535202e+00 8.859987566722610230e-01 1.088050314801267682e+00
9.774819881361769269e-01 1.043985243579992783e+00 9.132109907974288454e-01 1.014483204651044135e+00
1.221004244629200874e+00 9.097122192647171257e-01 8.529432761300813626e-01 9.588580987487032026e-01
1.244520469819674569e+00 1.133373055069129887e+00 8.358261283558953147e-01 9.093233847654637048e-01
1.178608048166609024e+00 1.114458755019932079e+00 8.237712356725376273e-01 9.647978853463220483e-01
1.070519580041693342e+00 1.092750893706706306e+00 7.679046351989908814e-01 8.516211078805467904e-01
1.047988449221177065e+00 1.121064057118892565e+00 8.629713501408745602e-01 7.906274832964015342e-01
1.214157074758669186e+00 1.054889193689017013e+00 7.050184445528270283e-01 1.132965180160726781e+00
1.183479657180502187e+00 1.049166602754283195e+00 8.387904377461855576e-01 7.622966448584852506e-01
1.161680316438646887e+00 9.522124369140860800e-01 7.330394140271554448e-01 9.525598924138216628e-01
1.209807202149294936e+00 1.033639288365600040e+00 8.150087185771955900e-01 8.137689911559118361e-01
1.218130218661942488e+00 1.042107544381687179e+00 8.789894935618259852e-01 1.013959560029785933e+00
1.186897019424121069e+00 1.070455043723786748e+00 6.648679853419920960e-01 1.080291377009586107e+00
1.236790928238479470e+00 1.039382265503463687e+00 8.162235984963123192e-01 8.083484435839971560e-01
1.222489755449098103e+00 1.061797496902547211e+00 6.946847047164793620e-01 9.711031316826149729e-01
1.013189800904317650e+00 9.810059783854272464e-01 7.502340534848286335e-01 1.114631169614433759e+00
1.117456119612296517e+00 1.041552445284716910e+00 8.579599380784430629e-01 8.480354625609082264e-01
1.239384113616652128e+00 9.276930240176177733e-01 9.701716170119852878e-01 9.523258748926205497e-01
1.023950087895215466e+00 1.194309649216178881e+00 9.169736420836586133e-01 9.196868220804201854e-01
1.040142146835753012e+00 9.562677450274067459e-01 8.409764455359887148e-01 9.284136920445519303e-01
1.117806666562142670e+00 9.001372853852624978e-01 9.225721307859134912e-01 9.232384173374659220e-01
1.232114735473804012e+00 1.141783785128411388e+00 9.943490855547879592e-01 9.331952153973518405e-01
1.029891693845935485e+00 1.034036235951669713e+00 6.693155642083579160e-01 1.044616823800786243e+00
1.177432809322660479e+00 1.252631881690094096e+00 8.189949223023834657e-01 9.632506333060369963e-01
1.176644552702118540e+00 9.981841336020439437e-01 8.638782158578013348e-01 9.727485098664534480e-01
1.068706625691310474e+00 1.127115472416797770e+00 6.574692154620067619e-01 8.817226374628940322e-01
1.074398822255087094e+00 1.098181291508345314e+00 6.395697047300068494e-01 1.070947331090634558e+00
1.133639685846146161e+00 1.025317910082835571e+00 7.008855728978553579e-01 7.946952946659257000e-01
1.097348938394091755e+00 1.026010625368792617e+00 9.098864193950496615e-01 9.204292277300335501e-01
1.129444326433703738e+00 1.067637832246033147e+00 8.446192119505641083e-01 1.090141672572676690e+00
1.190080499685634452e+00 9.865281410962445374e-01 7.403196783178193074e-01 9.961735495554534525e-01
1.115396806636852478e+00 9.833287986381052947e-01 9.660655091480139234e-01 8.079565812821473125e-01
1.065096906705073065e+00 1.007513816297851861e+00 9.527870007422172272e-01 6.514108146461329296e-01
1.153474784960123456e+00 1.198528033081768251e+00 9.865427950580740735e-01 1.014644067517867621e+00
1.146301301551750473e+00 1.004241257733889281e+00 9.257825534833065140e-01 9.876370486308523322e-01
1.207218351987769278e+00 1.171042082090873571e+00 8.802911483376447688e-01 9.901431123315737048e-01
1.091681453456287088e+00 1.037511611381558341e+00 9.419538141057641756e-01 9.770608553368423932e-01
1.162931434606385706e+00 1.091065282977107254e+00 9.302505063334822744e-01 1.004459498906201897e+00
1.159226242670563511e+00 9.933097329908537887e-01 8.952792205386065350e-01 8.929330762169368496e-01
1.409669946198357060e+00 9.499003374707931657e-01 9.907043505184196519e-01 8.930532485446680546e-01
1.152895334465771526e+00 1.070214480865924411e+00 9.048088552916014882e-01 9.506007997292840184e-01
1.042829819495187715e+00 1.219834721948286349e+00 9.563529841966640355e-01 9.974615377293328811e-01
1.183758617689129045e+00 1.100001572253475723e+00 9.252550634729606038e-01 9.474259556979502950e-01
1.101944957428786065e+00 1.164494478473492745e+00 8.895596788840307578e-01 9.386931301102985348e-01
1.068867460699381988e+00 1.063190431182492457e+00 7.053318988653115573e-01 9.201656547683936260e-01
1.265568922539500818e+00 1.017237532199881889e+00 8.904365300057732746e-01 8.529426129611688001e-01
1.264676113843676175e+00 1.056996178861942859e+00 7.767727098180060574e-01 9.523112751612717863e-01
1.267439426108386558e+00 1.140953571322161686e+00 8.160152055498632873e-01 8.525003995720283889e-01
9.922048142704286144e-01 1.049648471835206154e+00 7.679509940044065841e-01 9.388384943177255915e-01
1.088748554851137529e+00 1.092985570333798062e+00 9.343785228466503501e-01 8.503225465201377231e-01
1.061653716896099997e+00 1.113551548755419951e+00 8.286307931587738596e-01 1.040470254426450580e+00
1.090718361027336103e+00 1.027922985994284444e+00 7.738354795530761887e-01 9.043312053447227772e-01
1.293736432463737707e+00 9.901747169343300126e-01 9.546142483161926817e-01 1.076964179687409207e+00
1.160296794659502639e+00 1.149589198239503895e+00 8.257913386677219192e-01 7.295964272712087695e-01
1.223889508683345673e+00 1.066591435035766589e+00 9.613777785149402177e-01 9.798424079071978987e-01
1.320581730251661146e+00 1.055554801603562520e+00 8.020147272800630667e-01 9.645399191985943865e-01
1.088343186416734110e+00 1.005461839995532403e+00 6.766359529030576692e-01 9.881143388605961864e-01
1.142213733888764127e+00 9.424778853936799372e-01 7.261024984137431915e-01 9.573199307328202901e-01
1.236167227217348508e+00 1.188619468645551569e+00 7.079940489881553223e-01 8.322027863716787710e-01
1.026966701112335345e+00 1.186760955011999519e+00 7.569172983482105321e-01 1.009379342357363596e+00
1.053682156151210858e+00 1.031130303547065363e+00 8.752707083965092227e-01 1.033863179592557691e+00
1.123473773461485248e+00 9.400633068194207409e-01 7.456799714253961042e-01 8.743978221414278051e-01
1.187057364285572847e+00 1.041903787062697928e+00 8.735951443600132871e-01 8.673795017481409353e-01
1.187326403394856511e+00 1.144814514296425667e+00 7.638349859228318328e-01 1.079506557509919640e+00
1.204980631167662741e+00 1.202312904483395339e+00 9.057954589134900036e-01 7.998011477957081006e-01
1.197915009222877192e+00 1.206344043476563099e+00 7.048656419703546172e-01 1.034367621917066993e+00
1.007911341582735432e+00 9.704882442288771394e-01 1.034894982087086746e+00 9.156730074845628176e-01
1.119504640027230158e+00 1.016315320568118796e+00 9.973410439292818008e-01 9.564155108518677118e-01
1.099790678459506177e+00 1.101100026629836082e+00 9.155441565420341377e-01 1.052454367578568473e+00
1.223484209782707000e+00 1.035738998786781329e+00 6.865192786839343642e-01 1.018805274927148119e+00
1.017106635500308665e+00 9.542029811089144387e-01 7.364448008497798126e-01 9.195263375014628426e-01
1.120090232159067334e+00 1.065000733254026333e+00 9.997919478704392349e-01 8.021592917772202291e-01
1.143732103536392541e+00 1.115718389308797853e+00 8.642928341937783365e-01 9.169827763938492859e-01
1.249597640143236044e+00 1.083336176053347755e+00 8.139235000432503142e-01 8.911921973489109750e-01
1.113491617661258815e+00 1.012714794436871069e+00 7.731328998083560888e-01 1.005030580639918680e+00
1.185505341307215188e+00 1.097034620980054775e+00 9.060043638857050441e-01 9.927845298906609051e-01
1.044138301239592614e+00 1.094328902365936163e+00 8.822628280663719069e-01 9.978888104820506921e-01
1.227934608315249365e+00 9.714127553353953948e-01 7.952198634936588073e-01 9.529764136577768552e-01
1.188640029486886185e+00 1.181993748809611500e+00 7.101801642687635141e-01 8.269447147862539760e-01
1.198865649575140191e+00 9.575758335949258182e-01 8.974683430514394100e-01 7.990554145365027505e-01
1.200164584479149532e+00 1.003292436329674242e+00 8.567636132227688384e-01 9.499455661103177739e-01
9.774015416909626053e-01 1.127835043400940318e+00 7.692814605389741711e-01 9.455821284565689711e-01
1.149165361295724885e+00 1.045967144052356579e+00 7.538523438090577455e-01 9.212789422784396498e-01
1.256727577825555109e+00 1.057497924679435375e+00 9.626509479214883092e-01 1.004243227869376698e+00
1.018866763233302608e+00 1.141801185330502788e+00 7.784300965561088415e-01 8.829479217168827443e-01
1.245296190844454198e+00 7.970016480359264355e-01 6.573347695832414406e-01 1.108089885629911286e+00
1.214987513250005646e+00 1.013347837923189498e+00 7.654148370952992275e-01 6.827654265976854653e-01
1.212441706422715981e+00 1.179464749710220861e+00 9.344268587980731899e-01 8.742377431331269655e-01
1.237756760000682021e+00 9.619183340214656486e-01 5.927316889396335720e-01 8.616001402197650538e-01
1.321530630479016422e+00 1.036104576063766602e+00 7.433459465840821512e-01 8.557648729530408227e-01
1.377017723212486500e+00 1.092425455960296388e+00 8.885345407871744206e-01 1.004961769613632594e+00
1.099785912059267234e+00 1.063393762906906570e+00 9.073597713663169584e-01 7.793899114155877772e-01
1.235496416938542508e+00 9.544735275193795276e-01 8.074087995727901035e-01 1.067989581443828051e+00
1.140510945195071235e+00 1.032509155013749957e+00 9.348033662841143121e-01 1.116878119517318302e+00
1.207971852695345794e+00 1.107765555672669544e+00 9.063760751604461596e-01 1.090572878268919910e+00
1.114426682189830986e+00 1.154777473258312703e+00 9.250169600503448386e-01 8.888882691363155786e-01
1.275615555089857356e+00 1.068433239360862430e+00 7.512992478584175071e-01 1.004280970066992795e+00
1.050755343132309116e+00 1.152883898845025179e+00 1.066861116988077951e+00 8.589250185598271692e-01
1.044184183399902377e+00 9.814485570455910857e-01 1.155108999822814564e+00 1.010557363761341199e+00
1.082976996079820564e+00 1.099892915354300671e+00 8.396863895963061486e-01 1.031724761929716516e+00
9.763725461859946719e-01 1.041542015587130443e+00 1.018961586399076191e+00 8.560066116479683185e-01
1.043048342531554429e+00 1.036787083066498472e+00 8.848893623135077879e-01 9.672425818085967908e-01
1.172969384086132827e+00 1.096323285306174178e+00 8.802686951380840341e-01 8.668894550484598227e-01
1.270165666682376626e+00 1.121070477163616630e+00 8.035869545796242575e-01 8.206130466810522828e-01
1.184068567190850185e+00 1.067149579183074959e+00 1.012156042158694813e+00 9.018254597854223897e-01
1.245693663947286645e+00 9.745413812905145967e-01 7.451634853939550496e-01 1.047253362494842577e+00
1.054354602584718581e+00 1.200944834434702901e+00 9.360685697971452557e-01 9.794098799024845148e-01
1.085566414171263538e+00 9.357769690933048778e-01 9.712504398942383155e-01 8.446223906806010762e-01
1.222028620551161016e+00 1.080071686746579607e+00 8.855405959941685667e-01 1.020453371719910685e+00
1.169990353205288880e+00 1.261150269341582586e+00 8.231688698613018884e-01 9.021208531335210834e-01
1.031345323505299838e+00 1.116375780406489771e+00 8.206653315221750233e-01 9.451299003396984588e-01
9.532280649480340262e-01 1.078368400725863374e+00 7.968198555049790244e-01 8.137144158323863508e-01
1.097294965993289129e+00 1.139371309614493954e+00 9.763010984063171804e-01 8.827380739716826907e-01
1.130012602615888984e+00 1.007380800775505403e+00 6.897368845148851291e-01 1.038731014325512847e+00
1.235657146481115465e+00 9.916301847609069187e-01 9.585520134230205436e-01 8.265442925797277240e-01
1.182715800890577151e+00 1.161985523502638618e+00 9.539901064283426990e-01 9.173160360048366879e-01
1.165363783719848945e+00 9.942279955958864823e-01 9.561473219713546579e-01 9.516505692508000491e-01
1.102857341591686913e+00 1.184245310826720798e+00 9.278234949095314210e-01 1.115358782080874578e+00
1.157749582786347320e+00 9.532126275605985466e-01 8.288758328731707925e-01 1.071879551487642468e+00
1.087320993683338344e+00 1.077376341541435467e+00 7.309833640908490748e-01 7.879761866138046411e-01
1.321800977802653598e+00 9.950073128526905064e-01 8.672697097516968157e-01 9.608197489570067251e-01
1.163775768264233568e+00 1.194078779085094189e+00 9.405818014478132261e-01 9.198499633111481000e-01
1.062751989567387589e+00 1.110027227700064456e+00 8.353713121119575868e-01 9.334851911930933666e-01
1.001121477819902239e+00 9.662548083789767039e-01 8.219395360468816358e-01 1.012392520255479766e+00
1.188052672974428514e+00 1.190417140081958536e+00 7.683022763821382162e-01 8.510496873406586671e-01
1.001196522580814596e+00 1.063719552373114441e+00 7.374870281186375331e-01 9.600936553573460319e-01
1.053056287680045333e+00 1.172054064761551162e+00 8.712592264004006548e-01 1.010039741164853178e+00
1.205294772148230775e+00 1.161725982571461646e+00 8.001485937418394423e-01 9.281797268658121824e-01
1.150257219889392335e+00 9.298142544023991762e-01 1.006053857198483392e+00 9.804804004263951711e-01
1.414498561821073030e+00 9.811928057731451602e-01 8.447271310670972921e-01 1.079242793048689419e+00
1.190790419237802267e+00 1.119880836338723817e+00 9.142108941174009740e-01 8.280708372278459128e-01
1.040237276774407471e+00 1.037784111581637969e+00 7.731345577468220487e-01 9.508985510811932551e-01
9.773666556577090825e-01 1.080506124303648896e+00 9.581055705963938962e-01 9.348917495232097474e-01
1.179955372230747868e+00 1.058049247101219947e+00 9.595022501531269565e-01 9.898562291177568362e-01
1.045591740735170250e+00 1.172195157818558098e+00 1.005561196028482929e+00 1.053562912206419844e+00
1.185642542157881563e+00 1.031949085175224656e+00 7.816834899237402601e-01 9.400934454410975194e-01
1.177230695182719833e+00 1.112350594442999441e+00 9.755694670402961233e-01 9.156810299409496867e-01
1.187881609672150285e+00 1.109435665505965174e+00 7.809431028642698225e-01 8.873838603459280883e-01
1.101299451237037097e+00 1.036058305149474057e+00 7.240065562778392749e-01 9.012918865344839991e-01
1.027228658369512937e+00 1.188801838156377855e+00 9.577055903521431990e-01 8.876610462855742956e-01
1.154169659216570665e+00 9.543388056936756847e-01 7.713414556600821648e-01 9.096312621472424365e-01
1.257765306558940699e+00 1.021167221302844874e+00 8.416635996115704454e-01 9.147711741032921173e-01
1.114928471505323593e+00 8.861867533009801789e-01 7.546369145474803863e-01 8.777137303729898310e-01
1.120442066440656248e+00 1.056962278448301040e+00 7.706315674615575873e-01 9.561603692857497672e-01
1.118962826818471257e+00 1.129217911832032684e+00 9.484746135716395354e-01 9.757854680431996552e-01
1.302129148456847130e+00 1.049941197604215670e+00 9.741551876002008115e-01 7.640604538402751000e-01
1.148152226274289589e+00 9.718443292542394696e-01 8.495063288063821050e-01 1.003933568253603248e+00
1.204162247071865366e+00 1.047130657031870360e+00 8.591341531272006504e-01 9.980531279366466890e-01
1.156136135490722250e+00 1.011370140330223988e+00 8.342329038543409014e-01 8.036089811701285779e-01
1.374417153000648151e+00 1.100123805632543084e+00 7.567100858225490612e-01 9.236595940076515188e-01
9.095378402875443635e-01 1.023280867394231519e+00 8.837410248674268942e-01 8.817424125961295100e-01
1.119592503662576011e+00 1.031347538907621875e+00 8.815789074924923474e-01 9.793419302265871096e-01
1.175995784892091001e+00 1.094331187744404854e+00 6.650367582409442146e-01 1.008511454007050556e+00
1.229928629170065735e+00 1.020171424196991694e+00 8.975489459977866735e-01 8.663867950768290305e-01
1.084678919289183252e+00 9.900716123853395834e-01 8.398100896346786248e-01 8.170158965809503071e-01
1.126461154024910760e+00 1.113626411074101874e+00 7.372108931896196315e-01 9.204799694262619791e-01
1.207198176265923628e+00 1.034211011550837611e+00 6.230773909126825494e-01 9.248816274634097390e-01
1.212902375681139677e+00 1.095755987458446823e+00 8.438565808214378849e-01 9.185267194527284573e-01
1.085599985568644454e+00 1.069906003946959672e+00 1.063883611580620725e+00 8.886975533728214138e-01
1.042935802602254602e+00 1.165738761671327950e+00 7.166850543418757935e-01 9.119062353179470115e-01
1.117316740166525380e+00 1.130518048620419602e+00 9.557920686108631880e-01 9.641197510309655883e-01
9.589313303355987417e-01 1.069286302672171507e+00 7.510974840490773907e-01 1.073776393316322464e+00
1.014344033646139565e+00 1.101158985788698308e+00 8.882792336592687521e-01 8.900226385027740772e-01
1.043805798328390155e+00 1.155137279622633351e+00 7.933259252510318493e-01 9.631793373834831584e-01
1.145382432365994019e+00 9.629268544497833204e-01 9.101072653709807447e-01 1.060565900900922731e+00
1.120383096322599359e+00 1.160563108861383697e+00 8.997930140881584826e-01 8.847881585840080554e-01
1.189981914964625798e+00 1.072067402487893784e+00 9.112363757707055978e-01 8.011149242733870413e-01
1.200501976476035182e+00 1.122631929616905389e+00 7.522167272373539992e-01 9.249803510676515295e-01
1.165252780350641393e+00 1.007723547544083109e+00 8.583184058087378610e-01 1.017682530920425599e+00
1.003574526709511749e+00 1.154520309408279211e+00 8.433651168477164228e-01 8.606401819937403719e-01
1.215583798072559008e+00 1.118695473162292675e+00 8.875626403075618231e-01 1.135544959759873906e+00
1.093612381150012025e+00 1.064685480250409766e+00 8.486099579322960995e-01 9.263091190580018397e-01
1.068404533703839920e+00 1.145570104444648241e+00 8.401933247030711760e-01 9.129719276357767255e-01
1.052746982133223153e+00 1.145786403861168923e+00 7.626356569055207091e-01 8.974117448096772254e-01
1.146670130474369165e+00 1.078736665589082211e+00 6.943651805003475674e-01 8.987167419158202941e-01
9.935535596550751913e-01 1.116125369051897298e+00 8.162626347195359733e-01 7.383307457953363073e-01
1.051506044151920838e+00 1.012424244654065664e+00 9.114873102925312720e-01 1.002982708216668239e+00
9.825289421388678779e-01 1.024376048605297296e+00 8.612728723121353402e-01 8.875849757340749102e-01
1.096408284607871986e+00 1.029314683490306637e+00 8.503585694767162861e-01 8.041324019749153118e-01
1.208830687831435435e+00 1.047292279049745645e+00 9.559491404275688442e-01 8.390637801509639448e-01
1.028261393028292892e+00 9.243344029895723679e-01 6.834242540309546365e-01 1.016457534693802067e+00
1.277273599825419215e+00 1.239127919776317865e+00 8.457047403508416439e-01 8.730749335218014329e-01
1.139777649367312629e+00 1.078886095026246217e+00 7.692380793003416040e-01 9.222678902878433949e-01
1.176865780136066242e+00 1.069211722509169737e+00 8.000092569538953535e-01 9.897530091440582822e-01
1.147615598227714750e+00 1.179360890090221048e+00 9.574626413978393202e-01 9.722030444335463262e-01
9.970018865966506771e-01 1.016417328243103491e+00 8.988645214945777395e-01 7.896681551614346262e-01
1.178822560718273404e+00 9.827624325222120705e-01 7.624667565078371290e-01 1.053353300159038275e+00
1.154963625010081207e+00 1.070944959474503078e+00 9.244942311854279504e-01 9.594718436435514253e-01
1.016237176757252447e+00 1.185113541448274077e+00 9.708944339001441826e-01 9.471350553796105132e-01
1.164769163982589228e+00 1.129247243692651503e+00 7.811442679481551687e-01 8.959208443911917952e-01
1.229352286297237251e+00 9.297979673226188790e-01 8.104765856043575356e-01 9.319467596816444210e-01
1.246133208091881883e+00 1.000703306822757765e+00 9.069236390246193658e-01 8.850211436443925495e-01
1.210249937821003874e+00 1.131064506513078438e+00 8.194821597207567754e-01 8.887471654994505421e-01
1.123019329843246705e+00 1.215381525392147388e+00 8.487434050429292220e-01 8.446044019027116878e-01
1.034788103190461994e+00 1.056864220086413120e+00 8.709769435164838036e-01 1.005732309386331957e+00
1.217036610907986205e+00 1.076039930684252965e+00 8.584053046247224206e-01 1.074559569687685734e+00
1.086295327670659949e+00 1.055195233354971451e+00 7.979610194522622768e-01 8.651585518184893298e-01
1.082811251593242208e+00 1.171805224149091496e+00 6.748322048596031575e-01 8.631309741436935523e-01
1.087369518111088063e+00 9.957625309862537799e-01 1.012615958694751850e+00 9.391914653864453788e-01
1.176568740800494783e+00 1.044351354017442723e+00 7.687399280989625217e-01 9.612040842938486263e-01
1.263497126093825029e+00 9.979782853137256771e-01 7.520809836579348540e-01 1.000536108764361609e+00
9.390677413512243943e-01 1.043202989022573357e+00 8.623681667343080504e-01 9.099750341179172475e-01
1.167623415940736153e+00 1.003982989611028831e+00 7.493535787911751456e-01 1.022073813987587121e+00
1.124918834288245240e+00 1.174048213298409138e+00 9.735452839516729462e-01 9.468164671582962599e-01
1.150695085050811084e+00 1.198476081698937046e+00 9.338597901707571536e-01 8.115425517261852795e-01
1.173249819223854518e+00 9.643990000469752077e-01 8.915103898374003855e-01 8.697082710252080906e-01
1.194963571161490101e+00 9.489740276932890906e-01 9.654109229509783008e-01 9.588761793371666231e-01
1.143045369921213084e+00 1.124126795835468595e+00 7.323778176733667378e-01 1.057830044536983927e+00
1.041242752712289832e+00 1.198145838791648599e+00 9.446567391101864386e-01 9.179109932965504592e-01
1.079296977383056744e+00 1.113161153297033801e+00 8.668501027808016568e-01 8.353854551154299424e-01
1.295046770632680033e+00 1.005564383390001426e+00 9.399861317146968043e-01 7.943497010121599589e-01
1.140713612220823459e+00 9.625164827513337240e-01 7.622682867914749583e-01 9.769861458114164066e-01
1.187399739126439480e+00 1.001370111787215134e+00 9.145145240574255041e-01 8.322054601756030401e-01
1.164289870617572831e+00 1.080199088141455821e+00 8.130254475438044581e-01 9.198305181329307079e-01
1.045297350978759310e+00 1.072456957472643913e+00 6.994380785772325027e-01 1.079329906133127404e+00
1.182850346172221290e+00 9.961460511396411643e-01 8.872328776571110076e-01 9.230934905561892778e-01
1.216414256846216180e+00 9.452012139209330366e-01 6.931913844997710239e-01 9.784275487942911687e-01
1.316751359790705234e+00 1.020856979934593900e+00 7.795860400734763163e-01 8.695574124020829521e-01
1.079864266695382824e+00 1.131870362613728975e+00 7.756061372654157182e-01 8.534333850361827123e-01
1.327857196664586903e+00 1.094331287707813960e+00 8.785595367648378895e-01 7.697935544884788595e-01
1.043349094066247540e+00 1.041499784025849085e+00 7.432059415907913413e-01 9.334826692391485770e-01
1.180065640499719182e+00 9.690676255882951784e-01 8.095528011059552886e-01 8.502036085770225959e-01
1.094821572554572908e+00 1.196927933495226082e+00 6.726446077574871341e-01 9.429839766434784387e-01
1.146195566115469688e+00 1.115926859309327002e+00 8.387660816756276061e-01 1.020855247917187292e+00
1.155409287573222477e+00 1.034179753568581495e+00 7.712451386369272299e-01 9.412942371888420867e-01
1.073104696668605307e+00 1.059039605233106141e+00 6.372171817059237853e-01 1.095935865656838093e+00
1.204912673502847698e+00 1.029285866506414848e+00 8.056185760844579713e-01 1.006153849861044502e+00
1.028901868571840517e+00 1.094078549340755213e+00 7.925632021822982543e-01 8.701320290552383430e-01
1.158515202297247138e+00 9.940518610656920995e-01 8.453020155123437407e-01 9.066310961144243841e-01
1.135041566397647195e+00 9.886254842269863730e-01 7.693335123098503647e-01 8.788571953958460581e-01
1.027448312107201112e+00 9.768144294378471315e-01 1.022943217355385404e+00 1.060531382385078825e+00
1.142227300890717778e+00 1.042536386195282105e+00 8.052039832028059507e-01 9.101716134348400988e-01
1.174371493590300020e+00 9.985344721641744581e-01 1.011655630485814195e+00 1.012192269698751090e+00
1.030341586783853236e+00 1.287349808765952064e+00 7.280960219285699253e-01 9.557579562156112152e-01
1.168429554048109331e+00 1.031854137893904788e+00 8.171600614328836665e-01 8.709107723600368889e-01
1.249612807851782970e+00 8.798528191658857578e-01 9.965087983709074448e-01 1.040256048751133866e+00
1.097262226691282594e+00 1.187198875561846112e+00 7.769057661505786028e-01 8.968174062112905798e-01
1.117154197599439236e+00 1.064806296853165302e+00 8.677266990066635488e-01 9.150885975562775831e-01
1.268898297107073914e+00 9.956665631782792847e-01 7.137093048223873692e-01 1.003485245145353311e+00
9.169338008615015578e-01 1.231586246875852497e+00 1.101535586105482967e+00 9.472149711658014448e-01
1.115953724883940401e+00 1.188448973496281091e+00 8.568840147897500703e-01 7.932693374202458569e-01
1.260624547718686594e+00 1.178578567395986987e+00 8.146310353733863252e-01 8.709545331394165091e-01
1.047471656176649502e+00 9.675731078359942616e-01 8.208182246835176166e-01 1.009580259377898637e+00
1.289501897773259520e+00 1.125238900573960699e+00 8.568571497311237017e-01 1.013173880521332171e+00
1.218169773811869971e+00 1.087070227380235732e+00 8.964473978521895203e-01 8.276071495082872875e-01
1.236088406123043493e+00 1.068403875708308970e+00 8.392274536988497680e-01 8.459350999988153319e-01
1.194528430084653259e+00 9.714100791458161188e-01 7.805109697853176431e-01 9.749722728761464063e-01
1.285081631917509792e+00 9.631533621567339720e-01 8.349771493040833992e-01 9.390667130224041870e-01
1.138001695305963734e+00 1.213661651135610420e+00 9.001326309240531565e-01 9.836804009588296926e-01
1.121635479334068153e+00 9.695908288596167823e-01 8.821336477663485054e-01 8.317337603654667566e-01
1.237740044709490617e+00 1.042248261752774408e+00 9.848772742081048914e-01 1.116417607629582864e+00
1.171217588212252858e+00 1.082814937783534770e+00 8.110094386486831342e-01 8.739319055155639893e-01
1.110663003230421442e+00 1.163301376530199827e+00 8.420058392820319870e-01 8.743356226831483502e-01
1.379914893435054468e+00 1.034731426272399890e+00 9.052227278669445765e-01 7.920188944266529640e-01
1.275920341030250427e+00 1.066758032050339589e+00 8.371848331091552575e-01 8.736338153168842213e-01
1.196715875368481896e+00 1.047614283195945406e+00 7.426258838824197905e-01 9.697794100067241851e-01
1.292993054884072013e+00 1.084031739173684672e+00 7.815325008463395173e-01 9.416875200857475203e-01
1.005136284223613119e+00 1.086790166201584418e+00 1.071338302939591536e+00 8.250112585723039516e-01
1.004515900550594587e+00 1.033256150624584091e+00 8.562481498834699778e-01 9.160065769461498419e-01
1.202910980612123204e+00 1.061474906712078559e+00 8.847717293136607708e-01 1.011560468119248490e+00
1.017864501709073055e+00 1.047688709408906904e+00 8.149551578457128187e-01 1.107756366867738596e+00
1.170229901810821094e+00 1.151072015616004807e+00 7.501187711255511426e-01 1.094104742487852500e+00
1.075401794047364135e+00 1.173972207682967506e+00 8.222225222773251740e-01 9.848721661471347977e-01
1.071701254241890888e+00 1.221386258028071881e+00 9.801371920785906244e-01 9.581719230768592777e-01
1.150653854736587878e+00 1.006967340045954673e+00 8.444005007037975741e-01 1.112745219163129295e+00
1.168761489749158944e+00 1.046041994056222224e+00 1.011234270183625217e+00 9.156006384961155042e-01
1.055507481839156991e+00 1.088803141824664866e+00 7.886798522762185071e-01 9.738926442793458538e-01
1.227488137492953602e+00 1.167624057950990224e+00 7.902789466704730481e-01 1.061917598058130130e+00
1.045021409444452543e+00 1.129228634278404586e+00 9.796823219073983458e-01 9.539811324603743037e-01
1.197608314906416060e+00 1.105255276796289543e+00 8.924827055544067855e-01 9.954245117099014273e-01
1.159661103053877929e+00 1.163804894429416370e+00 8.540248386162239136e-01 9.475315075938891551e-01
1.342740833469239670e+00 1.047638191941563823e+00 9.133296627175794269e-01 9.014566354096635870e-01
1.205294483005769024e+00 1.051289520363900332e+00 1.062962824599497313e+00 7.528834971626131578e-01
1.097848504855404750e+00 1.109377442404237302e+00 8.183769337538682187e-01 8.682518646669060702e-01
1.092211370601194442e+00 1.103805319725221334e+00 7.123364021337075247e-01 8.227305819440293710e-01
1.095787793053995651e+00 1.131475247242916593e+00 9.713660673594455286e-01 8.863531319628318306e-01
8.825095897799624112e-01 1.205989353841226297e+00 9.727968774889980130e-01 9.346253603114629271e-01
1.039050666249800914e+00 1.116175198577573635e+00 7.479161367633302415e-01 8.861872087091142713e-01
1.143421104370477392e+00 1.063393468664138419e+00 8.095366555903803496e-01 8.913107979228150901e-01
1.163726645522161318e+00 1.030004316554702593e+00 7.783076381916039788e-01 9.446527699195920169e-01
1.206697084139626508e+00 1.209264219669244023e+00 8.646734866486089910e-01 8.438603104968743773e-01
1.183024219916240627e+00 1.006602897107428340e+00 8.932297370225918964e-01 9.307953002626476735e-01
1.022759327306835830e+00 1.134856684053076048e+00 6.400460039316329119e-01 8.967930348328072565e-01
1.255004564717834281e+00 1.082840911233829084e+00 9.608840556954570955e-01 8.489805353881627603e-01
1.321860363078706024e+00 1.019615991885809203e+00 7.227835888692630828e-01 9.123956536969854980e-01
1.049014397276565536e+00 1.102612858000602269e+00 8.165010676292995262e-01 8.557442858744342962e-01
1.036064064811045737e+00 9.502666983175858118e-01 9.101673802847670691e-01 1.101523503371393486e+00
1.101813967255560467e+00 1.063621522648522610e+00 8.775082358555896800e-01 9.806156627493296529e-01
1.073803389179654788e+00 1.095039666385374089e+00 7.462048514490058349e-01 1.120642257889977289e+00
1.215873027210894186e+00 1.037386289837517461e+00 7.734637240556363480e-01 8.980984694713879390e-01
1.072177532166202374e+00 1.070567726639291894e+00 8.517627915644512271e-01 9.456492751888393444e-01
1.130850874700003894e+00 1.107664787693939168e+00 9.821478937504565243e-01 9.784582187347927729e-01
1.117867220728185451e+00 1.104053918177593019e+00 7.222038779068949976e-01 7.045489572680007084e-01
1.232232843189929872e+00 1.022129100741491214e+00 9.251992480684413378e-01 9.610499500316304067e-01
1.040903129467916743e+00 1.015042854619706558e+00 7.178225964244838719e-01 1.089664747846063264e+00
1.413966902620063193e+00 9.863037906935027133e-01 5.975844800084584296e-01 9.041014249233987332e-01
1.186588859241867189e+00 1.087851755521099362e+00 8.686201803623970763e-01 9.759831372621945444e-01
1.119303118283140330e+00 9.686813012847460547e-01 7.996577518661276418e-01 1.069180908630923632e+00
1.215165610445678279e+00 1.163339695286750297e+00 9.043213291246252616e-01 8.418271197648067306e-01
1.079045489558405180e+00 1.067492722099367075e+00 8.512229585755697325e-01 8.454002177474578827e-01
9.896389344087452855e-01 1.084818257006695319e+00 8.957191276308048566e-01 1.016601925452777611e+00
1.234124217244235933e+00 1.203717033942312442e+00 7.200458655780638262e-01 9.172823985281782777e-01
1.286536435867906780e+00 1.185180865803883599e+00 9.181438592760418071e-01 9.270700568958494259e-01
9.954475900031758417e-01 1.008276417458564334e+00 9.493702711171161379e-01 8.237282783848859369e-01
1.046089549411701736e+00 1.067497929311435501e+00 8.800802110824863522e-01 9.795795522664357824e-01
1.131766115144186013e+00 1.000975313837999092e+00 7.705189115038472147e-01 9.552473451833729534e-01
1.160485518479994482e+00 1.101756476654596417e+00 8.750275446522989276e-01 9.605191713560619071e-01
1.166536907010019330e+00 1.101761781012818409e+00 6.933566244391976552e-01 8.430903987632579755e-01
1.238773843696092891e+00 9.331037105067273574e-01 8.169445685407907831e-01 9.494735720432516679e-01
1.011083941341998527e+00 1.198725301440945801e+00 8.114316254446815035e-01 8.684207179059062476e-01
1.086182168093813516e+00 1.091566665955680193e+00 8.289608723375571087e-01 9.854044439178716308e-01
1.158133774778350222e+00 9.040300376914834901e-01 7.539982278310328745e-01 1.007463696729659963e+00
1.166133474537442760e+00 1.031106378480529662e+00 1.029097549089529773e+00 9.856966062233717407e-01
1.068309020320262981e+00 9.262328059614264308e-01 7.712349563042658618e-01 9.638440867166003789e-01
1.211800951530707326e+00 9.800797162327338219e-01 8.105158415825196583e-01 1.008939567673275306e+00
1.086171112306853370e+00 1.063202755427486323e+00 9.122731226600300225e-01 9.190895577688962259e-01
1.101440614167238596e+00 1.158139065730329875e+00 8.802913586432974391e-01 7.228608310697928196e-01
1.036499974886768705e+00 1.117455943621191938e+00 8.671997196185073919e-01 9.363638928752576751e-01
1.261397808175711344e+00 9.455289109712221585e-01 7.234554522426978052e-01 1.107679075365534338e+00
1.075010364018200049e+00 1.057561228270472498e+00 1.088968698296110649e+00 9.581760775099995575e-01
1.092145087120702573e+00 1.242053910098358749e+00 9.787255931196131575e-01 8.147596606430738131e-01
1.127089669833807761e+00 1.191608236463739257e+00 7.679458850861808905e-01 8.915728271660680049e-01
9.439347637387800471e-01 1.204484596209088654e+00 8.782729810623076672e-01 1.048867269626672982e+00
1.150847559631926087e+00 1.010367941949645854e+00 9.201823285978667499e-01 1.030805877281057104e+00
1.118113318825881830e+00 1.000876684798158500e+00 7.015800295245121498e-01 9.107213612011682002e-01
1.249111532947935643e+00 9.879994297908576417e-01 7.765287025445882785e-01 1.095952886265663118e+00
1.317307339029228475e+00 1.242182741723395267e+00 9.307978393656166638e-01 9.557017446778234282e-01
9.773207887113485315e-01 1.104076777101459683e+00 9.560669932798718795e-01 9.531757547705265177e-01
1.311386323930376019e+00 1.032486674122066184e+00 7.847326355518409180e-01 8.503480943525052460e-01
1.137057621846105482e+00 1.043651330906477659e+00 8.938291841717288522e-01 9.775987487973268886e-01
1.277864709558606870e+00 1.041010052599334434e+00 8.901709772036119350e-01 1.032258384171438559e+00
1.047360767392763181e+00 1.074486642320280794e+00 8.182444252820039177e-01 6.609601870546657487e-01
1.035506423724064540e+00 1.070304445599007614e+00 9.127785576229165976e-01 7.862019327909558486e-01
1.295402695991447750e+00 9.494328507545535256e-01 8.391240454606015975e-01 9.074300992235049268e-01
9.642295161732159503e-01 1.124941102853498576e+00 8.037381056282407732e-01 9.814284811147703236e-01
1.145472148163652726e+00 1.022722989262602633e+00 7.973456081431240516e-01 7.554890411065847688e-01
1.138687586506467619e+00 1.164818708376596623e+00 8.091987640429083584e-01 9.213488541991033953e-01
1.107243289081905058e+00 1.130754316415261584e+00 9.482324136389649327e-01 9.855892530533014728e-01
1.252470394299471268e+00 9.442961281271498031e-01 7.614060654738843414e-01 1.028867728759867095e+00
1.136065469575599174e+00 1.003782409285365995e+00 8.432021031149479207e-01 9.472567243064123899e-01
1.101922032543302343e+00 1.067516625321584867e+00 9.469027345310214727e-01 9.488193774262285718e-01
1.025976413391874509e+00 1.013870672712749998e+00 1.024069697837037607e+00 8.456546105282358727e-01
1.126991159042784574e+00 1.044145061215429271e+00 7.618009993752710152e-01 8.586994759977276681e-01
1.037102314350291099e+00 1.106641871623092577e+00 6.481884404585682713e-01 8.864761092529841457e-01
1.340419854636827557e+00 9.900575180320435598e-01 7.624810643902840690e-01 9.621133618919451846e-01
1.287540191347180896e+00 1.075339497784826959e+00 8.897939518990428676e-01 8.216809008304799544e-01
1.085903255499457876e+00 1.089744913435114038e+00 7.512065861530680122e-01 1.013456913441812102e+00
1.186715246418899916e+00 1.108904437864724590e+00 8.155545099351576566e-01 9.128884722294225984e-01
1.018924829253056163e+00 1.113417273642195227e+00 7.797478744269221718e-01 1.061610378331955484e+00
1.106207941587108889e+00 1.082738534035456945e+00 7.991728238199240497e-01 1.049798735244221293e+00
1.299470883327769721e+00 9.169323547576608835e-01 9.303512894962805424e-01 9.403042033127725352e-01
1.137203901321547361e+00 9.988764230362700003e-01 6.109437961481340995e-01 1.053977511088861174e+00
1.213252951485046305e+00 1.133254590357901437e+00 9.187990980356978143e-01 9.074365163651237909e-01
1.203866830814742883e+00 1.054688538183848001e+00 7.636235187800846091e-01 9.514888525122356944e-01
1.149177137614384669e+00 9.544696626300039899e-01 7.752273892080518980e-01 1.116560506405376518e+00
1.285349840946925504e+00 1.114096718145405118e+00 8.629195657398447405e-01 1.065222277942864171e+00
1.156754597634305881e+00 1.062972503554604931e+00 9.046598541287237394e-01 1.060445698779924673e+00
1.075340009682700160e+00 1.021426468994093284e+00 6.680015120835975928e-01 9.171854678156328156e-01
1.117024026279279880e+00 9.827995840607782752e-01 7.469474008916076047e-01 1.023869469036039259e+00
1.163893594823461664e+00 1.159066428770878510e+00 9.409559646311129733e-01 9.569628052596966805e-01
1.140889820768296037e+00 1.112346079010634758e+00 8.618078462598103284e-01 1.164055100807743548e+00
1.100887301048421696e+00 1.054590113745588420e+00 8.738041672212280009e-01 9.770951216718596344e-01
1.177326520164778456e+00 1.091599622758682386e+00 8.468130162138068906e-01 9.005778128297455831e-01
1.105917914174032068e+00 9.914354178699662512e-01 8.667664516454122170e-01 8.288815276476442229e-01
1.128291666455632392e+00 1.124188420072232075e+00 7.718999589649273574e-01 9.729175933989464564e-01
1.302808367466733008e+00 1.049035507785323285e+00 9.669466681196335900e-01 1.030422305878804012e+00
1.328992995068980498e+00 9.645955356008842907e-01 8.543938902398928725e-01 9.789576339504393321e-01
1.142780143081139732e+00 1.093017347207961398e+00 9.134404642454373446e-01 8.967269069570587003e-01
1.025807696699986948e+00 1.064702244569161627e+00 8.264444800141572678e-01 1.035233399134116938e+00
1.116339872384533027e+00 1.061581577416384370e+00 8.149470584394766792e-01 7.841924563010130855e-01
1.093566638786991119e+00 1.033049317491077757e+00 9.168782441572792541e-01 8.479981034803476536e-01
1.011240187134425650e+00 1.062602977784922409e+00 7.386552148626740477e-01 8.185499160482502257e-01
1.195965264207301315e+00 1.171674941243755041e+00 7.973191077848504893e-01 1.010117753884925085e+00
1.415827896158426524e+00 1.092834953749778570e+00 8.696369083664933219e-01 1.030995122253220542e+00
9.703456503674224853e-01 1.045522063084775022e+00 9.155143539775617567e-01 9.302466502444748375e-01
1.100754543192250967e+00 1.016774182035849572e+00 7.637409046704043414e-01 9.450575352806397378e-01
1.150829425555177421e+00 9.761660083391062726e-01 8.132102890936609985e-01 8.294967233635569537e-01
1.133650796113956583e+00 1.171421728159772968e+00 9.904708879105521557e-01 9.793591592174027971e-01
1.123190579639511189e+00 1.162289862111242078e+00 8.588931685182901177e-01 7.742775180953509473e-01
1.203628607365044401e+00 9.060140877098681322e-01 6.829975291616429134e-01 1.005958047901785335e+00
1.038143956741403695e+00 1.259622042227326322e+00 9.317147415530300236e-01 7.780708125677838760e-01
1.108519629598876177e+00 1.007827880834889722e+00 9.501404142496225891e-01 1.138517507448922883e+00
1.085381392360435404e+00 9.567835562718340903e-01 7.992733242605241095e-01 9.203547264500782088e-01
1.254673787502075921e+00 9.434236828249698004e-01 7.644635840386356795e-01 7.867300435044113360e-01
1.183998093024252851e+00 1.224661598214571212e+00 9.627560384288109674e-01 1.059698371620318547e+00
1.225799281378714189e+00 1.038887538594309046e+00 8.424562693260767565e-01 8.361258974056503535e-01
1.204398289220860674e+00 1.114039704252256291e+00 6.595832420382247152e-01 1.037781906212632554e+00
1.212004930570226957e+00 1.026735058928169408e+00 9.005842005524020699e-01 7.924834566189670193e-01
1.216891251700090937e+00 1.089822746923311492e+00 6.754226150722503208e-01 1.042975808605398402e+00
1.066376691042862923e+00 1.116911494499683632e+00 7.970893840103628891e-01 8.862083952913688556e-01
1.128269025838763095e+00 1.122664499111023284e+00 8.646706529142104136e-01 9.147983853715723201e-01
1.151262328530417323e+00 1.071070839679290065e+00 8.765742826906092189e-01 8.685811203976951944e-01
1.070225332985482281e+00 1.029797046679475692e+00 7.111272147033123048e-01 1.002131680849088102e+00
1.338657731543446250e+00 1.055034912846939843e+00 8.617163804470231447e-01 9.495526493001661406e-01
1.191521045655013600e+00 1.018618031686256975e+00 6.120952512552086944e-01 8.736355582717423296e-01
1.224002581232776388e+00 1.075772278190074260e+00 8.350596044049201083e-01 8.065539831445611707e-01
1.153074631351368895e+00 1.133001826018596780e+00 6.823083868324359980e-01 9.385076815278342588e-01
1.085750644485027339e+00 1.186286580436169746e+00 8.379963472116545020e-01 1.106442295112079588e+00
1.148922853581883619e+00 1.008769769136052874e+00 9.183742273306663151e-01 9.453976528419486547e-01
1.045127578261290546e+00 1.052456879404348289e+00 7.470684522202907241e-01 1.009660498705243104e+00
9.845192795274047004e-01 1.158754960726421368e+00 7.334063540361431821e-01 1.030119860611389493e+00
1.080653493028296275e+00 1.179521285904447048e+00 7.886046340249381892e-01 1.103771513744024935e+00
1.118468025541911270e+00 1.089086258488328740e+00 7.610534270785984656e-01 9.240780488340952781e-01
1.123171616129018169e+00 1.228906954127501949e+00 7.808914547409581131e-01 9.922368679290584081e-01
1.269631592689111299e+00 1.161354492107469660e+00 9.149160955825730301e-01 9.721053254913367692e-01
1.071440014556388487e+00 1.040492976404842951e+00 1.003957120737837272e+00 9.326983489281749362e-01
1.192523703511665811e+00 1.110141676860677329e+00 7.760409714518559099e-01 9.858098372217791727e-01
1.010396025276523613e+00 1.078970107938205469e+00 9.022930937616006064e-01 8.898350431492429990e-01
1.169056154091929534e+00 1.061259982346637765e+00 7.575422796393875835e-01 1.051604424406164640e+00
1.027521444276944029e+00 1.025679873448180679e+00 8.657106768571423139e-01 1.112922939548523393e+00
1.106758151977885962e+00 9.485698117239663718e-01 8.569020126068621623e-01 9.185831501282016864e-01
1.212428846393025283e+00 1.049390225965388446e+00 9.484957140372456408e-01 9.578434416518794015e-01
1.149625772443573446e+00 1.176028479311618691e+00 9.652353213479115679e-01 9.512764388177592512e-01
1.129049167789212937e+00 1.035683535814797107e+00 9.481927187049513650e-01 8.721173791763293659e-01
1.139649682288656818e+00 1.141061051059575560e+00 7.240352622544781180e-01 9.388400891251366120e-01
1.134105712445841796e+00 1.103661920315084144e+00 7.567225737140566011e-01 8.918996815868643901e-01
1.064040117623134662e+00 1.143474167645290862e+00 8.866781715292511024e-01 9.003009765354926808e-01
1.317285954899477307e+00 9.283240531745472479e-01 8.238743263224262980e-01 1.088148557277749839e+00
1.209964494713960281e+00 1.182898529329017512e+00 1.029693791562356076e+00 9.474591630614418447e-01
1.217274414271427352e+00 1.134966739971738470e+00 9.170564703839737541e-01 9.044616464701590308e-01
1.188271709870459381e+00 1.080840646040361452e+00 8.446781709757693601e-01 1.008015307743072908e+00
1.109254166341481440e+00 1.114776865716155196e+00 7.892702955146440047e-01 9.211524251448167666e-01
1.163830737131320125e+00 1.170455952629354757e+00 7.169030041739282710e-01 8.711822856260748038e-01
1.099599531636981986e+00 1.140919264307417080e+00 7.478654873150956117e-01 1.053131722475707299e+00
1.189498171579254748e+00 1.185856327282246214e+00 8.848289810157619062e-01 1.027797101972288907e+00
1.316999437209048773e+00 1.140534896786247643e+00 7.786603475577688060e-01 7.508183400970104282e-01
1.151983985874877936e+00 1.022576543677685690e+00 8.059517591236282641e-01 8.883278192579481258e-01
1.119571025659751751e+00 1.015614574758187727e+00 7.694850709150830026e-01 9.902593987256583796e-01
1.124687650738851019e+00 1.084368424348189475e+00 8.944406162531776117e-01 8.989109221106530434e-01
1.290949339340434099e+00 9.047403613259763500e-01 9.336311928571215946e-01 1.139257431632236806e+00
1.108494736406733905e+00 1.028705358154732963e+00 9.113372439850581097e-01 7.178016815603600609e-01
9.894488719321916648e-01 9.670137606937991848e-01 8.754685960134599432e-01 9.943955404199166237e-01
1.002019156769055508e+00 1.048289164530434636e+00 8.231328198524714423e-01 8.662037189106821522e-01
1.299755247819870618e+00 1.034955528412205839e+00 1.055544462433513297e+00 1.055382761017839455e+00
1.170118845929459583e+00 1.020957540730445201e+00 8.251525892492289627e-01 8.576359515147301549e-01
9.816701047056290985e-01 9.910172429889476664e-01 8.302296458674677249e-01 1.018638228008628577e+00
1.108390404699892695e+00 1.012326960597058179e+00 8.104848192832979636e-01 9.403009663142023467e-01
1.047855073522385272e+00 1.122783957099680707e+00 8.549399352254418716e-01 9.191447652477164887e-01
1.159222887275336067e+00 9.851809061857106364e-01 7.067154584976677034e-01 9.443744898502715035e-01
1.151084967458676944e+00 9.991639642844007962e-01 9.277257350722245555e-01 1.007836350816438742e+00
1.119178858675103250e+00 9.772235458931158858e-01 7.685327515872146797e-01 1.025914238456134386e+00
1.130196733494480243e+00 1.264833696498808058e+00 1.041172602487214993e+00 8.928299609995977715e-01
1.261746275911151738e+00 8.480113830858448942e-01 8.341846132260960500e-01 9.662101010850614458e-01
1.115638051388197383e+00 1.045968656201000435e+00 6.483862583407085101e-01 9.051817549978735666e-01
1.425458819869549920e+00 1.066612052765157692e+00 6.850424059645044972e-01 9.309647752641341256e-01
1.295279110868239103e+00 9.397857761047140324e-01 9.222592203086488194e-01 7.502978357040139823e-01
1.140885967185734096e+00 1.026320290336838692e+00 9.734735195752878267e-01 9.010049671173849806e-01
1.168870605980408595e+00 1.176939560261787365e+00 7.715082633234956466e-01 9.454452393105134966e-01
1.197957591857289783e+00 1.103901768896854652e+00 8.460753585620857109e-01 1.069493780225805102e+00
1.196462347677317517e+00 1.045535316690261896e+00 7.180418269463405556e-01 9.434308429231366144e-01
1.338012713827990030e+00 1.118857885511605810e+00 8.885142652851677481e-01 9.028344977500274426e-01
1.095238271729771062e+00 1.028295383312092692e+00 7.201519300045249317e-01 9.469760172236684204e-01
9.184481403975012226e-01 1.160568881447655798e+00 7.443258348459332874e-01 1.077690001058591251e+00
1.284480702083120596e+00 8.957799512116061402e-01 8.504343786801138450e-01 8.531102099856234799e-01
1.082709271773516058e+00 1.109324538930161363e+00 8.774613596886696731e-01 9.304502183605214416e-01
1.324903049204240180e+00 1.136585718487885810e+00 8.298731271913130092e-01 1.008936655002594662e+00
1.132131975768818632e+00 1.109275160418500050e+00 8.524760392511677720e-01 7.517736839762727552e-01
1.138841469918435267e+00 1.131015170143259141e+00 8.015048484184311706e-01 9.724208329993457856e-01
1.076344202349887258e+00 1.000619074252063756e+00 8.598056183229959570e-01 1.010092937886710285e+00
1.163056992780265642e+00 1.065450062429212474e+00 9.929145798927885291e-01 9.950300881268107078e-01
1.153130300996028534e+00 1.176856121170278824e+00 8.685555682119340259e-01 1.073913596343393895e+00
1.197568201177220848e+00 1.056583187714455807e+00 1.013577228070289493e+00 8.968489472774773263e-01
1.134465573779399161e+00 1.093019200346466047e+00 9.318262473261550438e-01 9.244530728624958948e-01
1.024917013759819362e+00 1.138702724007705891e+00 9.651122507972618170e-01 9.123650959340234845e-01
1.326268601291874960e+00 9.861564379245688627e-01 9.236503390547669001e-01 1.017836480624324969e+00
1.259432091855485991e+00 1.187664560258161472e+00 7.622293003099303021e-01 1.032900755011213478e+00
1.275712014573705311e+00 9.921291347213356815e-01 1.041694746417952455e+00 9.305385235640631914e-01
1.105694393295840294e+00 1.019348510119006734e+00 7.641955813252687690e-01 8.735833535377156567e-01
1.109145387216793788e+00 1.161651509574698871e+00 9.471421191806399520e-01 8.974295868268693521e-01
1.283218539959565696e+00 1.115882983951120178e+00 9.012937267953895493e-01 9.924750330930722786e-01
1.155763296435502685e+00 8.932629726289824657e-01 8.271591865256356924e-01 1.219250394919496605e+00
1.116832677395283913e+00 1.219629329603519219e+00 9.574452932907679958e-01 7.902126874438861748e-01
1.193396352072188193e+00 9.670484322215865403e-01 8.937323345518046747e-01 1.001040283074710491e+00
1.086037126161695454e+00 1.093586310129313066e+00 8.693468501287707761e-01 9.317470999367338802e-01
1.149495016401346659e+00 1.146200966739363336e+00 7.996463057170569710e-01 1.037063667321294291e+00
1.273556968954832946e+00 9.965943631011326964e-01 8.610316678979827998e-01 1.012779929422649383e+00
1.260740664982778370e+00 9.535165656437079029e-01 7.222113670817165154e-01 1.067301273901031466e+00
1.225244238009901787e+00 1.038714540790260932e+00 8.029581251282374987e-01 9.158425328225235917e-01
1.082294242106206728e+00 1.118337849812119034e+00 7.081630437648290810e-01 9.770172409247833700e-01
