1.049703937809842280e+00
1.293269365726954945e+00
1.050213211384630085e+00
1.096110847415304512e+00
9.313937099962731336e-01
1.052773154212551576e+00
6.609034672922220466e-01
1.204859063311185530e+00
1.126853638015442582e+00
9.634709635118866577e-01
8.562191275429155146e-01
9.770921272936715640e-01
1.153775166354010340e+00
9.362299209218298834e-01
9.626160471672517982e-01
8.223788398435745162e-01
1.219828930427386826e+00
1.215319691061924168e+00
1.039417431598443242e+00
8.543957964537403083e-01
1.108393470407648795e+00
1.053607595773132566e+00
1.065984923672885776e+00
9.958871303055170099e-01
1.352912165129683597e+00
1.013515539076220495e+00
1.233553809485641528e+00
1.162567835966416885e+00
1.207124492608947941e+00
8.470477042824706704e-01
9.108125053054850762e-01
9.790202425830623056e-01
1.049777831970082342e+00
1.013274495210834347e+00
1.004952042208766549e+00
1.044491900158428521e+00
9.451021288703993495e-01
8.003599876818481285e-01
9.593587847627014220e-01
1.136270677411830077e+00
9.931016815952854460e-01
1.114314319012445820e+00
9.870052462278299243e-01
1.305137377241492036e+00
8.390180473552210083e-01
9.122445586154972474e-01
1.437755070389740597e+00
1.073801663756253744e+00
1.148055533633298486e+00
1.142592491599718540e+00
1.097033468276059631e+00
9.472384000752929190e-01
1.160700155494858610e+00
1.252650439741420429e+00
1.293102596166228135e+00
1.144194306675658357e+00
9.676262786325949827e-01
1.001631525635432007e+00
1.123715900064069517e+00
9.812483803219609335e-01
1.045474653571125234e+00
1.473279510707803164e+00
1.153214879706194074e+00
8.717673651169622895e-01
1.141608366423771725e+00
8.950437792777924395e-01
9.742021005735675976e-01
1.183719093318291726e+00
1.397838380564838001e+00
1.154868399453844674e+00
9.732241235093361809e-01
8.686042915995084712e-01
1.037242311236955539e+00
1.024294944784462036e+00
1.183223412571244637e+00
1.056681047607987090e+00
1.261722709742415516e+00
1.063134925020058796e+00
1.003306836143094349e+00
9.861649607957089225e-01
1.326126591528690835e+00
1.218941000108721306e+00
1.335028602025134514e+00
1.132079653990853529e+00
9.355272388049804544e-01
1.007510711144255611e+00
1.116567418070558260e+00
1.108800146131619258e+00
9.138291224932149071e-01
1.125974934662012705e+00
8.228761913609123901e-01
1.140648820021945786e+00
1.216615423318095024e+00
1.367317064770880775e+00
1.106044648122025853e+00
1.019110797481630026e+00
1.213798244245151148e+00
1.013691143776315418e+00
1.012390744329691117e+00
1.170294235189430987e+00
1.036184773540240300e+00
9.123716147143744459e-01
1.221674360052618535e+00
1.230958375499968227e+00
9.317101529109591551e-01
9.681546158527826185e-01
1.131036441831767991e+00
1.453028456888947995e+00
1.152275068818390036e+00
9.124112414752149069e-01
1.016280697536197986e+00
8.757984180602872426e-01
1.228289570313836343e+00
1.045507898264206315e+00
1.106126365224967323e+00
1.226835718655501006e+00
1.257981179238919500e+00
1.167447957973258621e+00
1.212674426783193038e+00
1.169252759642626538e+00
9.146038129497994218e-01
1.188127545185247991e+00
9.635361199926607556e-01
9.156283420438312559e-01
9.315265580082033869e-01
1.128953126199716772e+00
1.208043489918922297e+00
1.004245327292027978e+00
1.164169303744117867e+00
8.178062248353692443e-01
1.416793448979233760e+00
1.165975648211010851e+00
1.234859147368165155e+00
8.852471554902777706e-01
1.247010636665470962e+00
1.362367356036075838e+00
1.172060779887175608e+00
1.120516448059498238e+00
1.042763251888324527e+00
8.440919924547830577e-01
8.613418552883321810e-01
8.789816439297120088e-01
8.032057027588560549e-01
1.003848745220711214e+00
1.022280508088560413e+00
1.055244543256124157e+00
1.332648818186640050e+00
1.347446218905146598e+00
1.094133905951613306e+00
1.009276067204940563e+00
1.139660736152157572e+00
1.270415941724500453e+00
1.063914246041833600e+00
9.110962943224277799e-01
1.045506982201039214e+00
9.637199109488451265e-01
1.395200946910356565e+00
8.767851978229419529e-01
1.263656069869052878e+00
8.434707166795319955e-01
1.112015537529383202e+00
1.265805919206770769e+00
1.336138534416737134e+00
1.097587623562910730e+00
8.378818374470374808e-01
1.179668810018345226e+00
9.798474071769056604e-01
9.836453505960596200e-01
9.852219671536628365e-01
1.059728702526693933e+00
9.140175462178280474e-01
1.234195254957609622e+00
1.061391876155352021e+00
1.036546496073565748e+00
1.093549299157952071e+00
1.252075210201526900e+00
1.118978783900395735e+00
1.109934869725638373e+00
1.314531307294475981e+00
1.136674057392263792e+00
1.009214631073069857e+00
1.138088375039501665e+00
1.184984831329672472e+00
1.058892339825401541e+00
1.035123175328328982e+00
8.954851548641179493e-01
1.036060804979066940e+00
8.030242938335236946e-01
1.074696659037498891e+00
1.022706950344390187e+00
1.203813117850516701e+00
1.193331775402715733e+00
1.033156469061648597e+00
1.394796785795300753e+00
1.096947093954444563e+00
1.115180486368527735e+00
1.032142077805492608e+00
1.190215621855238437e+00
1.007470464833040369e+00
1.190033123151569283e+00
1.048910757795189053e+00
1.190048880127925868e+00
1.110720322966923579e+00
1.267792545050365982e+00
9.155926482484794127e-01
1.079925253702485266e+00
1.216743924391392673e+00
1.095125432832236179e+00
1.193883347370508829e+00
1.100389979574210031e+00
1.314994429811647603e+00
1.116647756370856337e+00
1.295591560941522280e+00
1.115299157939673380e+00
1.026554265110945607e+00
1.393733068130723840e+00
1.297512133947459345e+00
7.382522140690083168e-01
9.641188391002435409e-01
9.054497285406334361e-01
1.001546815401167301e+00
1.258120007915110916e+00
7.875713441133220805e-01
1.300155369021027241e+00
1.049110448151055808e+00
9.838333202994160587e-01
1.219969281103150616e+00
9.154853675991452278e-01
1.252601597664505295e+00
1.008968594887337256e+00
1.180364084823258386e+00
1.118685266288060864e+00
1.157871857083614175e+00
1.145710388792321677e+00
1.066616322202316391e+00
1.129271916326764380e+00
1.038071120025805261e+00
1.049311355420203373e+00
1.448869710468744021e+00
1.187669412093063759e+00
9.342396335056334378e-01
1.147694156230620433e+00
1.054388193407829633e+00
1.052088521160417400e+00
1.185483481837639408e+00
1.473890793938489541e+00
9.681489425701929052e-01
1.065300868177792459e+00
1.267724479951988448e+00
1.247991375580391304e+00
1.062546264235151305e+00
9.698520314363082706e-01
1.077309732550877808e+00
1.209815807006477506e+00
1.032351358432709532e+00
1.114024402599242292e+00
1.084390792649293722e+00
1.077482647025521878e+00
1.170467282803601572e+00
1.262396472298773054e+00
1.234022645398439977e+00
8.819741106158238697e-01
1.081925499488122000e+00
1.179845992872304183e+00
9.832601152289345281e-01
1.128374220419366525e+00
1.219396461602089587e+00
1.064993220047785849e+00
1.073081821595639918e+00
8.401251017851205649e-01
7.811514860917468939e-01
9.294359794538169517e-01
1.224593476864038966e+00
9.504854587602952209e-01
1.072836230033171745e+00
1.358262233074493341e+00
1.041090281738882961e+00
1.252865923821581573e+00
1.153638069474435257e+00
1.048301094390790889e+00
8.637844386581642331e-01
8.463972782099760117e-01
9.272885049068446683e-01
1.186421471958726048e+00
9.066939621547986938e-01
1.157887462728951711e+00
7.678101585785538363e-01
1.209072873518334257e+00
1.281492969974211249e+00
1.330299348051853014e+00
1.311575431645253920e+00
9.897482770006489350e-01
9.094974226319527677e-01
1.003136512917585765e+00
1.152868311905539400e+00
1.024438346270929667e+00
1.169067929768659031e+00
1.142235669909397844e+00
9.651241951809715891e-01
1.110474825898483342e+00
9.779424572669442872e-01
1.166751984946596155e+00
1.081481973537515184e+00
1.085363960769416769e+00
8.714433262722769413e-01
9.953785982649845376e-01
1.242845143970770616e+00
9.962683097953171085e-01
1.148893667719560252e+00
9.662750139066296207e-01
1.373235734876476322e+00
1.098680514240455208e+00
1.038826544238401040e+00
1.152133240320733387e+00
1.121764148686166029e+00
1.160525884803633723e+00
7.312037086801066454e-01
9.556541797036907093e-01
1.128112085022396238e+00
1.190852402384307451e+00
9.525382802581410235e-01
1.048536122705428619e+00
1.095118597283122774e+00
9.885988974433035370e-01
1.165565248327242065e+00
1.106949536864542116e+00
1.051964030831086250e+00
1.377672721663728117e+00
9.097744050437684971e-01
1.018542612537211012e+00
9.291507217942578389e-01
1.109158763608804721e+00
9.791139001714733725e-01
1.142040470888386450e+00
1.164302081785748566e+00
9.307602363666434009e-01
8.178210854830250121e-01
1.112702820107468016e+00
9.294652976206753126e-01
8.272792116554119612e-01
1.006923280155833433e+00
1.038220434991583563e+00
1.097270272453985562e+00
1.161255996703014048e+00
9.024061720141484111e-01
1.256023203402829358e+00
9.762109880701521636e-01
9.471025929057876880e-01
1.113920307294214540e+00
1.240327775471136595e+00
1.177914717199309624e+00
1.027715505013138797e+00
1.063751116456175705e+00
9.932021235625450029e-01
1.085780071138441549e+00
9.861002005521796177e-01
1.149535245722326016e+00
1.092220917964400906e+00
1.167145628634827403e+00
1.087309390653117491e+00
1.030056219205087498e+00
1.039384098165875070e+00
9.715358814102473817e-01
1.087707060524459202e+00
1.110960878360970794e+00
1.274985283036928152e+00
1.028059088173745028e+00
1.025334631691731557e+00
8.981969223441702566e-01
1.070631822972044622e+00
1.196954227298369977e+00
9.017923217811441017e-01
1.145794491603051135e+00
1.063090655340019675e+00
1.120776056524261710e+00
1.075973664608572467e+00
1.022513380959703788e+00
1.117331106633457027e+00
1.429200135166027064e+00
1.115072185715323183e+00
1.071178091761122664e+00
9.399269615832563929e-01
1.203916252853670432e+00
1.172270019476596037e+00
8.772283168660559571e-01
1.240863510149994742e+00
1.110590278747723536e+00
1.161832990014706191e+00
1.024551568784488387e+00
1.051853361189760694e+00
1.156646529202683071e+00
1.131116105440375330e+00
1.320102632005480059e+00
1.243218342631164708e+00
9.066293964747165202e-01
8.635063482048962458e-01
8.647846049628669096e-01
1.156970290339555341e+00
1.244025290705838449e+00
8.710550310464535428e-01
1.001354169644296688e+00
9.468319050087675715e-01
1.242593932552536806e+00
1.304292837531199956e+00
1.183249014301686497e+00
9.464590396403637085e-01
1.014962224913338540e+00
1.322407325323645244e+00
1.336339851588177918e+00
1.111317218700906828e+00
1.130439399649388665e+00
1.029128412132137127e+00
8.154063297489766438e-01
1.441688594976551885e+00
9.436389959157694962e-01
8.079487199846786538e-01
1.101096573634246845e+00
8.600362399959655679e-01
9.150952710521071953e-01
9.405949713256658296e-01
1.150330633281843262e+00
1.034124758135893440e+00
8.680500696376800551e-01
1.096496440194886013e+00
1.207611598480420545e+00
1.061059754393913535e+00
9.618054406277235513e-01
1.200098011500515760e+00
1.249012609792960360e+00
1.031701215407623051e+00
9.580606093333861040e-01
7.984528767602828703e-01
9.641433945354558332e-01
1.187617668100612756e+00
1.017009387745871019e+00
1.119512558309568862e+00
1.121428585970965397e+00
9.301398307186444780e-01
1.018249317665074649e+00
8.901203935721082594e-01
1.073162989738808193e+00
9.202314081375848609e-01
1.105391655028736375e+00
9.092290274421144236e-01
9.054569970652869282e-01
9.610381762546874596e-01
1.313675333153528912e+00
1.084144434699010118e+00
9.358075564887347042e-01
9.588102345536020366e-01
1.119016686915618619e+00
1.190726230156670118e+00
1.172403616735125054e+00
1.171769973477732929e+00
9.198247987845504792e-01
1.136187153947520567e+00
1.294624453836302314e+00
9.122103301311950130e-01
1.192406171069775533e+00
1.283941806580414013e+00
9.162034009114637945e-01
1.234676309254749249e+00
1.073751246395102443e+00
7.564739924216062894e-01
1.102390355859847793e+00
9.745013782694087467e-01
9.248180848670379817e-01
1.033856444991322121e+00
9.754843364869267841e-01
9.788864560523135028e-01
1.062757039352897115e+00
9.830824685907647575e-01
1.034998913246975238e+00
1.102327854607745072e+00
1.079698871993226339e+00
1.115066384158171831e+00
1.028990005960454646e+00
9.860370542561778251e-01
8.977289243395132345e-01
9.415379807929175060e-01
1.177367684875302301e+00
1.021597758875665729e+00
9.796862763974462096e-01
1.051968772285775344e+00
1.082116277541814497e+00
1.216194540408418012e+00
1.092370867163959147e+00
9.320825225298770000e-01
1.205767219782879929e+00
9.579868217651850149e-01
1.054516023659750612e+00
1.149836689761466690e+00
1.045753814482708766e+00
1.168455532473003711e+00
1.114070889070062798e+00
9.231259384130837686e-01
1.135756566466749939e+00
1.026765447747159277e+00
1.348666290185845718e+00
8.351626848122403191e-01
8.153193827008261563e-01
1.461270424208631624e+00
9.879786811548760816e-01
9.297598234003415785e-01
1.055998016625775637e+00
1.099179974156216488e+00
1.297748533962155060e+00
1.103142864991979888e+00
1.097085209624903079e+00
1.136298291640656988e+00
1.058429922119866085e+00
1.126759993941305105e+00
