6.910271885308378881e-01 9.908543514015748510e-01 1.039071029411424707e+00 8.811991308622105779e-01
7.171979320463973684e-01 9.372430131441230605e-01 1.197180372713704699e+00 8.562066093518676535e-01
6.812418298578183373e-01 1.033999554116185049e+00 1.335968501085098126e+00 7.677931951091232499e-01
7.734126346535398211e-01 1.075279287318893218e+00 1.209590287846605383e+00 1.058793428978549223e+00
7.361684521876130649e-01 1.097568089904664035e+00 1.013158147132568354e+00 8.170433990145247183e-01
8.003669507905852853e-01 1.092621003733217577e+00 1.163028384254054082e+00 8.473963498769379044e-01
8.534673045289314919e-01 1.021569289532568092e+00 1.212839150407280187e+00 8.199779554054944519e-01
8.347834570292942402e-01 9.638263593037387222e-01 1.248246741838844764e+00 9.679978337375363395e-01
8.414040388120849201e-01 1.015586789821610214e+00 1.189863206093819015e+00 8.454330661202958952e-01
7.394891641860598108e-01 9.881283513980766431e-01 1.118620967873058536e+00 9.352042776837299343e-01
7.610083109833886139e-01 1.046309761673505978e+00 1.228588210626463395e+00 6.254871157421818539e-01
7.706029634685039875e-01 9.851239033622931629e-01 1.140297987090702181e+00 9.443710263513680481e-01
4.250188372449730245e-01 9.714081302266492912e-01 1.068439510858692376e+00 8.914738245803530692e-01
8.997664432359375741e-01 9.913365322463743023e-01 1.326970105630848273e+00 9.252974825743228715e-01
5.353960797791791348e-01 9.869788978809619362e-01 1.114841171874875192e+00 7.816811701719589278e-01
7.452371413801317512e-01 1.143850044994102699e+00 1.263443195778320316e+00 7.598373510040354883e-01
7.762503858511579091e-01 8.908126436590059205e-01 1.336601748330000117e+00 7.561748186581743747e-01
7.308393106153318053e-01 1.062800953780194568e+00 1.239971583828406443e+00 8.422818243256974258e-01
7.561236077801041233e-01 1.001899832477203711e+00 1.153657651277883778e+00 7.544278026140879279e-01
7.273348843541772579e-01 1.022343372409209028e+00 1.254997382762598201e+00 8.017483661518389759e-01
7.493014895599455771e-01 8.895102409050241743e-01 1.197799371942446900e+00 1.095896880377554394e+00
8.960061788627499135e-01 8.890362129603920360e-01 1.264760325394171048e+00 8.687964117935008668e-01
6.840074859557319087e-01 1.021343451602017227e+00 1.137141503982216806e+00 1.009002006777386384e+00
8.273803462256845709e-01 1.074829143797148445e+00 1.151728614106954041e+00 8.439301577003788246e-01
7.583442379686435864e-01 8.907868789613972993e-01 1.327276806338794746e+00 9.185055362360846631e-01
7.569862010506658301e-01 1.051439801772982241e+00 1.162277579930999671e+00 9.537982789874097644e-01
7.765400274574116857e-01 1.148931809304061247e+00 1.036759232017494980e+00 8.464053366060321215e-01
8.303559943343347127e-01 1.042616328542782300e+00 1.168308347029205496e+00 8.434678833186201041e-01
8.254742516739546065e-01 1.072261395287006813e+00 1.262972933737601444e+00 8.655845733683666943e-01
5.480287277986399808e-01 1.002718336812223665e+00 1.040371838225508272e+00 8.343361619594138467e-01
7.687903730032576988e-01 1.087608175375158082e+00 1.223556274838482949e+00 8.496467967750562789e-01
7.756420959512866364e-01 9.456048658173781263e-01 1.142463272870003044e+00 9.396571667889852542e-01
8.451571453202298967e-01 1.130974738890345721e+00 1.105007933151103128e+00 8.472343387059777520e-01
9.148947301404392052e-01 1.018740107509265913e+00 1.294040179534557522e+00 7.256456235768602436e-01
7.184726213137128115e-01 1.009106050005444510e+00 1.038085556978193269e+00 6.266768113803444784e-01
7.754752674751345110e-01 9.723332439301540786e-01 1.257602310185061301e+00 1.008038675570011700e+00
7.011484153299517574e-01 1.042621794308684624e+00 1.126580254668155368e+00 1.015665193229404295e+00
5.896291761333312120e-01 9.881912440856641666e-01 1.103509068241017355e+00 1.013023385641816931e+00
6.954573149658008768e-01 1.038826450773028487e+00 1.007005420097911275e+00 1.017773252192258893e+00
8.197984969896935370e-01 1.131229667616729939e+00 1.161660718327417907e+00 7.460904996436611425e-01
7.021476740185936816e-01 9.784235809171881737e-01 1.072973282794446259e+00 8.485854270272158439e-01
6.811213247797969217e-01 1.099275268748433287e+00 1.185929452796894212e+00 9.671745915712454122e-01
8.177587365186681501e-01 1.020804205909745521e+00 1.141287546975509937e+00 9.304980599573196010e-01
8.913512536645137319e-01 1.041639869704087840e+00 1.060481051750925774e+00 9.498480451945403580e-01
7.460415334428488476e-01 1.022436429785717582e+00 1.019514024454448720e+00 8.457448105084249823e-01
7.665826564553013256e-01 1.046032961053085630e+00 1.084414290335592668e+00 8.006918902614325040e-01
4.943729081132214320e-01 9.632048122405572066e-01 1.080833094662897453e+00 9.506726211418201622e-01
8.412481222513717993e-01 1.055631024464058321e+00 1.033658188216789231e+00 7.893066128426624584e-01
5.687509453563016626e-01 1.003573274785570124e+00 1.071255759476184233e+00 6.610075444173842962e-01
7.471422381237794452e-01 8.747998108344042789e-01 1.043970137616774485e+00 8.056656167352478359e-01
7.398409728990171796e-01 9.773486341226335083e-01 1.081702515186196312e+00 9.335159947998070695e-01
8.279977169426129269e-01 1.030771457957814441e+00 1.312259578231617319e+00 9.482226313673657314e-01
6.715966442408544124e-01 1.067576332997774990e+00 1.114319752005596076e+00 7.116312709119619884e-01
6.431525291723609872e-01 1.039492704530933231e+00 1.237910988203576146e+00 9.865265256295213669e-01
8.445391593729455471e-01 9.950696471294353529e-01 1.103685412769105145e+00 8.193037212911190581e-01
6.656883617397715280e-01 9.577692043392505017e-01 1.232527880686496768e+00 8.772309461935444697e-01
7.027732526476093700e-01 9.629628524629665343e-01 1.332090739792560097e+00 7.130301135676372359e-01
8.009844400039892731e-01 9.995870645292410650e-01 1.190873868292471771e+00 8.588508776826195845e-01
7.587636420629371159e-01 1.015450296338487712e+00 1.207387986497291399e+00 9.049401225441744412e-01
7.825820062802540944e-01 9.410359834195353157e-01 1.069014475749778592e+00 8.640654859684520073e-01
6.645967310952576312e-01 8.982611790040226918e-01 1.055351615661449305e+00 9.948787351859605943e-01
7.689082236187768649e-01 1.155807475351713798e+00 1.221270828923778362e+00 7.370937502181605927e-01
8.181843447660933633e-01 1.029730294070671182e+00 1.264201570672818020e+00 8.053777628221659990e-01
7.749698632043418023e-01 9.234092785056512431e-01 1.101504469277037490e+00 1.039984985630025394e+00
8.551531620585902660e-01 1.055081731124370759e+00 1.202983297837925125e+00 7.607992597227987153e-01
6.414738220183037187e-01 1.029963020282574693e+00 1.168518302807927789e+00 9.368019519739044787e-01
7.162192913495416535e-01 9.095427130485446154e-01 1.068143144654556176e+00 9.617075776531739395e-01
8.398098143593529796e-01 9.094723903992014691e-01 1.344946782100084448e+00 8.164915565324369906e-01
7.266749762298673199e-01 1.109229437932557127e+00 1.206517046888348377e+00 8.375838227211627185e-01
6.291452669123006602e-01 9.778639046038770655e-01 1.079577502262768496e+00 9.342054949472071712e-01
7.197182242917171680e-01 9.911605967560170871e-01 1.223123492753472874e+00 8.608989442264642911e-01
7.154659368115647844e-01 1.026586118545990134e+00 1.215464236175592516e+00 6.694489457801868770e-01
9.090965126183609968e-01 8.515983804375663047e-01 9.593447360145821445e-01 9.695536308478687193e-01
7.281503600125935893e-01 1.018248073230389794e+00 1.086459188724296254e+00 7.443200959472293654e-01
6.939112014145203400e-01 1.169945306506658733e+00 1.098452183974808927e+00 9.482378391915118332e-01
7.751437586866821716e-01 9.749432831502012897e-01 1.216858532795390468e+00 7.863136580493030880e-01
8.206085014323223348e-01 1.174880917773108990e+00 1.201316882808188824e+00 8.547597614320182613e-01
9.245328617817085703e-01 1.019118041215536730e+00 1.006133166168198700e+00 9.408589532630214913e-01
8.134783750737549779e-01 1.088147864823354460e+00 1.070538210257799383e+00 8.469318766204879667e-01
7.950198447684116987e-01 1.072223505404736654e+00 1.064484664213030563e+00 8.820115578919094368e-01
5.285468932749667337e-01 1.164113298788939765e+00 1.049515002709134004e+00 6.362990720081840301e-01
6.930322839747461439e-01 9.515830103581635058e-01 1.053350978822126027e+00 9.606743877556068734e-01
8.277274439904654946e-01 9.156931452460537191e-01 1.156994383010801597e+00 7.810324624123755610e-01
8.504330089747969001e-01 1.006200628750475001e+00 1.043995007092293426e+00 8.201398295967359253e-01
7.154508920246166470e-01 1.007586059084214725e+00 1.196425195680079545e+00 8.017736969950938208e-01
7.002956123449045611e-01 1.058651460630953167e+00 1.183621246373294023e+00 7.458168621031844303e-01
8.382253100173662208e-01 1.095089202340606915e+00 1.289066938668135043e+00 8.912740874969713456e-01
6.589194340260376981e-01 9.502479570892866656e-01 1.177649530371274844e+00 8.222129271602747203e-01
6.655932019512095232e-01 9.636360723264431050e-01 1.082329956911800561e+00 9.342095057570386496e-01
7.571530579310870035e-01 1.049729338152480818e+00 9.701970935650154892e-01 7.339394873978417611e-01
8.266029876916315411e-01 9.764815803252065995e-01 1.325918727991584056e+00 8.377021107176155779e-01
8.460491067247761787e-01 9.305290634444622899e-01 1.127476551273424388e+00 9.244663466450115941e-01
7.918138638393592554e-01 1.006799733280166587e+00 1.162938190699674079e+00 7.827620339018884765e-01
6.046694283667156666e-01 9.610401112958141256e-01 1.024827052736654753e+00 9.876788892544061671e-01
7.175053535386817227e-01 9.169597827024487113e-01 9.913793694295558456e-01 9.460751437431091926e-01
7.001198432883440903e-01 9.750408318166053911e-01 1.060118957628901182e+00 8.677995445090940230e-01
7.939773086931882773e-01 1.050284191598188199e+00 1.245686155343083357e+00 9.024751360985475701e-01
7.737652983333118684e-01 1.022567083158721246e+00 1.005206422826587342e+00 1.082069864023134986e+00
8.335283315975355878e-01 1.157648157236864872e+00 1.232035719496472392e+00 1.015027224044303233e+00
6.659629814465424236e-01 9.032876099553690530e-01 1.096357957266302474e+00 9.058529715965760731e-01
8.228932174598403426e-01 1.053452448730510138e+00 1.148244256742999125e+00 9.120478820507864626e-01
1.009162750982169232e+00 9.715599492659927616e-01 1.150357207382911806e+00 8.507695573534562739e-01
7.418557753661817467e-01 1.080058161302590580e+00 1.113804634337036248e+00 7.033264128655912772e-01
7.395266051174873567e-01 1.000647681216427554e+00 1.223711644286993305e+00 8.637191332425944168e-01
6.799911374624214577e-01 1.002478099791805466e+00 1.179513142189427377e+00 9.260941225333212401e-01
6.892789432186686716e-01 9.615950558748982413e-01 1.114891687627291406e+00 9.048063725111775701e-01
7.869058031949334175e-01 9.415692627287268746e-01 1.149353156845810187e+00 8.517138423460971497e-01
6.685213738640660708e-01 1.068231385266833477e+00 1.198889776354417513e+00 8.446328262460436331e-01
7.066712151249038287e-01 1.053763762588528774e+00 1.067426096425489357e+00 9.165167250113672726e-01
7.301226694194546951e-01 9.314551293937968213e-01 1.066783742113960987e+00 1.033326313748004877e+00
6.684450805716959376e-01 9.049357668078595873e-01 1.275145373244042979e+00 8.805758619085157779e-01
8.117342782451179017e-01 1.057653753961022236e+00 1.137841775964336888e+00 8.862315830400521177e-01
6.878110331438579417e-01 9.669638347602840245e-01 1.037043971801964171e+00 9.497878663720584758e-01
8.185722227566256670e-01 1.034674658470121633e+00 1.206044326230142349e+00 8.898732881089029823e-01
6.254548935535046983e-01 8.473912873898572506e-01 1.299452472201725106e+00 8.701764145860447774e-01
7.490336311754961507e-01 9.738339605911200403e-01 1.316632391350443854e+00 9.309049135093930838e-01
6.824690020376924515e-01 9.377319191769040163e-01 1.133290719476285791e+00 7.691035332059125151e-01
7.350544299297656625e-01 1.016836014166200286e+00 1.217866810548903223e+00 7.586138754925045857e-01
7.924076301001877765e-01 8.636071995869076812e-01 1.228855280024768293e+00 1.133326788115863737e+00
5.958009542540383396e-01 9.952592018620169956e-01 1.174056282833304543e+00 9.529101471025952508e-01
7.734197301641121403e-01 8.991080904466318691e-01 1.205945862003352742e+00 9.601023497070562129e-01
6.411912115178789451e-01 1.068266283879931500e+00 1.024682614807740366e+00 8.596337924162835709e-01
6.645329810329005937e-01 1.006654698123847114e+00 1.127342816857720198e+00 6.713241169348020954e-01
6.445178624375238474e-01 1.055224776661507935e+00 1.088653958171621472e+00 7.902056995219851609e-01
7.406317746497809162e-01 1.087287420862353526e+00 1.174563360836690329e+00 8.956636260459581722e-01
6.357312294541119790e-01 1.151132926583082527e+00 1.023044663830575907e+00 7.903044928949254366e-01
8.904419368812861446e-01 1.032168851825054690e+00 1.199362616706204587e+00 8.921288218174134865e-01
6.791400469832202802e-01 8.908074494451363456e-01 1.368976485096965012e+00 8.363803878269211456e-01
9.377360727419346009e-01 1.146661816366145725e+00 1.224461034385922131e+00 9.063955608508170725e-01
7.140198729968444402e-01 8.947275837356889472e-01 1.123876099637455273e+00 9.411618850188258056e-01
8.880899067224018451e-01 1.051801576103674973e+00 1.276604498592025294e+00 7.919477435590190906e-01
5.881324126686255926e-01 9.866482272110593810e-01 1.160242901935096826e+00 6.919955555284004189e-01
6.092027028103074171e-01 1.035850212385897251e+00 1.078382212871126455e+00 9.293328990291356284e-01
7.348792351845631066e-01 1.001715009498407083e+00 9.866612470808309165e-01 9.144076203654680768e-01
8.427184080551128886e-01 9.915046009848325070e-01 1.144511605971811452e+00 8.511633335588364435e-01
7.735659564844760139e-01 1.012490132798407272e+00 1.130434277690398837e+00 8.254430999725342888e-01
7.993153471239806684e-01 9.688077748617022200e-01 1.263297874414748501e+00 7.925855871426257249e-01
5.134957030356730456e-01 1.032353578914498637e+00 1.090633118621793241e+00 8.923766955755420005e-01
5.220428761079140001e-01 1.024032513386200494e+00 1.185530703294001231e+00 8.902235221251691977e-01
8.527319582942850529e-01 9.459448713211919824e-01 1.126888258174840729e+00 8.773167095511630320e-01
7.996214540949415639e-01 9.642309938649560319e-01 1.169701871412704985e+00 8.142860371437640188e-01
8.613522711762117146e-01 8.953995227210890251e-01 1.213450322732921416e+00 9.322945704761238517e-01
9.984670937813774350e-01 1.121446591133279380e+00 1.186398510209318191e+00 8.023953811191442131e-01
8.534585758951216405e-01 1.095645300485636131e+00 1.238657141099350989e+00 7.992959817418839874e-01
8.445570409773769383e-01 9.689962257889211950e-01 1.290739314271344140e+00 8.777573720070157570e-01
8.019241300897419489e-01 1.133425922930327845e+00 1.102654973814429562e+00 8.848788954936050999e-01
8.216439944650607563e-01 9.946372039371941254e-01 1.190410891420941253e+00 9.361414152041332981e-01
6.734169722014768933e-01 9.999905246387653657e-01 1.160290029124832367e+00 7.924235005142861166e-01
8.029839143481900532e-01 8.583195954360641755e-01 1.430041350232269526e+00 8.512850020807823936e-01
7.175966164180161977e-01 8.814460632999612244e-01 1.180299964873090524e+00 9.549188045126992819e-01
7.777280182184898027e-01 1.001229933293939389e+00 1.325719400887896748e+00 8.430204086942735264e-01
5.425473366342106196e-01 1.043666529782936392e+00 1.187277245723328489e+00 8.471885709790752950e-01
6.662896755353915346e-01 9.179877752764663557e-01 1.162395716178101335e+00 8.635338598340692728e-01
8.231938823693730756e-01 9.584794642509347762e-01 1.198853607398312482e+00 7.153188826744204531e-01
7.092230139219450891e-01 1.058519810080888135e+00 1.154825180753732861e+00 7.920137144360807069e-01
5.907764762635336897e-01 9.883337819950754888e-01 8.861574042814920338e-01 7.442505030059920479e-01
7.011091633062827011e-01 9.999638569443110026e-01 1.105600814942039101e+00 9.315534916881583749e-01
7.073323344659783185e-01 9.738350131230475437e-01 1.061633596388441791e+00 9.770572913684540950e-01
6.275198347103804197e-01 9.920420331065484820e-01 1.142980600342973885e+00 8.496500070702598384e-01
7.543163624944135837e-01 1.041261930271688785e+00 1.075739427372268242e+00 7.715272101000054672e-01
7.139378400720106654e-01 1.127350332475296035e+00 1.026136771338786335e+00 8.856585127494689402e-01
9.038570365296558773e-01 1.009430847599886771e+00 1.215105693845688783e+00 7.367927942119000262e-01
7.422824463453856492e-01 9.575111202865462801e-01 1.132409466548256693e+00 9.369907809778067476e-01
6.941132416064786925e-01 1.000670359183198022e+00 1.105000596170156335e+00 7.608685110610341473e-01
6.958853063213540358e-01 1.192147011642446630e+00 1.102225046099904571e+00 7.498539366148944119e-01
7.122747129674111832e-01 1.029763730992407700e+00 1.199950142722774782e+00 1.068022186909830529e+00
7.612974525159519334e-01 1.041170199431739274e+00 1.048236613047183630e+00 8.307758797521364036e-01
6.979816174258377526e-01 9.295073568415521681e-01 1.194119551927899758e+00 9.309682904057459130e-01
6.115335776781092303e-01 9.860524275997937238e-01 1.342684746259421802e+00 6.427116407817733412e-01
9.261437727704255884e-01 8.922630705452581079e-01 1.191334314290891649e+00 9.767227295152113298e-01
8.073390531618338528e-01 9.583891133062449885e-01 1.355086738705684857e+00 8.327305268837434937e-01
5.700047835232499027e-01 1.244356980596165618e+00 9.389851842457925812e-01 8.418232580787130548e-01
7.965338928490308668e-01 1.114136028008241519e+00 1.174382408719187865e+00 8.669137832822543244e-01
7.696062216368252384e-01 1.028386676886024365e+00 1.251692184385875040e+00 8.676553153572115207e-01
8.182395667887099044e-01 1.161426165097781293e+00 1.153018050920674220e+00 7.283471400205848711e-01
9.397436784197412685e-01 1.023635634584466825e+00 1.029850177040429138e+00 1.049457036264273446e+00
9.140456367666210946e-01 1.083607674301819257e+00 1.134385450292529463e+00 6.754984817290331511e-01
8.178314086836411256e-01 9.110284778193348254e-01 1.218738752420647664e+00 6.875402188663839453e-01
7.963323713738006404e-01 1.059709576504792583e+00 1.070596816714265875e+00 7.429811065032613238e-01
6.834086044476994637e-01 9.268688349931605286e-01 1.216531515720641998e+00 9.529763176675725145e-01
7.471620783693817547e-01 8.897617926914707098e-01 1.070378787737661819e+00 7.431107717222659170e-01
8.360402488187843595e-01 9.598992284664210617e-01 1.159667116465633807e+00 7.623795327770659380e-01
1.015242398062952800e+00 9.270028740338052131e-01 1.133030982477918336e+00 9.472750445069710867e-01
6.017676664638809125e-01 1.056957645826056114e+00 1.135495417088376646e+00 9.683566674561125964e-01
8.907282050463283252e-01 9.735454994267720430e-01 1.038650644948338586e+00 9.138961789425774640e-01
8.364236004576204309e-01 1.091019667791391923e+00 1.108949417274981197e+00 9.560873337510077397e-01
8.380806733173218337e-01 8.064649666842970133e-01 1.152483445425443565e+00 1.024376689634601156e+00
7.331073333522341029e-01 1.064100986094221657e+00 1.228381725026832294e+00 9.862252624651509647e-01
7.519374683517628943e-01 1.138558978806896826e+00 1.229291000715669657e+00 8.611608412647332456e-01
7.789099948594753187e-01 1.034041631930920024e+00 1.204069566847222328e+00 7.163160037493224719e-01
5.849328338459960364e-01 9.943571037748486496e-01 1.150959953623210019e+00 8.106166661449406563e-01
7.766968561465970033e-01 9.156973709174314191e-01 1.245785194656307659e+00 9.752099815166378471e-01
8.495757270563532026e-01 1.022751880909379629e+00 1.103559645220548502e+00 8.770897336597273108e-01
6.384030036683314702e-01 1.100896638160913321e+00 1.115714703079120129e+00 8.371166583075750900e-01
6.436496068336136078e-01 9.801541796127269945e-01 1.037167532459925878e+00 8.503364453379864685e-01
7.448125743366802443e-01 1.090301424449531709e+00 1.084927849210753248e+00 8.804967791998449256e-01
7.195359932830321936e-01 1.102481464012267542e+00 1.106351416884799654e+00 8.454294582396663094e-01
8.183783494169731831e-01 1.139404641354041514e+00 1.088593532066012504e+00 7.916633215794356415e-01
7.259051234394445773e-01 1.008285616992406375e+00 1.187902914661032705e+00 7.095318531048595556e-01
8.149672322046556117e-01 1.166266308161356458e+00 1.174912637598868548e+00 7.865687715383857803e-01
8.336121552794228950e-01 1.109089132158668223e+00 9.733511426093306440e-01 8.874710899186246671e-01
7.954622113958186302e-01 1.015269024365538675e+00 1.148782738655336866e+00 9.749960496391391063e-01
7.567991996990524051e-01 1.054026615810594869e+00 1.314580337228176354e+00 7.889815030078074498e-01
6.767540261249852529e-01 1.100846013240881716e+00 1.063468899837364035e+00 7.127525901788603901e-01
5.272373847203420949e-01 1.094402997470070638e+00 1.119387541334150304e+00 7.250317777621588800e-01
7.416051648503680926e-01 1.094964773465444186e+00 1.056953574670431939e+00 9.028139591175231571e-01
7.030923545666389884e-01 1.078088115606099073e+00 1.069173720093672619e+00 8.050761268170878449e-01
7.735993934952558604e-01 9.970551900676406509e-01 1.145166763015313505e+00 6.579110524080256095e-01
7.951495158304943134e-01 8.902058629691609326e-01 1.100990556188523151e+00 9.479264892292692535e-01
7.597437348274256319e-01 7.844032184016829223e-01 1.074474613160583125e+00 7.467257386206637149e-01
6.085471327973394073e-01 9.503001221059078629e-01 1.085912170313932057e+00 7.355724646787585863e-01
7.321584947293989787e-01 8.412566129019013461e-01 1.064905850047795921e+00 1.070479429427370066e+00
6.247383437087439262e-01 8.923183563880564551e-01 1.201844501077984795e+00 9.640871691057134596e-01
6.940686905722498468e-01 1.131592785536673418e+00 1.114219341869940871e+00 1.015764545393075258e+00
7.138188656812970434e-01 9.458377621439256755e-01 1.230819461009267313e+00 9.399261976600156165e-01
7.032124496458598273e-01 9.811463521246690522e-01 1.153151276907436129e+00 1.002448774199973691e+00
7.362397655217618464e-01 9.404411166999343541e-01 1.328230623009851286e+00 9.621165335197168211e-01
7.319983737267681256e-01 1.036485846197528149e+00 1.233861541921813965e+00 8.339593064629233776e-01
8.569942359531733667e-01 1.100195016573809470e+00 1.232218630728566078e+00 7.893035253929330253e-01
5.952726892285433724e-01 1.085422355737155176e+00 1.131256813732488542e+00 8.068530185911205743e-01
5.929041388311303562e-01 8.602818623848635937e-01 1.069267872971665145e+00 9.563400276825607671e-01
6.028227361852827038e-01 8.593446648387141895e-01 1.147362570501417878e+00 1.072582602839752486e+00
8.404039860302870979e-01 8.666699787753289197e-01 1.127982324609684506e+00 8.451413458975083337e-01
8.292936682758947908e-01 9.407937736141126495e-01 9.974827560165642204e-01 9.564103825855319041e-01
5.920002034021869530e-01 9.335953093525884983e-01 1.106602926019950361e+00 8.434457037995407580e-01
8.035287689702504954e-01 1.065974283632297626e+00 1.220654022988297616e+00 9.345671139443758602e-01
8.190566018019342920e-01 1.147835093794528971e+00 1.077226329552465778e+00 7.134596409667152139e-01
9.538504380992214315e-01 1.214164703140607093e+00 1.202112787631671953e+00 8.157594806767283213e-01
5.757702384450869015e-01 8.925065667021432336e-01 1.344633410161711895e+00 7.536024631708182486e-01
7.023756354001341462e-01 1.051005715405280538e+00 9.143345746737946422e-01 8.527922343285596618e-01
6.813186288561664528e-01 8.589787876782675191e-01 1.179198834710855293e+00 7.730653175801223131e-01
8.557431767307334125e-01 8.698403467305472203e-01 1.082177599521021660e+00 8.710870629480537142e-01
9.356543292078987051e-01 9.936087831405786552e-01 1.206019673829939798e+00 8.039175672613401158e-01
4.240653657830121825e-01 1.126562510990746002e+00 1.086472518652555896e+00 7.866364198760990023e-01
6.243888320234607381e-01 1.025140475097801485e+00 1.143679982356000657e+00 6.940905187919377273e-01
5.993822613189135895e-01 9.318069390571217525e-01 1.246049047912625607e+00 8.895453215056652319e-01
8.458671391763820102e-01 1.039149045303822794e+00 1.288906683159157573e+00 7.431944471384589468e-01
8.653614471280691722e-01 1.038317445558160079e+00 1.173149255588179951e+00 9.137772338321107357e-01
6.081639910293186180e-01 1.020163587266716743e+00 1.241996419067151525e+00 8.673140252470017408e-01
6.732123229176384394e-01 1.086295519080407557e+00 1.037069743881768646e+00 1.002648389241106441e+00
7.880581343144548168e-01 1.015782461240193779e+00 1.124939972668028698e+00 9.168217711025629102e-01
6.992164913532216142e-01 9.962228375275241632e-01 1.034516033292828929e+00 8.592222556684561141e-01
8.143029027329307112e-01 1.092094672249495080e+00 1.036211092767131969e+00 8.127501274494011163e-01
7.647745377789737509e-01 8.706683391386238480e-01 1.084248362863210025e+00 9.259366419704883056e-01
7.307441686732388808e-01 1.030296413943376121e+00 1.138788408060891655e+00 7.707674888029016902e-01
8.250278118152207796e-01 1.098595430519915706e+00 1.166596703434797710e+00 8.156569317121707963e-01
7.783107510260374173e-01 1.126773995585235166e+00 1.002235823337848997e+00 9.309579096106339602e-01
8.556559832938739341e-01 1.095159651201785378e+00 1.170361662183500906e+00 8.938208824923999929e-01
6.286137419460546827e-01 1.018410931198888703e+00 1.194904521108106854e+00 8.402206437499184499e-01
8.686603385853105541e-01 9.388728516921944767e-01 1.162682626993865043e+00 1.122521719221803549e+00
6.890078071248350033e-01 9.705107544699804745e-01 1.281076110996770767e+00 6.806749894221090225e-01
5.528221833689547227e-01 9.879525402714843807e-01 1.151026714671888440e+00 8.328600913047341514e-01
7.047971121699186936e-01 9.099710223434980261e-01 1.092586579086989085e+00 8.843846884699877453e-01
5.738081655117579505e-01 1.037579321561127976e+00 1.126654478649404600e+00 1.002860645610785362e+00
9.467413862058778884e-01 9.856220475051691299e-01 1.202982430559281335e+00 9.352543973838154390e-01
8.276540933270664091e-01 9.206558524856810477e-01 1.298011729817615922e+00 1.013827443897328928e+00
6.624400541134463083e-01 9.198522168672198518e-01 1.071020827878541581e+00 8.730338376837130099e-01
7.999809817914561583e-01 1.091302814706252233e+00 9.155973917968708298e-01 7.380352691529700193e-01
5.710824569680859053e-01 1.199738231627530682e+00 1.023430871597283964e+00 7.082946729403420960e-01
6.740901555565951275e-01 9.511227782210726067e-01 1.208265670911997214e+00 8.032341999691967604e-01
6.879171434292862264e-01 9.613228020041688637e-01 1.200198531777667110e+00 8.510374921172736418e-01
7.954049071402229387e-01 9.767817651948196289e-01 1.244518413422023073e+00 9.693639339911682695e-01
8.457102282973745222e-01 9.338406366307140383e-01 1.189419705154588058e+00 1.014380017505305487e+00
7.560460274804579051e-01 8.673767685938390537e-01 1.291845026738964508e+00 9.548114346980717260e-01
7.448522960032651907e-01 1.034585851603083029e+00 1.160827197082739737e+00 9.954594128705978040e-01
6.868425165558083023e-01 8.581694574223043270e-01 1.267728115579901838e+00 9.301091886222231375e-01
9.145322837205605015e-01 1.050590798730144604e+00 1.252268624021835253e+00 8.207488760376783210e-01
7.815210154398051223e-01 9.661805019090932145e-01 1.088139839053945401e+00 8.753936513445270684e-01
7.629297489468428450e-01 1.092899421455770792e+00 1.121780982532713189e+00 7.426288713894796389e-01
6.558884011886669807e-01 1.013985310169976728e+00 1.226394013418923290e+00 8.495930087111208673e-01
8.296651922977223981e-01 1.023224871174163386e+00 1.208865470701092848e+00 8.524243554237953546e-01
7.674243710735934032e-01 8.747703324891747956e-01 1.226662958530138292e+00 9.336076773952465269e-01
7.497593217070630534e-01 9.115589694838229784e-01 1.254331972141082607e+00 7.532530071691448947e-01
7.119213660498806551e-01 1.074460614941809000e+00 1.066756210170688224e+00 5.825445680350019861e-01
7.319486316926068215e-01 1.082829751686178898e+00 9.606966925726528883e-01 8.515325777328669465e-01
7.652275358049126508e-01 1.109787776482472399e+00 1.011958264342330160e+00 7.180085011124457406e-01
6.508256852119328473e-01 9.949925832393961000e-01 1.036146992239893816e+00 8.875078564212820487e-01
7.250592195888153624e-01 1.057087930733625614e+00 1.201862277654312861e+00 7.708780606976330940e-01
6.761513929547227075e-01 9.258377533841832818e-01 1.048640038924873341e+00 9.803609007912247320e-01
8.536846946239289302e-01 8.985761622805535920e-01 1.073583329690564359e+00 8.325588187221399927e-01
8.910854207582388220e-01 9.354720344360448747e-01 9.758491677644944851e-01 8.336065311037538228e-01
9.056001900160017826e-01 1.028118879998191071e+00 1.210248995611918232e+00 7.842962187119159045e-01
7.110497348676710905e-01 9.917644276203489984e-01 1.147179998308122784e+00 9.079228722907388693e-01
7.417521425283781777e-01 1.008083423854928551e+00 1.232719385493753927e+00 8.305336845290408609e-01
7.337369138159405280e-01 9.325116900995120695e-01 1.280645650932509927e+00 7.539835838061526019e-01
7.393061009039009202e-01 1.060030851989683498e+00 1.319819142269136325e+00 6.503829534692916470e-01
8.367366134602297612e-01 1.038925978886471757e+00 1.040449981697950887e+00 9.924858323293985762e-01
6.939447529669566794e-01 1.038486891368156639e+00 1.305264267711523596e+00 7.454568900460210035e-01
7.239220141586263368e-01 9.502368492096696651e-01 1.152938108591082811e+00 8.103154125136792230e-01
7.586370690145279871e-01 9.780375976239100710e-01 9.685000354241769527e-01 9.714165776269103603e-01
8.003441668314835722e-01 1.154040890356982763e+00 1.158819511115320111e+00 9.828399645957828223e-01
7.510986983110019555e-01 9.086271737869303644e-01 1.273837533282777823e+00 9.849529889397945492e-01
8.422089298665681456e-01 9.873691661027869104e-01 1.050985626681830709e+00 9.005729375326864128e-01
5.757791896445439983e-01 1.152381400449621118e+00 9.102882669520595549e-01 9.617027341789813333e-01
8.377362360647252482e-01 1.109988585547943885e+00 9.747736567945830544e-01 8.305837655258189178e-01
7.775243536842181280e-01 9.458299952754932738e-01 1.151692072602533479e+00 8.557820341353915561e-01
6.342188505858848968e-01 9.934313286500866536e-01 1.187095967704966615e+00 7.288760490634841327e-01
7.967772837696446286e-01 1.032007456090390907e+00 1.176303608118242749e+00 8.711724807225870171e-01
6.383340260010804679e-01 1.121323124877865673e+00 1.097971839636940228e+00 8.099026353115109655e-01
7.343908547615390914e-01 1.000034579076150676e+00 1.102955698747600355e+00 1.034907724771749082e+00
7.652171835513974507e-01 9.421270119668334608e-01 1.193113235078695267e+00 7.590453475343075240e-01
9.082679838865989064e-01 1.109439300959343955e+00 1.114424123109790665e+00 9.394194151644227331e-01
7.919441095286429144e-01 9.340800475433843619e-01 1.168831607714199805e+00 9.102419419243603649e-01
7.540980060505236837e-01 1.021375418450831907e+00 1.048653821750713311e+00 8.511868095834050907e-01
7.405614598721611541e-01 9.925388904343707130e-01 1.059278646307403537e+00 8.245055159427154834e-01
6.701879306237307210e-01 9.230788002175689400e-01 1.269471551543285059e+00 8.356191630576772500e-01
7.049061085206961286e-01 9.286043114790104580e-01 1.272309605919582198e+00 9.242701152676765508e-01
7.227571829485132104e-01 8.319389324412774789e-01 9.184035199742973665e-01 9.103043138710158466e-01
6.962232033498297890e-01 1.161493864964095124e+00 1.062462153083246985e+00 8.232749745323172386e-01
7.227888272181554052e-01 1.058440208025641649e+00 9.463129217291497142e-01 9.516469479960915079e-01
6.099578995201686560e-01 9.245261800064120683e-01 1.062033386093502507e+00 9.481926308981092344e-01
8.788693255830785089e-01 1.108269294034147423e+00 1.011919103337842518e+00 7.442868709458700938e-01
8.343505722208282016e-01 1.051126682404599277e+00 1.111870461582004088e+00 9.903009178718218397e-01
6.816277698251225203e-01 1.175522631017094310e+00 1.143615313151705282e+00 7.890721850061772624e-01
8.280863718715738564e-01 9.217416126546795763e-01 1.128630464470680606e+00 9.989332036840861129e-01
6.920868422868085013e-01 8.818584357473850943e-01 1.246038449805257242e+00 1.025912875869485985e+00
8.132095586717378310e-01 1.049835798770826001e+00 1.099183346646832815e+00 8.014592443241481678e-01
8.079404744154903284e-01 8.876339726031448052e-01 1.081778774934017751e+00 8.144415476895040529e-01
8.517825808153842715e-01 8.271463143571706755e-01 1.157912431747090132e+00 8.545630029306868769e-01
7.490774433146696332e-01 9.211979487340480333e-01 1.257139107931184441e+00 9.232043815672323905e-01
7.508004369762490970e-01 1.044367566972533412e+00 1.002647511582275719e+00 7.734080597293753190e-01
6.719603881674002244e-01 9.487834247154417477e-01 1.072403227052979746e+00 8.236171917419725652e-01
7.547237909560072788e-01 1.068730076316138033e+00 1.156717559179222032e+00 9.100709358137826221e-01
7.857105784225549838e-01 8.949055607534540657e-01 1.141886621443600092e+00 9.808390600238351409e-01
8.485475296991068506e-01 9.853515069526909143e-01 1.182721088885821059e+00 9.050257197110381790e-01
5.963527959183795302e-01 1.033699811336874941e+00 9.732130163501168107e-01 9.000900042732773443e-01
7.796307800747812600e-01 1.063155863529777534e+00 1.091713418819333814e+00 8.610992957151948346e-01
6.719526067422685323e-01 1.026426378873340761e+00 1.091878879074961617e+00 8.221242602202393224e-01
8.563627914476737990e-01 9.797452353409072945e-01 1.085768077806646525e+00 8.327203352268399694e-01
6.767951769713381749e-01 1.083143595204004495e+00 1.010535107300916557e+00 7.373162126421795026e-01
5.635337246949847501e-01 8.366990119346590093e-01 1.060363349002784616e+00 7.920487457118957630e-01
7.577083579741968888e-01 1.248948274298762540e+00 1.079579522021539617e+00 9.268214276231816484e-01
8.397701429545259000e-01 8.860262342889629883e-01 1.218916004189538604e+00 8.180664072236250028e-01
6.332488334777377492e-01 1.019225662859848169e+00 1.134450147608002890e+00 8.918697762478989821e-01
8.406268234776419490e-01 1.026358951805792064e+00 1.178708701060849684e+00 9.738720605816736375e-01
6.859433631826489242e-01 9.507512726271731829e-01 1.256769270862145405e+00 8.406770765979358906e-01
8.072842066269038108e-01 1.247128562475274816e+00 9.637325485729975050e-01 7.967574742221955608e-01
7.823927132599047818e-01 1.003499586905194141e+00 1.209703942683455491e+00 8.431967092363941152e-01
7.513600259763980604e-01 8.300192186544385065e-01 1.263848210674652250e+00 8.559232399474592246e-01
1.075587680821802339e+00 9.788480821836280654e-01 1.184480805515992552e+00 1.012786502645212527e+00
6.286691803679146373e-01 8.655355641966590019e-01 8.793797687652549211e-01 8.443823507215554303e-01
8.257630987960753455e-01 8.139851438169938280e-01 1.222362053272366467e+00 8.406541286583372186e-01
6.894209780675092381e-01 8.647376720582243825e-01 1.008078481017769423e+00 9.426023650722755720e-01
9.715180896501193208e-01 8.640679910861249757e-01 1.146547489927855823e+00 8.535205522270433720e-01
5.968701157991797013e-01 1.081272552961369371e+00 1.101414477212358412e+00 9.731861304889558584e-01
6.676291851896382079e-01 9.702930341475198839e-01 1.044945781859417666e+00 9.467140665918540865e-01
7.247480958942783547e-01 9.519230644868865721e-01 1.069255665502645503e+00 8.030369481437459322e-01
7.882923054594433987e-01 1.040060416731258597e+00 9.405159087332540802e-01 8.640858438908811667e-01
7.497191403591145775e-01 1.057622507661781563e+00 1.028970741308951720e+00 9.254483105938184906e-01
6.483229119979521116e-01 1.045485555033758729e+00 1.110322757913103198e+00 8.267964824088346321e-01
7.644816496987371091e-01 9.403984604299365779e-01 1.167846596544933835e+00 9.381565401106027879e-01
7.858701709784053913e-01 7.807364883261599386e-01 1.303868711319493112e+00 1.105963739832316550e+00
7.538959528196108595e-01 9.037517880489163158e-01 1.258818775999350326e+00 8.458867558173750467e-01
8.651992343322517653e-01 1.039880184821696973e+00 1.283109157998691741e+00 7.854476930723069961e-01
8.813914891699666798e-01 9.937681828504878467e-01 1.131770783409636438e+00 8.227372112913340363e-01
9.402768863133210697e-01 1.052405770811174479e+00 1.128826472358802846e+00 1.002492859926490620e+00
6.718560891325523476e-01 1.020661196009635674e+00 1.117643489639774002e+00 9.336271492766500257e-01
7.091004655200914275e-01 9.649313899293437968e-01 1.230669418533184789e+00 1.024092963423536951e+00
7.993078063515028919e-01 9.360444451633128660e-01 1.250946657700590547e+00 9.909649997076420691e-01
7.309141232650985254e-01 9.622627532722443089e-01 1.129711410371914804e+00 8.281622661083044568e-01
6.978603598655940266e-01 1.080144088347191778e+00 1.112570707398640613e+00 8.323964711411816486e-01
7.054306889949488735e-01 1.027987385293798406e+00 1.239553555540185981e+00 8.827338848770975854e-01
5.554632407494242141e-01 1.155786822017601301e+00 1.004475154120534341e+00 7.217809110480966073e-01
9.341956422017000383e-01 1.042862205246298579e+00 9.828255643841391498e-01 8.803172489726022176e-01
6.809491942425525135e-01 1.101713924192955441e+00 1.042433129311099771e+00 8.321648724457225699e-01
7.823782828162464398e-01 9.138297586877780487e-01 1.209342780527244976e+00 8.449954544638490495e-01
7.674190652101053889e-01 1.002851170345019138e+00 9.982829598710224461e-01 1.083355775695678869e+00
8.567942418572320751e-01 1.027271372965697704e+00 1.285839295981969554e+00 7.828419611649849452e-01
8.032433485020706865e-01 1.003460910472838696e+00 1.172092080970069006e+00 9.092530604976116759e-01
8.795059682364821940e-01 1.039626685124156680e+00 1.064754713260905872e+00 7.673381150284440677e-01
7.973269842637156213e-01 1.040718226870918306e+00 1.330079310341494070e+00 8.220834100218525897e-01
7.843840962042306630e-01 9.596492194481329729e-01 1.137931895620400535e+00 9.894489203113563391e-01
7.071335319557734422e-01 9.269723677138360651e-01 1.152052523700071829e+00 9.658215299128772857e-01
6.417573173754783644e-01 8.983630550899965872e-01 1.216121512978422414e+00 8.833374089491560222e-01
6.321776579858126022e-01 9.735964321672875288e-01 1.133411814771455361e+00 6.936101578631489462e-01
7.876248250505857307e-01 1.004666955927530747e+00 1.211438171553388177e+00 7.875432325086795249e-01
7.870722247223864709e-01 9.513116471071888514e-01 1.080724047853306002e+00 8.336849797931895623e-01
6.787898014257907064e-01 1.096927601373102190e+00 1.153894310477082685e+00 7.178518828659508078e-01
7.703064002962997092e-01 9.466283711226295416e-01 1.294893943853296925e+00 9.979620540242036819e-01
9.153494863017819227e-01 9.864730158574031016e-01 1.147858825829264795e+00 8.026845522722636517e-01
6.745561177392651597e-01 9.390753321745174409e-01 1.040339493065518317e+00 9.618471268872198499e-01
8.642145646178492902e-01 1.006565771709802215e+00 1.144543224025719175e+00 8.292845633889341928e-01
6.759036579908170861e-01 1.055838259801150869e+00 1.151699837242418534e+00 7.479981165836223633e-01
7.897992604861243660e-01 9.765578843392164199e-01 1.118596241110784151e+00 8.577470546314679423e-01
8.686217981666678467e-01 1.112641786197651639e+00 1.099941750040344557e+00 7.557559655651007180e-01
6.683533362058472482e-01 1.163063806678460876e+00 1.116308783362431001e+00 8.533380364837434007e-01
9.189197884220019485e-01 9.771292098931292358e-01 1.282354859831669414e+00 9.412386395936943595e-01
8.558830553666392227e-01 8.906898243544094651e-01 1.289393461262217988e+00 9.151501867906731702e-01
7.329993123564775281e-01 9.885733580309082891e-01 1.197236082807226154e+00 8.613739336078907183e-01
7.045694043310278820e-01 9.719812692762220818e-01 1.152581464150768786e+00 7.956236686016031623e-01
8.446483584134620859e-01 9.767696900737385945e-01 1.234330289984488127e+00 8.359230523580803984e-01
6.670610664104339449e-01 1.085349724699910423e+00 1.108676716166745013e+00 1.040712560305744772e+00
8.399391757491114774e-01 1.067755851861479810e+00 1.332411637639809410e+00 8.035193262510168521e-01
7.042599520145511605e-01 1.023564973734441219e+00 1.182574749429528449e+00 8.356690127394860168e-01
6.301261717823830599e-01 1.157649552664563153e+00 1.165502952161167061e+00 6.954422652703803331e-01
5.793766779941134093e-01 8.335750064839806406e-01 1.201483863387973638e+00 8.188289043965747416e-01
8.001433821146632930e-01 1.012942357578315633e+00 1.110796451480976499e+00 7.959309587480337678e-01
8.722716130155935277e-01 1.061209541985592475e+00 1.029750745544792512e+00 8.461426937418372596e-01
7.592134512940118540e-01 9.263221928405879213e-01 1.143765312749598584e+00 8.994154717823197309e-01
8.524250153224164350e-01 1.041403130358090179e+00 1.205419764123883297e+00 1.019025994867024165e+00
8.514067975942415378e-01 9.891724345175865185e-01 1.012612258210005001e+00 8.499753959479953158e-01
6.010843922809055995e-01 9.672748204866832289e-01 1.098597282734151470e+00 8.353060589846964534e-01
8.706923999689980542e-01 9.202311448916283831e-01 1.259298340645869096e+00 8.994232803242329100e-01
8.278446828782068945e-01 8.865249933898908807e-01 1.070541347752287820e+00 1.038027741324390130e+00
5.654948305806722919e-01 1.036403637081872331e+00 1.207572289163472146e+00 9.190065910989564379e-01
7.398133938085743599e-01 9.647492572324067872e-01 1.064544678966549363e+00 8.222413900909405493e-01
7.863950123433401940e-01 1.046850815679968516e+00 1.204054025837893338e+00 9.224272600770790920e-01
8.538843155068858159e-01 1.125964024638625993e+00 1.231269553206852274e+00 7.928531213417570056e-01
6.210071979737615822e-01 9.299247184046612880e-01 1.219930760329718478e+00 9.472903882844493362e-01
8.613837178817120854e-01 9.254497555587093416e-01 1.306882903801041884e+00 8.416929380834654584e-01
7.103575457062537568e-01 9.973732433913914397e-01 1.012261692865162432e+00 8.146338511967555762e-01
6.108009583706767165e-01 9.846814786853892443e-01 1.071744368258961355e+00 7.544157249789309461e-01
7.443995044005308204e-01 8.732690554302808827e-01 1.064158637452702560e+00 8.782037844319007247e-01
6.477497855157975382e-01 1.122439641766413532e+00 1.251386607858975042e+00 8.038302962269545660e-01
7.129370590460482049e-01 9.753277328351811493e-01 1.235276247537053340e+00 7.440589452382581070e-01
7.284085117260578057e-01 8.962966686340894107e-01 1.144176456168221945e+00 8.029480939923641092e-01
8.515308304015355434e-01 1.076016206363271221e+00 1.163081291915898374e+00 7.710443755910429964e-01
6.821412389186908287e-01 9.533385021259239700e-01 1.138873610745776421e+00 8.736898139284370313e-01
8.848033777676804768e-01 1.065004952382443859e+00 1.100249138782874780e+00 9.631318776394975911e-01
6.765119913183615941e-01 1.019485139389608497e+00 1.008185888143728004e+00 8.859337721443834024e-01
8.294065788721488586e-01 9.757743946633821164e-01 1.233093937213721292e+00 8.538062735122530222e-01
5.643570070734785782e-01 8.388909464588863996e-01 1.020797698833443956e+00 9.415206404753894143e-01
6.089692333612221065e-01 1.112207476610719059e+00 1.184625657286436651e+00 9.619166936327483430e-01
6.434892660068209924e-01 1.108583934006643235e+00 1.150221835755820488e+00 8.888712412352833825e-01
7.070420806200861108e-01 1.035909004569952385e+00 1.020427791395326356e+00 9.423727697536355974e-01
7.335634081286618313e-01 1.015970610644883365e+00 1.292319814147166568e+00 1.009829189247763770e+00
6.367492386991052689e-01 9.275727512918405804e-01 1.234919573904404544e+00 7.770257861980043312e-01
7.732119023636466748e-01 9.404463968921916717e-01 1.312062222933974898e+00 1.049895630068265140e+00
6.720076326507748998e-01 1.055746394733986016e+00 1.144353386976084686e+00 1.074024947980239064e+00
8.329522175347803259e-01 1.026382090770722399e+00 1.105910676784340518e+00 8.726031047237357008e-01
7.999400600321681098e-01 1.042268562007916843e+00 1.248098457284442686e+00 8.993327268691834186e-01
7.050527124008402202e-01 9.428794303611992556e-01 1.143552729592648198e+00 1.018403735690206036e+00
6.818613190484780207e-01 9.509418334867587586e-01 1.224240282791795975e+00 9.981768400209583003e-01
6.013941897932690850e-01 9.907154104747971646e-01 1.187159772735735253e+00 9.140792104152203335e-01
5.904596628510648815e-01 1.033820107398671917e+00 1.093497493367704188e+00 7.897845829145287988e-01
8.881257295492145376e-01 1.034126254522802713e+00 1.140865896999614382e+00 7.371837487727610494e-01
8.518867953191130438e-01 1.030605281771525883e+00 1.187623315455124118e+00 7.989563473179881470e-01
7.831525460304424868e-01 9.919374472744331150e-01 1.265940006601790735e+00 9.276200875380647970e-01
6.753392827764996831e-01 1.080195279961401411e+00 1.155773830120053969e+00 7.398940931477178129e-01
8.279700303390922222e-01 9.190667788780003677e-01 1.122265593013022977e+00 6.751249862151046388e-01
7.197609555457041841e-01 1.045850589852956647e+00 1.090152691166190069e+00 6.792407806085658528e-01
8.457861230237204708e-01 8.025535004294470642e-01 1.096008643977667951e+00 1.014252161874366287e+00
8.032535547011445676e-01 9.465823359281064775e-01 1.130426134095401824e+00 8.339123543974000796e-01
7.554150157859341741e-01 9.192598084832663830e-01 1.117377792423977390e+00 8.855347017440496904e-01
9.104706724247687566e-01 9.825628806283636107e-01 1.127207303185606690e+00 7.561243428188668680e-01
8.285706749233978652e-01 1.023454137497655791e+00 1.140662155190851346e+00 7.358059522733598756e-01
8.540078145134309962e-01 9.775677258335905284e-01 1.095950589333614555e+00 8.722777610532315151e-01
6.945177417935801678e-01 8.777312479472351159e-01 1.009689774567017695e+00 6.500133827815970378e-01
6.511724174036124246e-01 1.019136872014011264e+00 1.095835804811065906e+00 8.841541667597792031e-01
8.657530865235499862e-01 7.859127639058058890e-01 1.151894658522669923e+00 7.688932627046332069e-01
5.909381287624710932e-01 9.471798210873323409e-01 1.051484786052473641e+00 9.114759794575886254e-01
5.638247516121999148e-01 9.505968155751689519e-01 9.531810038497725568e-01 9.594965104766720598e-01
7.181271651162192127e-01 8.581996945617519357e-01 1.094262250129117042e+00 8.887844708864482968e-01
8.376057488362766978e-01 1.024350506311477060e+00 1.030145295194767385e+00 8.393587348115276736e-01
6.286018451807958707e-01 9.658313395629900544e-01 1.296902233752215583e+00 7.239302938674582188e-01
8.509194708387085582e-01 1.006121984427285287e+00 1.191650244366265543e+00 9.226705765072723553e-01
8.493970219787918552e-01 1.021260888151935831e+00 1.329635196100120043e+00 9.128766824146272718e-01
7.827819449130907214e-01 9.676150199048492162e-01 1.038249767895853770e+00 1.095005980531445156e+00
7.851086078992636219e-01 8.844686501586837002e-01 1.102290611990055735e+00 8.794998754235073823e-01
8.778558540756792317e-01 1.057877792772506265e+00 1.105353023038643023e+00 8.724456508448438230e-01
8.688894927278727476e-01 1.071051833236614792e+00 1.277736989329196549e+00 8.730516861928454553e-01
5.526042701650049072e-01 1.073477675454820535e+00 1.142283198893127460e+00 7.374725704067233156e-01
8.930468308350408835e-01 1.017984311759552840e+00 1.083193229183919248e+00 7.035010726213806187e-01
6.709652458324650848e-01 1.029364148298572035e+00 1.218854120662089979e+00 8.097661094671145809e-01
7.154848357291692107e-01 1.007600340789152060e+00 1.279135990395298350e+00 8.882023548493572784e-01
6.462864381753220533e-01 1.009346229210632107e+00 9.923993779681141714e-01 7.867986905086689076e-01
8.791073636907273947e-01 1.046906041680931043e+00 1.233512742807791884e+00 9.745092601986388159e-01
5.431891099034977799e-01 9.653227873355370026e-01 1.210493021155319981e+00 9.521403472094569498e-01
6.025609908926544689e-01 1.083388620365641319e+00 1.085038856709560351e+00 7.253641114403384105e-01
7.516834376205635548e-01 9.491543025272460854e-01 1.144742699933621211e+00 9.333070982738583821e-01
6.995364721964733024e-01 1.127736101381255240e+00 1.155444341168084588e+00 1.116373686462582837e+00
9.696119692687227287e-01 9.397309299619990286e-01 1.300910877547486466e+00 9.066051869678222186e-01
6.960213002131958593e-01 9.534787804655151522e-01 1.054122806524654399e+00 8.073920325684931232e-01
6.371073190696813215e-01 1.070395390431943872e+00 9.217713615138910521e-01 6.702467167351625621e-01
8.609767075914397383e-01 7.342965327027947131e-01 1.023755351736809871e+00 9.765592105363668507e-01
9.739367074031737292e-01 1.120799139554869761e+00 1.136037191466276353e+00 8.537280028051661418e-01
7.357499375246452367e-01 1.113464790137053573e+00 1.136026853469728648e+00 8.195821327241512577e-01
6.676425576139151108e-01 9.637094192514735758e-01 1.207368941758807379e+00 9.249317594544222976e-01
9.379936493322782454e-01 1.045409029012381641e+00 1.312783622581162657e+00 1.079664309434866576e+00
6.420020876156520284e-01 9.273426399557734845e-01 1.111708105472112074e+00 8.974239630566922532e-01
8.318687965462832068e-01 1.004435476800444427e+00 1.161754054351036514e+00 8.398364322336309140e-01
7.354506133720506433e-01 1.084403289107745083e+00 1.147129073997013471e+00 9.640356523941009392e-01
8.620175316657925357e-01 1.051474034390835977e+00 1.028147574691822719e+00 8.910859633498544596e-01
7.902808299099489675e-01 1.057771922267917608e+00 1.066312751003159365e+00 6.579023079623860237e-01
8.116852201906604725e-01 9.419410133433725463e-01 1.193214312470675553e+00 9.160035099698453642e-01
8.508781033603319832e-01 8.714826694521253803e-01 1.297545290790434347e+00 1.027899197990647107e+00
7.775457068122638704e-01 1.035230467717257019e+00 1.093258129706592197e+00 8.063166521250040297e-01
7.555997151162248127e-01 9.287714913667503014e-01 1.103272608013989409e+00 8.819575805759619636e-01
5.778785419507864729e-01 8.362831566780455361e-01 1.229619364956075600e+00 8.319431714844648384e-01
7.202870333585549290e-01 9.252365068203811660e-01 1.292803569332431346e+00 6.759696062972138098e-01
7.705102242775607735e-01 1.018474979242696365e+00 1.159895708943702086e+00 8.604008898549763140e-01
5.991667607089432579e-01 1.014497259217106651e+00 1.080660277281386472e+00 6.960473253484718015e-01
8.456475211792726654e-01 9.877205048599814186e-01 1.050768013933379930e+00 9.504360099284969721e-01
8.488887876900826912e-01 1.043199304370437730e+00 1.028796135097791442e+00 1.058651106898294891e+00
6.769407276625101222e-01 9.971747390922980347e-01 1.222104435884298956e+00 7.803152156831292263e-01
7.594186413420889181e-01 7.375975093090049173e-01 1.101795268116438020e+00 7.871567584846598242e-01
7.610818604824800548e-01 1.102895609867787563e+00 1.152536208123611905e+00 8.719974065956761500e-01
7.054182576904520774e-01 1.016019463427363378e+00 1.204497078654129805e+00 8.457118664494571725e-01
7.311556537793775234e-01 1.072247460124734042e+00 1.162658110518900667e+00 8.382185493524637598e-01
9.810656638341519464e-01 9.865993762643971987e-01 1.201229477421879466e+00 9.041392593648025500e-01
