1.258962355818838530e+00 9.446619182856281771e-01 1.104670009833890409e+00 1.057877042210700891e+00
9.225148329537117275e-01 8.339801732094409559e-01 9.972963126742411255e-01 1.175856594458408289e+00
1.152043439931164981e+00 6.569243576640059201e-01 1.152252931420351789e+00 1.224998484519007613e+00
1.070726763202549892e+00 9.421486587061784768e-01 1.078060949851358252e+00 1.054184387794584676e+00
9.884670225024829726e-01 1.019521436022272187e+00 8.842533047377092448e-01 1.236864651379316671e+00
1.025243041137192668e+00 8.382216048382963303e-01 9.343580009590624069e-01 9.420546040683034361e-01
9.082270228349066388e-01 9.312773241564357152e-01 8.820947344214468133e-01 1.102910073091124321e+00
8.288669924902840602e-01 1.099581838904391429e+00 1.184447068851406160e+00 1.207754566488611792e+00
1.046777835357478148e+00 8.806948862030369307e-01 1.082276694472149803e+00 1.125993907919328407e+00
1.008629059363293168e+00 1.010366164537083611e+00 1.160559230253938034e+00 1.184021282907540495e+00
8.984930074267710731e-01 8.469357436854063614e-01 1.030512693817736247e+00 1.148157374089583627e+00
1.183739474883495291e+00 9.072081414443563530e-01 8.638727751610090211e-01 1.117042855081580965e+00
1.021683466621782665e+00 9.120304013934599219e-01 1.214889419833298456e+00 1.219264783043086275e+00
1.114572105513804257e+00 9.225882114888841468e-01 1.156878001255588151e+00 1.218172515957086866e+00
9.296080581072164728e-01 1.056638971585284636e+00 1.105343198263974980e+00 1.284205230971923850e+00
9.546870892264948116e-01 1.100878618656850882e+00 9.952422683719187591e-01 1.140025848023601629e+00
8.727521440075721726e-01 9.557965708687184980e-01 9.849119712517288017e-01 1.147278629425718677e+00
8.062354667356527171e-01 9.095550104075607045e-01 9.786937601401644038e-01 1.181522080261025787e+00
9.250143712142188113e-01 8.432896982515741824e-01 1.062158852708701806e+00 1.082754252496519243e+00
9.393427819513916477e-01 1.055253157744257875e+00 1.034271483970460315e+00 1.288238324086741660e+00
9.650963263195115882e-01 8.257247978258706045e-01 1.087976470969154841e+00 1.275329966032367368e+00
1.022845152368015098e+00 9.082666700282947536e-01 1.267837564302892073e+00 1.043584913364932198e+00
1.001113108042315902e+00 8.193077763773780609e-01 1.195305463511097788e+00 1.120734304628195677e+00
1.168469221241599465e+00 8.097793378979537549e-01 1.009679697002066501e+00 1.144279322681154287e+00
9.045402498862414875e-01 8.675915026370021321e-01 1.185170963799880850e+00 1.262590560904820025e+00
1.095057502411552974e+00 8.217773430513769517e-01 1.138795146376158529e+00 1.109455049196075294e+00
9.474237952463856471e-01 9.191888596263010358e-01 9.311640603284910833e-01 1.256614239159940416e+00
1.010108581867398492e+00 9.854010463553652954e-01 9.589236462144681283e-01 1.192837589570570067e+00
9.940342284447991617e-01 8.846039019834235351e-01 1.105029777438718996e+00 1.129251781528842757e+00
7.938376843833090390e-01 9.976542438910060984e-01 8.743774867730239597e-01 1.403335199282527590e+00
1.040070901421367600e+00 7.623176709753153313e-01 9.296128857467353956e-01 8.784020749009271434e-01
8.945927614010346085e-01 9.967693570260500735e-01 1.095942458310039891e+00 1.128668480765541160e+00
8.789926625796325999e-01 8.259611382905074350e-01 1.076871056379399727e+00 1.316913677210724609e+00
1.087209976781521981e+00 9.761573091467610208e-01 1.099824579127891999e+00 1.211704000132551640e+00
1.000521823513924602e+00 9.350642490436330556e-01 1.004115044956557457e+00 1.132849731702125995e+00
8.943177147362857404e-01 9.365776440569817396e-01 9.045236630601403149e-01 1.190588589406147202e+00
9.985968057687830690e-01 1.064475648686749043e+00 1.099667703012626063e+00 1.251110024563492962e+00
1.034194705802954362e+00 8.973529454217455958e-01 1.100570582045647061e+00 1.097957711211895226e+00
1.048119726365853932e+00 6.689599768170391147e-01 8.970158184614983599e-01 1.444543473205913697e+00
8.230247530910009823e-01 8.631918051017097859e-01 8.485011351669879964e-01 1.198694734750578084e+00
1.073679036764256356e+00 9.835550793339538078e-01 1.219354695769356844e+00 1.084654112860873099e+00
1.033136034601407571e+00 9.552910559422718162e-01 1.086240701340853265e+00 1.379562516711320130e+00
9.941538144072039618e-01 9.894578761543013634e-01 1.013320195047952232e+00 1.007352905617910910e+00
9.657838860831721162e-01 7.957567950851028860e-01 1.034216253006864594e+00 1.286797763258592520e+00
7.469251740547697693e-01 8.821302268152205750e-01 9.236126253608041292e-01 1.069982134442866606e+00
9.517665830543304839e-01 9.527993403557446506e-01 1.019439777205535247e+00 1.130221305730734205e+00
1.037955149096132512e+00 8.608641141607656921e-01 9.663328877404864237e-01 1.201516003251411835e+00
9.064038415589176223e-01 9.216856238586770278e-01 8.419667880724081011e-01 1.371567568686248517e+00
1.052708290875246977e+00 9.147979721455312685e-01 1.169364145005118205e+00 1.186250211851343384e+00
1.165734583930966295e+00 8.005694176528328487e-01 1.103442377618126580e+00 1.111829823241650583e+00
9.563340245830606046e-01 8.914655297098489362e-01 1.048159678786507509e+00 1.110605572224190762e+00
8.923089454193888770e-01 9.485473217681897884e-01 1.111038715856886183e+00 1.041665055645907945e+00
9.419634752132409750e-01 9.967505325874458366e-01 9.757066074394162847e-01 1.316886671658668906e+00
1.116435665944133682e+00 8.797716064196100527e-01 1.038106279139526356e+00 1.191844146559490891e+00
8.809264983865455756e-01 7.857275556462730570e-01 1.033082616422857480e+00 1.333440109003416696e+00
9.655757876404723605e-01 8.097767800567349239e-01 9.698181569662714940e-01 1.091236002659784488e+00
1.060637277986519189e+00 1.041234905935985777e+00 1.113186147932595071e+00 8.807436858178373518e-01
9.203445951182775975e-01 9.818156279978010881e-01 9.027501193585779626e-01 1.319773909816637447e+00
1.083725746505928678e+00 8.148496731827553630e-01 1.042511090173035004e+00 1.426058083018123090e+00
9.995740968319302144e-01 1.213227766486533632e+00 1.117814997619384743e+00 1.085226270232953816e+00
1.156300661061272717e+00 1.008246572793917162e+00 9.868737771561743033e-01 1.106599759235278091e+00
1.003090414565448008e+00 9.407888868309256525e-01 8.947089254185355278e-01 1.217002056419862255e+00
1.096809025536846560e+00 7.627034421802755260e-01 1.141506805932632318e+00 1.130345245795477016e+00
1.304439912337856500e+00 8.917256662364848596e-01 9.606339467620077510e-01 1.119826109277516801e+00
9.910609069547250405e-01 9.048238197675638750e-01 9.495910426389611025e-01 1.063969532873662249e+00
8.119925005780872507e-01 9.573402459235261786e-01 9.475519315728453407e-01 1.098604362601892648e+00
1.130971424064084685e+00 8.644354054332255011e-01 9.705083754307652910e-01 1.051497232331808585e+00
1.064333469936863619e+00 9.735907682179885114e-01 1.193742029728499521e+00 1.149518134251221513e+00
1.103528374054836947e+00 8.530058278475188827e-01 1.082407122623934459e+00 1.222907745541879754e+00
1.226573807190308951e+00 7.716812572832669748e-01 1.112309541492852993e+00 1.048017101061472278e+00
1.089450478597355554e+00 8.240621760683665142e-01 1.019115731596697438e+00 1.116398986878863075e+00
9.459352557197444611e-01 9.258963904309798210e-01 1.030759827277817786e+00 1.331504558446421349e+00
1.005709663760287143e+00 8.543313248521849923e-01 1.056552667953368108e+00 1.181972750775081682e+00
9.494630414111202565e-01 8.836123644799074306e-01 1.066599196204596867e+00 1.154563874046857341e+00
1.022113442939116990e+00 9.592065024446378985e-01 9.857847701099063942e-01 1.035701327861750842e+00
7.566084030591615495e-01 8.987111477325612219e-01 9.934162985821960445e-01 1.289768500047490773e+00
1.026965888188379195e+00 8.915202815089973143e-01 9.555059094683677756e-01 1.012622715758169090e+00
1.141291881699315391e+00 1.005662660388921825e+00 9.522884730184669744e-01 1.164107301847168596e+00
9.070921357515713268e-01 1.020627396536327502e+00 1.022490815687312260e+00 1.243808325739968579e+00
8.855706543006488518e-01 8.976704395296559724e-01 1.016865062630761818e+00 1.233437732576927903e+00
8.466137805194601240e-01 9.681871315155957669e-01 1.074070499086362540e+00 9.762747098800756973e-01
1.097354603903297532e+00 8.640282318148122531e-01 1.049412944256169045e+00 1.205586452748359738e+00
8.638197974856304251e-01 1.029464491785037739e+00 9.772120174198832832e-01 1.291023812249249447e+00
9.467385176693233761e-01 8.157521623985832804e-01 9.035287154198804460e-01 1.372201628017118091e+00
1.083000429177295221e+00 6.762043670548294472e-01 9.303274847052502849e-01 1.154694755070394763e+00
1.024626295141122467e+00 1.008486957299310482e+00 1.057557063447099432e+00 1.398612777172714372e+00
9.732294781512953463e-01 8.199339204976356932e-01 9.279409174192398968e-01 1.201728337276278369e+00
1.074483320011898835e+00 9.485068823851000586e-01 1.200508299585403948e+00 9.759038574387350895e-01
9.665890022902299261e-01 1.038351320985787751e+00 1.119388113089758274e+00 1.264277856976755876e+00
9.929089613471603348e-01 9.671137401267744238e-01 1.094337340890755517e+00 1.179421357160545192e+00
9.282898673314309290e-01 1.043812936154660198e+00 1.041505294401848580e+00 1.074613528154524600e+00
8.558449369296032838e-01 9.519224763463942640e-01 1.220458803390363167e+00 1.165094673868348307e+00
8.746284464665086134e-01 9.133649487751872575e-01 1.029114616588787001e+00 1.122486400368861270e+00
1.023564461610264154e+00 1.000440908688993602e+00 1.017097372037937264e+00 1.292030287954625489e+00
1.069348449196688255e+00 9.831615264671367260e-01 1.075688757632116133e+00 1.189158197587619092e+00
9.869019033732603363e-01 9.664732515766261134e-01 8.897471894610842202e-01 1.212365196917334353e+00
1.014111097811059459e+00 9.947208870126079683e-01 9.134051567650665060e-01 1.121861824928681139e+00
1.208220242453929894e+00 7.751022002790848298e-01 1.083438048969907808e+00 1.208340696907078904e+00
1.186538502783716531e+00 1.019836025483549014e+00 8.673258835752236662e-01 1.284728704466742810e+00
8.962596623730872958e-01 1.024172813421738493e+00 1.133229548310461965e+00 1.251020817065638724e+00
8.544856815285317708e-01 8.403106107637632327e-01 1.083750568051120799e+00 1.271325899423421335e+00
1.034620846009967732e+00 1.068412122190874225e+00 1.024432460104935938e+00 1.157664173924741080e+00
9.652227324689010013e-01 9.416660758796164821e-01 1.001560125472382712e+00 1.347528276673949810e+00
1.012864868289430786e+00 8.470210718373321068e-01 1.122374606992201151e+00 1.153887386384309321e+00
9.123366834885365817e-01 9.241881655617467661e-01 1.020548469095456490e+00 1.322413575432804578e+00
9.391265175670915344e-01 8.051398735817602015e-01 1.065534876136865261e+00 1.226260617086822657e+00
1.164840902456667937e+00 8.877896239018654434e-01 1.070914976227840487e+00 1.284313002929718728e+00
8.665491488148445720e-01 8.063466374816490312e-01 1.005567606882980192e+00 1.293009691687316609e+00
1.013235566055565862e+00 1.019977015435142187e+00 9.249476581280161591e-01 1.082969772262642127e+00
9.809761146065721915e-01 9.763447265814862996e-01 9.767920450904363783e-01 1.186314055882533136e+00
1.089845523930677240e+00 8.951469248040246907e-01 1.228558240711442595e+00 1.208109331438332879e+00
1.124476847492951403e+00 9.019533549595724065e-01 8.957827069390186248e-01 1.019183846407357930e+00
7.972348971129834538e-01 7.898940595437821122e-01 1.012948167382708542e+00 1.356095823982774951e+00
1.091706188811467193e+00 9.283933013592184924e-01 9.427311818597821080e-01 1.244716955900565969e+00
9.917135202676945482e-01 8.780767574310803791e-01 1.043363274687040931e+00 1.127863881833164106e+00
1.102792746868189067e+00 8.612284385815055510e-01 1.040847521396613296e+00 1.283044123809697012e+00
7.908888533049583947e-01 7.650077253133296118e-01 8.743373439173638406e-01 1.236516962868248193e+00
9.410824706263621886e-01 9.333031445156224626e-01 9.410475129055630994e-01 1.000885854113071849e+00
1.257481631941846256e+00 8.537528983560783713e-01 1.042871287484584464e+00 1.083817698328847667e+00
9.515080489493892291e-01 9.108984962294418564e-01 1.068549718687538563e+00 1.129555384021825537e+00
9.683917499068067647e-01 9.372994428557276381e-01 8.735997432858654266e-01 1.119717031949587494e+00
9.584326830311336032e-01 9.631278251194413942e-01 1.108170178913899795e+00 1.135410014863219574e+00
9.199923490737971221e-01 9.056419866115793527e-01 1.093649372009204201e+00 1.158134886634261118e+00
9.478575174486527644e-01 8.443419683183202018e-01 8.345420882413294716e-01 1.157008824665920033e+00
1.081639559662483041e+00 9.379418928222962304e-01 1.034099265836197157e+00 1.336186131168011881e+00
1.047526137830952830e+00 1.027786924306518523e+00 1.186637883978499897e+00 1.272594432267541542e+00
1.025492674135870086e+00 9.470524679564176207e-01 1.210620498664902955e+00 1.278197795934904457e+00
9.136231953888435120e-01 8.028548985642364189e-01 9.712427321414283110e-01 1.225701302889592004e+00
1.023933714348839619e+00 8.982885354430799607e-01 1.155077253150760486e+00 1.213324399640663520e+00
9.072499660151983614e-01 9.241775148991429045e-01 7.920443529326000043e-01 1.155117068793691582e+00
1.126459131872502573e+00 8.212413493908882201e-01 9.724525625421635011e-01 1.117204584096881170e+00
8.465215821802369867e-01 9.244863667050396971e-01 1.027092396340858915e+00 1.159401597911277948e+00
9.892791040600930064e-01 1.060639660033899423e+00 1.092976942747030611e+00 1.060814295262146878e+00
1.065677993606074736e+00 9.983868880635462517e-01 9.534891619128774698e-01 1.207152939890758114e+00
1.004373889754652138e+00 8.197590550671319809e-01 9.155170034722026617e-01 1.176411629310170515e+00
8.114324206708656284e-01 1.044357000791430679e+00 1.127033104401191421e+00 1.120966202482934992e+00
8.878369478714006613e-01 1.015367963954673769e+00 1.211008719699614211e+00 1.197763592847142844e+00
1.047531603783139031e+00 9.453916159865498603e-01 8.033072350051940758e-01 1.221904785115950132e+00
1.025920820928456045e+00 1.003019582435594081e+00 1.112079406915716939e+00 1.016725689362043106e+00
8.481446236177433429e-01 9.837954323032296333e-01 1.002034532824586988e+00 1.260242561870152267e+00
1.010752081619803677e+00 9.465596159084952443e-01 8.658067245262638378e-01 1.293379654269053880e+00
1.139565673005565438e+00 9.532317163408652316e-01 8.665246872019179980e-01 1.165512540064603142e+00
9.930593660616928720e-01 8.142235076129834548e-01 7.955938387389492883e-01 1.042470822174348388e+00
9.980104432153766858e-01 1.059660163974709635e+00 9.645791654730954123e-01 1.257443635871000609e+00
1.032172742160074597e+00 9.555507886831552389e-01 9.410721945650182274e-01 1.260821289653381250e+00
9.557850178543142450e-01 9.381390515735090752e-01 1.012039952137431920e+00 1.132832187233094423e+00
9.838118461806173443e-01 9.193922032073904571e-01 1.047035874155119117e+00 1.211480728451006073e+00
8.679261124299098018e-01 9.329119108599472909e-01 1.000054682012785356e+00 1.229663045792348308e+00
1.198217993108600554e+00 7.214218874302782414e-01 1.251051277800005135e+00 1.366483327652320057e+00
9.595290974604114842e-01 7.710989315468566030e-01 8.358849845183471405e-01 1.214919782836912043e+00
9.467797105923345669e-01 8.552882183783897529e-01 1.003315586502108836e+00 1.150793748935552641e+00
9.152162077164134324e-01 8.352640143364100656e-01 9.453755926571552060e-01 1.368913859723083881e+00
9.494337536236691077e-01 8.698053616793688381e-01 1.117780215571899882e+00 1.139990611304990908e+00
8.563994104662380202e-01 9.279497956433100381e-01 8.803364031023248604e-01 1.102697513059147649e+00
1.085017965154343234e+00 8.796846542724392481e-01 1.143506498210900224e+00 1.269183938283324542e+00
7.679624089908363427e-01 9.387234123548574560e-01 8.880413238275837173e-01 1.252444254651092104e+00
9.362693267101649397e-01 9.539813914767564240e-01 1.014814026634767163e+00 1.213270185264073708e+00
9.080906069312135731e-01 9.151958126002727179e-01 9.812917440696746763e-01 8.880367249775468208e-01
1.084650039633902274e+00 8.277559563767508122e-01 1.176197342383519917e+00 1.113103186142549550e+00
8.680504222375587942e-01 1.136485377864848711e+00 1.177303526765569597e+00 1.050823640671397108e+00
1.017741656525236404e+00 9.221957868821185622e-01 1.046994153382493131e+00 1.021974583196692210e+00
1.084278613705428995e+00 9.138980104564871088e-01 1.066362812066326216e+00 1.265667971336479791e+00
1.064410905645243766e+00 9.635888479738576873e-01 1.054579877966591805e+00 1.202849291287122924e+00
8.671922333729169541e-01 9.299691718113491934e-01 9.889694249092059186e-01 1.279637620217066729e+00
9.160701788694038950e-01 8.730877964853384077e-01 1.069385420537550146e+00 1.040498300237350238e+00
1.138125127178415630e+00 9.670222896689895098e-01 1.015925806609536464e+00 1.018986223896825027e+00
1.197348838512917624e+00 8.246581270669454122e-01 1.093471338583757113e+00 1.177179645911769601e+00
1.125944142603678477e+00 9.702449281557915528e-01 1.090184471797711385e+00 1.048067777092451802e+00
1.005427236957140202e+00 1.098285415706778956e+00 1.145139645069942258e+00 1.306099583467024372e+00
1.106534587193342078e+00 9.840739075657624069e-01 1.300646303273975679e+00 1.294866899391428960e+00
9.573750068395506796e-01 8.948229457931692332e-01 1.127457991846291696e+00 9.553756411535322401e-01
9.801619628768774017e-01 9.134581095721413524e-01 9.008293891081556870e-01 1.280594485357772427e+00
9.317967841859796652e-01 9.611811712337569036e-01 1.033629911212189834e+00 1.159594406837999747e+00
1.075946096516865680e+00 1.064169050130950200e+00 1.040770518080335050e+00 1.198349103685837136e+00
1.000012950700229997e+00 8.814346664733907488e-01 9.284129977187293159e-01 1.090395384635404419e+00
1.131506468835239643e+00 9.405658024688098306e-01 9.210123741419793397e-01 1.163847128414009946e+00
1.106079605745960537e+00 8.257358751495289528e-01 9.373927082593594973e-01 1.148890732563387251e+00
8.200932750239974256e-01 8.606220433462133945e-01 1.047743500902160063e+00 1.401678990811201286e+00
1.225552582225005294e+00 9.322926146751838727e-01 1.180160654396172903e+00 9.136101074645054387e-01
9.619333781161683028e-01 9.300899051669770934e-01 1.111631955695579599e+00 1.192172328820586547e+00
8.433753380604943617e-01 9.301086292428495383e-01 8.615297318591095266e-01 1.206373859420366124e+00
1.056876649424107084e+00 8.717340660222957505e-01 1.232707508979776101e+00 1.248385332683779714e+00
9.508672423014378206e-01 9.551343217317357359e-01 1.051460066641604962e+00 1.056989518679924744e+00
1.084869395030498618e+00 9.295321217143391879e-01 1.118042546456827768e+00 1.254304331127825467e+00
1.105066514112767573e+00 1.054123540991647845e+00 9.987583711439154133e-01 1.099160609880551087e+00
1.065600365197327148e+00 9.658563322971569498e-01 1.021581676172837350e+00 9.540769536298019382e-01
1.227591713171068522e+00 7.054422439724348237e-01 1.188869034020873183e+00 1.214837473031928017e+00
1.140523875713914670e+00 8.196228322409767619e-01 9.799269163468736776e-01 1.248125022004030305e+00
1.077550910802639095e+00 8.346799728593677914e-01 1.032507776987280579e+00 1.101447083456167153e+00
9.561979681777820206e-01 8.485091065391039411e-01 1.022648183826262214e+00 1.188272849854688618e+00
7.856732937622034063e-01 9.399016652404552641e-01 1.060623429442709043e+00 1.068205301597509926e+00
1.014288428766566330e+00 7.765555428119855774e-01 1.230575049831801993e+00 1.181482883554209051e+00
1.053484742825129050e+00 9.754630292356868404e-01 1.017390116375463283e+00 1.075999934974006589e+00
9.302887438777406315e-01 8.975608985290899344e-01 1.146325724187651884e+00 1.243135719440833231e+00
9.863275577795700411e-01 8.508660140524747506e-01 1.004656124322435673e+00 1.064587195498403638e+00
1.021563147825786277e+00 8.790483433413412984e-01 8.508700260393615711e-01 1.223886753711565412e+00
8.700775955126435202e-01 9.231411705307538407e-01 9.403564817535208231e-01 1.167383195480368396e+00
1.187208029377379459e+00 9.934615485559417092e-01 1.195235487866721957e+00 1.250596269363745350e+00
1.142408599502814814e+00 9.791708620141146291e-01 1.015580719898704354e+00 1.231244315462725503e+00
8.637466093310708359e-01 9.846370842914593524e-01 1.066498134997353908e+00 1.281518378236550015e+00
9.484328076706737276e-01 9.225481206766588116e-01 9.028833019099655743e-01 1.283218254518703416e+00
9.607166664633308706e-01 8.907681451402281736e-01 1.015759751000667288e+00 1.304883293610159312e+00
1.020356433648329064e+00 7.906106714758666110e-01 9.019596914666957455e-01 1.365375467515353547e+00
9.377846281395633143e-01 9.505410261998137322e-01 9.945240416775444903e-01 1.155496198445927769e+00
7.236162682585716155e-01 9.282640070817872457e-01 9.873320917723202861e-01 1.306658438319496796e+00
1.175025900126399403e+00 8.301807388372980379e-01 9.087297687402640101e-01 1.124831162046853184e+00
1.015470207285801063e+00 9.114951582228673077e-01 1.024608244519211953e+00 1.184874084646145187e+00
8.504695268549957721e-01 8.240100576391048426e-01 9.277611579278526310e-01 1.121413892194881967e+00
1.165980109647785978e+00 8.704661970982761066e-01 9.631997190520650287e-01 1.208624716911403052e+00
1.012767183000096383e+00 9.624910678961056121e-01 1.132881659126301788e+00 1.251642731179546608e+00
8.917407487807307298e-01 1.081486598556256062e+00 1.012051156612080671e+00 1.104510570580112594e+00
1.259395461639667202e+00 8.400273909826331264e-01 9.173233500540358687e-01 1.188906561682010032e+00
9.959824669806706110e-01 9.446392621258814515e-01 9.846652092163759029e-01 1.171801316496628331e+00
1.097734232033753754e+00 1.032505288519764530e+00 1.099245760609620204e+00 1.267301297160237983e+00
1.007065012678837634e+00 9.201882714516014250e-01 1.197008020319140442e+00 1.161265931381927574e+00
9.050617067013990713e-01 1.026990758495979428e+00 1.038969772530207614e+00 1.248990266737192378e+00
8.600285841629307093e-01 9.266310338085658183e-01 1.122261571068191133e+00 1.078930850915686079e+00
1.109451051283350642e+00 9.346691481927001943e-01 9.583404475950303425e-01 8.679512069520389783e-01
1.020464526008383777e+00 8.999126611863345060e-01 1.078690317220773132e+00 1.069707768800417513e+00
1.010750347674267413e+00 8.275934991546536335e-01 1.104391003569628493e+00 1.277239173502919156e+00
1.004160375805164485e+00 9.652956849127317662e-01 1.019057129717834353e+00 1.135073647158076238e+00
1.013873054055797640e+00 9.096262609735404903e-01 9.724165234801087632e-01 1.282044486061982402e+00
1.041679943973304434e+00 9.570838119156352963e-01 1.139550857796372219e+00 1.218259789423234318e+00
1.024011123020135861e+00 8.586882370103817719e-01 1.033926610304261917e+00 1.149632655251451085e+00
9.197252022443750397e-01 8.698706775260621749e-01 1.093208986092071733e+00 1.160827022160501043e+00
9.513242030590883802e-01 8.090985579350633561e-01 1.140754294949285486e+00 1.184941706278877627e+00
9.462085714905251743e-01 9.038742794566830829e-01 9.453062940956404869e-01 1.306699504649526222e+00
1.208173135004636300e+00 8.672617705294970447e-01 1.109757288388365737e+00 1.176166046659668840e+00
8.986138881386593891e-01 1.019885923653472082e+00 1.008148391384825704e+00 1.234114177427587666e+00
1.192920450744474392e+00 1.048083824031792455e+00 1.236575958876617420e+00 1.013868126651104706e+00
8.321308668126714547e-01 1.050486924293079216e+00 9.455942546554225725e-01 1.161808807182634906e+00
9.337670165205592676e-01 8.645328548647210898e-01 1.095253541789039664e+00 1.134428591187935487e+00
1.056641181075836933e+00 8.732221701752738152e-01 8.782807499177024413e-01 1.155182506340323823e+00
9.479026845843552262e-01 9.447461010557125505e-01 1.254376812560597187e+00 1.217908048600663706e+00
8.054455007614280682e-01 8.845630464778064805e-01 9.189203582806486637e-01 1.256576880952975594e+00
8.004129928329127841e-01 9.073741311551180022e-01 1.110213227332830455e+00 1.202675570707106623e+00
1.011497313141652254e+00 8.465667426883293212e-01 1.058697998691056741e+00 1.238332823424459939e+00
1.130555129242763357e+00 9.259151179598760217e-01 8.759367820956291961e-01 1.143338209832275076e+00
1.031000306646430831e+00 9.311358206327114972e-01 1.001234538408369401e+00 1.207703872636950448e+00
1.064593916153359965e+00 8.385229488063188352e-01 1.059074767078855173e+00 1.262542359361640276e+00
9.584924931063973919e-01 9.349372948239640380e-01 8.813565117554601480e-01 1.224815726917531933e+00
1.071171100732207782e+00 9.206513361736606837e-01 9.254735329526134757e-01 1.064978431756491428e+00
9.188112465702346077e-01 7.159650230101177737e-01 1.099960340475157006e+00 1.224589092808684221e+00
9.412410868897017613e-01 8.730339811345103618e-01 9.744467096019445718e-01 1.055842539518363044e+00
8.785431110903838547e-01 9.843940980295188270e-01 1.053296198065282407e+00 1.166489646397898872e+00
1.039474621193635651e+00 9.495195977345369798e-01 1.054432428859528814e+00 1.113609665531386739e+00
1.043041295588592154e+00 8.055794535992165661e-01 8.704645650540157042e-01 1.176512866680039515e+00
1.207895529517200472e+00 8.729960881350440349e-01 1.005828530892262540e+00 1.059688656011382735e+00
8.923354651015291683e-01 1.108027790468223417e+00 1.078717991905532969e+00 1.315402353092668841e+00
1.027315726917016114e+00 6.539548082815205277e-01 1.042180790374703570e+00 1.344017426468112175e+00
9.297271999293802436e-01 9.282505908658236216e-01 1.031271914766987763e+00 1.114557502604121009e+00
1.064429676071940944e+00 7.295110562594605552e-01 1.095630104033813224e+00 1.180731836779666422e+00
9.030854541293775739e-01 9.281582713650483596e-01 1.043038008431343533e+00 1.152199140230456775e+00
1.090859719464800204e+00 1.076463711058351036e+00 1.196400552986356169e+00 9.510327317979176964e-01
1.037767233349947693e+00 8.542738643180851632e-01 1.157579720262466250e+00 1.326262162462326755e+00
1.075982240035544102e+00 9.710206521032980209e-01 9.864146735250325371e-01 1.344623139086616792e+00
1.119776512290070691e+00 9.349722899924461927e-01 1.063040620594593477e+00 1.184346310423734838e+00
1.046694092853567293e+00 1.005726621942109933e+00 8.721473336242888674e-01 1.348326408706030044e+00
9.142434818109096417e-01 9.493090499620877587e-01 9.918485824027351017e-01 1.198246909422842510e+00
1.010272178825181610e+00 7.976897595869459900e-01 1.202912059983604509e+00 1.194874576830428747e+00
1.112833072664462852e+00 8.967433447238751798e-01 1.042059310324953136e+00 1.165275046164480965e+00
9.293624398815149013e-01 8.642020738060812723e-01 1.123938927417158506e+00 1.100452150408459895e+00
1.115049359744384461e+00 8.276317978226983563e-01 1.094043374325961437e+00 1.047385808382775618e+00
1.038557456324540773e+00 9.107723065098350945e-01 1.115074757811165718e+00 1.208962487230919924e+00
9.833076830926256173e-01 9.261757341533773946e-01 1.097521562543960050e+00 1.318690630180757051e+00
1.075573107626846880e+00 7.398428568164037156e-01 1.039027384958342237e+00 1.214280255475125081e+00
9.731824430276864168e-01 1.068358974496320002e+00 9.326584038128384879e-01 1.170082161035634005e+00
9.402930025134770275e-01 8.305726017426836583e-01 9.843438284776089287e-01 1.233395458255365895e+00
1.146468841668922600e+00 9.128779406940864538e-01 1.167403543256931853e+00 1.268619595603562189e+00
9.344372778468291729e-01 8.410287784879363349e-01 8.965804273569711880e-01 9.969344778302813292e-01
9.138036457255396261e-01 9.405119324186523855e-01 8.948355331113346800e-01 1.358415231504168430e+00
9.322134974879491276e-01 1.057608161242324929e+00 1.074096033535954176e+00 1.191758712148781818e+00
8.144863276045113398e-01 8.626369975376259047e-01 1.255054328638356864e+00 1.167743545995564292e+00
8.969709981817243216e-01 1.064633723683051425e+00 1.034498361547901313e+00 1.269741827719872873e+00
9.496480086952526767e-01 8.939552159910163498e-01 9.296070573784412927e-01 1.077512521769050657e+00
1.084922378935831100e+00 8.998647461769114786e-01 1.063431928972727425e+00 1.135470089071968891e+00
8.688729644615462711e-01 1.065615580666284146e+00 1.144108556147972244e+00 1.138350400112503769e+00
1.096112655879806885e+00 9.296618927035474877e-01 1.106864202050098278e+00 1.088492234539231163e+00
1.146279660439554871e+00 9.029313001033403285e-01 1.190798669851869329e+00 1.203815283413588233e+00
1.104936109321483118e+00 8.071611688861275447e-01 1.028968575013568865e+00 1.216589048909827664e+00
9.437628109850064728e-01 9.839595135680495597e-01 1.006538439693855702e+00 1.328529310593952628e+00
1.049899388140721035e+00 8.867595741522219521e-01 1.017396384302161394e+00 9.978587497093696079e-01
1.037300647924399133e+00 9.035248902260062387e-01 1.067311160611058796e+00 1.051622822870639906e+00
1.067991296361439524e+00 9.455706944817131587e-01 9.539067725872447667e-01 1.191637557815725668e+00
1.052418227812500273e+00 9.027743130274382688e-01 1.077264325413705093e+00 1.227163943482342034e+00
1.015289243699850186e+00 8.822879852724844207e-01 1.256443444012035116e+00 1.111193224006306046e+00
1.063708493122236476e+00 9.814530602237198087e-01 1.106105598683374991e+00 1.194084814156438856e+00
1.031667395409816779e+00 9.020149875369205539e-01 1.069479449447525043e+00 1.147504431614828846e+00
9.916642140083147261e-01 8.079568833347035017e-01 9.584945682000491907e-01 1.043674787287915073e+00
1.017386924823120431e+00 9.471771569159324056e-01 1.104448167597695374e+00 1.247712227157503184e+00
1.163864880198777207e+00 1.082058896427063432e+00 1.117831416419944102e+00 1.049329392339155786e+00
1.080576832441168422e+00 8.745830931122896557e-01 9.762762156428537175e-01 1.300327481329108359e+00
9.843313880900678159e-01 7.608862007639586311e-01 1.051734467038622833e+00 1.130571024797035529e+00
1.102392331204876452e+00 9.093383983935331427e-01 1.013495838724184805e+00 1.221597130902475570e+00
1.105270839809642469e+00 8.851805150212115336e-01 9.892654691781935794e-01 1.141154614469520601e+00
1.024293093849133918e+00 8.713529037600338256e-01 1.019086710462594025e+00 1.133909378612752095e+00
1.015936110368264700e+00 8.508267477760685926e-01 9.582778116748584818e-01 1.200765854916621356e+00
1.072397714524144563e+00 8.446815099961736406e-01 1.211342190149330422e+00 1.126969665652391983e+00
8.655682765276345725e-01 9.048486550127186057e-01 9.887576600827060469e-01 1.288827767722003914e+00
1.068159043898308846e+00 8.084876939884411140e-01 1.078958271716432771e+00 1.344835463194427039e+00
1.045050426747156314e+00 8.606358262439395279e-01 1.130696641664614255e+00 1.145181942023844046e+00
1.088253114642879327e+00 9.950428099235961721e-01 8.418460219227394958e-01 1.205347205334445837e+00
9.926747698471193315e-01 9.380782972925560959e-01 1.204309176260841552e+00 1.231329374379481534e+00
1.126725907471904264e+00 8.534501714367720426e-01 9.166417881827222391e-01 1.227397892599374485e+00
9.533236558357934820e-01 1.095230773387324330e+00 1.125814329212438514e+00 1.396424978931726013e+00
9.662801931613393958e-01 9.175131506116959157e-01 9.202369878652020274e-01 1.157546237415926216e+00
9.040746685067343469e-01 1.058459489022726130e+00 1.158672844011809477e+00 1.192120404628594921e+00
1.098061999375530062e+00 9.168540606335036092e-01 1.054081687993870586e+00 1.130487224882003483e+00
1.096198102185219181e+00 8.164923796604571793e-01 9.220563468162065179e-01 1.175850197673584896e+00
1.006092014851681204e+00 9.215227060309520990e-01 9.294192320165282073e-01 1.223232996845066811e+00
1.041880890553544603e+00 8.774320291453650000e-01 9.411736044657931233e-01 1.168612220189245932e+00
1.063596294444967505e+00 9.750044544179411465e-01 9.566267974585267453e-01 1.113774584068017104e+00
1.207715152904046629e+00 9.053363249349267727e-01 9.485667158021817702e-01 1.270796405480029811e+00
1.082011386143931331e+00 9.727344929359498238e-01 9.041815258667029731e-01 1.318557072115985829e+00
1.023816038256339933e+00 8.220912007769544116e-01 1.043866888965089279e+00 1.183824084370942664e+00
1.028377196711993902e+00 8.530163322977918350e-01 9.243691763442219989e-01 1.277708256428408795e+00
1.012076263414687149e+00 9.639865827746716409e-01 9.956027748472379146e-01 1.147983842727039017e+00
1.135609790079477710e+00 1.231454117226034928e+00 9.836475269788874654e-01 1.223144484230779483e+00
8.706541952328438194e-01 1.082705587252126955e+00 1.278248138544224810e+00 1.102916151925520838e+00
8.356430504943214155e-01 8.178587542270251420e-01 1.010383357154525763e+00 1.135455687295554350e+00
1.010183383045187178e+00 1.089969803577068186e+00 9.486769518888962249e-01 1.199211925825392822e+00
9.740910101258843934e-01 9.137758733663006172e-01 1.089692484180377896e+00 1.131807188684782250e+00
9.486223111081871773e-01 9.717930285122091671e-01 9.704181218811713805e-01 1.109378522107777876e+00
1.028385210087288337e+00 1.008984200281059618e+00 1.138252960653512114e+00 1.110682272533300985e+00
1.165278346067299964e+00 8.767816439352280611e-01 9.900776486341911209e-01 1.287801625554611418e+00
9.146816196945476429e-01 8.345146757060202258e-01 1.132965564382576007e+00 1.101924333326123717e+00
9.371114619860972939e-01 1.142318638196399672e+00 1.125310447564501048e+00 1.180361501851383776e+00
9.950145695147776248e-01 9.381721344893206860e-01 1.062948569533030296e+00 9.622639952784429740e-01
1.065088596727067571e+00 8.420671774940166054e-01 1.094335864195134844e+00 1.131677956768746496e+00
9.856495523554009708e-01 1.060751112346722147e+00 1.090288225086565532e+00 1.196560234738087258e+00
9.659731096874237810e-01 9.299412042836825432e-01 9.900592167843018654e-01 1.108294700997885629e+00
1.115667670583430970e+00 9.356408130399233025e-01 1.057173192409621931e+00 9.527702737056467086e-01
1.058998282209274278e+00 8.292351282825406456e-01 9.395577457440174030e-01 1.220233873083430787e+00
9.527392383846924329e-01 8.418472126346560058e-01 1.071784220008731969e+00 1.187436393661120970e+00
9.836104294653846836e-01 1.076181721678517444e+00 1.057544127705832393e+00 1.146594988633897527e+00
1.029375732765906992e+00 9.242016208336553129e-01 7.898872805442183065e-01 1.184051853394454845e+00
9.744225185830065472e-01 9.333694155156646577e-01 1.038666837237120832e+00 1.144570043240458634e+00
1.086721855695461203e+00 9.806508044764475907e-01 8.769439711607563970e-01 1.157307663316242463e+00
9.416152976976901456e-01 9.671888797700988194e-01 1.025889143162283412e+00 1.243941291062048426e+00
1.118026304142875960e+00 8.759011973037396093e-01 1.033194410711312239e+00 1.153697368676950052e+00
1.049353581429969040e+00 9.604007383114521179e-01 1.294574154553965295e+00 1.078603557600357865e+00
1.088809639227651838e+00 9.082884983972351334e-01 7.891923166046619365e-01 9.697634640402401640e-01
8.240532536547368059e-01 8.882500672524554775e-01 8.452577340902411862e-01 1.287251817219516870e+00
1.110432045894006459e+00 8.978365500902750762e-01 1.063389076419975821e+00 1.312489936247827949e+00
9.258289583397661948e-01 1.018163641210747539e+00 1.120530725376202685e+00 1.146678603917591577e+00
1.016636542072680838e+00 8.993136934909266023e-01 1.051643551294607626e+00 1.255021597587762328e+00
1.041545556340849332e+00 8.791958111618325411e-01 9.654018790969682851e-01 1.031208251872189896e+00
9.576024967663431253e-01 1.014764580468790367e+00 8.293898206905860881e-01 1.010544739152322125e+00
1.167632562003240171e+00 1.044312752018967450e+00 1.032293767176112542e+00 1.098302653807810669e+00
1.119245819729793201e+00 8.978962666618902633e-01 1.104421996678463191e+00 1.127270653802195932e+00
1.000957454630714061e+00 9.295583932328150834e-01 1.149349883526726179e+00 1.303754313724044600e+00
1.243658528818422981e+00 8.907337808908925014e-01 8.901761477360896624e-01 1.032874871435687902e+00
9.844672476839382291e-01 8.737807853928829527e-01 1.165515350145743145e+00 1.119991299546174268e+00
9.843890272213464687e-01 1.009217853699925005e+00 8.658802173484722031e-01 1.154088048517722509e+00
1.034104682975637290e+00 1.028556387621186730e+00 9.727382885738361518e-01 1.083162773273780299e+00
8.459385894085380553e-01 7.727045233163517546e-01 9.036679756843410960e-01 1.225193035713391554e+00
9.807432338049313358e-01 7.890461706665239383e-01 1.085206679658663687e+00 1.337637035466406221e+00
1.037929662867502323e+00 6.722152119200385245e-01 1.063993980015261132e+00 1.286513096709828385e+00
1.040884238412383533e+00 8.747948231364882643e-01 8.386739940424858819e-01 1.024680958135303355e+00
1.055488216589324679e+00 9.678764226523547398e-01 8.640816081389609549e-01 1.254976485170803402e+00
1.122691964369147088e+00 1.013556754519635561e+00 9.857767937754852161e-01 1.287720451917539588e+00
1.030139836941270648e+00 1.103146708170985590e+00 8.749013577992131863e-01 1.122318679499028304e+00
1.243803220462325054e+00 1.073469431054312251e+00 1.121256183148714669e+00 1.173159689504762682e+00
9.377388531411297024e-01 7.537968015873729444e-01 9.052393519489504436e-01 1.261232112355840762e+00
7.648534120303106532e-01 8.590136564370797201e-01 1.004958998615523846e+00 1.018397092830374939e+00
1.103686852046377842e+00 1.013970112443635774e+00 1.147664831262263263e+00 1.085229713813591346e+00
1.083335787441163989e+00 1.104945270657408107e+00 1.055403416627219926e+00 1.238696765298528568e+00
8.998924532272311039e-01 9.501323775850877285e-01 1.055433137103841013e+00 1.138827963161733514e+00
1.017203568377081924e+00 7.492680770608819429e-01 9.079545988381851895e-01 1.172954856133198387e+00
1.275662158667064228e+00 8.187311151557497002e-01 1.047703176738267627e+00 1.107837725967318221e+00
1.043005501768758725e+00 7.971080070873105550e-01 1.057935014920474259e+00 1.180065977421396406e+00
8.589009334593001865e-01 1.050084399472478669e+00 1.134918814076488758e+00 1.171650326777672557e+00
9.770149211545006152e-01 1.061292648929839322e+00 9.598443597611490130e-01 1.145499949548460350e+00
8.168271632568163687e-01 1.099004693778439457e+00 1.064523683511417351e+00 1.006640837102720454e+00
9.866274351064576731e-01 9.928260407913460650e-01 9.327674171419982896e-01 1.251818074535697045e+00
1.120774553516065808e+00 8.644633805907552260e-01 1.157558346399753635e+00 1.243912300409975469e+00
1.110908158428612680e+00 1.022536597423761240e+00 1.103734971696902933e+00 1.133206137162390936e+00
8.765754269507674001e-01 9.144483238901572886e-01 1.077888350704145459e+00 1.102068721670677043e+00
1.040689653963999151e+00 8.729766785665125095e-01 9.955773480331336911e-01 1.175405151565003026e+00
1.117301644733425192e+00 9.746588454230017406e-01 1.000342535855392345e+00 1.085947490523716086e+00
9.463347551064030805e-01 8.425056539880428907e-01 9.523600246607409892e-01 1.337634153806684711e+00
9.749257143250462665e-01 8.939053587944979506e-01 1.074676242422723860e+00 1.005194951715525642e+00
1.158098777794300371e+00 9.964156316438107508e-01 1.085483240918711845e+00 1.044926421892576673e+00
9.311083859517292893e-01 8.676893023927073623e-01 8.839082795569894735e-01 1.077415612567981906e+00
8.942741061593886265e-01 9.907078095916217464e-01 8.776465098531845976e-01 1.221639224775566523e+00
9.898943940394149266e-01 1.027453920023855938e+00 9.503760021008804681e-01 1.151045474653284328e+00
8.677969185360414617e-01 1.080229293428856208e+00 1.059073446904265303e+00 1.144868415130773087e+00
1.034236488788434549e+00 8.752603308501987200e-01 1.135246071265564760e+00 1.463968837623507380e+00
6.710032394871701111e-01 6.939658210910584213e-01 9.784153576158192145e-01 1.247637596517602976e+00
9.972899414904744519e-01 8.885672260001683531e-01 1.116858745577738565e+00 1.107548390074023059e+00
1.010769285117194771e+00 1.051889680225608137e+00 1.109964417862971953e+00 1.165310532972795965e+00
1.001030085200659281e+00 8.168699692566816495e-01 1.069580199119177788e+00 1.207451489925247090e+00
1.011349764387839523e+00 7.400409774771722349e-01 9.919318714477440846e-01 1.163165427014376974e+00
1.080531380831296628e+00 7.306089987519425177e-01 1.072040255887404037e+00 1.088163400182157403e+00
8.822250709111825184e-01 7.602637822804654277e-01 9.046474238829483872e-01 1.463958564298201370e+00
1.077986094586402821e+00 9.088514962320999313e-01 9.403326174670432192e-01 1.324973700625658335e+00
9.368903739984324464e-01 9.184586887957170154e-01 1.055797342897391244e+00 1.204008282412661890e+00
1.044409729509507834e+00 1.050263916624799787e+00 1.029047968310647043e+00 1.211608063287102022e+00
8.413434835502529019e-01 8.467740566009394065e-01 1.187741760911413591e+00 1.165105854511843786e+00
1.112867614211335843e+00 8.626995287434491289e-01 9.717083514362750973e-01 1.322765956668723542e+00
1.122074962959267230e+00 8.802022744343199756e-01 1.009591995508626994e+00 9.322371546865301228e-01
9.944446325979152679e-01 9.843165155235283903e-01 9.176513500473930662e-01 1.115600766332991656e+00
1.156654108276880200e+00 8.034365945257802011e-01 1.228368234582737140e+00 1.085493422634735250e+00
1.091455768776938617e+00 9.259662524687222174e-01 1.051676892404203478e+00 1.011346784298368329e+00
9.799074599054961032e-01 9.698696293042633476e-01 1.036507779714680444e+00 1.157612388448453045e+00
1.057726032215339007e+00 9.327652193908934075e-01 8.740917536673418198e-01 1.058569249823515745e+00
1.074012228810035108e+00 9.395704482016150605e-01 8.909121709236058617e-01 1.051219353285704372e+00
1.061452726736527907e+00 9.177017065910474392e-01 1.225150088613189636e+00 1.178195566514547599e+00
9.998672992315060792e-01 1.000277899195976872e+00 1.185765636268968803e+00 1.224674040347808912e+00
9.420654973158246737e-01 8.879864610202871100e-01 9.848317108904141026e-01 1.066942799983309431e+00
1.022617311032701926e+00 8.467258081493312938e-01 8.823320487282221292e-01 1.200764446074241265e+00
1.063375014073868696e+00 9.434340066306781125e-01 9.473540109874545312e-01 1.087100489804447179e+00
1.130562356182904571e+00 1.059159267868724275e+00 1.075045962412874978e+00 1.182293075760147749e+00
1.154481113959315630e+00 7.290078440078026079e-01 1.122097269102048767e+00 1.158557463387131614e+00
8.942909641514655839e-01 1.053385781795836307e+00 1.008499076281566875e+00 1.207348323098658360e+00
9.670674607828484426e-01 9.822925602048810934e-01 9.509568391765581552e-01 1.150842364719053768e+00
1.000161349586451864e+00 9.313626446601114273e-01 9.711286560956378100e-01 1.301704005313889745e+00
1.072233310382854743e+00 9.826367393129322725e-01 1.003665497043304100e+00 9.699021003523785600e-01
1.061947822807947084e+00 9.318856850091453703e-01 1.133232039189620455e+00 1.152707725010410522e+00
8.183896238564699610e-01 9.922471199921895080e-01 9.109682613102170201e-01 1.223461213716371176e+00
1.072562992350147404e+00 9.770584378699388450e-01 1.151341011546666904e+00 1.264789565769651958e+00
1.162700342215452487e+00 8.669222224932541243e-01 9.695024062789339148e-01 1.113255380785758364e+00
9.680684561819377087e-01 8.295561810468106145e-01 1.195558255609160181e+00 1.057915614090245482e+00
9.488657178730667274e-01 9.364510921107124242e-01 1.163009768341071837e+00 1.163041117709496364e+00
1.108578453564629696e+00 7.697878322754387881e-01 1.006744418143710629e+00 1.064521145234768484e+00
1.002789983948087826e+00 8.738939693658114294e-01 9.859996084530853189e-01 1.220214940938278758e+00
1.122941114215033620e+00 8.424603031077350090e-01 1.158763161323574487e+00 1.076803534919888783e+00
1.121066026942554972e+00 8.586253185629240114e-01 1.153647765609879139e+00 1.185463219031759108e+00
1.137252085830017467e+00 8.595341452663405324e-01 1.122229834892048528e+00 1.233394033915442112e+00
1.032866219587343037e+00 1.000046498023358099e+00 8.771789391776801947e-01 1.245268917412111431e+00
1.150579811153800813e+00 8.202830391513461494e-01 1.051847397849052346e+00 1.019226513208386864e+00
1.104198932746415673e+00 8.993688832607074080e-01 1.019149048746946784e+00 1.210896179065284128e+00
9.574955165237557519e-01 7.948100949116764236e-01 9.756037153549028673e-01 1.401032343788418011e+00
1.036861985641768236e+00 9.126933314275427200e-01 1.238504296933662374e+00 1.147714497941600298e+00
9.809256740816528763e-01 9.922201816855583667e-01 1.121360560646113891e+00 1.140987743955594880e+00
1.008258937856745918e+00 9.813999158778524690e-01 9.157490802477490366e-01 1.233607701160524206e+00
1.033545329862556095e+00 1.126769034560372029e+00 9.799370910950725433e-01 1.189953697127883236e+00
9.720525082339234180e-01 9.934744081678309469e-01 1.179660275787984158e+00 1.214322706152245912e+00
9.715321982475161322e-01 7.786000747222956431e-01 9.982898618394364654e-01 1.207688389539675500e+00
9.676089572468606903e-01 9.004730556353284232e-01 1.134417853664970055e+00 1.114315015228973360e+00
9.187100581017774159e-01 1.003588897311965544e+00 1.000366858304936546e+00 1.180038746783151904e+00
1.018429998894547106e+00 1.037171983370407835e+00 9.627546935008560736e-01 1.244310727990872945e+00
1.051813836810704617e+00 9.218083647782732148e-01 1.042824545801649849e+00 1.029437587098070539e+00
1.048817894762379410e+00 8.005461861476765861e-01 9.216954601473809072e-01 1.274911069435984423e+00
1.020911171827469710e+00 1.001219846261196977e+00 1.168399636317712487e+00 1.134704921015952328e+00
1.085908708000569822e+00 8.819097897014779308e-01 9.968984758183111472e-01 1.094952575261038286e+00
9.775113652425567734e-01 1.115048448600335584e+00 1.004277258802816597e+00 1.122137211282197011e+00
1.083316560313325239e+00 9.957235329584580574e-01 1.018105742533217395e+00 1.216211571409759662e+00
1.130331634570874488e+00 1.055286576276394772e+00 8.861287643723535501e-01 1.095980602452840902e+00
9.604652627031976531e-01 9.854747230496659904e-01 1.145733089424891160e+00 1.169071939260086124e+00
9.652284136542457205e-01 7.860827111665065203e-01 1.015642154256771512e+00 1.143904508925579711e+00
1.098998670948447831e+00 8.246050683244796620e-01 9.489476552565002665e-01 1.049739644505750080e+00
9.613139517059974271e-01 9.036033233616761473e-01 9.749191120039844005e-01 1.061346290097634704e+00
9.035429436922335356e-01 1.085137204261458876e+00 1.040229210795356352e+00 1.249335524667118502e+00
1.207354401329472360e+00 1.047254846413192775e+00 1.195618974672350898e+00 9.340647581128932453e-01
9.424467410620231966e-01 9.982606172741872452e-01 1.039980097944084303e+00 1.256022380295830354e+00
1.183858830776636228e+00 9.358579300703652182e-01 9.266015610354881860e-01 1.117181411127579960e+00
1.013154190026466672e+00 9.715384748471322940e-01 8.105175416427899959e-01 1.183874210170091423e+00
1.174149460319394267e+00 8.488675511772534321e-01 1.010603402026378106e+00 1.225101258242475177e+00
9.608519272400933842e-01 1.032287077726070867e+00 9.942567370695238882e-01 1.259395676278890930e+00
1.096951389147127864e+00 6.898533025819122422e-01 1.017690861628330889e+00 1.257217665714195132e+00
1.017852257282809925e+00 9.556090239391947794e-01 1.092752778257753299e+00 1.195150341528494309e+00
1.156061837373146162e+00 8.296563399997104460e-01 1.002024511389624672e+00 1.178041936290591396e+00
9.419474800356181232e-01 1.021130307719576802e+00 1.063025181872441438e+00 1.175541502293007134e+00
8.753460295560840931e-01 8.614737521012855170e-01 9.306361899849523445e-01 1.347933063892606365e+00
9.332520906819872231e-01 9.460903709028773978e-01 9.559210260876642717e-01 1.543511865106201864e+00
1.226035808837190766e+00 9.408775444347511341e-01 1.075905823679002227e+00 1.184846898433583595e+00
1.004572012697931171e+00 8.398612654701792524e-01 1.150793193008400106e+00 1.002992916785423017e+00
1.094972923968401624e+00 9.421107678013757036e-01 8.894616234937715582e-01 1.027738382864884947e+00
1.022133694188442243e+00 9.742935129487274581e-01 8.682641322314393895e-01 1.062156611436741116e+00
1.185201118031959489e+00 8.882885059909298997e-01 9.739075813760410538e-01 1.446720683022957976e+00
9.660886335699592209e-01 9.085329381981976926e-01 1.175467111994929370e+00 1.194178350902046493e+00
1.147007025313780515e+00 9.193572948539765477e-01 9.950741059741918804e-01 1.106649966054348511e+00
1.058690220008528193e+00 9.198910616642259619e-01 9.231399517857875603e-01 1.043210221093120227e+00
1.002699312566841972e+00 7.547100463189000408e-01 1.060633685410462768e+00 1.425987237891844117e+00
1.042717034158065381e+00 8.402519497912968038e-01 1.043417551315510172e+00 1.246651077564666199e+00
1.012797885574502121e+00 8.822429921168885025e-01 1.069164495365357404e+00 1.236214870676458411e+00
9.114231094010862844e-01 9.451489403670902956e-01 1.168883351946149007e+00 1.104179483272638151e+00
1.099958541942668289e+00 9.901519353951031555e-01 9.239048566158052367e-01 1.131058479941291717e+00
1.072073770767948631e+00 9.615059926235376420e-01 1.012153851071241339e+00 1.193190171292062507e+00
1.024927143705751886e+00 8.110304253082317727e-01 9.781542105603441284e-01 1.327450030897860511e+00
1.006682683237628106e+00 9.340194479405737882e-01 9.775859742659503970e-01 9.903122216405251255e-01
1.134168461215722346e+00 7.338217565202753701e-01 1.082612607856159093e+00 1.274302346562733890e+00
9.927418603027754473e-01 1.024930557637158568e+00 1.034457963760073484e+00 1.076211572685981332e+00
1.150723243474727209e+00 8.840703408816799058e-01 9.700955253653660293e-01 1.050914298301790506e+00
8.658544787787225694e-01 9.763968405436650455e-01 9.562943747212954149e-01 1.240250845280169711e+00
1.139797895237208314e+00 1.093294373808039177e+00 8.527266915017247539e-01 1.072448330818338569e+00
1.229553136607116848e+00 8.010884010143536349e-01 1.087368650033665229e+00 9.327060495082047931e-01
9.619151264179687244e-01 7.742472139414431354e-01 1.081695331971884499e+00 1.102977857049864285e+00
8.060013936104034604e-01 1.081020477864776508e+00 9.434925567582334027e-01 1.264062404396129935e+00
1.093123604324029552e+00 9.702125310790987722e-01 1.069544751785043823e+00 1.039380047033326093e+00
8.045101329450364824e-01 8.262440024814037276e-01 7.502910696126613432e-01 1.231178558427295622e+00
8.726519646902262117e-01 1.046207809656445109e+00 9.827210744757739480e-01 1.147490998238221538e+00
9.899761176987444955e-01 1.007810416122325359e+00 1.039883479324415383e+00 1.181579177551722148e+00
8.615884645102536155e-01 9.346402238980425770e-01 1.061333805204231595e+00 1.227713403712754614e+00
9.199173176248821582e-01 1.084762919333373432e+00 1.241979430477434088e+00 1.089841536593058713e+00
9.927645970687534183e-01 8.848882022850014240e-01 9.711458265803559753e-01 1.102288651649096174e+00
1.081593086357465872e+00 9.304069613235466107e-01 9.470270920782575264e-01 9.881974529340293856e-01
9.793360946878506557e-01 8.623189059255993438e-01 8.744897648299255755e-01 1.265355880727939697e+00
8.916707055264719850e-01 9.449354496467998743e-01 8.922566901656791005e-01 1.270994783857619437e+00
