1.046637072212474928e+00 7.989415556660931506e-01 1.106707378211255755e+00 7.624439011343795425e-01
7.887174398068679260e-01 8.677729766350390506e-01 1.244112367724455659e+00 8.866139109491819603e-01
9.059636890100312145e-01 7.958258725361692099e-01 1.216066413210975083e+00 7.821436635256661107e-01
8.873535748569865156e-01 9.361932746703939268e-01 1.067552619855732354e+00 9.612214684889005545e-01
9.224705022224666262e-01 8.634542323456728674e-01 1.015265708784075072e+00 1.137878307647908649e+00
7.116261046809816415e-01 1.082438039022016962e+00 9.464500725845996776e-01 9.608750897623605791e-01
9.393392989697771922e-01 8.502155522349388317e-01 1.206780788645053004e+00 8.541969284418312602e-01
9.793825089436810627e-01 9.010959801378751743e-01 1.060265721509271231e+00 8.001339385986852015e-01
8.677201443307135387e-01 8.237267558542323842e-01 1.057341195196011885e+00 9.772322577690446543e-01
9.819189311354669103e-01 8.235538604595561418e-01 1.204251002009487426e+00 8.984823963635473199e-01
9.395199693064316682e-01 8.185925667298569186e-01 1.239326221605422607e+00 9.300053028137094113e-01
7.911297547648323825e-01 8.913312405924751491e-01 1.003771824064844775e+00 8.594852751297554772e-01
7.087984735936536662e-01 8.269728848930127940e-01 1.125001342102068813e+00 8.894825232596771380e-01
9.318532064442405227e-01 1.088036059778085374e+00 1.016786407947724902e+00 8.901245799615941090e-01
7.592532443719292035e-01 8.965436574156343541e-01 1.173862570609532252e+00 9.124576227251418592e-01
8.392986275494915827e-01 8.356869215014417485e-01 1.099958384602777617e+00 8.065512050952019507e-01
1.042059756628746614e+00 8.764824326135048915e-01 1.149078446260973552e+00 9.945743940630554780e-01
8.719890017395858228e-01 8.812728768500490695e-01 1.024023657447364455e+00 9.473147354683347787e-01
7.770922196292356920e-01 7.818377711344890457e-01 1.071391582658522301e+00 8.348737686273615122e-01
9.919850794713720443e-01 9.604584549729571208e-01 1.104055964425213920e+00 9.825026172654026668e-01
9.361463998138881415e-01 7.932945547093641636e-01 9.713447152418746011e-01 1.127020726894728542e+00
7.714604589260236622e-01 8.737892997610658963e-01 1.056466178287338797e+00 1.000905061285934705e+00
8.716150365419869095e-01 9.238724227294088376e-01 1.119776368150561918e+00 9.540919777825541681e-01
7.398108121167680240e-01 8.155700680547296466e-01 1.103815897507881783e+00 8.782066229908662702e-01
8.121548826411451039e-01 8.777432526740874819e-01 9.955617255822005740e-01 9.000766024529969211e-01
8.593464404341359941e-01 8.735351781274720562e-01 1.043751863715123740e+00 9.404001356816173995e-01
7.810954343837039904e-01 8.691609071875832093e-01 1.050205601045364423e+00 8.761872672116389760e-01
8.690365712612856397e-01 8.956071589981418057e-01 1.160904837195170014e+00 9.707629154299879382e-01
8.998902752404309702e-01 8.092699917330630210e-01 1.134288011100803129e+00 9.488469321958333813e-01
8.007092943974039034e-01 7.334804527360492266e-01 1.159009908943557710e+00 8.096671035511517900e-01
8.717767553320415752e-01 8.138482385924525886e-01 1.251391259474774031e+00 8.817246384221067990e-01
1.017172529670730130e+00 1.056637878962628507e+00 1.132309100326262863e+00 7.745073752824748192e-01
7.980823089518034319e-01 8.882452206951889639e-01 1.111040200360162933e+00 9.191398019358109073e-01
1.020742989605534001e+00 8.074384508742260547e-01 1.139050388178912021e+00 8.868603934990262339e-01
8.244398091082916213e-01 8.134360861125103925e-01 9.966033642749542176e-01 1.091173277171677114e+00
8.558485609216326395e-01 8.181356466518364678e-01 1.095298192967065098e+00 9.609882545970480638e-01
7.690624966039106836e-01 8.818857834567286336e-01 1.075090385183103070e+00 1.006371555874685075e+00
8.670942372442365098e-01 9.623954019100139368e-01 1.093487010602951504e+00 9.967420429465223553e-01
1.084156161074455893e+00 1.040620408786778528e+00 1.271811776290194596e+00 8.977318695809884952e-01
8.528027677645494409e-01 9.138829014038214460e-01 1.201763699453125778e+00 1.038435620319240638e+00
8.517701026340376291e-01 7.328857464414199052e-01 1.015809143888731780e+00 8.245414143559510745e-01
9.130437747596631404e-01 8.339801255454242224e-01 1.147214163070427118e+00 7.673256493551953161e-01
1.019316910814786370e+00 9.489450818660459808e-01 1.154080038404423414e+00 1.020414408782950533e+00
6.949999225708100026e-01 9.338803497140552023e-01 1.004464130481684370e+00 8.361846066712284031e-01
9.489807520644257810e-01 7.863681419813030038e-01 1.069911172232302254e+00 8.610338952734400975e-01
8.361026167523846198e-01 9.041485663148284280e-01 1.061771517387737340e+00 7.331841320374311577e-01
9.128668185504920096e-01 9.215491964588492513e-01 1.075029207304454060e+00 9.042334479126404867e-01
9.487603312980564807e-01 9.458230123525680488e-01 1.236439199496466523e+00 7.673695868490066907e-01
7.576170445410408405e-01 9.213452962075292518e-01 1.048757005883883098e+00 8.160777157616033728e-01
8.506045392455320320e-01 8.655593434949209186e-01 9.597983502312606996e-01 8.601896715497578949e-01
7.398831951888820146e-01 9.327769641394089151e-01 1.013685077509851373e+00 9.310422270498635022e-01
9.907412296095000626e-01 8.124557092944761916e-01 1.133055460562187200e+00 9.075364719736104258e-01
9.792376326895313454e-01 1.023729033682541312e+00 1.191134001185067959e+00 8.949199022352505306e-01
7.196815024991489729e-01 9.059663197718962335e-01 1.223393026105622283e+00 1.008168926607723170e+00
9.808646727759385842e-01 9.237600134064362090e-01 1.150322365939476343e+00 1.054535721553395033e+00
8.590414697293324853e-01 8.879797465985994620e-01 1.004230382969036661e+00 1.087123102404321529e+00
7.761388155525612564e-01 8.756592866801550246e-01 8.367481157334442088e-01 1.017035050481027492e+00
7.744036477166048593e-01 9.370705788931770197e-01 1.136873790550464669e+00 1.027072121937032012e+00
7.953092280002183045e-01 7.940485788526293609e-01 1.172815031550054954e+00 9.970055753970125112e-01
7.349745426737472886e-01 7.963564242019156580e-01 1.071665667776023234e+00 9.328701432297735741e-01
7.715401546734635962e-01 8.384828071342578237e-01 9.361811127315885495e-01 1.008746758965212820e+00
7.727969411406379052e-01 9.377845308497650967e-01 1.341198210282471992e+00 9.465615631931453278e-01
8.819942981667883153e-01 8.276226017405776680e-01 1.082430999397917981e+00 9.141039818802902950e-01
8.575829694995247277e-01 1.022135686672670740e+00 1.143375780547659648e+00 8.095082517196151572e-01
8.901264573483091969e-01 8.357654599863860723e-01 1.213724704833156531e+00 1.117102045278473232e+00
8.469821289575634182e-01 8.756878821838387505e-01 1.127969159952180167e+00 8.809538746912429774e-01
8.834650123734528737e-01 9.702834898579033585e-01 1.225946269049357218e+00 7.456627862137575891e-01
7.394967332396794601e-01 1.011868594320129988e+00 9.200441931983591726e-01 8.743803178642147733e-01
9.426771552019665990e-01 1.122729416945308811e+00 1.067242270437567475e+00 9.715456921040558358e-01
8.567860805257495604e-01 8.462854845583616115e-01 1.163044321099852230e+00 8.759679376855766808e-01
7.461256585416666809e-01 7.592430925264079811e-01 1.220859476356541462e+00 9.294675875393307862e-01
9.930120511352624746e-01 9.563840664464887675e-01 1.123973528298888969e+00 9.094404669541287234e-01
6.826593902910012002e-01 9.083838490980681302e-01 9.539079119865245815e-01 9.792514586214884353e-01
8.211923869027452083e-01 8.141736058578582513e-01 1.136789804188756081e+00 1.107036290012216373e+00
9.760760046717162908e-01 9.769929913195795068e-01 1.099330680057284404e+00 7.502626823835299996e-01
9.005826725623337081e-01 8.223540431944433848e-01 9.839824471105584891e-01 1.009767772050714330e+00
9.711450027445198696e-01 8.745367546416005222e-01 1.202170552250304780e+00 9.203734776518244232e-01
7.089807947351732809e-01 9.266733595804395041e-01 1.222310091063740334e+00 9.142362292532952850e-01
8.050798423433415119e-01 9.719504999377848176e-01 1.014076474176204945e+00 1.057980259771504894e+00
8.250123662678908731e-01 9.250973772030045561e-01 1.089238034425031643e+00 8.381274073434619165e-01
7.745936545948587382e-01 8.514970822434453357e-01 1.061539722506528394e+00 9.990149019845889766e-01
7.266641656480697931e-01 9.407392108789421892e-01 1.125366787488499165e+00 8.620074449852934695e-01
9.001291271010992689e-01 8.676592036622550186e-01 9.802148513481856451e-01 1.022221834700536292e+00
9.938285479133565081e-01 1.002636118763192918e+00 1.270735941797426216e+00 7.515328282840194607e-01
8.714753419250323985e-01 6.398699976037561798e-01 9.928404639023585831e-01 8.470017700972417574e-01
9.587328182180657743e-01 7.937791567599518094e-01 9.651598844343931560e-01 9.225118723614156302e-01
8.286636971398394502e-01 9.541598756304910944e-01 1.113085942091683656e+00 9.327921101101909196e-01
9.120937255386450948e-01 7.742446075231110836e-01 1.063037666646605262e+00 1.099132447542297886e+00
8.327356015984229698e-01 7.849299023834155342e-01 1.087713320036973963e+00 1.009939497161931543e+00
9.623964895418360976e-01 9.208027964312136548e-01 9.967009487445483984e-01 8.182157385155738316e-01
9.013764748795701776e-01 7.143502248621564910e-01 9.680790880050196279e-01 8.559510555470817295e-01
7.693797993572357719e-01 8.010373463678703843e-01 1.190807708582735769e+00 8.898838080121180827e-01
1.044575246910940614e+00 8.440543612296285136e-01 1.009682376042925211e+00 8.855854869930772644e-01
6.847874152617173804e-01 8.518325891039824072e-01 8.937805725167813353e-01 7.880447255328495437e-01
9.041971320696082781e-01 1.003465609889518717e+00 1.173517346026368369e+00 9.921676621587274258e-01
9.031647168366175871e-01 8.217616339666390379e-01 9.980490531138747068e-01 9.157329312405334543e-01
8.836860955219049130e-01 8.760571612129965935e-01 1.181468308647761090e+00 9.373680154506189854e-01
8.235563663069946916e-01 9.385894402996914909e-01 1.012007476938411088e+00 8.266645658156581700e-01
9.817598172199919482e-01 9.282637385457098711e-01 1.095924528072814041e+00 8.531363630193368186e-01
8.391013564675744441e-01 7.772342151494752160e-01 9.185292693281666976e-01 9.397383861911727809e-01
7.904933223537622400e-01 8.676268571178690214e-01 1.234352668353374316e+00 8.108791095218045308e-01
9.482212567065729791e-01 1.074160237183986233e+00 1.037564074999482999e+00 8.653624543680979997e-01
9.309306173212710256e-01 8.850532560233159707e-01 1.178092015208910492e+00 9.196180617897494747e-01
7.958329462401092513e-01 9.225042228887971874e-01 1.076023460923666963e+00 8.999154701352650720e-01
7.801392806602327479e-01 7.869432787376317018e-01 1.079639928265394566e+00 9.116461636321122608e-01
8.359183764168172104e-01 1.079988584550382491e+00 9.539834896706639311e-01 9.183933841539601017e-01
1.024705460418741332e+00 9.084638519794262512e-01 1.043312334990205370e+00 6.662020181700963883e-01
8.062917474885826774e-01 9.708228421028362032e-01 1.069826130674927933e+00 9.566943225514584759e-01
9.487551536402066832e-01 7.960242420761001192e-01 1.040100822252941537e+00 7.971107754733233186e-01
7.525923486640508919e-01 9.797094949524218777e-01 1.018583156062337958e+00 8.932811695575890720e-01
7.596724927272417993e-01 7.710756553658729695e-01 1.287102423841531396e+00 9.129704729014301856e-01
9.870267229898326278e-01 8.145127179565170294e-01 1.081113976836169943e+00 8.294326032199880183e-01
7.783128859682674205e-01 7.196393780826708664e-01 1.055587918831993433e+00 1.011813333546111693e+00
8.263890714793009629e-01 7.808362817164767877e-01 1.062903928388446939e+00 1.015072721986849169e+00
9.283398368119899491e-01 7.006466224629445128e-01 9.564237911558205463e-01 8.528735765396688873e-01
7.855952664606522529e-01 1.000890186694647577e+00 1.249132105329479492e+00 1.022316718228271748e+00
7.263821108703437668e-01 7.156125118296167154e-01 1.063570403496956862e+00 1.085091579002619433e+00
8.978019576054744322e-01 7.603745862885467055e-01 9.205750331635732531e-01 9.460208975513111351e-01
8.160506573037578093e-01 1.038856912749060779e+00 1.168759830925079068e+00 1.016636566601856195e+00
8.951070300793733114e-01 8.396341379671269367e-01 1.103609227378051783e+00 1.053428782611208536e+00
9.271251235738139362e-01 8.772365559654383693e-01 1.185585031359628561e+00 1.023064173671713872e+00
8.974811175910891725e-01 9.036975686741578473e-01 1.112023734045454848e+00 8.241781836712676057e-01
9.902071906085407882e-01 9.100331235957982434e-01 1.262414618541757294e+00 8.400795848165326651e-01
7.574902712783297964e-01 7.283789337801174213e-01 1.058484168941082437e+00 7.821311740949117297e-01
9.643168798049042145e-01 7.711548969222907779e-01 1.099503136517256507e+00 9.096521649185186353e-01
7.794211333986587054e-01 8.769934944077740768e-01 1.020576811081415070e+00 8.999089793420897987e-01
8.354409907281358239e-01 9.133170637665671832e-01 1.258255519944283973e+00 8.573977763104132510e-01
1.125934050924579877e+00 9.248918237172316648e-01 1.198742983855686228e+00 8.711055052765008799e-01
7.447216466971988691e-01 6.715369300985282175e-01 1.074190319275313721e+00 9.584497023504737756e-01
8.696280281949969604e-01 9.298366703788846221e-01 1.192653949499566490e+00 8.483768829642818199e-01
9.925783833768303532e-01 9.579669576705602818e-01 1.295701209704676948e+00 9.192119900140712785e-01
9.258532116232653930e-01 8.106959573202713321e-01 1.030477837101032801e+00 8.241295511401866003e-01
6.779782706883136223e-01 1.040274678217167459e+00 1.018802894188150843e+00 1.069537711522118517e+00
8.688422442447266691e-01 9.561654806663847372e-01 1.055145269551641896e+00 8.655800201269104877e-01
8.699713021475916630e-01 9.390774700444060041e-01 1.002403752398112191e+00 8.151682888594101728e-01
9.245843635321799869e-01 7.139115252410032086e-01 9.619089827121386493e-01 8.651062368296031924e-01
7.334434159216998150e-01 8.816747897444447979e-01 1.113556258982573377e+00 9.827240891500531594e-01
8.731701787692658367e-01 8.268829693884111043e-01 1.154804998324891141e+00 8.768913785466608823e-01
6.752337011773936748e-01 8.599835067719836523e-01 9.412376353273147478e-01 9.345663551918471645e-01
1.017950207718842925e+00 1.015987510918451520e+00 9.859687826479706096e-01 1.026890375402860878e+00
5.489209540172595991e-01 8.626681002571539025e-01 1.031398216966904924e+00 9.135060925305731327e-01
8.237312091766286759e-01 8.887295076651062775e-01 1.334277926643787859e+00 8.929272905672966942e-01
1.019270177432936686e+00 8.828375969030279879e-01 1.056377241869897121e+00 8.656129569035018179e-01
9.198953480856949527e-01 9.302761613965907506e-01 1.061489225100145095e+00 9.763662084319565393e-01
6.438409533354459979e-01 8.387839484581504079e-01 9.242574765550105598e-01 1.003286501617040472e+00
6.702279055858795243e-01 9.497302874879441914e-01 1.049566323211331031e+00 9.857606353720328451e-01
8.876648534125818335e-01 9.816708733085559579e-01 1.107824175656281884e+00 9.804178560574118295e-01
1.216658520227564377e+00 1.092578368216822637e+00 1.211748593521901007e+00 9.041350248034328851e-01
9.816225282398298724e-01 7.359326487666884020e-01 1.271058999933508904e+00 8.814094445450383342e-01
8.589893417069554005e-01 6.950163092612371418e-01 9.594055876222618018e-01 1.090451107327343294e+00
8.213939491224243605e-01 9.404205599995067999e-01 1.099869677922115319e+00 8.643715671039777781e-01
8.037721759771825347e-01 8.218807084045451905e-01 1.093903848325911810e+00 1.026595714657559499e+00
8.411406580688968182e-01 9.562556776232600253e-01 1.024749117750055616e+00 1.052561485793594986e+00
8.709854188852167445e-01 8.168749629434257642e-01 1.199563588021439475e+00 9.509223717071721982e-01
9.317937242616050053e-01 8.112862751147643658e-01 1.201305416373202206e+00 9.326854902086906263e-01
7.704906139327508674e-01 7.380427612717935792e-01 1.112533092232674381e+00 8.041181084650016464e-01
9.185214630237985567e-01 7.820143525636192861e-01 9.075122139828153411e-01 7.900471062268877853e-01
8.134217786781162696e-01 8.265140594227298187e-01 1.080146795085508593e+00 8.652181999857578854e-01
8.691320593818573359e-01 1.007668817010600737e+00 1.166666914892067863e+00 8.306933570699249758e-01
9.342714357888950438e-01 9.264787104786815775e-01 9.845404415860293801e-01 9.352331066667803894e-01
7.989947531388460478e-01 9.784788963579403864e-01 9.699759296449724788e-01 7.395259666233107154e-01
8.455208918051235756e-01 9.206175320554298436e-01 1.089424377369250241e+00 9.375792214769254063e-01
9.156494843656625138e-01 1.042393775931619082e+00 1.076419275965440736e+00 8.363811634834150688e-01
9.726214127407908361e-01 9.281098709374703271e-01 9.890150988338849425e-01 7.594179507266289875e-01
1.065553376566679367e+00 8.930075451976223766e-01 1.300643147607186023e+00 8.179050518739906517e-01
9.222025385944624398e-01 1.039893321785459568e+00 1.255001015648415708e+00 1.010498242060070995e+00
8.377862842257155496e-01 1.108594388949677212e+00 1.009476005617082839e+00 9.555460023480649712e-01
1.046100784589626853e+00 8.734006947343556648e-01 9.777724732085690817e-01 7.455748255435159511e-01
7.367498621830720351e-01 7.906268781978320614e-01 9.521649772856024541e-01 8.985429113068827967e-01
7.141654453651847811e-01 9.070631529465357223e-01 1.103302877199455301e+00 8.909940067083806925e-01
8.677020707209602834e-01 8.587718449585023395e-01 1.403390777522300237e+00 7.881907057430256325e-01
1.077680295451948655e+00 8.155050170839526213e-01 1.056875590806466647e+00 9.133525878027766165e-01
8.881140237628351031e-01 9.412672113482837277e-01 9.777553451311005173e-01 9.514203682473336698e-01
7.729125453924097222e-01 9.415342755507063455e-01 1.218315464489577282e+00 9.938584270994272885e-01
9.987770159642627155e-01 9.421862091629450431e-01 1.019661714756290971e+00 8.134680864695145175e-01
7.039021074820084323e-01 8.605951570539193130e-01 1.076369069133817469e+00 9.741632526792771696e-01
9.094173132991411057e-01 1.062754961986955848e+00 1.074855763766548122e+00 1.054366719700199351e+00
8.762978390968341191e-01 1.000808405005754853e+00 1.111994255962654332e+00 9.228932511749714518e-01
9.726822252643484434e-01 8.269380304850797447e-01 1.104995989353493302e+00 9.953778241612870614e-01
6.456099993184426511e-01 1.011613354491231798e+00 1.078071677204093914e+00 1.019694886114049126e+00
8.275550174646308932e-01 8.629317314466343758e-01 1.191544286089003535e+00 9.895955868343474515e-01
6.913895912235286101e-01 8.597017046843007382e-01 1.022488207688210471e+00 1.057713668657509931e+00
8.432206455352037056e-01 7.804749396731183175e-01 1.024268697069123046e+00 1.107218725664801173e+00
7.925972841895541077e-01 8.436003947621998345e-01 1.020450472265248987e+00 9.207421132830373445e-01
8.461196015371456047e-01 9.521028656352603647e-01 9.960458575996796737e-01 1.036990559500720499e+00
7.678244228888009282e-01 9.757901757788922659e-01 1.142211250506460329e+00 9.832996770827928668e-01
7.340831812048349558e-01 1.130234709482744737e+00 1.049170248675447503e+00 1.081055608394689393e+00
1.011036634253946076e+00 9.581376121018795322e-01 1.088737706123706905e+00 8.062024979869102381e-01
8.211394737931657639e-01 9.331884851789024049e-01 9.658057840053471121e-01 8.885847233311076065e-01
8.545202709664410090e-01 9.136262474406925405e-01 1.075733137256351002e+00 1.082393357018883062e+00
8.109911071612330158e-01 7.148385319600432108e-01 1.058218747676443083e+00 9.571504031082630481e-01
9.367966294145574357e-01 8.690680857539101467e-01 1.118810178073608164e+00 9.665103125741606460e-01
9.110327116387910706e-01 9.118830403163471487e-01 9.243131211020174653e-01 9.545989674005432857e-01
7.760577556627555884e-01 7.852789366782235714e-01 1.108415122140189668e+00 8.122455575064077005e-01
7.631260561807268195e-01 8.570791827164313537e-01 1.065533369328885760e+00 8.371126144334589680e-01
7.871876836476759953e-01 9.388597126597248987e-01 1.029159096074843571e+00 8.207241158745273157e-01
8.059642626505896246e-01 8.933069465448169044e-01 1.171113670345439450e+00 9.530657935057557095e-01
7.193543951748757603e-01 8.617740290486056720e-01 1.135469051681951225e+00 1.028308681198961239e+00
6.934615966025343692e-01 9.023024727525691402e-01 9.667091472322068002e-01 8.818989878531938720e-01
7.368803232924658886e-01 9.422500376286082613e-01 9.912078253791453131e-01 9.204706506765960583e-01
7.349745220339743978e-01 1.036914340197079731e+00 1.129357370112485492e+00 1.011397652437512784e+00
8.749556925755713754e-01 8.650523287215342583e-01 1.051300454327457778e+00 9.040491765320163298e-01
8.846968629194393863e-01 9.469935495040360252e-01 9.660063319032312634e-01 8.072007508651068974e-01
6.900735397296259288e-01 8.105452558586703216e-01 1.159390193705022387e+00 9.198693937771940110e-01
9.250126164284783181e-01 7.295788100846380964e-01 1.287577807026294430e+00 7.164010702090060079e-01
7.849450750116770958e-01 8.854703535672884263e-01 1.069787199598133176e+00 8.452441517572965024e-01
8.091084183054274570e-01 8.529994130048899059e-01 1.199178185549993003e+00 9.409529569140886451e-01
8.115948902146391530e-01 8.335675252712431149e-01 9.233019512786710958e-01 8.915569640141735031e-01
7.128212432931096965e-01 8.910944647100719207e-01 1.113482025620648574e+00 9.462878870399499265e-01
8.235655654816498306e-01 9.240484022963986188e-01 1.088985991557366972e+00 9.467516491037902826e-01
7.784024216570019084e-01 7.727809599720412148e-01 1.071987103069727443e+00 9.107451254851803846e-01
8.902533565970724982e-01 8.973086534879854970e-01 1.044503353980179572e+00 8.668493394546379349e-01
8.509833454585779000e-01 8.539159286147437466e-01 1.013984280951003569e+00 8.847457927171429315e-01
8.574712223268436961e-01 7.950575286981649281e-01 1.096967721748755009e+00 8.661765104094648615e-01
9.472668167929446659e-01 1.064408368849675046e+00 1.054434594156480109e+00 8.514920315346098389e-01
6.689144764438471613e-01 9.284695998769068037e-01 9.267134864248740556e-01 1.049911155246538108e+00
1.045082859605223513e+00 1.132922565752054300e+00 1.348114010983764155e+00 8.470590333924443716e-01
9.796312289762483250e-01 8.263415435532500686e-01 1.101342987173892451e+00 1.065514596753994736e+00
9.350580207106087283e-01 9.341376009488142618e-01 1.152119516306724822e+00 1.151577706600274809e+00
9.856952178329528858e-01 8.112095754662408398e-01 1.203542606159492712e+00 9.105448865074251552e-01
7.743610316450091346e-01 8.888001219372413386e-01 1.015281548795045952e+00 9.300300424586349646e-01
9.238372452534755475e-01 8.466426039533718750e-01 1.014707307822336535e+00 7.725057558846525341e-01
7.583340999103374003e-01 9.423052167025406378e-01 1.117062677818883909e+00 9.635240792413914956e-01
7.651783182559613872e-01 8.737039160153156070e-01 1.126213858095088227e+00 8.159574192110373714e-01
6.772324616828409027e-01 9.387523476239764131e-01 9.974106069564174781e-01 8.784985490885350856e-01
8.472700233826124805e-01 6.690553878760131523e-01 1.041669996401843878e+00 9.394411648087258593e-01
8.972545676181359342e-01 1.096348544554508697e+00 9.662035819529463110e-01 8.832742262301669367e-01
8.874571876342837173e-01 9.126397797040545212e-01 1.194671822802858330e+00 1.122121711029151259e+00
8.340949913248336678e-01 9.114214390268927657e-01 1.019968069579540115e+00 8.144190492715663865e-01
8.975988166589115025e-01 9.352313639193794437e-01 1.089294629612366450e+00 8.765723281427827418e-01
8.211115995066302631e-01 8.612729212363291476e-01 1.037931318763901434e+00 9.712371728134597815e-01
9.033864985448011309e-01 9.754612449848291122e-01 9.589438169541314450e-01 9.307238727864065586e-01
8.651306031087319104e-01 8.766813045948802507e-01 1.059667180074651105e+00 9.573425752303715841e-01
8.323382276177985206e-01 8.410637543782937264e-01 1.120574584724002953e+00 8.906894142759052002e-01
8.159149805916176001e-01 8.373953933703984776e-01 1.155790188517916484e+00 8.247946688816024663e-01
8.817082987145560269e-01 7.135723993175868696e-01 1.280953075020268450e+00 9.497217107773411326e-01
1.031259787530758310e+00 7.814036833476120103e-01 1.165171010300170451e+00 9.546816700977559522e-01
8.974418758376229155e-01 7.253247765689501136e-01 1.081412461970849836e+00 8.852178667575926196e-01
9.577562785192146322e-01 9.512141323603798826e-01 1.065678451969950480e+00 9.946156402851703549e-01
7.662679765014173139e-01 7.082525719911995088e-01 1.046933815966143433e+00 9.258045880154333052e-01
9.264888886663990020e-01 8.958301674531360392e-01 1.025732419509368665e+00 8.468158929679114877e-01
7.815817937088505030e-01 8.262171976561697440e-01 1.181641951876580832e+00 8.844849412198628746e-01
9.224988964558569204e-01 7.946376540600582628e-01 1.145012003522341448e+00 1.063267027497065920e+00
8.498676286183050044e-01 8.752865422123202732e-01 1.063538525480919317e+00 7.619852247571522463e-01
8.798512254889691020e-01 8.566942219707632811e-01 1.105828030762628478e+00 8.626513626991711980e-01
7.088344300670664788e-01 9.028762167979454967e-01 9.648269621057116163e-01 1.006872518719971854e+00
7.382211623103587250e-01 9.616179336961384605e-01 1.251678302441977308e+00 9.608154981106887815e-01
7.438783698903470576e-01 7.564115105560133001e-01 1.166863964063864945e+00 9.159181569101871867e-01
8.733256828260099747e-01 8.102733800981085643e-01 1.142959146188303521e+00 8.729920115174226725e-01
6.968990219659393359e-01 8.760721056077749314e-01 9.962805037775070982e-01 8.098980691439876534e-01
9.251801245999674572e-01 8.677973203007595115e-01 1.014835169647563928e+00 9.839884253486173016e-01
8.586323750901372343e-01 8.305520501049155069e-01 1.208408000771291846e+00 8.785893841251664060e-01
7.868079882747732734e-01 7.827670298349127531e-01 1.071279174412550050e+00 9.781502044198645551e-01
1.113226496482174310e+00 1.048611936007596279e+00 1.221798393619017764e+00 9.517893474732681547e-01
8.456515949050958936e-01 7.762474162631052277e-01 1.170684602814042075e+00 9.127448984088003536e-01
9.769036142387343968e-01 7.438433080075961268e-01 1.077763670084345149e+00 1.005507931818194978e+00
9.148733360466833053e-01 9.270104402957595191e-01 1.149718157914485506e+00 8.761874880819434663e-01
8.837590560310915055e-01 9.634335160927289810e-01 1.091867958649492598e+00 7.695872406885782002e-01
1.015960130031511310e+00 8.352361344707937008e-01 1.010620328802717127e+00 8.876946835389033508e-01
8.208682410246556094e-01 8.471096964147206698e-01 1.220662765454803900e+00 9.811348313437726620e-01
9.070390817000746342e-01 1.034502680177667111e+00 1.219682754311435025e+00 8.565598070833028155e-01
8.795842596664681379e-01 9.211812452047966060e-01 1.168277588118802557e+00 9.159788816124450062e-01
7.729903008384609864e-01 7.954902534234998823e-01 1.214969872084513014e+00 9.053752811786174304e-01
8.576228998775851098e-01 8.122363409432824533e-01 1.090782325903178807e+00 9.697472683984953434e-01
8.048039932677651942e-01 8.225133152959712701e-01 1.060360945472980987e+00 9.602624543699992410e-01
7.722061811085109140e-01 8.558502510421598375e-01 1.067825282601269299e+00 9.030791735005017085e-01
9.853049063895328308e-01 8.886402645917805820e-01 9.657879190320903806e-01 8.689149709085999262e-01
9.325986831015455891e-01 8.693619357689740257e-01 1.019243380672084420e+00 9.332022167046000183e-01
8.233706772748602409e-01 9.784623128589627905e-01 1.299009267340177853e+00 1.058127216451548058e+00
9.143910617120036832e-01 9.029677330924168466e-01 1.042052291478587245e+00 1.175645626749608041e+00
1.205366164651960892e+00 8.070413844286732363e-01 1.066893253084656878e+00 8.855715011183621366e-01
9.501137629875944235e-01 8.763066424706872359e-01 1.131457861723878633e+00 7.332803948654753601e-01
7.871300406321134480e-01 1.024668658896627171e+00 9.441067893118431087e-01 8.311901678276548688e-01
8.251347913269988510e-01 9.097682771726185447e-01 9.917810782919180834e-01 9.866745969751750112e-01
7.071066970284594078e-01 7.324111965645457856e-01 9.368554978039863590e-01 9.944496395661797106e-01
9.149943918179451741e-01 1.113426751551596317e+00 1.230522212766476331e+00 8.818366913357619241e-01
7.326364752712015704e-01 7.856444820805759122e-01 1.057905319717570070e+00 9.970332381708015834e-01
7.576447987766701253e-01 9.696221362470039962e-01 9.460222348043959562e-01 1.026122621588535511e+00
9.029058584916279662e-01 8.731193154119173405e-01 1.139674469132703205e+00 9.603065487213606755e-01
8.707551106186592893e-01 9.971769262232501596e-01 1.198141919273820077e+00 9.018401557069876118e-01
8.649693898026974415e-01 9.259547584249845364e-01 1.040654987550204025e+00 9.011584585588217067e-01
8.787575383762938896e-01 9.073096976974999173e-01 1.116843821873406917e+00 9.964436686111456387e-01
8.260387020545745251e-01 7.564957739853240826e-01 1.067253923728815890e+00 7.808047286672946674e-01
8.371953450422227050e-01 8.918632311231919907e-01 1.120461862717559764e+00 1.132044840874041114e+00
7.729348787351728589e-01 7.799467064602467747e-01 1.217884570477138828e+00 8.078413658210154003e-01
8.602321730231643482e-01 8.293505474860977111e-01 1.066547009952257374e+00 8.502349175376607837e-01
7.513865345698064191e-01 1.125668996089234097e+00 1.193653547132385695e+00 8.204924302119653845e-01
9.460418120326837821e-01 8.652886734384166445e-01 1.102953343007327280e+00 8.933295988809949462e-01
9.509599308407981066e-01 7.626158484195094678e-01 1.050265764133419433e+00 9.899526975506844906e-01
7.518242865038358147e-01 1.054283366318359283e+00 1.058986289013084559e+00 1.017121925665305460e+00
7.349429522326299535e-01 8.410327616151535013e-01 1.007656108957483365e+00 9.637054979920167685e-01
9.818254929778198470e-01 9.698011277891614990e-01 1.094045488000745969e+00 7.999872645531223014e-01
7.423699192799131374e-01 8.530833063291476392e-01 1.020487715382257354e+00 9.190772512785584381e-01
1.024551153998154884e+00 8.258964733225986343e-01 1.129471441556358258e+00 7.855390746595108942e-01
7.559099607475122662e-01 7.979903168106997624e-01 9.797959382412203544e-01 9.995042689621116416e-01
7.021792568644052990e-01 9.517696443467780210e-01 9.813261028047116641e-01 9.585359762042655607e-01
7.526960675567043735e-01 7.246456612616903881e-01 9.317399222481218546e-01 8.942516742437457422e-01
9.177101441941062365e-01 9.036881807786952825e-01 1.197118756262671946e+00 1.016626039856276531e+00
8.917548277993553318e-01 6.844652860294940799e-01 1.133397363835810134e+00 8.486180729331280759e-01
9.232259431014437912e-01 9.043849389839359043e-01 1.164685573600630297e+00 8.979733200403429150e-01
9.032231545479887380e-01 8.471991028720807781e-01 1.149218084851512334e+00 7.691946930536321947e-01
9.518827116281759482e-01 1.040290125227018470e+00 1.127660291138269377e+00 9.179203536454741963e-01
8.932880891571758353e-01 9.470502792021265881e-01 1.163808845898488764e+00 8.597482658988941928e-01
7.547111437711006010e-01 8.699306970523484894e-01 9.318842181742674757e-01 1.015064964393284308e+00
9.220691773095671673e-01 7.796186017757967823e-01 1.058559294551533192e+00 9.618387338728734415e-01
9.853755046033823017e-01 8.221977455981273053e-01 1.066590932481107146e+00 7.686437460899915308e-01
8.661161409267956746e-01 9.411418241301886534e-01 1.137393044877661907e+00 9.826229047641543701e-01
7.206051412982408255e-01 8.588224157414396931e-01 9.673454180194041019e-01 1.029110281624995293e+00
7.422227591250779577e-01 8.497365055570920145e-01 1.210986932262722693e+00 1.103250461709987862e+00
8.508577027721165864e-01 6.628723164883912888e-01 9.683329877835542554e-01 9.231646344276047689e-01
6.942883474373774400e-01 7.184403665731196043e-01 1.007181355232946052e+00 9.159430071530292317e-01
7.665841913569685362e-01 7.537338488207609988e-01 1.155619532042402531e+00 8.872269716497797054e-01
8.166069568334382023e-01 1.053197914398201762e+00 1.045491791111304858e+00 9.397014262298942766e-01
8.354872246577219608e-01 9.505018890339792526e-01 1.066669529133279726e+00 8.938848422736647148e-01
1.074861755764972227e+00 1.026659924877918018e+00 1.244673984757963536e+00 1.031701035383018272e+00
8.272929048307560151e-01 8.004679916662973405e-01 1.128196325771700481e+00 9.617910469907878790e-01
1.051138227240866696e+00 8.932833996646711849e-01 1.071940384086763842e+00 9.637810720889880001e-01
8.962177485764575291e-01 8.715377244710311722e-01 9.370956734782325270e-01 8.160327864809515663e-01
8.124255451983909415e-01 8.937755681354404569e-01 1.056956553172918589e+00 9.572668938301989172e-01
9.571304695405717933e-01 8.819705422567106767e-01 1.127391919543918819e+00 8.630500237257444640e-01
7.961962948350064240e-01 9.228881651047389223e-01 1.239743820591492796e+00 9.127714869340436410e-01
7.770738989624880189e-01 8.306021490426954701e-01 1.063408036020768943e+00 9.641016781682508752e-01
8.728830161367603369e-01 8.072124455467487580e-01 1.117938077971688093e+00 8.680240726202107515e-01
8.382650848415201805e-01 1.003885129356424821e+00 1.170585554036197573e+00 8.492239744898459897e-01
8.425878446493698659e-01 9.249174440437778477e-01 1.216735643101463316e+00 9.129766324071107997e-01
6.046415456086250417e-01 8.681966100187999968e-01 1.009969353776261736e+00 1.005404001484273557e+00
9.398284172317257212e-01 9.877195787331333188e-01 1.188508162226963982e+00 1.012835969569126471e+00
7.417640010515714755e-01 8.686577401313636537e-01 9.931827371547461425e-01 9.015986524049143247e-01
1.057795338495704840e+00 9.505122551061452318e-01 1.066933980535450965e+00 9.884329492377748050e-01
1.020537263310509868e+00 8.047672618235182096e-01 9.413642332995992845e-01 7.914051028596582604e-01
8.271202402888007121e-01 7.704270581550488606e-01 1.108692569475659084e+00 9.290564311262577979e-01
9.296467101476083572e-01 8.391775792076440199e-01 1.132518298289024727e+00 1.108345430014961108e+00
9.011739362208730508e-01 9.455761587813265034e-01 1.058447299772163896e+00 8.201722664978554622e-01
7.778567402079437088e-01 7.045080784499998527e-01 9.289155693396974334e-01 8.717380691981329033e-01
9.541347844333156747e-01 9.087049956113418814e-01 1.140294597620231443e+00 1.007648895979976311e+00
9.349917036964872086e-01 7.443675351475851354e-01 1.145569929167297385e+00 9.416671089093910929e-01
1.016070887083835750e+00 9.242079926724962036e-01 1.119944508205301004e+00 8.187368657898513868e-01
9.041712695428752999e-01 8.926732383201336773e-01 1.118393005597251078e+00 8.459101010733487414e-01
1.017662341714451024e+00 1.060233582704525723e+00 1.190188572822905799e+00 1.037067129752861305e+00
8.801435469896264907e-01 9.167879128642189013e-01 1.113718346784684954e+00 8.614124501456961180e-01
7.475811163082688449e-01 8.863018116586606210e-01 1.051887391891123569e+00 9.898972573575889333e-01
8.780613690521645864e-01 8.559269202547713506e-01 1.231667937682630720e+00 9.872561662735116483e-01
1.048127674848380542e+00 9.990331621206071100e-01 1.078599315661728841e+00 7.804075663405414254e-01
7.782823326173873291e-01 7.765067162430818737e-01 9.163715040950827229e-01 1.096225754008890663e+00
8.006627629402015556e-01 1.010460852039377855e+00 1.096848339974215936e+00 9.696990249781474169e-01
8.526758025080248826e-01 7.749633121230427024e-01 9.536017994078643811e-01 9.127921615538706623e-01
7.801792278690073967e-01 8.849510901016052200e-01 1.050823363423715628e+00 8.912184622002208290e-01
1.025708439245505144e+00 8.204488918466956715e-01 1.202291414303762629e+00 8.514004848768106370e-01
8.731559937912354297e-01 9.143951615639863695e-01 1.114872007699209799e+00 9.669163894856471764e-01
9.906340341078163636e-01 9.525095581251152854e-01 1.017385997954075361e+00 8.060482310339585066e-01
9.016321267050354527e-01 8.975567453644593963e-01 1.122921191848741174e+00 9.011587851329104781e-01
1.065113173332705054e+00 9.110093754192488680e-01 9.571740073367247525e-01 1.045024404461024625e+00
7.121623852534965105e-01 7.943547387367734247e-01 1.101228386439687013e+00 9.858707460388034249e-01
9.026970552587434415e-01 9.604576339810592112e-01 1.012594745310457123e+00 1.041590277528178232e+00
8.189065690050489899e-01 7.394853654388546804e-01 1.046247503066825901e+00 9.303480166800800477e-01
7.873407521040528545e-01 9.505650572518585806e-01 1.112852400754656079e+00 1.075053169023771238e+00
8.843960313354279901e-01 9.612335040680771714e-01 1.193924495610628300e+00 9.263001880933446897e-01
1.096461315471609410e+00 7.243010828661623490e-01 1.162705308553281025e+00 8.222930828636838552e-01
8.558866653585919249e-01 9.288320642152385620e-01 1.122703733142953242e+00 1.045643577635508192e+00
8.861766400254542653e-01 8.066309701883843664e-01 1.099408565463548371e+00 8.336828808469158858e-01
8.866625476245897364e-01 9.270075466161781241e-01 1.142359940892061054e+00 8.794008171047685840e-01
8.911504900793241202e-01 8.579940502640472921e-01 1.265737171424888841e+00 9.881156731623502720e-01
9.195761279324911053e-01 9.893339969359883357e-01 1.034623401278189414e+00 9.515929189206031591e-01
8.415103838215273191e-01 8.176827569917147764e-01 1.172319571700978003e+00 8.559424939677116040e-01
7.486122924692517611e-01 8.661936121326604399e-01 1.003942628667505499e+00 8.807017583662380966e-01
7.820092394843183303e-01 8.537059503677957295e-01 1.154516439273980177e+00 9.595383171530272870e-01
8.212039944495019839e-01 9.185834846320068969e-01 1.228039413596693663e+00 9.581523263190607764e-01
7.821665998293042543e-01 9.464806551695493786e-01 1.073458639669323311e+00 9.707804876571365371e-01
7.882203382834197525e-01 7.695617938773758882e-01 1.224720451596023052e+00 8.961404766465723704e-01
8.746218421202226478e-01 7.905554363744515811e-01 1.041844299606378588e+00 8.797366468097442826e-01
9.936413491002357157e-01 9.937847349837850564e-01 1.192667845931731252e+00 8.780754594700127535e-01
9.009538658614915096e-01 7.960036322194877778e-01 1.031896270137514504e+00 9.547776004907024827e-01
8.717857206534337378e-01 7.540906169074448329e-01 8.712737026958488062e-01 8.369236736744962712e-01
9.926245200884357134e-01 9.732626532595627378e-01 1.092190320450027174e+00 9.462154269030619291e-01
9.268328970718335835e-01 9.101231334434206621e-01 1.223638813351943799e+00 9.554518971373430203e-01
8.553708482640453026e-01 9.462786126195823488e-01 1.265552503805461138e+00 1.016179883549207075e+00
1.074221813966242056e+00 9.059607485449983066e-01 1.140939347607486942e+00 6.859357385720161737e-01
8.882798539045300146e-01 9.388762047976635383e-01 1.037722471459759710e+00 1.028349266875457690e+00
8.312635853790228957e-01 9.509450024457862805e-01 1.145856136130213088e+00 8.425709168162588414e-01
8.257644464696850539e-01 9.239625086030477386e-01 1.060017541723575540e+00 9.017637307681695136e-01
7.204357720440027757e-01 9.402173888024937254e-01 1.250552716332916203e+00 8.684657329385111479e-01
9.568290383786817177e-01 7.918660649309375854e-01 1.036704492676416844e+00 9.157818986689743035e-01
8.375863292392885517e-01 8.885158318989343496e-01 9.737659932611981706e-01 1.130631803299293248e+00
9.941150113854507753e-01 9.824391376784918917e-01 1.001701119702603116e+00 8.352762254872757586e-01
8.712486675220869614e-01 7.981075993871280527e-01 1.036951768547575092e+00 9.735891514876223729e-01
8.263066336043217719e-01 9.979785497825948148e-01 1.183774318428345795e+00 1.134006522854330123e+00
8.595590955618216400e-01 9.352483625950972490e-01 1.226884543203588862e+00 8.863561428363003758e-01
9.926880012354720728e-01 9.157376618814154767e-01 9.997141848573721790e-01 8.476792693122652267e-01
9.998631018324315445e-01 6.755605491190157519e-01 1.083437766149230930e+00 1.024366235176474849e+00
9.422837706589596296e-01 8.228680606579376056e-01 1.243038331418517606e+00 8.877223130373497195e-01
8.287627802308763503e-01 8.716738632955035593e-01 1.125881278375830963e+00 9.816424674838569731e-01
8.748414048158683620e-01 1.026468370657162676e+00 1.142840698565175117e+00 9.494175990066648918e-01
1.037165435950144321e+00 1.026235922289064462e+00 1.250110333664752327e+00 1.116464212777386500e+00
8.194743107169425445e-01 7.600680699760832271e-01 1.077032416615519850e+00 7.773937351130115747e-01
9.824704283687772932e-01 9.727207623550131466e-01 8.602254921586930392e-01 8.391180441511247867e-01
8.816648020739421554e-01 8.997403655941794698e-01 1.149612834872050238e+00 8.737593566875476725e-01
6.372745685566789664e-01 9.186422796741275931e-01 1.001670381149712075e+00 9.479033124181579506e-01
8.859399470705933144e-01 1.009327347398053965e+00 1.172036255060379117e+00 1.071542202606849514e+00
8.282145103045115420e-01 9.594801410061699620e-01 1.025716150291254625e+00 9.377513368009319228e-01
8.858675223581558011e-01 1.039915746440826183e+00 1.162789068792901892e+00 1.058221604504288260e+00
7.302573755213759288e-01 6.867712557377292359e-01 1.124976376184365856e+00 9.465307520965918764e-01
7.802539919051516559e-01 1.068970039888581303e+00 1.201208519387876539e+00 9.048021592970850735e-01
9.500983522413564142e-01 7.676810695356007797e-01 1.001283924811031456e+00 9.040245528294430510e-01
8.439515208580185002e-01 9.491999451426336165e-01 1.131888277315796998e+00 9.469923916506378658e-01
8.246973620810198469e-01 7.913695778698286443e-01 1.178472271877597732e+00 9.596788305833763300e-01
8.128962720779601137e-01 9.801139663517512979e-01 1.160216765209673984e+00 7.543019511928452658e-01
7.595251168208176917e-01 9.370553143016668862e-01 1.101446065834852384e+00 1.039029284427577249e+00
9.222078067069514606e-01 9.711944066564976996e-01 1.081956552281109207e+00 8.204210833810404724e-01
7.100993249751282876e-01 7.592600692943660690e-01 1.139829767026785401e+00 1.075502749047058337e+00
7.787805656430156764e-01 8.458721282362933191e-01 1.090763257197294944e+00 8.739390331953804658e-01
7.954263994602106536e-01 8.724318260150311088e-01 1.234583853435248901e+00 9.312232803884047394e-01
9.737632007791849897e-01 7.865198125208676672e-01 1.133311355085282024e+00 9.087904211485209327e-01
7.506704531287939908e-01 9.756200078069876547e-01 1.119557915574336038e+00 9.748344427272757073e-01
8.616821389346172033e-01 7.609428231400826581e-01 1.088686630752075502e+00 1.087886263509808993e+00
1.038162781535020507e+00 9.074522224152609118e-01 1.113521707701044416e+00 8.129532017965823698e-01
9.371403309661584524e-01 8.706382932819993758e-01 1.077225373050498369e+00 8.923082621012463633e-01
9.149981822001236331e-01 9.717872243309930713e-01 9.985154227687451645e-01 1.032373204098475883e+00
7.605999270678774904e-01 8.435167676108611401e-01 1.105694046077981829e+00 9.842750364465041590e-01
7.253162716709898872e-01 9.953225318419485212e-01 1.031947443775812934e+00 1.068716310671137482e+00
7.368731064871029135e-01 8.263542420150370438e-01 1.143244874454188320e+00 1.008993023395687638e+00
7.901552937874879445e-01 8.834122761706073579e-01 1.141870399589457019e+00 9.065450316786944907e-01
7.752837292567629213e-01 7.903929271265646150e-01 1.121075744669641105e+00 8.783764675464731386e-01
8.085964717961890980e-01 1.039042573155401827e+00 1.164469529039227735e+00 7.921202533210104368e-01
8.878515949469820701e-01 9.576827134104400896e-01 9.961311357636797315e-01 9.376616200708910442e-01
7.454800547804337763e-01 9.169099721043304507e-01 1.123185041406854934e+00 9.472771601722058676e-01
8.470723849361695423e-01 8.620167642540894626e-01 1.112727499880726612e+00 8.460394452820588773e-01
8.458992911647685853e-01 6.261920871074655448e-01 1.106985612223996274e+00 8.563976640699361154e-01
9.391090577086333990e-01 7.750058005540642059e-01 1.108431065695960172e+00 9.305366675174595592e-01
8.296684422269914316e-01 9.469733422644868170e-01 1.234371201683698960e+00 8.199940693206341225e-01
9.283856998385368042e-01 9.461113874689414116e-01 1.157274574756580021e+00 8.696375321160902949e-01
5.818201643178062543e-01 9.575901122280064959e-01 1.298629654742055717e+00 1.002103424593924874e+00
7.666273757052383120e-01 8.094669950370076972e-01 1.077835469717130401e+00 8.506349957749539392e-01
1.130456356142062413e+00 8.846996849837719390e-01 1.180426134921683579e+00 6.842375975163151880e-01
8.840878734549734164e-01 8.878178645731006347e-01 1.096245345112394132e+00 8.673271792475925057e-01
9.061633212180684183e-01 9.632048836935536151e-01 1.002110274687182390e+00 9.338410041688766094e-01
7.417854733390286670e-01 8.722968654570729674e-01 9.892271655194149194e-01 1.116834891496525151e+00
9.102465773698690255e-01 1.003214345414317199e+00 1.234784912187370409e+00 9.945170928929469856e-01
7.834015296120003802e-01 8.810705821778680447e-01 1.358295293760509281e+00 1.068635308196544287e+00
8.505522480535833152e-01 7.720518341218833847e-01 1.104925221641135380e+00 9.049645564526244135e-01
9.808472207107905572e-01 7.957900874786942857e-01 1.234257276089591349e+00 7.965301983897974392e-01
9.321102618497451031e-01 8.369602960552241511e-01 1.001671125554952857e+00 8.186650498785309482e-01
8.262168580570711240e-01 8.324153199600237141e-01 9.613573806912488751e-01 9.112255984775351481e-01
1.047953292538597481e+00 9.214844702208040417e-01 1.151869657593275198e+00 9.032505801272702195e-01
9.628075504986960409e-01 1.070439411990154133e+00 1.113061583993642190e+00 8.124116396428185949e-01
8.447947897823745445e-01 8.107174786773928554e-01 1.132409276896713335e+00 9.838001199686779996e-01
8.703168004321230056e-01 9.421573203878857994e-01 1.100693206400726432e+00 9.048158105193546685e-01
8.385773325663995470e-01 1.129086342458899939e+00 1.240267242295407746e+00 9.751036631436825752e-01
9.558666386728115194e-01 7.979506041386027482e-01 1.080906516975576492e+00 7.388551600630560712e-01
7.662480531457553923e-01 9.274256803480359634e-01 1.179505841852521941e+00 9.117463802714325105e-01
8.154515579156634830e-01 8.119432151796540653e-01 1.147466082678806121e+00 8.778670224748161832e-01
8.060483087384888723e-01 8.904532644196556657e-01 9.431343040464631455e-01 8.825875726622880446e-01
7.683726503841877831e-01 9.763098131615843833e-01 1.073046069706713679e+00 9.397163111197470720e-01
8.420061537401321017e-01 7.932033681487185017e-01 1.148187338009774905e+00 9.441675609109665412e-01
9.958930105110583852e-01 9.960259384426929374e-01 1.109130871446139643e+00 9.143588672345412949e-01
8.885914232707485816e-01 8.779059370805314400e-01 1.132896811400640580e+00 9.851170807854733313e-01
1.024185808143896814e+00 9.193029126902255710e-01 1.260336602785335991e+00 8.650026782113197088e-01
8.073980826416491396e-01 8.993011003121886837e-01 1.032436842498160257e+00 1.005231158491649790e+00
8.702336898530426135e-01 8.544291118757078030e-01 9.891397675996183025e-01 1.093802072030465755e+00
6.905823975069786957e-01 7.288260101681307557e-01 1.061047202467601425e+00 8.778751945130842671e-01
7.783257412309138035e-01 9.453413717615383183e-01 1.160401422530239923e+00 8.440875498534980981e-01
8.786842231829927741e-01 1.031068387076528925e+00 1.152459014795154779e+00 8.515749419325324698e-01
8.035183736801381205e-01 8.584974823175703929e-01 1.136790558517776883e+00 7.964693549809297446e-01
8.983154973813506361e-01 9.658042855578622410e-01 1.143382166009361933e+00 9.681524026282606332e-01
6.068709956397734251e-01 5.917061263986929109e-01 1.005766673155586322e+00 9.398583320676516806e-01
8.953371450438640800e-01 7.894217589609260344e-01 1.129181825092926195e+00 8.609888819008892913e-01
7.976767998829953354e-01 9.839461081865364944e-01 9.223562330391845698e-01 8.276978140043447230e-01
7.881321140998794883e-01 9.028654486384485311e-01 1.129391835139928579e+00 1.004510320867820550e+00
9.059155889602381606e-01 8.504503061725232627e-01 1.152182689695043560e+00 8.533735914232003505e-01
1.021465667919748466e+00 8.818865100216362052e-01 1.104454010834270639e+00 8.370448098022368333e-01
8.366945859973746735e-01 8.911594327312065689e-01 1.142394116221375100e+00 9.001346096903288796e-01
8.253568885625880425e-01 9.758283730338731532e-01 1.186856883362166437e+00 9.689609327703176955e-01
1.007127866228378466e+00 9.652987966735740999e-01 1.230836499955714869e+00 8.482153212887302285e-01
1.004962092021826292e+00 8.195136721506018906e-01 1.095465536779898219e+00 9.826182173104582862e-01
7.613500539924636934e-01 6.654827712174593568e-01 1.012355367574219400e+00 8.417391026295785172e-01
6.616212421224884066e-01 8.287133440839977716e-01 1.101199615323954051e+00 8.732366189858274952e-01
9.310742744249719260e-01 8.294198620251608256e-01 1.273309191784933070e+00 1.094416607330062963e+00
9.915536078398549114e-01 8.724878871294058369e-01 9.975368248584526309e-01 1.009804971326441203e+00
7.741319141352375199e-01 8.299883078103913459e-01 1.062363264420199682e+00 8.068644932590386398e-01
8.330393012659693674e-01 1.160252172045028951e+00 1.367961398060812739e+00 9.375716879514403024e-01
7.314491225827580712e-01 9.557052425917914595e-01 9.983131599518796362e-01 8.499750732590070079e-01
8.041179314129311972e-01 8.978847876108622117e-01 1.241820795130455179e+00 1.055732036107231986e+00
9.045150063277533903e-01 9.121962066206288355e-01 8.016347738932511069e-01 8.933109393314515589e-01
9.452974084794636411e-01 9.426488915579031014e-01 1.133063041363944201e+00 8.836699364665995260e-01
6.660753231761419313e-01 9.828474251450449728e-01 9.887980183567953718e-01 9.774920032992443497e-01
8.715022260674957222e-01 9.396962830888655471e-01 1.251583079602154758e+00 8.958141447432428350e-01
8.076875416265379970e-01 7.899882085403098220e-01 1.149428456866966153e+00 8.187641540661305672e-01
1.105841193279377910e+00 1.000224299255616955e+00 1.098070036836747088e+00 9.062223181013682183e-01
8.745920149335261184e-01 7.840974269042408906e-01 1.207334744940710802e+00 8.918683718991410325e-01
9.519389869550890504e-01 1.023804242703375111e+00 1.165637351967606428e+00 7.638959019897192393e-01
9.005093058450185373e-01 8.661367841348315277e-01 1.204292914413186644e+00 9.178651282255683164e-01
8.207168060570888546e-01 1.014303050972875431e+00 1.178829705831891728e+00 9.426523634670802565e-01
9.643554296193957986e-01 6.194639768955799708e-01 1.301318441868371201e+00 8.663712173274771278e-01
8.137835820804468767e-01 9.721406179930393021e-01 1.215833997183051185e+00 1.079821911292496051e+00
1.026619640720879856e+00 8.978385159203873256e-01 1.264643223434988917e+00 1.091834234162413653e+00
7.873711064009262239e-01 6.713707297436466437e-01 1.092163240386933909e+00 8.903981831418551485e-01
7.823600880242382871e-01 8.794952161143576586e-01 1.064941102599512579e+00 8.008579694153220574e-01
7.885234658974735744e-01 8.908990061794981319e-01 1.214051063778672113e+00 9.358372372270091777e-01
9.045606726137854769e-01 8.537301132633430267e-01 1.225573710336274935e+00 7.923735410127999979e-01
8.837311167664990696e-01 9.675848688670669606e-01 1.193341578230378008e+00 8.828974558114168758e-01
9.126299524591731105e-01 7.835906747848898624e-01 1.120987402118289733e+00 1.015966866881122366e+00
