9.155124821606019925e-01 9.585109013299416558e-01 9.181390712577486291e-01 9.788092225748755704e-01
8.851373982284179709e-01 8.859078348311778539e-01 9.167775518081474617e-01 9.246526866051199001e-01
1.104784042166322422e+00 9.512767409678742903e-01 7.728288002806140700e-01 1.093569607860059634e+00
8.376617833967697768e-01 8.822001087251636342e-01 9.262701722016949413e-01 9.667444596534225942e-01
8.089580730111941564e-01 9.329333069590879379e-01 8.906995453336695734e-01 9.299445514030022508e-01
8.085839605864822976e-01 9.114959351525626641e-01 1.169193571952001687e+00 8.353172864195863578e-01
9.162779701788567044e-01 9.876481832852996856e-01 8.879829743845950585e-01 7.749713602511829613e-01
7.839366951950410556e-01 7.665127174592876180e-01 9.363296599066954773e-01 8.667842026118806054e-01
9.412945698015714457e-01 1.073626495791021318e+00 8.293988947369707043e-01 9.838315718743371185e-01
9.020325366085262253e-01 8.240515666776865311e-01 8.129915033551541326e-01 9.567115105311774226e-01
8.889640180127624802e-01 9.419128536866854251e-01 7.810286587975738826e-01 9.933159478795909880e-01
8.257150091870584241e-01 8.475152311035766273e-01 9.593109674537979581e-01 1.173583258437877141e+00
9.968165565196521749e-01 8.039189237859039050e-01 8.945242089189356927e-01 1.029619787964168642e+00
8.687994012957840351e-01 9.661925534459829823e-01 9.075980767857709797e-01 1.061163997097725131e+00
9.240300122753881684e-01 8.796809587390728158e-01 8.915038740874358103e-01 9.317890563458062214e-01
8.352954480885920185e-01 8.958466350496493424e-01 9.631489730268537608e-01 9.825950673094321353e-01
9.709815853913122963e-01 9.258768067569870253e-01 8.151600933713651909e-01 9.976125906808273047e-01
1.021680467492269928e+00 9.452467719797830181e-01 9.840013573168470140e-01 9.819909049857638017e-01
9.818842109903991311e-01 8.246575707119645493e-01 8.364923883804079585e-01 8.654392829870094506e-01
9.776855515926925477e-01 8.627634281083192969e-01 9.452999950864681145e-01 9.273812041115455651e-01
7.597770826202967509e-01 9.383649386815958726e-01 1.139406283493840766e+00 8.115308664392825166e-01
1.009879883723646454e+00 7.302268436642025407e-01 8.559592636917394692e-01 1.023414345348303334e+00
7.566705642067870219e-01 8.124149301104441889e-01 7.825776135013885471e-01 7.174618773841625607e-01
7.509685151808909165e-01 9.190516311355845236e-01 9.920816608829413630e-01 9.349114306110296591e-01
8.754524488241595126e-01 8.995886904691944297e-01 8.857936624217445098e-01 8.278956392946454912e-01
7.119536274038116286e-01 8.977287305244563420e-01 9.015234468720585426e-01 9.652112291071229810e-01
9.704122193801404395e-01 8.721108761944605936e-01 7.971304851358517185e-01 8.977113446518270035e-01
8.794875408527457195e-01 9.361853127243492390e-01 8.199042056106931042e-01 9.969235108285486868e-01
8.844814326777663549e-01 1.005412335254841194e+00 9.749670822446058205e-01 1.025890616188940729e+00
1.009736980408140639e+00 9.363329139401822543e-01 9.158425016299676091e-01 8.213375216883720409e-01
8.461719028096127415e-01 8.833393238963241911e-01 9.802468418474591383e-01 7.877583742852872772e-01
1.012327935666158307e+00 9.197798175913320939e-01 8.095671159276234263e-01 9.404533211989140051e-01
8.625453609784545783e-01 8.833875912647783935e-01 9.323666698780421758e-01 9.820903814840199475e-01
9.233520343077175063e-01 8.610116198391383202e-01 9.238652583928953499e-01 9.193108723766868495e-01
9.442278696727818277e-01 9.278097892773695676e-01 6.731711551734637089e-01 9.982692805106442302e-01
8.039997979120500071e-01 9.460285204779028678e-01 1.293842296464257746e+00 8.826452019677879512e-01
8.575758946442409991e-01 1.087672298299202645e+00 9.429092620947764347e-01 9.691882427364455488e-01
7.673917028258889772e-01 8.766748961224171133e-01 1.001788831403964020e+00 9.532999935403027036e-01
1.123555191322297864e+00 9.044630021307294987e-01 1.045674625593047136e+00 9.476149231420027963e-01
1.024973823623889890e+00 8.574154530572513089e-01 9.212458248523502924e-01 9.878934590426966533e-01
1.002102659063188961e+00 9.069820830067584216e-01 9.127555926179201640e-01 1.120219660564263364e+00
9.177520314433154081e-01 8.188251675656462725e-01 8.961522322536072949e-01 9.946100207064301202e-01
9.569423985836372770e-01 9.455861082225679448e-01 8.146417302809609851e-01 9.760747306596128103e-01
9.195531776902130527e-01 8.941842070423866584e-01 1.027569052678632078e+00 9.206583889247211827e-01
9.402448627547547177e-01 9.573767331797831126e-01 8.643007287772583869e-01 1.060349089607471429e+00
9.656256976461503605e-01 8.322322756665475607e-01 8.056432864543386918e-01 1.100050220452681415e+00
7.517811331059933710e-01 6.561853184390387117e-01 8.452832468192698068e-01 8.962131288315774436e-01
9.745159497632306378e-01 8.153754792181491240e-01 7.442421134365504454e-01 1.045151674707684553e+00
7.838783482928027846e-01 7.907026761641512413e-01 6.928993551464432965e-01 1.072485999475225604e+00
7.480220257405117978e-01 1.194027996450829576e+00 8.698392462429322958e-01 9.910423173426649024e-01
8.039941184029049115e-01 9.212313789507495798e-01 8.191397775125324188e-01 8.814258377179889914e-01
9.753949420025408434e-01 6.956083052471699890e-01 9.210036170361233232e-01 8.351619150954731063e-01
9.206030794622787061e-01 9.969814090712953991e-01 7.770425031484098355e-01 1.032738079201718229e+00
8.099700747565824477e-01 9.977343443040976867e-01 7.750692070683145030e-01 9.050260530874644216e-01
9.238625844577785795e-01 8.139497397488812958e-01 8.321191970873974553e-01 7.907126119046978818e-01
8.205827422054787768e-01 7.396493785890747574e-01 8.092198752535328943e-01 8.211845107755949558e-01
9.250577087422737765e-01 8.912118294199414814e-01 7.220569342607628949e-01 9.866437542125692239e-01
7.810671301936771282e-01 9.035301263446469111e-01 6.973369281746434334e-01 8.765345142291890435e-01
1.101414162742421654e+00 8.694831230003488010e-01 9.734154145896333210e-01 9.187830135555421496e-01
7.701624273530849329e-01 7.373057179417096263e-01 1.013445368536811664e+00 8.748953607628457974e-01
9.374979043586153526e-01 8.493055182441204831e-01 9.977129186387252435e-01 1.030502170328915668e+00
8.695368510445031784e-01 7.426529774433598963e-01 1.010214366660832530e+00 7.096214047268140090e-01
8.207523152175665304e-01 8.095740073817681015e-01 7.649834417920646779e-01 8.627608694066047912e-01
8.811400098770001410e-01 7.007869706240810181e-01 9.156153267980892130e-01 9.688119107761002935e-01
9.256893977455468159e-01 9.060122767685313550e-01 1.041964846780822906e+00 7.417999365046826776e-01
8.904960652863799231e-01 7.902613097261987907e-01 1.002197979761749957e+00 8.892793653998251058e-01
9.760071758798095631e-01 8.860486123282630411e-01 8.655199000844016055e-01 1.057280884965991818e+00
8.691946917102910675e-01 7.497807642028544439e-01 9.074061592480854310e-01 1.018130875504099864e+00
8.004563433461929778e-01 8.981096463750380954e-01 9.205342641629102873e-01 1.061863232679134184e+00
8.007098017713397686e-01 8.528252988325489836e-01 7.870180130232955484e-01 9.385463979336158280e-01
8.980757052378642857e-01 9.217229910516496760e-01 8.196868278272082531e-01 8.784055117866274021e-01
9.693110440055353605e-01 1.056580591710027717e+00 7.746227109132265420e-01 8.211442051054029800e-01
7.593270849047210058e-01 8.895825805841336420e-01 7.198324874157405739e-01 1.020163667290262310e+00
8.011558371833570336e-01 9.319434205403656080e-01 1.054910929244478046e+00 9.971562350043283729e-01
7.730506032480257694e-01 7.540476687995928406e-01 9.218741714614756555e-01 1.107908301201048218e+00
9.106736831104033092e-01 9.162992171624243509e-01 1.004728432147361739e+00 9.735639793517238960e-01
8.325877824076394207e-01 1.127938565829609718e+00 1.007811411143429536e+00 8.139375519150946481e-01
9.069548266085062371e-01 8.173807594837588786e-01 9.982111627768619488e-01 1.100978591780882088e+00
9.556243509991204643e-01 8.920570380984494951e-01 9.381067627348114168e-01 9.916269603469785032e-01
8.356098773014553061e-01 9.693731416444422155e-01 9.041495651798306943e-01 9.716505045387904271e-01
9.953446587948967528e-01 7.331370448762590808e-01 8.028541188945018670e-01 9.175412982650861249e-01
8.695421621417098734e-01 8.651516696947167961e-01 7.471885609853802235e-01 8.899843271996630278e-01
9.994281119795664914e-01 8.842719190130001738e-01 9.686281526258351260e-01 9.667191368875629465e-01
1.078289383225292664e+00 9.364509996437823114e-01 7.971455717893292103e-01 8.032155893102932431e-01
7.900578330001121197e-01 8.139472573057945359e-01 9.288033420287366004e-01 1.076778282608331416e+00
1.016818873182395944e+00 1.116415886587452500e+00 5.585901103415069624e-01 1.035143752873070477e+00
9.434260240377659867e-01 9.255880618685997652e-01 8.625705670229906197e-01 8.353570818739427528e-01
8.570200537827489251e-01 9.169762805407939421e-01 8.839378805693105523e-01 9.241356582742485948e-01
9.053724619996801337e-01 9.628820170584999616e-01 9.264796354361057862e-01 5.322552385718860579e-01
7.533601220756622752e-01 8.900961149901752689e-01 8.659090450696617092e-01 1.077266808405075382e+00
1.031952910568700643e+00 7.661163980907282900e-01 1.047844048005250439e+00 8.681088256511266810e-01
8.307452401529704655e-01 8.318843125445718467e-01 9.468986727629257194e-01 8.322145749859244379e-01
9.960007031847334380e-01 9.053237681131174330e-01 9.091270383919223264e-01 1.079490350500712958e+00
9.285603351423217244e-01 7.473527964331143636e-01 9.889754870908897821e-01 1.286826184762170033e+00
7.683817371071083313e-01 9.717229246436237533e-01 9.448042007353083527e-01 8.215898962247183412e-01
8.450269985448484178e-01 8.430027301763516334e-01 8.014525671458846423e-01 9.523313541219362577e-01
9.382103412228756101e-01 8.526464111509154398e-01 1.003206998443821441e+00 8.971788340454387445e-01
7.515556376606636890e-01 7.186907748897118919e-01 8.840937592419186863e-01 8.936159438950319611e-01
8.307857698096511312e-01 8.170819186412651147e-01 7.398302745783260637e-01 1.026639621987681661e+00
9.297778363508685251e-01 7.167190889145599320e-01 8.363385010357472504e-01 8.737459973027974502e-01
9.638654376957194181e-01 9.581254882202365764e-01 9.307281926125504645e-01 9.645300467120412335e-01
9.184874413297868800e-01 9.746263095488062467e-01 8.780401489506224344e-01 1.095490694800774101e+00
9.417221464235331352e-01 9.454750996405195673e-01 7.946660963828827695e-01 7.422383659766098596e-01
7.375086642971728779e-01 8.237348157942524507e-01 1.099153943374524101e+00 9.563341577948042405e-01
9.902596314059383120e-01 1.038490476233494109e+00 9.805207452636169885e-01 9.025254837198374291e-01
9.189820134161160725e-01 8.620736903300174614e-01 8.640551171064999592e-01 1.208584749893178767e+00
8.603568653156780099e-01 8.773747915074832093e-01 9.536034486190674286e-01 1.037801236502618130e+00
9.727479293475244093e-01 9.627132989265858587e-01 1.008785336705546820e+00 1.026020256408697096e+00
8.890701956430672181e-01 9.268327966583118638e-01 8.024943897879640575e-01 9.924610857949982545e-01
8.778001319416565140e-01 7.897196825307094548e-01 9.162885639290839768e-01 8.918043537896375161e-01
1.108901806331410445e+00 8.703278295497562933e-01 9.394593560123044584e-01 8.625906291973379769e-01
8.739355936290759130e-01 9.839799609701634919e-01 1.043653960819350912e+00 9.418538661983247851e-01
8.932104588279871082e-01 8.767830534951437382e-01 8.643639676182436338e-01 7.774928609594703444e-01
9.854115091788303582e-01 1.023877230202437705e+00 7.812866334083976572e-01 9.182920855887972689e-01
8.654185541043820651e-01 8.361799421153646161e-01 8.399103478125709010e-01 9.202814854970879921e-01
7.493201482243748712e-01 1.072739960528622527e+00 8.795325041372101804e-01 9.208161148384922390e-01
9.011032707549337939e-01 1.015090724023886670e+00 7.264751006563681113e-01 8.975764705241814356e-01
9.596721691366513207e-01 8.123180541458400183e-01 8.007138894879881619e-01 9.514830550766349981e-01
8.075506290638811979e-01 7.652741717459285997e-01 8.747722098629836518e-01 9.672602498218260125e-01
8.085550753621003617e-01 7.691730728562005126e-01 8.968787755682776641e-01 8.596911458562932484e-01
8.614433279801630983e-01 8.499495291727150459e-01 9.041737093966023542e-01 7.037495019865805945e-01
7.774355154226774145e-01 9.490927403188061939e-01 8.379999394334276541e-01 1.007616738091017039e+00
8.178417092239060882e-01 6.876357514307210872e-01 9.044904165547164032e-01 8.036719124522253566e-01
9.318217484132648165e-01 8.398273098686607208e-01 7.568920655490453120e-01 8.757460939981652759e-01
7.250265716230932522e-01 8.534006465263996866e-01 9.730783784235184086e-01 8.657861526301301458e-01
6.097695390356561163e-01 9.298605465972481499e-01 1.010195676410844845e+00 9.614655629689683458e-01
9.583815301437729195e-01 8.661302878177021825e-01 9.460731958476119585e-01 1.010897167369960492e+00
1.131016792605919141e+00 8.303268602789873887e-01 7.064038439653301804e-01 8.433072535566672467e-01
7.882607876303362460e-01 7.909878395906846382e-01 9.770306207946447552e-01 9.743189642852108090e-01
8.743476233306222145e-01 1.075776194774921146e+00 7.513391793794995666e-01 8.871374201858339692e-01
9.445814853560522417e-01 9.384464785759697447e-01 7.725102305541233783e-01 9.527220768118336292e-01
9.752661395540118683e-01 9.278312739710279367e-01 8.160480437568998768e-01 9.119449883080171793e-01
7.440724313497820708e-01 9.526594487355779517e-01 1.059173749651036500e+00 8.382316499987393366e-01
8.907107772096773957e-01 9.488515594015424215e-01 6.089471751634457641e-01 9.548775605160059188e-01
9.659063416945580238e-01 8.121102032399553083e-01 8.803864599023807358e-01 8.760587439658531483e-01
1.022783640516055748e+00 9.842788143814604762e-01 9.461782145642041453e-01 9.216459974905403252e-01
8.611662698393742765e-01 8.795287199382486598e-01 7.520800887544325519e-01 9.203195233101522099e-01
9.240988230837619000e-01 8.975190308200703404e-01 7.973098088475085721e-01 7.965226795344332311e-01
8.927655412599142526e-01 8.243045871173385608e-01 8.352778752354983460e-01 1.001466324929041196e+00
9.763275923474441509e-01 9.666843364838092478e-01 8.859698790851361361e-01 8.941247684779087823e-01
9.533896893538945649e-01 9.128300600954782906e-01 7.120850061852481705e-01 1.048038065072233183e+00
1.009531439850272605e+00 9.735682662164094614e-01 7.093465059028137842e-01 9.687967220654938316e-01
7.720305704195975505e-01 9.565614410047862393e-01 9.358723875888297350e-01 8.936790355830798172e-01
9.900506496958230152e-01 7.288276631444794429e-01 7.834825432641037146e-01 9.209902631130137962e-01
8.871886325554048103e-01 9.052157862734329097e-01 7.976740567796228865e-01 8.993445629940340913e-01
9.026646892019999369e-01 7.500383646018278228e-01 1.017705211338669979e+00 8.122864801062805729e-01
8.287194975408808117e-01 7.846798074371533760e-01 7.126219388503768348e-01 9.601549942092413303e-01
8.789484018107700525e-01 1.014157213231054344e+00 1.042745212534605059e+00 9.277596873619715634e-01
1.010626183707705739e+00 8.670011412777457460e-01 9.760545375191624906e-01 8.275979143123154413e-01
8.006147119810658186e-01 9.271866879488211977e-01 8.308585190616385452e-01 1.102907909765371341e+00
8.016580327434573716e-01 7.732799938752191737e-01 9.488358844281225002e-01 9.429166923692370306e-01
9.426207099164872760e-01 8.726014891436936205e-01 9.282403692356743230e-01 6.905309171876694574e-01
9.788427510943042975e-01 7.938194115408686580e-01 1.032368881597243160e+00 9.004391504602234919e-01
9.144852085315083867e-01 7.725689255567023128e-01 9.477250550150286834e-01 1.049697234999122486e+00
9.228615513139774018e-01 8.240963699056621516e-01 8.492003154253809916e-01 1.016474556287392916e+00
9.755390754540550491e-01 9.938778387314015639e-01 7.779172906140969790e-01 7.851056677394867567e-01
8.107099490790604657e-01 9.235844276514293405e-01 9.947397250518639211e-01 9.542971828128519185e-01
8.970804307286250889e-01 9.337117641556759162e-01 8.253576157785889045e-01 1.002291876200993137e+00
7.895702441219016876e-01 7.305567862199011664e-01 8.444116923027212840e-01 9.488316782063426214e-01
8.145198552806472980e-01 8.124076986434767278e-01 1.033453856724133813e+00 9.570346546486435679e-01
9.119918503712860502e-01 8.229577257610598551e-01 7.263043080752695779e-01 1.001387259554844977e+00
9.351857801368493872e-01 7.620180428863222444e-01 9.762948668581807876e-01 9.710655031314799901e-01
8.720957463020521105e-01 7.866862255268926019e-01 7.740755102800923604e-01 1.058260270348555299e+00
7.897654828413600558e-01 8.583575053147847189e-01 8.774071957194079507e-01 9.682374669085800356e-01
8.803008777060655765e-01 1.039183506381292865e+00 1.056997156493497902e+00 8.145548527269459438e-01
8.140316786266055260e-01 8.429807823681342294e-01 1.002797163413224002e+00 8.966044858014933228e-01
8.656148890220299874e-01 8.460130473954622365e-01 6.845201255862929379e-01 8.911207741038049690e-01
8.528026986557238898e-01 9.036477534539810730e-01 7.748208780891064906e-01 8.951079529137025981e-01
8.466389099521663963e-01 7.219361116960365532e-01 8.085162614028187367e-01 8.530535509590662091e-01
9.962865387225721125e-01 7.442081087037494269e-01 9.340997691443864159e-01 9.076764242501967894e-01
9.160850755306080284e-01 9.671667381015567333e-01 7.973731800165200223e-01 8.567986698455922756e-01
8.821074000100738166e-01 8.408704493402489044e-01 9.759899670312981446e-01 1.095987888369287733e+00
7.475686827026267745e-01 7.661206339889334860e-01 8.915164674764051167e-01 9.723672784631807176e-01
7.901725992219782446e-01 9.920524800048573510e-01 9.135207348341627398e-01 7.738508826113073003e-01
9.076258898887452631e-01 7.827135375339439038e-01 8.571194045684488172e-01 1.051994494372653133e+00
8.758126886696523394e-01 9.162013456873346895e-01 7.413718149229365784e-01 9.723402934000549003e-01
9.933730812446046610e-01 7.504814030957677184e-01 8.716604650151285050e-01 9.593538597780081334e-01
9.295818813379104206e-01 8.121384248682200768e-01 9.215603656243720465e-01 8.411652007682393073e-01
8.379433463769523360e-01 8.185300974457958567e-01 7.724213213455103366e-01 9.812618732708584535e-01
8.049091037230940993e-01 8.694645732206106592e-01 7.072441438273451286e-01 8.045615330999877912e-01
8.827609460291243604e-01 8.723315998898831802e-01 7.494393875474505418e-01 9.755896461159283550e-01
9.500674486464175672e-01 8.909396519848398199e-01 8.797461520978363536e-01 1.009707322598714985e+00
8.912599116997707016e-01 9.383449954332501175e-01 9.515604169018274661e-01 7.810091469316949864e-01
8.965050017008837635e-01 9.454727233358480865e-01 8.911446422538259471e-01 9.914504986044836432e-01
7.376031827837332688e-01 1.036587813502769517e+00 9.603099706729346652e-01 9.582216414301701901e-01
8.823135572384940284e-01 8.568989183612630844e-01 9.407164939655373592e-01 8.298856255156062955e-01
8.203701258066159463e-01 9.418898136725707415e-01 9.439466400247977784e-01 9.798955401811944022e-01
7.795119191442748674e-01 1.045092457770749439e+00 7.636700942889742549e-01 9.419733519850861381e-01
8.062908118954138503e-01 8.514495573105353987e-01 9.630972813887664907e-01 8.922958533633792433e-01
9.584118535702684794e-01 8.637109752528231432e-01 7.653017759344730164e-01 7.892958017063543830e-01
8.580267762144863086e-01 7.919801953065598310e-01 1.001137771942292254e+00 8.717833164816016778e-01
1.059485498981164620e+00 6.968449948305875941e-01 1.076120261943807499e+00 7.143052242310291566e-01
8.917407770920299237e-01 8.811517723201127694e-01 8.373560256955967507e-01 1.013476201425653977e+00
1.090251571580965528e+00 8.483109922629419319e-01 8.980603341421665720e-01 8.648389322485359187e-01
9.493334705804646889e-01 7.779112314052625266e-01 9.055564789727550412e-01 9.698378606352722198e-01
9.094717967589471819e-01 8.597103376206836067e-01 7.452094332790082376e-01 1.228833079513236060e+00
8.623051813695885581e-01 9.318793829191205358e-01 9.666291064065302141e-01 7.775565758526443716e-01
6.396677048951574518e-01 8.174089730539199072e-01 7.563805766230687899e-01 7.492636753349652956e-01
7.055485182609394501e-01 8.458164493285484919e-01 7.504288385203031764e-01 1.053134604744081937e+00
9.019261947867890372e-01 8.665092823977148528e-01 7.521919206840632643e-01 9.334515042916710081e-01
8.918045076899265844e-01 8.270203659755955838e-01 8.830636849603344940e-01 8.191877685798447661e-01
7.957701106172901939e-01 6.724428642809264778e-01 8.734730371657039028e-01 9.282919518570098560e-01
8.607451291482871580e-01 7.799500453215815199e-01 8.429433633503645718e-01 1.016053523361502897e+00
7.087649807873482866e-01 7.461840361609693995e-01 8.660816396879000845e-01 1.017828658890349791e+00
7.363922551724133569e-01 8.281211952757318029e-01 8.494385529097686627e-01 9.084492621019630842e-01
8.933833441125237362e-01 8.995887652714005256e-01 8.732659200518787523e-01 9.755566052155258960e-01
8.166830579360813136e-01 1.061609773015283364e+00 1.002845978488800638e+00 9.052384084604655490e-01
9.915569731023010647e-01 1.037930904858225034e+00 8.395663570331171055e-01 9.740973992594406106e-01
8.051672031706393895e-01 8.839829516421430222e-01 7.680767158919509230e-01 9.971948720181585957e-01
9.894281058740171941e-01 8.257611061695580013e-01 6.482496570145375170e-01 9.452137966574475358e-01
8.876542716695584589e-01 8.073301317037663294e-01 1.077452407782249599e+00 9.237235782023396347e-01
9.714861981948952341e-01 8.884510566922642072e-01 9.278197598242069466e-01 1.060584595892012372e+00
1.064205021789115468e+00 7.891929738646107362e-01 9.197475309158863466e-01 1.174610645628571870e+00
9.908377800665277846e-01 8.949888326537209782e-01 7.118834904552699960e-01 9.536830021350720665e-01
7.954664344109951823e-01 7.807432414800107301e-01 9.032289603317779081e-01 8.830993376926242755e-01
9.372140197344527301e-01 8.255803138750068548e-01 7.715423396672486112e-01 1.019148072560681184e+00
8.464342677796585779e-01 9.054611708160789085e-01 1.002649731599943417e+00 1.030096170538283840e+00
8.215248099036845941e-01 9.271484924380768433e-01 8.994263733238000436e-01 9.161447793555840269e-01
9.734738655636258065e-01 8.121471007698272127e-01 9.953935417477058900e-01 8.262286388679634941e-01
7.572981056830606628e-01 8.575669650061119587e-01 7.993351220154193415e-01 9.439582001324251515e-01
9.202201920479848862e-01 8.569328891209512244e-01 1.034971939949644426e+00 8.267341947037167849e-01
1.027814625845420826e+00 1.014399482503997252e+00 1.033310222102520326e+00 8.759132574464607579e-01
9.270065621925992483e-01 8.230308118140108320e-01 9.152549185067297977e-01 1.038887277699340750e+00
8.974127622272431992e-01 9.065664165385403095e-01 8.410864662031368733e-01 1.013846252889181399e+00
7.888319231621377936e-01 8.417363538970877856e-01 9.048158765085256849e-01 9.485761463331097154e-01
9.108181226318657897e-01 8.898493057247881532e-01 7.313015891443261918e-01 9.315881049746355114e-01
1.047695977551031277e+00 8.395043297715412134e-01 9.078621570804633611e-01 8.506880295133188996e-01
9.021318149610098036e-01 7.929076673757760041e-01 7.931281710060652523e-01 8.081864257371862426e-01
7.870420307674935723e-01 1.036438303590963672e+00 9.337874958081255894e-01 8.690033452678384007e-01
8.850799147734057515e-01 7.641337331646541609e-01 8.911495648800265013e-01 8.685820380493207704e-01
1.053654821188745760e+00 8.974520307123554641e-01 8.712506144057940993e-01 7.296186909905489903e-01
8.728306957636678964e-01 8.760649625211599512e-01 9.195184678655731192e-01 9.344827704784653966e-01
9.187734466372720066e-01 8.703776472200321912e-01 9.485838493290223994e-01 8.638471272559598013e-01
8.479680656707512254e-01 9.081271564693754739e-01 8.603551191744112092e-01 1.053139721591612510e+00
1.073067120313079048e+00 1.026591274474422555e+00 7.608529491320256133e-01 9.845915236588705932e-01
9.488251043871966939e-01 7.921687427067336529e-01 1.020258874960648265e+00 8.587908269118966764e-01
1.150486771571306965e+00 7.951221200290620184e-01 8.404409345479431082e-01 8.535683075437323630e-01
9.434715237141845234e-01 8.411381301939383492e-01 9.262977406207593134e-01 8.786077800243479174e-01
7.371246486673146414e-01 8.843369176887786454e-01 9.328249353080808604e-01 9.252032180655961335e-01
9.593692991705148332e-01 9.375631522434612064e-01 8.633523567155295675e-01 9.942100869331649271e-01
9.495161474170967786e-01 7.929284768770032965e-01 8.778264276998694049e-01 9.555200707278022065e-01
9.827921283703622279e-01 8.456284137742420270e-01 9.719116958240734405e-01 1.044486724980281167e+00
8.401096095322950763e-01 9.239996045695570981e-01 7.528009734224394567e-01 1.003190704600803507e+00
8.947431103565188781e-01 9.388440360529960449e-01 8.318468353782622060e-01 8.822536709336792349e-01
9.509111429493963819e-01 1.077591385941242486e+00 8.167452836687291162e-01 7.473610980614945332e-01
8.255409278753607083e-01 7.992813942355398993e-01 8.086045682226057352e-01 9.624024428594195602e-01
9.658846208938121070e-01 7.673777064246433133e-01 7.342566490072041097e-01 1.067396774714019170e+00
7.666683877421314186e-01 7.183376493849940037e-01 9.266558851207133962e-01 8.596684413342585707e-01
1.021152520668790142e+00 8.048988462311554848e-01 8.419154727789101011e-01 9.988320381888708965e-01
7.812657166248140328e-01 6.039387595760765670e-01 8.189662626150037150e-01 9.728098756504218736e-01
7.985262311328495954e-01 8.836836982386014894e-01 9.480670677300532256e-01 8.404183507995578450e-01
8.247701727717267062e-01 8.795890887909264544e-01 9.901122914944523457e-01 1.116254052091741888e+00
8.048525935643926488e-01 9.330487168516919949e-01 9.692177083811084337e-01 8.508530375954814762e-01
9.154129180255373699e-01 8.140551935045686749e-01 9.497877486865069496e-01 9.526911078979255487e-01
9.098317424203179460e-01 8.392702225288920515e-01 8.739313558333746679e-01 7.677417831563644324e-01
9.587446298365930319e-01 8.724755534629464737e-01 8.791944334192491883e-01 9.216794550209853609e-01
9.878756361843313849e-01 9.127395199101553391e-01 9.516078726007382027e-01 1.003958138332411210e+00
8.467752272031746630e-01 8.837609951076821346e-01 8.734926353160369361e-01 9.152518628417108948e-01
9.118080852872381126e-01 1.050957095507127459e+00 1.015287663867414203e+00 9.543422043211832184e-01
9.875218894386247337e-01 8.813557932770083037e-01 9.128964246711666064e-01 7.644971563477975796e-01
9.730257818937165792e-01 8.056521826727087721e-01 8.168225359558159981e-01 8.883335752208569858e-01
8.366344831839946927e-01 7.891586882687642301e-01 8.496593399018150805e-01 8.350201730883722862e-01
9.574976959745811200e-01 7.970594741363575819e-01 7.948564301380746100e-01 9.965426855345494994e-01
9.599620103474967303e-01 8.922596159758907630e-01 9.609726576228534434e-01 9.598638425799470575e-01
9.946322030167646933e-01 8.354948462631289763e-01 8.911767141359184796e-01 1.011021399692992428e+00
1.047035935394094119e+00 7.316992927287896409e-01 8.444004244593446007e-01 8.988918937122495345e-01
8.765439449534359051e-01 9.439982888891543800e-01 8.064441325310315323e-01 1.017278148392777082e+00
1.046378647664492512e+00 8.752432896586342936e-01 8.900909659261105888e-01 1.133935732940672958e+00
8.748670481976474900e-01 8.938323379072824482e-01 9.931832682392390810e-01 8.578154307958733016e-01
9.963304497705550711e-01 1.018458783268370027e+00 9.771259139205524802e-01 9.040551926427000673e-01
8.227248027572675593e-01 1.013340929414131342e+00 8.543490364464745301e-01 8.526223132825138107e-01
9.143487146958623191e-01 8.471430893075098112e-01 9.086900918432584406e-01 9.246382728857017730e-01
8.510455264317319246e-01 7.977245591153317994e-01 7.491532931076041457e-01 8.389565989504349508e-01
8.613974698174219347e-01 7.745876661155969289e-01 6.977496783467195263e-01 9.733452532693583903e-01
8.551718620554500383e-01 8.448878060765930842e-01 9.067695374439908029e-01 1.052551149639620265e+00
7.636888280883085134e-01 8.292600716668828698e-01 7.712218361495388752e-01 9.263480300501218956e-01
7.769552710316515176e-01 1.010709313402833320e+00 9.938501019142378379e-01 8.654386015427536494e-01
7.338785290269707051e-01 8.758573043000519309e-01 8.680614212927961759e-01 9.958979144180348797e-01
8.842832978388203147e-01 8.020200503668926117e-01 9.557540293012957155e-01 7.502900850631148977e-01
9.005629694003536301e-01 8.478195766582341530e-01 7.806213934940470223e-01 8.494973690700253766e-01
9.292500876170411983e-01 8.541650491230704523e-01 8.305657063902368575e-01 9.908389466713082294e-01
8.547380899136594046e-01 8.865067995927000677e-01 9.064931746608414498e-01 8.328927108024422044e-01
8.194405503240639321e-01 7.939528003511400200e-01 9.358039113091355388e-01 1.048501590237903569e+00
9.389650812631672450e-01 9.008148126965999092e-01 8.042409676829673781e-01 8.276434692707196339e-01
8.580669981172950322e-01 7.898229866590756876e-01 8.023389090910467702e-01 8.959885454741606248e-01
7.326698651188018330e-01 8.299287972221192078e-01 8.129460762818525588e-01 9.475955064742087597e-01
1.009383438425077273e+00 8.529456545897800002e-01 1.037240226371637597e+00 1.155820462901993473e+00
8.574661371393480502e-01 8.924077107732900638e-01 9.146621280240518903e-01 9.575311406687022631e-01
9.227145936523670766e-01 8.287281442496099437e-01 1.007746017016102336e+00 8.841674806208000836e-01
8.809970226509439284e-01 8.876371635511646208e-01 8.167486627349276329e-01 1.022039263487723337e+00
9.162953811787385439e-01 9.921963738553736256e-01 8.758698921948404603e-01 1.074761790623728119e+00
8.924953378008985139e-01 8.728203362041934144e-01 8.620407831202774318e-01 9.986742044810512642e-01
9.612818739984999583e-01 6.708168968023686674e-01 8.221960464103195143e-01 9.519752570591984986e-01
9.200323102413344722e-01 9.808874786555333847e-01 8.428572005954895197e-01 1.106473409736100422e+00
9.258210058819175137e-01 1.076279157747304982e+00 9.069058404994780886e-01 8.084910752124438993e-01
9.044701814112560134e-01 1.038114584248714278e+00 8.233914780533890809e-01 8.123841544016863203e-01
8.267180287114179738e-01 8.406313391976868443e-01 7.690743642937957203e-01 7.983171743649165597e-01
8.227635647168193289e-01 7.629428406709443111e-01 9.247842400719114009e-01 9.674323670274802556e-01
8.633494292332218878e-01 6.899872360415567618e-01 8.727958456273690047e-01 9.726335787313964421e-01
8.902374508290725741e-01 6.888427475818504897e-01 1.032803289802206148e+00 8.358221007160900884e-01
9.700244609148003239e-01 8.631878035601975308e-01 8.392290184794496399e-01 8.595096408966994561e-01
9.744590998603410714e-01 9.306224995036744829e-01 7.909112634366222139e-01 1.017192825029003878e+00
9.010721891061314048e-01 9.347479326136088895e-01 9.254696848328833880e-01 1.010000738870913350e+00
8.158696318218228161e-01 9.455892324833440332e-01 9.024562514040254113e-01 8.709745815099897426e-01
8.564622243475055186e-01 7.816379397749911861e-01 9.571406259783660220e-01 8.945069149779812934e-01
7.825566532824671517e-01 8.452198254919671694e-01 8.321097078301571415e-01 8.523132622823587079e-01
8.294095956703450012e-01 8.348815435884447966e-01 9.478299139463042255e-01 8.621010046337190813e-01
7.330622063634987251e-01 9.243169774772851399e-01 8.034425478650686347e-01 9.633144188997906365e-01
9.688746625954260949e-01 9.769865059174648314e-01 7.368865903060175526e-01 9.290275321898274763e-01
8.755562155984730754e-01 1.010249456182416017e+00 1.030163831794837392e+00 8.090006753093734737e-01
8.414636093627856361e-01 8.561796424178491627e-01 9.121685890213969694e-01 9.109514498267419214e-01
1.138398316492566620e+00 7.258947803739436155e-01 7.976414175890281788e-01 8.628575056703791102e-01
9.791205501655712018e-01 9.441969707388047084e-01 7.414963665207936483e-01 1.028571270190423048e+00
8.122157833966782148e-01 9.212640779970201477e-01 7.668094853402602773e-01 1.149203003391319866e+00
1.042983144362253922e+00 8.495719484288618562e-01 8.871002754794778955e-01 8.842895763436732226e-01
1.051591894660488746e+00 8.827854815261658716e-01 8.146430454422466383e-01 9.899740534530268032e-01
7.152606569678521264e-01 1.021930872910814969e+00 1.074016820492446289e+00 1.070632340874390742e+00
1.091364382230239460e+00 8.021519259713427719e-01 8.865183494294718303e-01 1.127662020899378836e+00
8.914998900362260947e-01 8.277333883777400203e-01 9.086511574994426965e-01 9.803299229423360073e-01
9.767206749285267664e-01 9.322243533526857195e-01 1.028874515019762681e+00 8.546833106100384381e-01
9.718000331993038587e-01 7.274783092007784946e-01 7.912916741404606435e-01 9.989526353277249360e-01
9.133078884524054031e-01 1.075534225979887681e+00 7.009377730287712494e-01 9.358503599009004859e-01
7.799131400213944465e-01 8.889933276493329206e-01 8.842501167162947207e-01 1.035956408647701998e+00
1.086634822296299596e+00 7.389984231845742046e-01 9.736415625849016431e-01 9.365699434438201632e-01
8.234353111815867488e-01 8.534396608394800854e-01 1.055791110211002914e+00 9.360651571687272909e-01
8.335869523240722057e-01 1.029679835882693295e+00 8.330240065295032581e-01 7.421816313402470611e-01
8.434469477446054908e-01 8.655697334051040137e-01 1.011367320548689941e+00 7.805761795231884737e-01
9.571016446469934325e-01 7.886594655338923232e-01 7.387938737884238716e-01 9.492918087453108278e-01
7.645298219220189040e-01 8.750099597400876617e-01 1.105115270921879445e+00 7.308691974068348696e-01
9.372014235520419456e-01 7.954993243861006036e-01 7.616407241977696252e-01 9.943370133272310118e-01
8.959960718697032034e-01 9.512010791361831252e-01 1.034285671532001460e+00 9.040562752530401092e-01
7.861458821049537304e-01 9.011604869245416483e-01 8.393930156650031282e-01 8.543752547910558048e-01
8.387888580373014102e-01 9.262911229958487036e-01 8.595408143936900114e-01 1.067629218760909993e+00
8.255680518174189908e-01 8.913565438267623264e-01 5.357672878979999886e-01 1.100494205375242451e+00
9.735111862557149776e-01 8.643775458947675627e-01 9.709162180905170914e-01 1.049663119084089047e+00
7.774391263228751514e-01 8.883256268107059261e-01 9.063262937436707967e-01 8.203689825660861468e-01
9.020378880147242873e-01 8.026708794335049024e-01 9.215985476176145053e-01 1.001550650055092362e+00
9.072713671297104598e-01 9.617966966922731897e-01 7.563602787006891148e-01 9.652342178183330734e-01
1.044051163864524900e+00 1.059645336574778884e+00 8.584235662988228821e-01 7.079818290823893800e-01
8.305373022625793800e-01 7.924610500304382077e-01 1.027701124289367440e+00 9.670552083935702870e-01
8.918938307822404932e-01 8.875305887555999806e-01 8.735949547240741131e-01 8.468168922402929955e-01
1.055427901845356509e+00 9.928642092496520188e-01 9.401920058402499780e-01 1.196375216622554749e+00
9.494011079688355892e-01 8.083446175783344234e-01 8.354074246403038195e-01 8.540049316846519689e-01
9.820292363764323573e-01 8.474874217578488578e-01 7.539459258430751820e-01 9.918781350139119768e-01
8.930201559481080187e-01 9.244637481238444643e-01 1.014748526091402869e+00 9.138010567327281564e-01
9.448732976744049772e-01 8.809788826633614400e-01 9.444801355536099896e-01 1.084576179597489531e+00
9.396302979372089803e-01 7.912163023825522501e-01 9.698563861877145253e-01 9.279006029577069325e-01
1.046804671540554788e+00 9.342966558076447603e-01 8.270605689929388937e-01 9.278627187227225237e-01
8.656957187389430208e-01 8.025269083591798358e-01 7.729322017868414108e-01 9.876274306206298537e-01
8.933117772632430675e-01 1.004615206902623292e+00 9.669217243164125453e-01 9.930465147121888547e-01
8.576248223018270167e-01 7.836603178013257232e-01 9.973766905863806764e-01 9.368252328823351016e-01
9.664124636210253971e-01 8.097139086838653910e-01 8.276546641515267755e-01 9.825991837704513010e-01
1.059758210165045123e+00 9.233961464363931171e-01 1.064525994641754458e+00 9.815906613969737071e-01
8.647061111592919680e-01 1.065096735311817033e+00 8.722010826252586391e-01 7.353912010230334584e-01
8.841462677898940248e-01 8.525545922139269317e-01 8.572682450831592416e-01 1.010238223959914361e+00
9.324726612175184837e-01 8.986036346001462505e-01 8.636696461186136320e-01 8.862440339898004504e-01
9.179284357250823145e-01 7.681599163921566387e-01 9.180963197370677342e-01 1.037814875713962248e+00
7.841569847633633739e-01 9.810191609047868022e-01 9.847139136481246613e-01 1.024688567027645103e+00
8.547818521948549186e-01 9.399931550595710394e-01 9.274759153791993782e-01 7.910274995765337325e-01
9.903129827539439711e-01 8.256521324841464837e-01 8.937877401197190652e-01 9.462633818013244102e-01
8.349749370017919281e-01 7.479544799290832602e-01 8.609954329842721688e-01 8.266778893249792093e-01
8.082569845886057314e-01 9.927034076242207128e-01 8.910472141159156978e-01 9.836772413276092530e-01
8.861340423224833840e-01 7.520844047851309444e-01 7.718363178691453053e-01 1.150971889933910086e+00
9.868914811684748045e-01 8.850731818010595386e-01 8.092091521306673529e-01 8.744217910266574023e-01
8.974549573569690075e-01 8.015560164310319147e-01 9.058186423285364830e-01 8.477461010884284054e-01
7.949705356237071197e-01 9.307460263323646954e-01 1.042570124185313363e+00 8.242504830740496891e-01
8.740566152929460930e-01 9.405604318194663582e-01 9.013413499056478484e-01 9.434673053643126694e-01
9.395240203025733150e-01 8.953032305255688161e-01 8.539062997037873970e-01 7.932408625456041085e-01
9.763832412548087980e-01 8.192622396586831668e-01 7.573189930276743587e-01 8.670489457997926364e-01
9.891771676359963905e-01 8.927660345229623262e-01 7.650561450161018628e-01 9.842458718098350268e-01
9.545813910066741625e-01 8.234947383223031325e-01 9.262417831623263043e-01 7.741059340861230487e-01
1.101043869290678101e+00 8.208910212897142511e-01 8.581108712321697807e-01 8.417595475043507802e-01
8.300151765068223275e-01 9.874731985658501410e-01 8.929041363761105465e-01 9.369716936994616496e-01
8.758146738907285345e-01 9.555495678211499699e-01 9.040397174258553159e-01 1.038988027216116716e+00
8.854970506644094241e-01 9.387957640422610606e-01 9.891466074133576925e-01 9.071398612951729890e-01
7.862421364513210165e-01 8.972697612924953603e-01 1.026982452798580692e+00 7.433599497573099013e-01
1.217211640902099434e+00 7.705715866370784761e-01 8.615799599233964212e-01 9.433848060477316722e-01
8.518935641403034831e-01 7.422260409274870074e-01 8.706622199729054934e-01 9.658007624359172816e-01
8.281146800509618933e-01 8.928576506207402952e-01 9.056415030378963671e-01 9.229128312905123810e-01
9.282087449876693652e-01 8.732908241386618808e-01 7.549998690111475730e-01 8.924675286354001313e-01
8.892443567199898036e-01 8.786689722830350879e-01 9.152729421301559753e-01 1.022117857015611975e+00
9.966807896359735075e-01 9.357293093704867060e-01 8.741683803253367246e-01 8.486165836001312579e-01
8.000188775424269538e-01 8.741197320324437525e-01 7.022534001439246776e-01 8.544853924522402000e-01
1.093783225724027641e+00 9.896359350061653126e-01 8.315628714755397555e-01 8.465905635888943959e-01
1.007687732997414765e+00 7.536925580120139578e-01 7.667628943059386915e-01 8.909384721263333695e-01
8.189929862698174245e-01 7.325939839904297424e-01 9.603789118231466082e-01 1.110580226067844123e+00
8.922949182881270147e-01 9.384645750327235136e-01 8.992862092823473708e-01 9.960438123280647149e-01
1.014368744774142739e+00 9.076693340685716427e-01 9.862125736726540248e-01 1.091296297296121764e+00
1.075103691407101270e+00 9.250028760959667640e-01 9.169928565835701040e-01 8.822886041304386362e-01
9.303479069594347006e-01 9.216984832051642318e-01 8.938332875384094045e-01 9.650251014405185623e-01
8.706779853702995009e-01 9.635342269342271893e-01 8.570068664801425706e-01 1.106346619898146644e+00
8.226960974149882810e-01 8.154847182065532163e-01 8.740360033169330967e-01 9.153767660853795451e-01
1.207398440580245813e+00 8.705665677158257454e-01 7.588526179666211791e-01 7.779006281009201995e-01
8.170066106692578378e-01 8.446410640120235458e-01 1.017374335878555192e+00 9.688980142517695793e-01
7.473546098013078565e-01 8.198407420353653885e-01 7.480475100923568155e-01 1.020450389112330658e+00
8.884446047503182786e-01 8.627240609987123499e-01 8.987291531674442835e-01 8.945579045091101023e-01
7.817126972840288124e-01 8.140898265749406670e-01 8.419976440241657700e-01 8.850199492271179080e-01
9.371351143556179153e-01 6.181551076759483898e-01 1.008016343874205578e+00 9.874761626319887853e-01
9.075682593377036866e-01 9.168557227774184470e-01 9.129184755576764676e-01 1.086153344454284575e+00
1.067163643984559318e+00 9.282075947534053073e-01 9.172424879729941249e-01 8.679875443350160147e-01
1.018955843296714292e+00 7.609937281626728556e-01 9.181272131208055853e-01 1.042081017435132040e+00
8.919501231900084370e-01 8.318073289535911075e-01 8.299491251482395970e-01 1.116430857874695981e+00
9.558862575165353315e-01 8.445978052016276383e-01 6.933326475782476406e-01 8.963394348935387335e-01
8.856671127281567912e-01 8.338221397934457713e-01 1.020008491366235059e+00 8.652434947275390309e-01
8.098455785223578340e-01 7.017996391771896825e-01 1.067877468564913279e+00 8.942386341231191027e-01
8.343586400795311997e-01 7.437377612371703917e-01 8.538852480508579701e-01 9.246522227777571601e-01
7.682278929362534869e-01 8.996922195690540969e-01 8.238906244103325616e-01 9.756083094305935122e-01
9.070521256003910571e-01 9.027836776237930794e-01 8.033152180758338368e-01 9.013979554134922134e-01
8.904984268984909024e-01 8.844103601058167508e-01 8.251465105347063345e-01 8.960109494588988088e-01
8.904047656465162719e-01 9.211183416722978912e-01 7.327638471440260926e-01 8.447631359845714227e-01
1.103463651452718963e+00 7.649438452732550964e-01 9.365927613771720672e-01 7.452058256419868965e-01
9.628784195361425047e-01 9.955399673400157079e-01 8.439176067993255925e-01 7.401774557769353891e-01
9.811438637150388109e-01 9.049147542058263438e-01 8.149896058480933236e-01 9.575556823332890266e-01
1.001337323292000869e+00 7.020488932134176796e-01 9.341320405325741483e-01 8.698906800669866657e-01
1.024876205617273772e+00 8.840398334571454297e-01 9.207885223202895153e-01 8.694401872716225332e-01
8.116674411142462686e-01 8.735380226304642060e-01 8.014169998100534320e-01 9.022749706903110400e-01
8.518472474407978723e-01 9.691122322016287871e-01 1.004647487591196597e+00 1.066867122623858410e+00
9.035319291345682569e-01 7.717559497261341495e-01 1.029036805359989426e+00 8.838582776344094949e-01
7.401146001893805781e-01 8.061652944653011632e-01 9.457805591256123190e-01 9.128410634543362434e-01
9.094535082951242799e-01 8.648859765428908997e-01 9.530490240196189955e-01 8.020296013713082983e-01
8.170813612261873526e-01 1.055378845413108779e+00 8.255615103989413228e-01 9.054685988556139264e-01
9.453951939638011170e-01 6.927313774249043155e-01 9.302899733025412621e-01 7.658181450989270944e-01
8.165985414592987768e-01 8.813142874653606684e-01 9.506925304220040784e-01 1.085751733170916333e+00
7.528468278569986349e-01 9.393954220335641869e-01 1.114664676363672502e+00 9.716375185449409591e-01
6.821490382182191503e-01 8.773703600074629350e-01 1.080506972700064683e+00 9.068742822090214428e-01
9.145114763651132073e-01 7.311150436748025117e-01 7.657364229629474162e-01 1.055303165584829950e+00
8.540895235553760401e-01 9.632210404326733144e-01 8.388597836991189549e-01 9.849678783113199332e-01
1.010811790672887067e+00 7.267190512566509275e-01 8.057938541296071344e-01 9.486035767559508614e-01
8.496733468768392639e-01 8.164048795132289316e-01 9.755089850225840964e-01 1.068989560701615105e+00
1.177923525644068992e+00 8.887627058532908686e-01 8.147484695841746838e-01 9.078420116797537576e-01
7.634459890573556118e-01 7.215586890776288786e-01 9.376949644480303547e-01 8.017056078631649152e-01
7.996012850730827015e-01 7.769323117351710772e-01 9.649667164035301559e-01 8.643526151763079035e-01
9.189644117666476708e-01 9.230012291601283891e-01 8.380520623760321364e-01 1.132415022954577299e+00
9.145191961698105887e-01 8.475584500148058975e-01 8.181032199515797521e-01 1.087830874468394660e+00
8.885267577980485720e-01 8.295062681284413042e-01 8.753770527938148360e-01 9.962764644478353526e-01
8.616669497270939004e-01 9.859874549807490229e-01 8.616028923972957054e-01 9.053260123102907508e-01
8.129206260986800991e-01 8.584756782302155331e-01 1.001626689630590761e+00 1.231573971549096758e+00
9.061674842643605565e-01 9.302906034581293060e-01 9.548088370439199446e-01 8.268372333804153707e-01
8.814676667930787524e-01 8.218372184643059075e-01 8.226345236116945348e-01 9.588141913977745734e-01
1.114595661297574924e+00 9.144689647625143802e-01 7.594215826830548188e-01 8.947985469396468883e-01
8.824373756566955551e-01 7.663441441904400575e-01 7.586664196399831583e-01 1.104260886572727252e+00
8.794603390800990184e-01 8.664593824511576114e-01 9.661203256611052836e-01 9.372259960333776396e-01
7.838607747997522468e-01 8.601340407022319834e-01 7.349163437793629905e-01 1.061074074827047742e+00
8.828672621360150741e-01 1.060800996543558972e+00 8.504293916880730775e-01 8.108933689878620177e-01
1.020148210341000228e+00 9.105259853388011360e-01 9.701225336090669726e-01 9.439340710523387301e-01
9.622964006867553710e-01 1.035077789288842531e+00 7.715592022770186853e-01 1.000493926288636759e+00
7.700359658710451694e-01 7.316314258471098286e-01 8.790895672136980199e-01 9.190918677774687628e-01
1.037315870468774381e+00 1.004274602338371070e+00 7.341412974706105210e-01 9.032062410085026638e-01
9.092639470622562170e-01 8.113736854378394980e-01 8.882554118302814494e-01 9.220112133969730062e-01
9.459740354399900353e-01 8.411561102446019067e-01 7.703338355289411910e-01 1.136338029257971671e+00
8.948216086264318969e-01 8.558450970864220908e-01 1.041280388292310954e+00 1.070372634377252163e+00
9.405894735367013038e-01 7.979803973220004343e-01 1.020996132685444202e+00 1.016286571090375235e+00
1.051303463815283834e+00 7.896484680817924540e-01 9.622670783600452138e-01 8.955705594658424085e-01
8.717188762181469208e-01 8.283309433467291871e-01 8.208298348994047533e-01 1.099971837326800372e+00
9.289686073665661681e-01 8.089150974690997309e-01 8.699470809642649849e-01 1.011931071065647059e+00
9.736855872818136470e-01 8.576253372974974587e-01 9.333786727458058818e-01 1.060224373710690005e+00
7.240987802884825131e-01 1.046075801300434094e+00 8.453614084321997568e-01 8.607820287418272986e-01
8.082406788535583253e-01 8.633103974446855178e-01 7.449908468766749392e-01 8.131044249506227395e-01
8.537821371249817437e-01 6.892001050532146067e-01 6.486506726249358090e-01 8.177831882528218133e-01
8.884644332712092751e-01 8.055723622945315521e-01 1.027682417805217518e+00 8.515086676740920568e-01
8.667412760935910843e-01 9.475757576210128708e-01 8.239396339771564159e-01 1.206755997509134426e+00
9.536998660334320421e-01 9.413040748663905610e-01 6.143542133446369125e-01 9.517591444739137430e-01
9.621358891999712837e-01 8.413147162544788449e-01 8.517872795143098807e-01 7.564020795887806958e-01
9.432979526768320300e-01 8.212728002831113372e-01 8.761642910959863695e-01 7.602122809728562025e-01
9.224894027931428431e-01 9.373318962171062196e-01 9.901721703332239111e-01 8.383181134371865406e-01
9.084157563705467231e-01 8.698577648351469849e-01 7.904792311973422025e-01 9.132302330500912113e-01
8.908891855128224790e-01 7.399892793659282875e-01 8.120871711619972455e-01 9.036385514070143232e-01
8.762629796754641820e-01 8.695629724466781285e-01 9.082412219904160144e-01 9.777434360758334719e-01
8.269585649263468952e-01 8.401791331313691602e-01 1.008228630729653297e+00 1.034129129244009571e+00
8.953884447753914788e-01 7.563941079072060703e-01 8.715418185394968598e-01 1.082591299872892820e+00
9.819777994355685102e-01 1.008098104843914600e+00 9.329297786953664184e-01 9.250899151601822412e-01
8.458597886944417832e-01 8.930124045874556771e-01 9.528097396229504579e-01 7.088816657529826148e-01
8.827599180761304121e-01 9.103131138698976610e-01 8.329386289682747524e-01 8.625576316267326016e-01
6.878927504719446473e-01 8.298008815976879449e-01 7.488412894320471969e-01 8.745236812943327775e-01
9.083450648139513861e-01 8.970517628497773899e-01 9.922215009418472453e-01 1.059228995872674384e+00
9.395675421958706863e-01 1.034576845536927525e+00 8.910588725504176022e-01 9.746399659318517594e-01
8.665442962364721113e-01 9.809152668257009600e-01 9.531044607871697050e-01 1.019057964138011529e+00
9.442987643332398928e-01 6.908006937227050281e-01 9.557868184977653669e-01 9.123638008002414868e-01
8.003830993458940224e-01 9.470496990194331444e-01 9.093166066897199196e-01 9.323999279780993410e-01
8.125242485047252661e-01 7.513554660873495994e-01 7.617435653626039027e-01 9.112256122980648687e-01
1.018462261469340158e+00 8.446182165014943788e-01 8.293666207458124662e-01 9.352695854795882724e-01
8.375975639041923770e-01 8.062452614272057616e-01 9.445830613216167349e-01 8.046254694179952871e-01
9.764465013772681834e-01 8.831961680444427865e-01 8.545759339167511293e-01 8.230357447017662142e-01
9.242446392682819312e-01 7.681388881574132688e-01 1.052507139429554872e+00 7.851993760924347310e-01
1.010814114225958349e+00 8.182064062053456821e-01 8.197223536478687178e-01 8.067487437123581628e-01
9.756613699285442420e-01 8.997474250995119993e-01 8.402165108726549203e-01 9.909921472808186360e-01
8.282234591335034812e-01 1.004554212786781475e+00 8.005854328205593839e-01 1.114598526986441795e+00
1.104002379531606737e+00 1.053210093045306550e+00 8.108452165741052431e-01 9.896681569606988749e-01
9.334725925340530139e-01 9.772092918946397866e-01 7.148600695144776695e-01 7.713645406105922309e-01
8.910164100692866684e-01 1.067022573622773196e+00 8.505245566140202662e-01 9.281809103586010634e-01
1.028830914896600168e+00 9.362336691063840588e-01 7.908160659195158093e-01 1.142193555190563981e+00
9.593218915624426302e-01 8.997460724059052062e-01 8.718704076218185550e-01 7.492035971630559565e-01
8.810726307617591235e-01 9.757430971038369982e-01 9.703833110102940696e-01 9.556288521322897633e-01
7.870581735327030204e-01 9.382777278534945031e-01 8.643657577742925868e-01 8.103827349919531242e-01
8.865962407307470539e-01 8.696410558088519815e-01 9.326348269776257860e-01 8.060574582721097281e-01
8.712404302310130522e-01 7.524570381766888527e-01 8.156808474113020901e-01 9.374975499108306742e-01
9.319400269058611963e-01 9.900836798610129774e-01 9.795188995306353119e-01 9.043800416512286500e-01
8.743224388508950007e-01 1.026222556623932691e+00 1.050210309364443484e+00 8.895844148095075621e-01
9.004203291360370898e-01 9.014303937993790594e-01 8.228558115923294558e-01 1.032974066983589179e+00
8.762757734888326766e-01 9.163235981867882129e-01 8.757712149079922570e-01 9.287769176104652136e-01
