8.524264908471710367e-01 1.052984859105433824e+00 9.339960661607215053e-01 8.757990211099325739e-01
8.003412666480510529e-01 1.240384465310988338e+00 9.037057747280894393e-01 8.153621652475068204e-01
9.756535338714198424e-01 1.048601662117816469e+00 1.130738646055168273e+00 9.819366680974555006e-01
7.752057380442201051e-01 1.145353558869567134e+00 9.898254140890458963e-01 9.116714072980880434e-01
8.888011748028809000e-01 1.081264335298060209e+00 1.143791314047365226e+00 8.972510637118706889e-01
9.560210958841414142e-01 1.047119058054215124e+00 9.448712824972286262e-01 1.005232161100393595e+00
9.919832161298302031e-01 9.874706530253500869e-01 1.020208477909506195e+00 9.402267411029811006e-01
1.078748101018656813e+00 1.040335490554712861e+00 9.622264280849293083e-01 9.672975950332515227e-01
8.630403961400859858e-01 8.997041420779262610e-01 1.065920156221028980e+00 9.950458414369878213e-01
9.803016533511288433e-01 1.120511686185015954e+00 9.382141380368819172e-01 9.884601299649525830e-01
1.012981765498598641e+00 9.851929181508302102e-01 9.542014185381578750e-01 7.632165826133773257e-01
1.055685968647073203e+00 9.181700654680325924e-01 8.466733271593724908e-01 1.160046423877858501e+00
8.498657556875743868e-01 1.040307848331509355e+00 1.146876106122753924e+00 8.191577859087538771e-01
9.986702207825448596e-01 9.887919672183230757e-01 8.438848375080463260e-01 9.114580740274484949e-01
9.532671371945544703e-01 9.860068630448755034e-01 1.026255968262866469e+00 1.004639529003426901e+00
8.867706125844230236e-01 1.321089024372987142e+00 1.055968773543025430e+00 1.007014975393319745e+00
1.166423699370023437e+00 1.104663625223013090e+00 1.047366434928560297e+00 1.063803727908839702e+00
7.707257196013069800e-01 9.238824138043467693e-01 9.298598844336442015e-01 1.045776189810356804e+00
8.051584442330983471e-01 1.158979881923413169e+00 7.922122385207319706e-01 1.138745644698524240e+00
1.037760676431012774e+00 1.007883557233487437e+00 1.097373823412554295e+00 8.616304695526599833e-01
1.023230123515345813e+00 1.143415769161932438e+00 9.562921293839484749e-01 1.113405061929888529e+00
9.773954443392594005e-01 9.724309773793275991e-01 9.807160388059631417e-01 8.499236579337396957e-01
7.121406098797388173e-01 1.000433617234269823e+00 1.053400853829524308e+00 9.033912704751311251e-01
9.118052574697795842e-01 1.171884650505437442e+00 9.531110827433902921e-01 1.006065360626852589e+00
8.556721773621557281e-01 1.004948892493149115e+00 1.140943221151166975e+00 9.464466047933197679e-01
8.750129057320786830e-01 9.186666813530747211e-01 1.084987343572171969e+00 9.039475986789317075e-01
9.526059701443695404e-01 8.896436008473481705e-01 9.306278372704807067e-01 1.015338215114450993e+00
9.163878178382238726e-01 8.895830433946310123e-01 9.791206923446199584e-01 1.004302186860867918e+00
7.798928778679987683e-01 9.506517873335628144e-01 1.066341101639475264e+00 9.798110323187017023e-01
1.030439497917302605e+00 1.063682873724178357e+00 9.961513323984882984e-01 9.022921469201954370e-01
1.003067483780001545e+00 1.086190217688026260e+00 9.961514018815521565e-01 9.934195804638144001e-01
8.840978568393036419e-01 9.974320077674692087e-01 8.980381420266239090e-01 9.741174339053613185e-01
8.657778531488785623e-01 9.641579652390495081e-01 1.065778554401179079e+00 9.197160447799037630e-01
8.899722311672996211e-01 8.619971850474916764e-01 1.123594341691873000e+00 8.381973136520124434e-01
9.215670207835146011e-01 9.709256823911787126e-01 9.080105377279744649e-01 9.455825736411622717e-01
1.151184302383783109e+00 1.055795364617498899e+00 1.003449364184131776e+00 9.671544837149594898e-01
8.435674154386633150e-01 1.155293952555209280e+00 8.315450148662456575e-01 7.903537945615580762e-01
7.415297253139728761e-01 9.925719786293908387e-01 8.184390590385776099e-01 6.524839422325753313e-01
8.747328352489883718e-01 1.001985362491597975e+00 9.228205706810254094e-01 9.556525186247727399e-01
9.053886538984652343e-01 1.003489804176387779e+00 8.802746823799801890e-01 9.822267422538696335e-01
8.260254589960911442e-01 1.144677901482247906e+00 9.828416760824820742e-01 8.045321494534797280e-01
1.014104610406265206e+00 8.586867557502346759e-01 1.164885298860196983e+00 8.420348842486844454e-01
7.729580223589803678e-01 9.923259964627357821e-01 9.553514570749211954e-01 8.305999419548993901e-01
7.744534894547335790e-01 9.834646267053022139e-01 1.057875547406943006e+00 9.746626275825268637e-01
1.015338359346761532e+00 1.137782348842240721e+00 8.692371116152929345e-01 1.007901420325949760e+00
9.794536388274439620e-01 1.044456534239531331e+00 1.156628696674617984e+00 1.024200474826814311e+00
1.095523691809358269e+00 9.978767931464920249e-01 9.949234773831886480e-01 9.997182032878771940e-01
9.447177907796344698e-01 1.132889778946587267e+00 1.048460696306577677e+00 1.030150432250592107e+00
1.023073710136078063e+00 1.025109060490925872e+00 1.105510328826247557e+00 7.434317647443940968e-01
9.103864280533762177e-01 9.513534868632890218e-01 8.573726158601580050e-01 1.003812778502116920e+00
8.442933670741029628e-01 1.218241747273408615e+00 1.024876434820231053e+00 8.873704719979822464e-01
8.814999697331379336e-01 1.168849671727912876e+00 9.226702278747593855e-01 1.067306303368720677e+00
9.103787942051018156e-01 9.671418196642180831e-01 1.007830723923073935e+00 8.521771642180359096e-01
9.920808159590260855e-01 7.459051247745862590e-01 1.053220392067394151e+00 7.577599800825879361e-01
8.893863350848939531e-01 9.304141450744823905e-01 1.079197181312953946e+00 9.734786428006771963e-01
7.393993792620510153e-01 1.061141489089693524e+00 9.747582369298064542e-01 9.355211146989800275e-01
7.916296848496142680e-01 1.001489254605216539e+00 1.093097077972123854e+00 9.787522982784824244e-01
9.672285418836602533e-01 8.904046761432624635e-01 9.639485510253613665e-01 1.017458188250212947e+00
9.558866478918933707e-01 1.152043101941395253e+00 9.590080375829749260e-01 9.735062062747124045e-01
1.021569672541116303e+00 9.802240335504726065e-01 9.362221159089584299e-01 1.015913326131665961e+00
8.221297293829464836e-01 9.230421329071361036e-01 1.037199282969846870e+00 1.110151729841675650e+00
8.602737890252492026e-01 9.584507661688707048e-01 1.041755917102941131e+00 1.010154201663353790e+00
7.469730421560420996e-01 9.670028208709338102e-01 9.949269371716035204e-01 9.659848617867344833e-01
9.250331375056866090e-01 9.525147410688993288e-01 8.644847657664340712e-01 1.022551954457808998e+00
8.222595229025170260e-01 1.081753320120511175e+00 1.003765770199589458e+00 9.946956106128063135e-01
8.922353449691138305e-01 1.094884075854606786e+00 1.015843825165303915e+00 1.002599742840504682e+00
1.052634677264123075e+00 1.009633918698663813e+00 9.405309637836337666e-01 1.085890184001848668e+00
8.935475170557765079e-01 9.556429640533649073e-01 9.340933718035636657e-01 9.907302807882750750e-01
8.906321363383771228e-01 1.211333295533735699e+00 8.571082412585480093e-01 1.009790469587607653e+00
7.323166429700308511e-01 8.405672090896538773e-01 1.095299709521428300e+00 8.418161801389871801e-01
7.101614054591527392e-01 9.271660632280454006e-01 8.053928632747462402e-01 1.091328184276943780e+00
9.770589764671731015e-01 9.382246957785180808e-01 1.025814413481276777e+00 8.372540370044585512e-01
1.065443766244557722e+00 7.620964001474107574e-01 9.290358391304798236e-01 1.055123951207365129e+00
1.003657079122049600e+00 1.018905214495421374e+00 1.044608194696104997e+00 9.417526444050851042e-01
9.998745353112787893e-01 1.128007982197000381e+00 1.016140351271517916e+00 9.350698638378838190e-01
8.431321412704785301e-01 1.064543563048702124e+00 9.617125197415564708e-01 8.613116803160888457e-01
1.010314437610295268e+00 1.144188719293558032e+00 9.467238124777437314e-01 9.960194551218753967e-01
7.344129753283937800e-01 1.242768845216200013e+00 8.978567368531344961e-01 9.852764545753146530e-01
9.411665156178217195e-01 1.088614149545585663e+00 9.991326936172513218e-01 8.448839224494112399e-01
9.347178333005285999e-01 1.126144998359254856e+00 1.027659432455076738e+00 8.405017060045094635e-01
9.830926723364752373e-01 1.106806651600589886e+00 9.609320704006925062e-01 9.980372495115843456e-01
8.057472765580527829e-01 1.067120718504031007e+00 1.027702620514378440e+00 1.147482335363278594e+00
9.502242301471425234e-01 1.077364648250583201e+00 1.026856575776965874e+00 7.657896744690401158e-01
9.333322655856457484e-01 1.080241647871672539e+00 9.384209095389252075e-01 9.455269409813455983e-01
8.026095454448876065e-01 8.190192906134545758e-01 9.353313258037961875e-01 9.521659411371161674e-01
8.268547128918021238e-01 1.114407927500324025e+00 1.131315959828850026e+00 7.785959095943684183e-01
7.188396467636808396e-01 1.060929935991608675e+00 9.744474140653374139e-01 9.815955961996880585e-01
9.076331164165718501e-01 1.103943421831811822e+00 9.526647419134434136e-01 9.386392359543944686e-01
7.491420193726341381e-01 1.105512035388970915e+00 1.005778113566514254e+00 8.186332625322962908e-01
8.183284615351218427e-01 9.915916508164189791e-01 8.726272987380657709e-01 9.151599709991722342e-01
1.031487714702021385e+00 9.920428354486063860e-01 9.992094891975813464e-01 1.014928628786579967e+00
8.107916689071127392e-01 8.903726804329263889e-01 9.913228981474633272e-01 8.003732120219223534e-01
8.769609115874844596e-01 1.019199920781790336e+00 9.607014021242371582e-01 8.284270365961663440e-01
8.492175621871176361e-01 9.842079086233147533e-01 9.041027022065180052e-01 9.737460633353879347e-01
8.069487659207715824e-01 1.110348130403410183e+00 1.172235294777070447e+00 8.961935626025463453e-01
8.420303315987683890e-01 1.061931079947525891e+00 8.926382246824264843e-01 9.247098874623982390e-01
8.188769540991359674e-01 1.189112964012796203e+00 8.801336183290686677e-01 9.237121809387721649e-01
9.276108878914801625e-01 1.021448522573112250e+00 9.274577988958133679e-01 1.001879764573047282e+00
9.586976795318128408e-01 9.992362856382208669e-01 9.216665655731537399e-01 1.014641817739630580e+00
1.013093297206449472e+00 1.191526041652595236e+00 1.147253893936168501e+00 9.706140670243116331e-01
8.566508467690422401e-01 1.068827513375672389e+00 9.638778282664148822e-01 7.410665801692131183e-01
1.080645587863974910e+00 1.083287718874855310e+00 9.922554537479049142e-01 9.049925626444839111e-01
1.002538553332148918e+00 1.024722355795285367e+00 1.056505733242868894e+00 9.017091437229531881e-01
9.646182812133248241e-01 9.019894024964389967e-01 1.079055783046168449e+00 8.908820528942014150e-01
9.473401980617899287e-01 8.936209688158408548e-01 1.060929332917261103e+00 8.775550850684543658e-01
8.588019555455539411e-01 9.570509926971654258e-01 9.977454269356295091e-01 7.616325245014906598e-01
1.020796246357769776e+00 1.098523285985017139e+00 1.110196109522356478e+00 9.203134673010823219e-01
1.013830928047048330e+00 1.049902647859948024e+00 1.048247217340259496e+00 8.662518718475528123e-01
9.459988307915457861e-01 8.967560104354819206e-01 1.081227025801229535e+00 9.478520357895305892e-01
9.744726795450395773e-01 1.120224270023556512e+00 1.204719219252394335e+00 8.350131762719996686e-01
1.043194033269815968e+00 1.025320561735965086e+00 9.026165893268611740e-01 8.141995937631490987e-01
9.014870394894003436e-01 1.227797658993175833e+00 8.472474099744009557e-01 9.217928986512956557e-01
7.996873544225178154e-01 9.289904974869849230e-01 9.902300112673853016e-01 8.911404161336304863e-01
8.690963891300086397e-01 9.435679962390172149e-01 1.006594032375569991e+00 9.932243161004731258e-01
9.958283862520136420e-01 1.071041022579011237e+00 1.136078291080240055e+00 1.030507540464201899e+00
8.929392896110438516e-01 9.454178516896537543e-01 9.597700620199715038e-01 9.391481575269303717e-01
9.975872450771525735e-01 1.095080637363691212e+00 9.065648709027439578e-01 8.670481857517732260e-01
9.620622040113485651e-01 8.889851375895098107e-01 1.025129839674065124e+00 8.450883196976195499e-01
8.683484271382589936e-01 1.014963319364035055e+00 1.025673665461835915e+00 9.044394166752168784e-01
7.590324555285505870e-01 1.029321537565270006e+00 1.010377782906687782e+00 8.234255598825164224e-01
9.825777458336013570e-01 9.649761063883699475e-01 9.686411696388482762e-01 9.490140376173773484e-01
7.940978348731922987e-01 1.134867188103511726e+00 1.055068367285844522e+00 9.838850186345766691e-01
9.467551999558271314e-01 1.106671564096028959e+00 1.017051294187598209e+00 9.379737079321095461e-01
9.589465070326878005e-01 9.665901158568331875e-01 8.605135841260742602e-01 9.765276653418664132e-01
8.694727328227092045e-01 9.790997774328918934e-01 1.036752188566628874e+00 9.709382990442640970e-01
9.337017978528375783e-01 8.644052553907910497e-01 1.032214247168517174e+00 1.017016050237194547e+00
9.500442066493881565e-01 9.138017680837345891e-01 1.065947401310948006e+00 9.230245991401413441e-01
9.604200145841936820e-01 1.118983888936926130e+00 1.053968666378992225e+00 1.162114371000496638e+00
9.180910570081530775e-01 1.240668522922000250e+00 9.695523327882318299e-01 9.020463045917660461e-01
9.823829840934822366e-01 1.017206967458072819e+00 8.596186941922884239e-01 1.059959666191833572e+00
9.549189365653268924e-01 8.406678994732239563e-01 9.482999590921527000e-01 7.981563777303255502e-01
9.759583623214359571e-01 1.023562298397340031e+00 1.045668256431066423e+00 8.374368942325461918e-01
8.882734616192853316e-01 1.067180321520884601e+00 9.105816686997834086e-01 9.191641386024378413e-01
9.349495842000440371e-01 1.104849481657966148e+00 8.146829133086295194e-01 9.561114544272421023e-01
1.028940345990326355e+00 1.173901657868477111e+00 9.045832667472952782e-01 1.039479579819851729e+00
1.094185551870679562e+00 1.213075121171306892e+00 1.031412335305218697e+00 8.042517179806573102e-01
1.014693975665826420e+00 8.997729211383144188e-01 9.939985478577677558e-01 8.925765339047102565e-01
8.914312644180913958e-01 9.634666789985415480e-01 9.212100246258148051e-01 8.635700079379798888e-01
8.462188783404326342e-01 9.591921053870520186e-01 9.685444198314280273e-01 9.242203401499821114e-01
1.039963258649093003e+00 1.157237699039113110e+00 9.149446086070417428e-01 1.025408419119905545e+00
9.388418990318896373e-01 7.143134853470504142e-01 9.280024593546932765e-01 8.729098695751095205e-01
9.334870909678163464e-01 1.002509381029881741e+00 7.756264265129606539e-01 9.604052081782294970e-01
9.066056571816908383e-01 9.618623642704671184e-01 1.134439143181619869e+00 1.086815492351052459e+00
1.033605911373206565e+00 1.062735792800209467e+00 1.042271360027017035e+00 8.573573033588732795e-01
9.001052883599376386e-01 9.990133903565421303e-01 1.018676589341511951e+00 8.418668141894367629e-01
9.526619906998899934e-01 1.063895981635298416e+00 1.201108572889617143e+00 9.054519528501033809e-01
9.799258321366780544e-01 1.035366713490801782e+00 9.489399215075036143e-01 8.415986416989976737e-01
1.172837403025370762e+00 8.989864979787082211e-01 9.839329667961927983e-01 1.067719924233261786e+00
7.658338466174978709e-01 1.101920820347087382e+00 1.072696568922034022e+00 7.797437186365880901e-01
8.414957193993928275e-01 1.080512198205277219e+00 8.355764286252909123e-01 9.478717062409970362e-01
1.072787788631367700e+00 1.021198973702711843e+00 1.201159960635131974e+00 1.092047017574311774e+00
1.029545719792027247e+00 1.259117032425110416e+00 9.398488931628816712e-01 9.162985995198784650e-01
7.571503748126683364e-01 1.109162491940138162e+00 1.002954415991259784e+00 9.804968399567909332e-01
1.083813849828163756e+00 1.178350431908623319e+00 9.364842286611879674e-01 9.558612838097017006e-01
8.437251144636220834e-01 9.099091986772958052e-01 9.292825177687700222e-01 9.592009131994561066e-01
8.984682067898905888e-01 1.008123359995092283e+00 9.138398932184075285e-01 1.003744739694464538e+00
8.572804238185268710e-01 1.027133319057179417e+00 8.415935969477040812e-01 7.534108042224384461e-01
1.067367630744967544e+00 1.095629710637431753e+00 8.484296784840996697e-01 8.672233618950642153e-01
9.213495077753487417e-01 1.036650462281996754e+00 1.033951866304288369e+00 7.523153924818739569e-01
9.611997277808072004e-01 1.036587463533239495e+00 1.108985848783626826e+00 8.467709594619355906e-01
8.218544650486149239e-01 9.081168554603099574e-01 9.243530714525145520e-01 9.324119478255686877e-01
9.054534022223544865e-01 1.260579372308167523e+00 9.094106417763094807e-01 8.572161915245061214e-01
1.133499981846699534e+00 9.718362993457286825e-01 1.089374516180696695e+00 1.017461315494313734e+00
1.020585979888406714e+00 9.550610702534408913e-01 1.130661663798129712e+00 8.323615781097006838e-01
9.523827678500125238e-01 9.453530804812457777e-01 1.176374045071232999e+00 8.852830256756495375e-01
6.865882978119429714e-01 9.245923005815567253e-01 1.085825161849672149e+00 8.819213121951701151e-01
8.388409499200830677e-01 1.077227722337386506e+00 1.028438911982513693e+00 8.496219652372296594e-01
1.029011101888452240e+00 9.110950274134186344e-01 9.952253975789607798e-01 1.001596135342935234e+00
7.877309274422698016e-01 1.098575043409361962e+00 9.163320985982779110e-01 9.193203064069830344e-01
8.953229012248851149e-01 1.018216035791828400e+00 9.703088162736741573e-01 8.623171420001223275e-01
8.751905065755033464e-01 9.382775964298705196e-01 9.560296311448879258e-01 6.437373196312486945e-01
7.694330835080137598e-01 1.170891717300084789e+00 9.527290937494513612e-01 9.776336348742667992e-01
9.026468423207680836e-01 9.625915005113075962e-01 1.006665586762813147e+00 1.031677696274138745e+00
9.769758945904956082e-01 1.058587423673842176e+00 1.078665332083694084e+00 8.875686137913380014e-01
1.007974159340982112e+00 9.067380329788139459e-01 8.906438361194007891e-01 9.764337332271504355e-01
8.418295424388396730e-01 1.000605224872105126e+00 8.732565220492018998e-01 9.766457639868383334e-01
8.000584620374522338e-01 1.202376976530200592e+00 9.553579245439339784e-01 9.012022031300340741e-01
1.082609170354018602e+00 1.016167389659803133e+00 1.030270976580996756e+00 1.065528649593003196e+00
1.007320605322475915e+00 1.003705962532891904e+00 1.063355903580980977e+00 8.368036855043361477e-01
1.055859551479356062e+00 9.068771565720329386e-01 1.037615696259703846e+00 9.235640170794124915e-01
1.055905482771107851e+00 1.116208680455259783e+00 9.600165073175276342e-01 9.436766721281361070e-01
8.030643238212904489e-01 1.014862375291039731e+00 8.906725235480514868e-01 1.007513219668926041e+00
1.055867426231981820e+00 9.531792274769660400e-01 1.013606606605920168e+00 1.029206158317504061e+00
8.839941215229519811e-01 9.858256940980922867e-01 9.166450614468569791e-01 9.503793911541733586e-01
9.092812545920758716e-01 1.033410242217682518e+00 9.773748217740291233e-01 9.767642502521564074e-01
8.297438442055226071e-01 1.085520467040778536e+00 9.575869184642018528e-01 9.794857381392425566e-01
9.411270213209399493e-01 9.976948204887832183e-01 9.285036426787728336e-01 8.751257601761543992e-01
7.750844920796984283e-01 8.642029216679725234e-01 1.072432074620741194e+00 8.998589345440548559e-01
8.322389955331279676e-01 9.620999411719742822e-01 1.024470525653785158e+00 9.284051689799488472e-01
7.779291764387569197e-01 1.110796629509684497e+00 9.104250159456176439e-01 1.123970901090093122e+00
9.305010618605229489e-01 1.139524560646717699e+00 1.117992539930796614e+00 1.003099262948619730e+00
9.402090375309511971e-01 1.183305135690791765e+00 1.046312491770470476e+00 8.996349629473541221e-01
9.916169474532544603e-01 1.061991532106868474e+00 9.613238427417856169e-01 9.354547201166167891e-01
8.847159684847406558e-01 1.035365766735449222e+00 8.603475000221544322e-01 8.339161426613769246e-01
9.035168057284097554e-01 9.845855246044434850e-01 1.107051500926752086e+00 9.370552110460931283e-01
1.006380439746206168e+00 9.532186499228387788e-01 1.090556234639721955e+00 1.049861514118799910e+00
8.964172266783407839e-01 1.183998834173548120e+00 1.044583794193397308e+00 8.836955389541218953e-01
1.003525647449639013e+00 8.622088367478075721e-01 9.530239172252317204e-01 1.044017071858036827e+00
8.704081594239098107e-01 9.454252320173608393e-01 8.772666764924295091e-01 1.005114479462980714e+00
8.875463672514805058e-01 1.002772209764054567e+00 1.122878647886693004e+00 7.731760750312175468e-01
7.204506716994274473e-01 1.111592547712349832e+00 6.655768993268478262e-01 8.338562415667521988e-01
1.031514812526974190e+00 9.280806631229824299e-01 1.077720003693278361e+00 8.437601415420549200e-01
9.407098906773240232e-01 1.059598898849795301e+00 9.860938651673833988e-01 8.465954234522760080e-01
7.690804102735014913e-01 9.020350027285400918e-01 9.991346187666467760e-01 8.412577572202671883e-01
8.940850737319414598e-01 1.190489612364610261e+00 1.055660316092993822e+00 8.076843765849491819e-01
8.577250531832197877e-01 1.005128570371168095e+00 9.715385004280530090e-01 8.905949753917101752e-01
8.485908075626250602e-01 1.056723402539827772e+00 1.004000693570035407e+00 9.942750082023031899e-01
9.539185261632553425e-01 1.201086787006996781e+00 1.142861894968912440e+00 8.220736500332430641e-01
9.162267594928598102e-01 9.769496673141595533e-01 8.643224300194574106e-01 9.379467184188965412e-01
8.952542007353860853e-01 1.052938687827217779e+00 8.330659251614903615e-01 9.990123783982308714e-01
9.564423818466548655e-01 1.066372114084190637e+00 8.222546264804942995e-01 9.865077344501705925e-01
9.413794886643477300e-01 1.004556757904419673e+00 1.009519547553085594e+00 1.005148262863636566e+00
1.043577820608952988e+00 1.066982221266862929e+00 1.031124810861760555e+00 1.000136218481225470e+00
9.988614901949678382e-01 1.154792339431899295e+00 9.013034292554367166e-01 8.656678841687232007e-01
1.139386009440304326e+00 7.968644942162836919e-01 1.119446589057675689e+00 1.013696570066241254e+00
8.073991434587791671e-01 1.105774934959988798e+00 9.068466207802577950e-01 9.707557047680203111e-01
9.047794676782418000e-01 1.069847384655446598e+00 1.157252548989044838e+00 8.505792845818055392e-01
8.424432244439225004e-01 8.848817919488520811e-01 1.084724775224918503e+00 9.626252416184115646e-01
9.429237174352039785e-01 9.641321958668498393e-01 9.548265074257086260e-01 1.083124426526365758e+00
8.309102459288009168e-01 1.056436724197967525e+00 1.089915544978130368e+00 8.943698773288865089e-01
1.099207401672935847e+00 1.070289124835051009e+00 1.023890961772990105e+00 1.068135373304862856e+00
9.277198650896759657e-01 9.790154938014465902e-01 1.027867786042348408e+00 9.350796295230086042e-01
9.229415547624061356e-01 9.287441815464240191e-01 8.311947922599796090e-01 9.719528520729485699e-01
9.175883431882077002e-01 1.098676971791116230e+00 1.002036058164726295e+00 8.421231583782620156e-01
7.782778993534843481e-01 1.005743194815540642e+00 9.966468700497593813e-01 9.209095756906306995e-01
9.524978754057106256e-01 9.774730785501359875e-01 1.098067415001649838e+00 1.166990338702504237e+00
8.825574819933167392e-01 1.098964383903787478e+00 9.597027562797894040e-01 9.871415755835876160e-01
8.180412255315351322e-01 9.772884042034872820e-01 9.499564592041114253e-01 9.051655591431300163e-01
1.013203222057179165e+00 1.035402091565767790e+00 1.005912619006152919e+00 8.772093610504523298e-01
1.055112923779722101e+00 1.095282087145130978e+00 9.914643942872446436e-01 8.603798287757424834e-01
9.295239811256851281e-01 1.223791379143724045e+00 1.120873365905850294e+00 7.082869044654459545e-01
8.022938357196894854e-01 1.032807726816082239e+00 8.597873372930215918e-01 8.512224414812071815e-01
6.622802045532977244e-01 9.904081831579505391e-01 1.036182094321955294e+00 8.463332515908377207e-01
9.436774153779317054e-01 1.118415343366274683e+00 1.035412646610975651e+00 8.156467870143171428e-01
9.838557751619904090e-01 1.220877723163089845e+00 8.920075169316090680e-01 1.004757283958968905e+00
9.015154742936573040e-01 1.076079206642316599e+00 1.130362237179304064e+00 1.145193915047382660e+00
1.053520739671084172e+00 1.002073546787375591e+00 9.377856681183986964e-01 8.754138822713034562e-01
7.502329318356933952e-01 1.038747115312781411e+00 9.433573325541946275e-01 9.881184455103966258e-01
1.045086136850838621e+00 1.043418277565547614e+00 1.107856867562907244e+00 1.090475234498611501e+00
7.682600249757640665e-01 9.938427659072530673e-01 9.180594994739020853e-01 9.213124754001218442e-01
1.173431128981526017e+00 1.013742774015804482e+00 1.172790574476720638e+00 7.905095923878957542e-01
1.085879808933137625e+00 9.102666276895376996e-01 9.745878203860907085e-01 9.159830214607710408e-01
9.352892970216224455e-01 1.210932406307918763e+00 7.714350316752826009e-01 1.009751224214969989e+00
8.233034294183877444e-01 9.858736634913253249e-01 1.039817953513788584e+00 9.383296725263752247e-01
9.373955549459095371e-01 9.391022724896583851e-01 9.486316336978264374e-01 9.669192267619647341e-01
9.818187813184461321e-01 1.033830188075026024e+00 9.398949516838921436e-01 1.112244604208425081e+00
1.090402625193122921e+00 1.046625216682926185e+00 8.946384937466153042e-01 1.067127841692557588e+00
7.645308329185023233e-01 1.024987716711567076e+00 1.062048816561100839e+00 1.052605291239452789e+00
9.832493834513312825e-01 1.145030288471534652e+00 9.989262075661013984e-01 1.025504862826206676e+00
9.072385414345146559e-01 1.104648274479510750e+00 9.194254463493579665e-01 9.047319864587770599e-01
9.260321892204048666e-01 1.148978541586517244e+00 9.986247631528594182e-01 8.395248146898393049e-01
8.595971849632364492e-01 1.123615103897244616e+00 1.037832014270549275e+00 9.653175061868389806e-01
8.993518390453911771e-01 9.535193480085657480e-01 8.478619792691426404e-01 7.313049116173027109e-01
9.690404260940627124e-01 1.194694976391413421e+00 9.949186887271913582e-01 8.210963463683278452e-01
8.380268024280580486e-01 9.050564740186026746e-01 9.855518435410818290e-01 9.492368743924175511e-01
9.760819681070455056e-01 1.078066055616072161e+00 9.083950100109814407e-01 8.436765306321329927e-01
8.302557074418219774e-01 1.006450625800690002e+00 1.149947884595536873e+00 8.077474955715795435e-01
7.141295823825597466e-01 1.225236412979249012e+00 1.065362965998975842e+00 8.712901145400610003e-01
8.358339405054102667e-01 1.050305467415387106e+00 1.033693847971913327e+00 8.575509778367976788e-01
8.923635438991726065e-01 8.317651672378404415e-01 1.076088479093276984e+00 9.303041618303443672e-01
8.776345820638734585e-01 9.721386090430880200e-01 9.286834633541770634e-01 8.391532211737336988e-01
1.002645356045321012e+00 8.766069889877108334e-01 9.135219922673429860e-01 1.017537340885587227e+00
9.858220238843742322e-01 9.223660492944620870e-01 8.161544866774994578e-01 9.841337612999210283e-01
7.391738443063664565e-01 9.890085609661674049e-01 1.073678138286574768e+00 1.045797921752461113e+00
7.710980973801513372e-01 9.994552853142251170e-01 9.566408604659378812e-01 1.030289961386141817e+00
8.568975153426572344e-01 1.137941438062836319e+00 9.997055001984065381e-01 7.065136336502974013e-01
1.066941790520566702e+00 9.691782055092097448e-01 1.117131507018206182e+00 8.455622942195057945e-01
1.025878462198252405e+00 9.764448481699645743e-01 9.736172466376340484e-01 9.192029148574089037e-01
9.273787423384081130e-01 1.104865354274569889e+00 9.397191649157277116e-01 9.090009690927396413e-01
7.682800087783242526e-01 9.799818156751668452e-01 8.596457868579301387e-01 9.597375904222239518e-01
1.145861286700590620e+00 1.127855612914756778e+00 1.152067591903103594e+00 8.010349611676016446e-01
1.024653485099397798e+00 8.985641951307610231e-01 9.701457981097210137e-01 8.337716404862428599e-01
8.996434797016571450e-01 8.536443897689400817e-01 9.708419982319663744e-01 7.588474493073874561e-01
8.754382238602441690e-01 1.046665425025608664e+00 1.119428587684453857e+00 1.093834925908542699e+00
7.871126431848494143e-01 1.095139101894545997e+00 9.322162013760001420e-01 9.417750552002494002e-01
9.918719986278859979e-01 9.960464190186818501e-01 1.316947848276352806e+00 9.813029843043585831e-01
8.976110806220596317e-01 1.000837125367477931e+00 1.104322124474897748e+00 9.657779223914835232e-01
8.372622757248847636e-01 1.154419400594183243e+00 1.215076307384643339e+00 9.474663281021858952e-01
9.848658138639055926e-01 9.932206842210054010e-01 1.013341361803852925e+00 7.809191782156392758e-01
9.168228305482541973e-01 1.142937912822016733e+00 9.559449422224652881e-01 9.137800195993653896e-01
9.956509541279177089e-01 1.046478733085583812e+00 9.058516271713987766e-01 1.061942675412069326e+00
9.725938667149087724e-01 8.845501922239467074e-01 9.739931690973026024e-01 8.929968419108518241e-01
1.046841818283158032e+00 1.004157545975834731e+00 8.660922452495425361e-01 9.328687377720872309e-01
8.909542182542433686e-01 8.287800785956884742e-01 9.062575971827383503e-01 9.443175248769650754e-01
9.916385026105031253e-01 8.987156418510630074e-01 8.917409667605676882e-01 1.008261817352838596e+00
7.505843352087699927e-01 9.747989231964646617e-01 9.566986289989632963e-01 7.999527909446628726e-01
9.072935356137525886e-01 8.816643335255633929e-01 9.533818991017450895e-01 8.034531294959303960e-01
8.587312977177583573e-01 1.003597988956233866e+00 1.017772597513368460e+00 9.779449753114050070e-01
1.008017553128541355e+00 1.025503192316619794e+00 9.138544087736039101e-01 1.098722016389851452e+00
9.394683659944810250e-01 9.987844902877386355e-01 1.277058595625085058e+00 8.290325301336891606e-01
8.178624169902883878e-01 1.145327994969635999e+00 9.049580506651166978e-01 8.626552160475855491e-01
9.745946437321787448e-01 1.219687321288656534e+00 1.019442738765202083e+00 9.186058236178819003e-01
8.748972980668748844e-01 9.065079644875831955e-01 9.735474821839368298e-01 9.824940615055678395e-01
9.690062806146182428e-01 1.041115683418470050e+00 1.010635765142123610e+00 1.017153768673070058e+00
9.053105632229018207e-01 9.786067433288535566e-01 1.116194913589457993e+00 8.967960562474468489e-01
8.573721196249391996e-01 8.620069500302175447e-01 9.400262695802376056e-01 9.377836544300069965e-01
7.715099987655740232e-01 1.070513302018855972e+00 9.735479232305516151e-01 9.257951497315228817e-01
8.952922097312376870e-01 1.189788561399862887e+00 1.120244802291187725e+00 8.907378744544517390e-01
1.057691950329816999e+00 1.271289335325243686e+00 1.120925480442619637e+00 8.565524656067469156e-01
9.647282272860221441e-01 9.179996108886342432e-01 1.157846962912940647e+00 8.791317888906163835e-01
1.008129348116975965e+00 1.124230400754669734e+00 1.002211363545428613e+00 1.034409397172980860e+00
9.519800174701450457e-01 1.030410224862196022e+00 8.379847917174969574e-01 1.074755669195153418e+00
9.195842283559706454e-01 1.008446725885953299e+00 8.245996795656436174e-01 9.816662205574732125e-01
1.022622713733572386e+00 9.963178264762803105e-01 9.171986603091265566e-01 1.071707933427486603e+00
9.708833985436593483e-01 1.054613093212756203e+00 1.042527264107228513e+00 9.764949971874645751e-01
9.695568832652872171e-01 1.052853232302199071e+00 1.178887579610098824e+00 9.647906264365722073e-01
1.024406435959245742e+00 1.047234926067629468e+00 8.567469048041097546e-01 9.701260448936630532e-01
8.466373580310279090e-01 9.308585223960564869e-01 9.510777488878556785e-01 1.053268866291344086e+00
9.474998309451285738e-01 1.007570502835221982e+00 1.028623521737461743e+00 8.979837079546096890e-01
8.951773452254276897e-01 1.046878041613906518e+00 1.031463695072809772e+00 1.016284678269199659e+00
8.571101618356680163e-01 1.128129726598291471e+00 1.024137013162958576e+00 9.610472619889184331e-01
8.611324871687526805e-01 1.247941513634567068e+00 7.594926648990228957e-01 9.500724974572214432e-01
8.272241292202342500e-01 1.156152195874368127e+00 8.330388165244667631e-01 9.715090714364211788e-01
1.031882460597665752e+00 1.046312630122173015e+00 8.455870467450128380e-01 9.740982506157869203e-01
9.044312137583730982e-01 1.012316011452950137e+00 9.805954168583311814e-01 1.019157636365802366e+00
8.286652521306445696e-01 8.669710587818876268e-01 9.457269918738370196e-01 1.025336995481277436e+00
1.047151867178548912e+00 1.079802738267961137e+00 1.053427917352896648e+00 1.040282447421976064e+00
1.071046356879805872e+00 1.116138440337908433e+00 1.104707004223261624e+00 9.543708348141584086e-01
1.084601854260942577e+00 1.092124540078303507e+00 1.012347927147173809e+00 8.937403186604098160e-01
1.006461711500361567e+00 1.053218739756923927e+00 9.194110149005902954e-01 8.952087034082640837e-01
9.300289258926268676e-01 9.443776111162457410e-01 9.215043786254337732e-01 9.049499762972309513e-01
9.911499774693168785e-01 9.285669623729381206e-01 9.403744982232059568e-01 8.918479414533438954e-01
7.734086655905574315e-01 1.200169456404716728e+00 8.308385478998849827e-01 9.641068832725528948e-01
9.119343082278935642e-01 1.009862113602712830e+00 9.232567832971606547e-01 1.028461500008734042e+00
9.276666798558463878e-01 9.342118527156952901e-01 9.830606370819628959e-01 9.680617605113026602e-01
8.100836182742480185e-01 1.049920537991215763e+00 9.964562300815800189e-01 8.903181860212182608e-01
8.961912339721024301e-01 1.220229745595854176e+00 8.638889513334740977e-01 9.746090575097118291e-01
9.430070610537000242e-01 8.773019979490761511e-01 1.013214509703609378e+00 8.040222560695855503e-01
9.749103708015580683e-01 1.040214969742623063e+00 1.043708681375020708e+00 7.814474245550954157e-01
8.345527375125071368e-01 1.035792143847066527e+00 1.054581965034813607e+00 8.511012631382831595e-01
9.305836325855353364e-01 1.179106689678062647e+00 8.602568345887448009e-01 8.144661801427109937e-01
8.192022839634585107e-01 1.258816073906559918e+00 1.050142097612202452e+00 9.345703069381298134e-01
9.446080578961202345e-01 9.125423285951361763e-01 1.009662554976942239e+00 8.785852749348593838e-01
1.018974734974152696e+00 1.052742622728177091e+00 1.037247675733560470e+00 8.577409856112319098e-01
9.780755928748450234e-01 1.077815199609752028e+00 9.815122936015343580e-01 8.940345210495768136e-01
1.138746690937409323e+00 1.051079704050772889e+00 9.897456105213006117e-01 8.369960084704695102e-01
9.130816913476779151e-01 1.070549954288464445e+00 8.351810205720494595e-01 8.019892938442199082e-01
9.194623439205896753e-01 1.046079519827912696e+00 9.184423633728789893e-01 9.256250867024700124e-01
8.154232456078709390e-01 1.277872304708990603e+00 1.051393857779376217e+00 8.181502483036492412e-01
8.327325650701085102e-01 1.103051931846469547e+00 1.039892225008228976e+00 9.416062123042203691e-01
9.212217547676694318e-01 1.124440438425114097e+00 9.979712278354002652e-01 8.347672327865703901e-01
8.464393496330203659e-01 9.186418305229788750e-01 7.894861357552465098e-01 1.106049780483444378e+00
9.938050898913504128e-01 1.032413920725169243e+00 1.117276192671727175e+00 8.793250952133003784e-01
9.403947894054628387e-01 1.070734916841920903e+00 8.570914960906157454e-01 1.208976010032469572e+00
9.451013830265714288e-01 8.527583250084590505e-01 9.878792213807309208e-01 9.053562682636735470e-01
7.541464164803078907e-01 1.095189440305757600e+00 1.045274462958800221e+00 7.513532765383601486e-01
1.115041375234123722e+00 1.107890625735907353e+00 1.012104534242556086e+00 8.371386903366742072e-01
8.296169432621922635e-01 9.702263991819384259e-01 9.779047651181207446e-01 1.047772285600739428e+00
8.783659088168559448e-01 1.131409165209419587e+00 8.047546252869380856e-01 8.757117762777159031e-01
7.371325795885758092e-01 1.053768792218041872e+00 9.942585191258039856e-01 9.612551569029785803e-01
1.081414490862508515e+00 1.047210653154077464e+00 9.819764797622612118e-01 9.716675330879087635e-01
1.037312173291044859e+00 9.691189937538498000e-01 1.106168775108600233e+00 1.044843408119944250e+00
8.286412601496772057e-01 1.074673854157182973e+00 7.919019044370403382e-01 7.659338228793945991e-01
9.277482208550343890e-01 9.099662209053633877e-01 9.251954435600329152e-01 1.031337689070528585e+00
1.005506032285081286e+00 1.022277003119873351e+00 1.017066171616720194e+00 9.729009702033724061e-01
8.261087616117579469e-01 9.908579041451355263e-01 9.601800850111220642e-01 1.120989692203295807e+00
9.411847607438835750e-01 9.490260966676631327e-01 9.913583759065875967e-01 1.034263701387001522e+00
8.832060184723946605e-01 1.059699446003408818e+00 1.137870356149644158e+00 1.070107652763649497e+00
8.614806259148048984e-01 1.023561203232718375e+00 8.074398538629489197e-01 8.310438240375560559e-01
9.146178478005911883e-01 1.150553749800135472e+00 1.082063761794801460e+00 1.097527322215454237e+00
8.587276866662498787e-01 1.044985444264104446e+00 1.176079310426727087e+00 9.385244277640856225e-01
8.962573664092143844e-01 1.161718591579470106e+00 9.336305820152100976e-01 1.073273620164781672e+00
9.187353555169648356e-01 1.003780918224154828e+00 1.043142800969559802e+00 7.054969460329636455e-01
8.327023983811776553e-01 9.493025945403555932e-01 9.342854896889695171e-01 1.021328156451297708e+00
9.215000961634668419e-01 9.226546342745470808e-01 1.048867799013337487e+00 9.626567872289401029e-01
9.012110712954733982e-01 9.109423434947200304e-01 1.079648307350766556e+00 8.196014403655073055e-01
9.311231503661759890e-01 1.103805379905026030e+00 8.358583467869467043e-01 1.050925515658200249e+00
9.248653965333016869e-01 8.237431780862057851e-01 9.930559078548415464e-01 9.593341395291978824e-01
9.498601853767438818e-01 1.049858873469509346e+00 1.006978317825026226e+00 1.133843153647968283e+00
8.832806777778808849e-01 9.359310702141133698e-01 1.027568421298748813e+00 9.467325198067295666e-01
9.571325045542100618e-01 1.071362996356329811e+00 1.053063590664954363e+00 8.594761548234221005e-01
8.758888928311556743e-01 9.985654031017040522e-01 1.211582136993227810e+00 9.326043183923951041e-01
8.223139325814041722e-01 1.094155763655357827e+00 1.072986656385845228e+00 8.387994842431639730e-01
1.001060175976236089e+00 9.910069388611628671e-01 1.014839562570405640e+00 9.784682761108691729e-01
8.541607594003013393e-01 1.277823782292574872e+00 9.842702129523155374e-01 1.049855344675684421e+00
9.119618965888925954e-01 1.016275860577386503e+00 1.041426863588159835e+00 7.649671273357480095e-01
9.846686663712771459e-01 9.880006487619459321e-01 1.029061121772098408e+00 7.990596547878858757e-01
8.454623663767469877e-01 1.228816029532542542e+00 1.012282349105676271e+00 9.743294990372982634e-01
9.429937592241621758e-01 1.142402138726136940e+00 9.212716156955682578e-01 8.729213556214096004e-01
7.492284838409828396e-01 1.119940070390229137e+00 9.230805750526722697e-01 8.814338545116561230e-01
1.036820073161792255e+00 1.065775237133540942e+00 9.415241348869775040e-01 1.062078558124803562e+00
1.003175906442949517e+00 9.387449128019189626e-01 1.105421776800711076e+00 9.904306917823872958e-01
9.308065119544811639e-01 9.883422654584375078e-01 8.851956195919473691e-01 8.285950932271729519e-01
8.384231415849932034e-01 1.161807382028818836e+00 1.019669703199467037e+00 8.746496729592325714e-01
8.202718233990344832e-01 1.034308063753768714e+00 1.073183127261931213e+00 1.047356752910819866e+00
1.021965928358405495e+00 1.206760614484829741e+00 1.092885832235690247e+00 9.727261769202657504e-01
1.033799872206375703e+00 9.624853803851914913e-01 1.034742802592675925e+00 9.379254771264616819e-01
8.259777413972061444e-01 9.212877443075104811e-01 1.013996539090710414e+00 9.674192035209894236e-01
9.063520326381349079e-01 1.095387293631589820e+00 8.706914869401383150e-01 9.419866484586582045e-01
9.203900732074093982e-01 8.763064921310953492e-01 8.964675944354113524e-01 8.772808409493069171e-01
9.813182963235724809e-01 8.464926017538662029e-01 9.163013495378470319e-01 9.102019413194326614e-01
8.939024607878740536e-01 8.806268781447114113e-01 1.080433764580822631e+00 1.028846088185353391e+00
9.981244241286431063e-01 1.147448100438165364e+00 8.899725188951054244e-01 9.363768947198318759e-01
1.052079528080674287e+00 9.891941555492272942e-01 1.045399505005987884e+00 1.057332493579763444e+00
7.925969912388414196e-01 1.136529808585325041e+00 1.170568584628788766e+00 1.049213115798023788e+00
9.931645077317451387e-01 1.026155983217383438e+00 9.469218636239812303e-01 1.013022083643282167e+00
1.014471938402004003e+00 1.045363396451415072e+00 1.144624824196865509e+00 1.006529239246838126e+00
8.203136146140727059e-01 1.010901679382159912e+00 1.005573327096043634e+00 9.585270801888660097e-01
8.981046895867041968e-01 1.076593432849398679e+00 8.841774610830924752e-01 8.779047896947953511e-01
1.032507459181572829e+00 1.024950901139834114e+00 9.274540923597208719e-01 9.949763455587126160e-01
9.123873127880982592e-01 1.018555435588083258e+00 9.934589875030603867e-01 8.726554759160088937e-01
9.958872892389381004e-01 1.018826062909987007e+00 7.424201197895878845e-01 8.318172955363378751e-01
8.944634901637389390e-01 8.928443837675070771e-01 9.977335847442919681e-01 9.048657288785876274e-01
9.608742351371258872e-01 1.178840421153777740e+00 1.038926199926983651e+00 8.997512676201712134e-01
9.248277271710142466e-01 1.102486249042368360e+00 9.095461979649069884e-01 7.721639638342703282e-01
1.119558246150679226e+00 1.066513527082926904e+00 9.996974889714579371e-01 1.113166883211561764e+00
9.973971048603157419e-01 1.100380487111582983e+00 1.002607056088294035e+00 8.002927449639858359e-01
8.507245198919752838e-01 1.173535019266832791e+00 9.428081350417587547e-01 8.402748463836672288e-01
6.993152943221093709e-01 1.138275831536474936e+00 8.653233509937381385e-01 9.133259056928595410e-01
9.396663065727393072e-01 1.032091865223814686e+00 1.059567735863297777e+00 1.070599918732624056e+00
8.041374475754410334e-01 9.237144701346799991e-01 9.124554731655464268e-01 9.266768696756809698e-01
9.244221400641325914e-01 1.048126689231202002e+00 9.318906746076418557e-01 1.004042779590768708e+00
9.050718588859197888e-01 1.156142948489862432e+00 9.306683575063261493e-01 8.564922689028037217e-01
9.100322477968594281e-01 1.143378870934118607e+00 1.152042221293915203e+00 1.064046581733872010e+00
9.367338691508451110e-01 1.007874842688182504e+00 9.846228001183271461e-01 8.329758557530496654e-01
9.291922819257316668e-01 1.187788910802361153e+00 1.063012419590946944e+00 9.257704088488903915e-01
8.655188973001302077e-01 9.467871320623596487e-01 9.546753958961233799e-01 9.418507179993642620e-01
1.148641380416222102e+00 9.700936501500482256e-01 9.214917594182407967e-01 9.559843467636874870e-01
7.156704616524131035e-01 1.050479412363089171e+00 1.030499375807755857e+00 1.091110328696179854e+00
8.239053307653034786e-01 1.146969314157592512e+00 9.739467396318489678e-01 1.015764552778560370e+00
9.789428267989723764e-01 1.161869379529764545e+00 9.875349675974461894e-01 9.698579535660813988e-01
8.336504452349178251e-01 9.573621731624949449e-01 9.417638252090074769e-01 9.248508055779931514e-01
9.048058472535885910e-01 8.881913437403373690e-01 9.669377070539761920e-01 7.554656880059216206e-01
1.029860849450613847e+00 9.617866057331089236e-01 1.044539277214874717e+00 8.698569026687837935e-01
8.797954582388144429e-01 9.430560416317572692e-01 8.602731182219582884e-01 1.038764342403747376e+00
7.662114934137337352e-01 8.810782272271533433e-01 1.144911855178402993e+00 1.060624791343125040e+00
9.122397826070353100e-01 8.570587961854674308e-01 9.924617700043523172e-01 9.103200510677229573e-01
1.075013136377780842e+00 1.060703345893720950e+00 8.938465381364709694e-01 1.036535808522286883e+00
1.011972576299450255e+00 1.193665478182543982e+00 8.428832575011111494e-01 1.019968964824715663e+00
9.805903014612151747e-01 8.894362144982392859e-01 8.894927455253064386e-01 1.096653952012049515e+00
8.416501383127608094e-01 9.154497567774816380e-01 1.072989824641499945e+00 9.941015191469413370e-01
9.513764939250175523e-01 1.049769803396243040e+00 1.032068298832843567e+00 7.870632057202706644e-01
8.648825724071194099e-01 9.520249891087289029e-01 8.961308166103676420e-01 1.135918346661213052e+00
8.579532137070369213e-01 9.885057993035437640e-01 1.041947975974248708e+00 7.269706568394342927e-01
8.990302235475505777e-01 9.337015062679780986e-01 8.229287782893962566e-01 9.954663309495552781e-01
8.814127808454360613e-01 9.562830702953654116e-01 8.724534753742637649e-01 9.055272082562736413e-01
9.530094304051395238e-01 1.091670304247213563e+00 1.112647680860561428e+00 9.217232386392452126e-01
9.924236179817532699e-01 9.751164332693283976e-01 9.461195904116472821e-01 8.772311622972879253e-01
8.948444962975191652e-01 9.473151270545282499e-01 1.114119614126002356e+00 9.710375599922422829e-01
8.697038339385327887e-01 9.373074375441832196e-01 1.013691866773938965e+00 7.587841286307153155e-01
9.678026959425893860e-01 1.037494003376165264e+00 1.047759640588855179e+00 8.704852333643915419e-01
9.429152692947981862e-01 1.007705070389469215e+00 1.031616130399370279e+00 1.020241571248539536e+00
1.122111671619928197e+00 8.658699316542343150e-01 1.088984624377924870e+00 9.399306151812781840e-01
9.707060067516007917e-01 9.511395174795269636e-01 1.015656571594293123e+00 9.297730895123050843e-01
8.935152484112685034e-01 1.251939437810088984e+00 9.197073206676672497e-01 8.821736505937032291e-01
8.236124668283294481e-01 1.098110347595249836e+00 8.963290923131990162e-01 1.166622012267431785e+00
9.405305332436336707e-01 1.076413269185613641e+00 1.045960294171815574e+00 7.924246771218736995e-01
1.058503767541044249e+00 1.122886930932698313e+00 1.086962511349598204e+00 1.014999972910005654e+00
9.298740664798755828e-01 9.964316874100790367e-01 9.329647002082619434e-01 9.123983751247013441e-01
1.043559533693703356e+00 9.293671762966186911e-01 7.707760594027052159e-01 9.398880282697303912e-01
1.054676841420477906e+00 1.015207905812461231e+00 1.050488444399214183e+00 7.990761766283321910e-01
9.337137312911142351e-01 1.057471814512796815e+00 9.942152827219281619e-01 9.244201212979717974e-01
1.055663785478294425e+00 1.033970646104818369e+00 9.797941090300262834e-01 1.030817482571225963e+00
1.080594366832768216e+00 9.047894699944247776e-01 1.104575387199112191e+00 1.006741115271980069e+00
9.877074500303445470e-01 9.286348605575930337e-01 9.123770975515029802e-01 9.160684243713759223e-01
8.754644069350797642e-01 1.101477012286857127e+00 9.220590722099645253e-01 9.692136734421251676e-01
8.830122405471891867e-01 1.116507356900509507e+00 1.002987963673128924e+00 8.763949165736246716e-01
9.114561429048768648e-01 1.022945151479743187e+00 1.053940148397809029e+00 1.039302907429990430e+00
8.925179825394756739e-01 8.332272401641729331e-01 1.028864579030672077e+00 8.929990387052539891e-01
9.464893815786725728e-01 1.119104573273807191e+00 8.932030206056538191e-01 1.016253682083780863e+00
1.011538061771169339e+00 1.141359153878783506e+00 8.479250780077629557e-01 1.077781282484785663e+00
9.985532191777976019e-01 1.053785171358940564e+00 9.968248176973929509e-01 8.187162713475508724e-01
9.005917057402922365e-01 9.005519252246984019e-01 8.978878329525138424e-01 1.026634125804015252e+00
8.680111803029468831e-01 1.079366723638244041e+00 1.071982760268831658e+00 9.902342774955744664e-01
9.720917940607447516e-01 1.148210026169782738e+00 1.161972445852802682e+00 1.014990617999715461e+00
9.242456370427425405e-01 1.076856323336232935e+00 1.041566523074728190e+00 1.006275580188465080e+00
8.528790191670614362e-01 1.047828544565417408e+00 9.635882301781683035e-01 8.352271128844126480e-01
9.426333259924171148e-01 9.537502110958309132e-01 1.050567093305017741e+00 1.058303735485854880e+00
1.033771083157563275e+00 9.850496854284666037e-01 1.013626232939002669e+00 7.599728980128677147e-01
9.516854697253516182e-01 1.016475012757058760e+00 9.122378092894892765e-01 1.083074122667632810e+00
9.270769568013370598e-01 9.937274685635397731e-01 9.866582015040544773e-01 9.860388397433724750e-01
9.547127280110360159e-01 1.101674734974120051e+00 8.369099065757010791e-01 9.822057894318998450e-01
9.435938102289420648e-01 9.798264160278590262e-01 1.019316376313786243e+00 9.792186775837695700e-01
8.025990971767882343e-01 9.041280915802917262e-01 1.069955028568810196e+00 9.387965706855820880e-01
8.749783229237788618e-01 1.090675055138134342e+00 9.316191513089394638e-01 9.719148852480128387e-01
9.899585209493337867e-01 1.122103626350498429e+00 1.116582549745118280e+00 1.023095663889922013e+00
9.136029377432760556e-01 1.264770796187675295e+00 1.097713556063389495e+00 1.146835062576780251e+00
8.659978868364232030e-01 1.151992884144786844e+00 9.245678832332142605e-01 1.001812849327792687e+00
8.847105371128444196e-01 9.863936402994152308e-01 9.331256233035258862e-01 8.901200787625658251e-01
8.686601294739796364e-01 7.985497155028736804e-01 9.272184200591796488e-01 8.628455031900090777e-01
7.499543531133995300e-01 1.060513901742043741e+00 9.549842921933716644e-01 9.350499074352797146e-01
9.451664384731552904e-01 1.010367905321656767e+00 9.137258882021479511e-01 9.601487432224592444e-01
8.151914067066186043e-01 1.003149031860302909e+00 9.756966325463751755e-01 9.761675563762817198e-01
7.783944059572711627e-01 1.031860557754863184e+00 1.017351159723228315e+00 8.845687257502665712e-01
9.573424746856477041e-01 9.730997383843009718e-01 1.105107760078573920e+00 8.910324336832693426e-01
8.896635326251662867e-01 1.024606672971673849e+00 9.417551824256047421e-01 9.092515763826523045e-01
8.799002333577301549e-01 1.148097317549150231e+00 9.356656737075657038e-01 1.072908574304580975e+00
9.159192438184411422e-01 1.204058625005597571e+00 1.019749207204813102e+00 7.297744900712845872e-01
8.369160227102105942e-01 1.002780308876099813e+00 8.935060908644618660e-01 8.692026724353534295e-01
1.142663015985120989e+00 9.844741822638071183e-01 8.698685702475280612e-01 1.027404614806751271e+00
9.506438963924396246e-01 1.052373826727334150e+00 8.319126945038919363e-01 1.103745712041656279e+00
1.008767003461216838e+00 1.199424525468693270e+00 1.045666617117602559e+00 1.093053703401466459e+00
9.661977750815521349e-01 1.002047876358360901e+00 8.221364294132867956e-01 7.996451899124190632e-01
1.176060370733694738e+00 1.051647923811860119e+00 1.057524519213524306e+00 9.028102073223243096e-01
8.764662228027516599e-01 1.051649832428122489e+00 8.874403793929488415e-01 1.097987822539508773e+00
9.832902851105934650e-01 9.111205168693800038e-01 9.149296510263259519e-01 9.515499071101362061e-01
9.772959872704048978e-01 1.158832972875880163e+00 9.239937004489982009e-01 8.857032816434261546e-01
9.301899889292538637e-01 9.112195640041511613e-01 1.177679426320390244e+00 9.257197432043112739e-01
9.331261757064985840e-01 1.212425373052075539e+00 9.663277485695268565e-01 8.769569477202301400e-01
9.906790537048768552e-01 1.008682328910802894e+00 1.029494967207689404e+00 9.936341657324881949e-01
