1.234487553660360337e+00 1.033496845000481779e+00 1.167758278092386526e+00 1.024182881716565685e+00
1.243375111109634501e+00 1.310294786426450697e+00 1.071658352689444760e+00 1.092188790197715420e+00
1.168823259571869499e+00 1.046314199445362858e+00 1.103369865744963985e+00 8.222217102396632837e-01
1.298388477833190224e+00 1.107270138591680331e+00 1.140101362921553285e+00 1.016189240451579989e+00
1.415721438580624714e+00 9.534639879600829149e-01 1.039453235538629228e+00 9.297892196428010347e-01
1.429944798034488596e+00 1.168109437197791367e+00 9.431854089016084020e-01 1.088843870515883827e+00
1.249822739025949758e+00 9.908523834066595981e-01 1.072907114321583366e+00 1.145477933709079688e+00
1.415782787504702211e+00 7.717782468581925182e-01 1.166514416014551525e+00 1.091322722945886836e+00
1.213184410724161832e+00 8.610064063263989098e-01 8.616296095073812111e-01 1.115706957396698229e+00
1.209867372643377736e+00 9.387822594548448363e-01 9.973672075620427790e-01 9.133402339166786232e-01
1.199752795668853622e+00 1.112613286776517052e+00 1.048560824081962162e+00 1.224746931414085083e+00
1.349532880789112044e+00 1.120248914439038623e+00 1.004824744732293995e+00 1.111270650461523735e+00
1.204360669782838400e+00 1.157149463198791306e+00 1.131446386403455850e+00 1.116198368185379985e+00
1.345690313025156959e+00 1.215432548757393594e+00 1.075408996659968919e+00 1.183641306732393206e+00
1.131870562048367557e+00 1.021403075485557865e+00 9.169904125710092169e-01 1.115624453939543237e+00
1.274127130060076274e+00 9.535052159293323504e-01 9.319091346906699380e-01 1.046871033238678139e+00
1.225607649209764949e+00 1.263533035546173355e+00 9.827748016458486280e-01 9.487843068845799310e-01
1.349680055159368841e+00 9.892075331261708238e-01 1.057637821452315885e+00 9.405189171889357658e-01
1.271484107462278912e+00 1.051621168338321199e+00 9.685308728986827820e-01 7.962437852989682208e-01
1.471336676539287902e+00 1.027109372583196789e+00 9.476652274410832799e-01 1.174496693618814591e+00
1.383688385054924197e+00 8.853324681957027709e-01 1.000083459231453364e+00 1.267351838900246941e+00
1.262453650942240824e+00 1.003310034066712486e+00 1.049926905309160885e+00 1.054980119482732626e+00
1.195723647808863088e+00 1.188282982166630752e+00 1.257207854474164943e+00 1.130722603142351845e+00
1.407678279632470941e+00 1.067416394734602703e+00 1.226645696817317166e+00 1.110857628324404489e+00
1.269187791266114473e+00 9.091387170231777226e-01 8.865630977651343114e-01 1.038796486518148043e+00
1.426121990783532967e+00 7.975582989051853700e-01 9.787696708155135816e-01 1.115222098039643672e+00
1.234609484015421144e+00 1.137060048179739935e+00 1.106474642040039313e+00 1.111753486622595988e+00
1.321536151847123364e+00 9.873160769402200554e-01 9.904566535851042630e-01 1.038146846087268926e+00
1.329347762665564758e+00 1.058466424385076987e+00 1.038081554466596890e+00 1.167187911997948468e+00
1.281733801787586779e+00 1.264268613741532210e+00 9.560753432539618180e-01 1.152952546569437020e+00
1.236092209856038515e+00 8.973986287192748934e-01 1.012588747409162382e+00 1.006521573747380716e+00
1.148322618811877804e+00 1.035116502615096135e+00 1.029793855606645492e+00 1.122798487039352811e+00
1.316487038435286472e+00 1.205450755240738525e+00 1.094512170076578972e+00 1.086533822229455160e+00
1.246545028956419943e+00 1.011398180679874192e+00 1.146996094575493119e+00 1.039822632702207317e+00
1.242079573802683523e+00 1.082431984990315454e+00 1.109613980334552830e+00 1.032771526793825112e+00
1.284247096412983957e+00 9.200454297615664467e-01 1.003639881192288863e+00 1.088843190871943367e+00
1.132990357093206946e+00 1.056243056375443468e+00 9.277018570700013012e-01 1.052564973248928615e+00
1.281909429601466810e+00 1.142764664268501207e+00 9.038518436289547653e-01 1.140036402362747170e+00
1.177053728388655518e+00 1.212765948585086573e+00 1.089989039429361650e+00 1.024050136603360084e+00
1.263123150498151492e+00 9.779108957728344098e-01 1.050307025015950746e+00 1.194428131127798220e+00
1.390026353366082823e+00 1.070106368788830586e+00 1.175005725031729842e+00 8.873180956014172782e-01
1.252907237671398777e+00 1.061279835992670728e+00 9.745937504109773997e-01 9.803425291739050751e-01
1.346260268354077194e+00 9.443678643997195366e-01 9.494186356176397279e-01 9.744411851317761331e-01
1.198569737554659120e+00 1.277422377270573950e+00 1.209182128952434709e+00 1.082829956728308174e+00
9.763057128095696813e-01 1.074598383285056746e+00 1.050941169540623443e+00 9.582238613546313344e-01
1.387986205194579714e+00 9.671984554393183720e-01 1.123271250782827968e+00 1.168990913777073315e+00
1.134169701780193051e+00 1.190685545613563656e+00 9.996483677786708322e-01 1.140901677012849946e+00
1.270368691653970039e+00 1.022950204285110631e+00 1.073295988455228445e+00 1.098101513235911986e+00
1.332474818079705692e+00 1.117164113212851362e+00 1.025080283395361391e+00 1.009658003302939200e+00
1.346604764359162765e+00 1.069953204129503899e+00 1.010581551310307136e+00 1.058236852995844357e+00
1.257918825911926941e+00 1.129001161019732580e+00 1.163901254565513632e+00 1.073674288475240379e+00
1.311348610365467238e+00 8.960442211586628902e-01 9.657388903926330537e-01 1.144612518362070563e+00
1.312691545061617671e+00 1.141138932724479194e+00 1.137857085136403823e+00 1.201581397875863599e+00
1.346977140935951001e+00 1.042400028111825527e+00 1.057076331377381662e+00 1.197172262670238796e+00
1.216015355875220694e+00 1.035207096775179636e+00 1.066662489367236066e+00 9.216330137713176773e-01
1.399804536830048241e+00 1.187671203692474364e+00 8.808485367382556941e-01 1.061149326993144681e+00
1.250938651463521900e+00 1.221462737339039428e+00 8.010858537799692147e-01 9.495140166128205328e-01
1.320601203832474591e+00 1.111113672223766224e+00 1.217046099084150068e+00 1.044123303122656443e+00
1.160163372326950881e+00 1.040629848842574257e+00 1.060880810617754078e+00 1.282469783834417898e+00
1.420464756754926672e+00 1.098119802200943962e+00 8.544442993598826419e-01 9.998932652145562372e-01
1.374559647319332889e+00 9.670003285593369302e-01 9.289443756952755482e-01 1.117156984690113930e+00
1.308834264590335028e+00 1.023772179683648753e+00 1.175268118843957099e+00 1.148190037252629692e+00
1.169347745234055047e+00 9.070834399876279708e-01 9.852956980351051941e-01 9.371735879291198668e-01
1.160234775390708073e+00 8.957903075883784094e-01 9.078496352644951362e-01 1.041816962698716154e+00
1.350947519415425679e+00 9.935776478393291145e-01 9.418648491303603931e-01 1.190442582031945529e+00
1.271427233046749761e+00 1.221519988634687248e+00 9.394428473273562785e-01 1.096878404069055790e+00
1.253217276417195825e+00 1.061445242899716312e+00 9.554091458507851797e-01 1.050815300605087321e+00
1.437750150620612510e+00 1.042781679501187719e+00 1.036193929114095802e+00 1.245457863779308338e+00
1.278385401217698503e+00 1.062935045012855184e+00 1.075411331630589329e+00 1.080999879824292131e+00
1.198474474423756320e+00 1.127417363092287905e+00 1.224461852244040694e+00 1.037277617920503436e+00
1.252858483424447611e+00 9.513777939572997111e-01 8.660304958611010351e-01 1.065216521378483439e+00
1.255280648881845318e+00 1.049916112560831838e+00 9.958062067948403318e-01 1.137296641812846509e+00
1.272395321488301922e+00 9.916485079744983278e-01 1.061255233088103545e+00 1.102606250587719217e+00
1.324451346032061272e+00 1.112243480489059522e+00 9.516969439638540695e-01 1.066949218085292639e+00
1.153317157261510850e+00 1.146252395765040788e+00 1.017077014022363057e+00 1.186519497148733837e+00
1.344938298418202116e+00 1.218339863912297538e+00 1.021409019219068348e+00 9.403253317222959318e-01
1.234509136452270894e+00 1.172109344722790603e+00 1.094595182331686400e+00 1.004700337649606645e+00
1.241779669781236883e+00 1.014549127089608316e+00 1.113889433751076963e+00 9.677542846012675559e-01
1.246749682005061644e+00 1.031185801924288326e+00 1.171986033689375040e+00 1.132899023874196276e+00
1.221921765787679526e+00 1.084657592838192519e+00 1.032898594669408476e+00 1.183085417003143736e+00
1.230542135511273782e+00 8.627392695266861145e-01 1.041638331922714933e+00 1.078976170619816433e+00
1.213662509253420119e+00 1.235406641142746897e+00 1.111333296563390194e+00 9.941548958155026483e-01
1.349130239808990828e+00 1.221075912056191815e+00 1.231409432042832375e+00 1.049001279116318130e+00
1.241334459216330011e+00 1.070058852009416306e+00 9.937600152530325914e-01 1.086996867307817638e+00
1.162118712112230057e+00 1.003957355876236468e+00 8.695949101385354041e-01 1.100535650134531140e+00
1.310780829700134431e+00 9.420848849299319205e-01 1.022203881442963702e+00 7.149446310875593458e-01
1.133577442453698625e+00 1.113274593277512325e+00 8.988046263527200708e-01 1.152250150206537427e+00
1.465317836685357644e+00 1.033467793270789636e+00 8.344002934956676887e-01 9.866385079282866677e-01
1.200083523715794076e+00 9.953464912539011777e-01 8.666786052313525390e-01 1.122514993626699153e+00
1.179241985409104521e+00 1.122501755145446589e+00 1.015828928583934143e+00 1.153718102894650821e+00
1.297164286515453124e+00 1.140498978735704938e+00 1.014934289332277473e+00 1.130283618422041503e+00
1.272362737221425455e+00 1.154637537582316797e+00 8.885737212972472099e-01 1.018939146932098083e+00
1.272263858548722260e+00 1.034032085912527821e+00 1.019372889204247068e+00 1.157818272598383880e+00
1.336230378703365806e+00 9.734169805461235780e-01 8.526830685392627895e-01 1.072419816938769976e+00
1.108927429853912461e+00 1.215831648236220364e+00 1.149896712099497842e+00 1.074479371314219556e+00
1.274525286156868775e+00 9.605393097192120866e-01 9.328506205966469178e-01 9.186518538307009152e-01
1.247631111321571895e+00 9.334126530506948738e-01 9.832686481663345246e-01 9.530232230619024580e-01
1.284096266818419485e+00 8.819017976232119693e-01 1.148000339422743377e+00 1.075159762664635421e+00
1.070762271070522020e+00 1.113533477052806031e+00 1.124204374263969353e+00 1.104519792706420311e+00
1.118599750159705586e+00 1.185551483293612041e+00 1.146339103717811447e+00 1.188899982353534890e+00
1.108046061376311231e+00 1.060646308365097878e+00 1.110887193062439104e+00 1.061058683213162324e+00
1.473662955559924548e+00 1.081667764273572807e+00 1.070422349513611815e+00 1.238598657943290160e+00
1.258709977759087106e+00 9.611996470388870506e-01 1.116632191466001567e+00 1.217126159290206067e+00
1.192300744721076722e+00 1.064094802297353759e+00 1.065513294108100473e+00 9.748846963724051573e-01
1.301993078212655419e+00 1.028568341168440536e+00 1.002027314495783861e+00 1.060385086761465923e+00
1.290106951747443276e+00 1.022133464020867910e+00 9.944500874539843327e-01 1.275626973569653932e+00
1.285554895634313022e+00 1.026173749398258783e+00 1.038364731227013671e+00 1.017443401355554444e+00
1.203323887972557849e+00 1.188449339044645781e+00 9.314240943779227289e-01 1.324534607661989494e+00
1.195494598635921113e+00 9.578515981442650151e-01 9.554091875662371613e-01 1.067637901560118063e+00
1.312209279901157544e+00 1.041066094733704706e+00 1.074546169839413201e+00 1.107244666380553078e+00
1.230892391327781832e+00 1.107505611697195080e+00 9.009235764845618943e-01 1.133316072204782587e+00
1.360672099930545498e+00 1.100019721010042417e+00 1.104489092307357812e+00 1.248929857149409406e+00
1.152426318626169399e+00 1.178423774127724810e+00 1.032112602492486486e+00 1.150871287012207977e+00
1.172057986977174338e+00 1.055019612317750877e+00 1.039542511251179135e+00 1.156603025706200771e+00
1.127790702656400690e+00 9.479343594356944847e-01 1.049436257759897240e+00 1.003678404007587455e+00
1.233905223116044558e+00 1.112758654759825383e+00 1.078691492838441679e+00 1.156909064037695334e+00
1.310683222641870094e+00 1.042225231829114085e+00 8.496160649464669090e-01 1.272977184261939954e+00
1.291687781193361140e+00 1.034014643208308382e+00 9.598501968433756915e-01 1.098959944009361811e+00
1.284801325330332533e+00 1.110999686451807023e+00 9.515516143710055497e-01 1.061964148196020474e+00
1.209301653408931809e+00 1.132147209750219208e+00 1.003234972524256197e+00 1.133596022957233274e+00
1.193778879753844002e+00 8.713767935959787492e-01 8.298655188543305750e-01 8.994802975608376938e-01
1.219843990336434425e+00 1.190618337906751645e+00 1.094034174056012887e+00 1.116733742243303018e+00
1.332254815357528877e+00 1.085915644696043847e+00 1.146008021322090897e+00 1.217084878124514269e+00
1.270462662995492487e+00 8.979533524484970552e-01 9.163158996543409041e-01 8.417175050262052372e-01
1.212696384628023871e+00 9.868410827043929689e-01 1.074545839376699785e+00 1.057919680603167878e+00
1.259824573891742183e+00 1.190549329743907592e+00 1.141676025795002491e+00 1.164592205634043642e+00
1.174647813064644275e+00 1.084224368593468268e+00 1.107105749461075872e+00 1.024265614859818596e+00
1.133574859742846108e+00 1.195367872114872609e+00 1.083903254688539874e+00 1.109166567077098708e+00
1.276516023744469930e+00 1.126319161644068867e+00 1.039572480351459660e+00 1.205130611363137261e+00
1.346347454779008634e+00 1.024107738187831851e+00 1.126291856103551980e+00 9.704491062234688048e-01
1.195016626306882879e+00 1.057454856720626779e+00 1.020693266004980782e+00 1.245936653774802894e+00
1.235569501422961736e+00 1.001411731404579175e+00 9.771122397436178275e-01 1.052448217849465850e+00
1.486621116901732487e+00 1.196529953171184157e+00 1.062105946082492647e+00 1.155226865549526805e+00
1.212184228567681377e+00 1.224865419694561419e+00 1.083550065355035619e+00 9.441829887509912700e-01
1.248846023166928498e+00 1.041150460820372992e+00 1.038362592484649349e+00 1.109812941582317691e+00
1.215571056014835616e+00 1.047965009990024399e+00 1.039457817851074495e+00 1.031218934928272990e+00
1.136277494679822198e+00 9.253566111067175193e-01 1.051370931651238072e+00 1.121545477393933288e+00
1.222693877527047501e+00 1.077213747017769840e+00 1.068171423413635468e+00 1.056236608062998350e+00
1.170527786509763191e+00 1.118975184166776993e+00 1.212652620720684693e+00 1.015881191482115753e+00
1.308491043269831788e+00 1.050349644865429699e+00 1.064307426504907284e+00 1.134060037718052749e+00
1.275552439047958453e+00 1.006400811936608575e+00 9.154858876200657747e-01 1.037061092560598530e+00
1.276165140174493562e+00 1.090510781654736583e+00 9.954180480623072702e-01 9.754712232406540506e-01
1.187032530680055764e+00 1.050836615076313096e+00 9.745111117197927664e-01 9.763422689668195265e-01
1.252897499518718538e+00 9.871345964522246774e-01 9.168056316465645894e-01 1.035614986030763518e+00
1.322065146029499649e+00 1.376521970492797342e+00 9.176479930123974116e-01 1.002546860232814696e+00
1.335843626950900420e+00 1.004935437734823855e+00 1.074060781447459867e+00 1.161686539823891584e+00
1.215786624178317066e+00 1.132086962483957571e+00 1.073968574371713114e+00 1.250352054311423267e+00
1.122077982613290947e+00 1.061807103358538340e+00 1.001131485902255092e+00 1.075333122138354858e+00
1.369059288884356684e+00 1.150435217385016307e+00 1.028022282902626205e+00 1.269768980724364837e+00
1.260723895026887975e+00 1.389972286190422013e+00 1.107619686057186081e+00 1.094010896233428731e+00
1.332191885157731015e+00 1.038695719188458044e+00 9.977197782726362485e-01 1.117017029018169794e+00
1.216234847510316408e+00 1.042641413975349041e+00 9.437815817001427021e-01 1.285489626727025270e+00
1.293882013026835587e+00 1.053764198425408027e+00 1.027992899633229928e+00 1.143170194024928810e+00
1.488206614345247480e+00 1.096002998213604807e+00 1.074816474290748225e+00 1.237666267776601270e+00
1.328973524433023856e+00 9.729203947123211682e-01 1.119746093308396251e+00 9.812711707398426020e-01
1.251722014537846928e+00 8.947184153006709773e-01 1.199668054315826682e+00 1.090324944932195894e+00
1.245935558425497414e+00 8.740786543786981388e-01 9.989062216284857465e-01 1.189595304363933792e+00
1.263266697574128905e+00 1.022231882250688173e+00 9.675867877060382316e-01 1.104662327875494121e+00
1.317645219478657870e+00 1.027161746200695891e+00 9.412682406623095188e-01 1.018346751951070273e+00
1.356740434836105846e+00 9.961203789548560561e-01 1.030930045622502789e+00 1.287299604920780549e+00
1.280185095226323622e+00 1.073757597795228502e+00 9.879217452565315361e-01 1.095610429488095949e+00
1.291246026163993088e+00 9.620056287291121055e-01 1.021634385846584170e+00 1.010022560223736932e+00
1.239075365266212980e+00 1.203173877289561267e+00 1.176289286110467458e+00 1.148908235198956351e+00
1.416621006801784155e+00 9.989144283590308815e-01 1.117817046989267205e+00 1.151534084424855831e+00
1.208035335727693393e+00 1.047167846555959958e+00 1.037707971456608425e+00 1.158796233631815165e+00
1.147222042185005675e+00 1.065662039276592088e+00 1.078874300292708588e+00 1.036440521256857039e+00
1.206604389377865738e+00 9.184287574222659289e-01 1.056494547342052170e+00 9.914495191936284479e-01
1.136306553396942753e+00 1.106655091392171775e+00 1.103377571877779184e+00 1.149195622960218266e+00
1.200522787788021351e+00 1.137214827127238648e+00 8.981174207314934765e-01 1.259986369610808676e+00
1.196787244886912793e+00 1.109076355800994174e+00 1.174429151523754600e+00 1.057670109469107222e+00
1.069863227928886884e+00 9.864986738163743496e-01 1.059317520469332363e+00 1.061122305099091223e+00
1.384691031958613427e+00 9.610603660947002469e-01 9.553583122190942856e-01 1.113564802092539274e+00
1.227917767436663699e+00 1.113313756220112083e+00 8.828117704300671997e-01 1.000474542295351155e+00
1.304467831614815942e+00 1.027338980392893841e+00 9.902799583601654687e-01 8.988424323267633076e-01
1.278767498895330812e+00 1.057257105727979152e+00 1.104353508320065291e+00 1.203574199823180368e+00
1.317033911927415035e+00 1.121399631727411084e+00 1.106142205187341299e+00 1.050459704625901436e+00
1.345085318425024656e+00 6.787865863537695388e-01 9.572899172929748568e-01 1.003691134099105486e+00
1.373956956568095800e+00 1.149722440153712055e+00 1.014225515559854740e+00 1.196308271488254471e+00
1.281253660721677567e+00 1.006071910338883324e+00 1.045363435301549737e+00 1.097637188462871061e+00
1.175825834035275852e+00 1.048873457671914755e+00 9.118934858101702678e-01 1.278378530164500981e+00
1.160835350568101276e+00 9.694288075156820561e-01 1.042283623195734643e+00 1.050903106844824908e+00
1.348785776044829188e+00 1.094038114931438210e+00 8.869753348968351103e-01 1.003781881851772306e+00
1.140422108943524471e+00 1.157190935048787450e+00 9.563029850719010350e-01 1.082469634914054346e+00
1.231903210889243594e+00 1.179675138689070479e+00 9.683695263390547092e-01 9.846036327742758720e-01
1.350842167972019059e+00 1.037636815058173401e+00 1.142312792663741305e+00 1.225321236321852192e+00
1.326703902192073681e+00 1.184024115075051897e+00 1.207931732988272167e+00 1.153338325325450775e+00
1.081607613883596386e+00 1.224836820879436017e+00 1.048508988501959394e+00 1.128462298553312593e+00
1.213749051832526238e+00 1.134007744420735486e+00 1.113162653015502324e+00 9.205043689248693095e-01
1.327838172963366148e+00 1.127851366107755604e+00 9.807233474149290586e-01 1.019746162604516115e+00
1.214142144081006736e+00 9.780446096035472214e-01 9.322788527822376548e-01 1.052174187757827006e+00
1.390835489561237370e+00 1.010392849673770188e+00 7.952193146695467618e-01 1.205657715247103745e+00
1.258273110548004503e+00 1.052433717579845274e+00 1.157922086043534193e+00 1.095468574399507844e+00
1.385825553877948035e+00 1.043076589433291623e+00 9.986641217104160750e-01 1.258414960286178941e+00
1.211363123030885669e+00 1.391835866729467908e+00 1.201550752785296661e+00 1.186110222970401695e+00
1.304345038731367312e+00 1.199294824110092916e+00 1.043379560528374217e+00 1.084213254254099201e+00
1.223233532385077149e+00 1.083856444024944743e+00 1.205002104340218594e+00 1.013470471945161266e+00
1.334927949347041842e+00 1.142067141291975618e+00 9.926973507889865767e-01 1.085366665536860786e+00
1.377312162699829035e+00 8.910755729063917219e-01 1.084778943756112390e+00 1.069725652155531614e+00
1.191578349529507808e+00 1.166273793698331840e+00 1.029023184198942120e+00 1.122766566105412034e+00
1.372503930094676639e+00 1.065869842137378898e+00 1.009155721578055775e+00 1.196574011493739098e+00
1.356256892892617083e+00 1.028123302303169728e+00 9.861550394129503516e-01 1.119889741266234529e+00
1.176908632934175136e+00 9.252263997651495320e-01 8.626964517425526058e-01 1.139319933250323880e+00
1.302738213972624459e+00 1.004503341637676073e+00 1.025624749505974487e+00 1.188399580011749279e+00
1.343322553420332355e+00 1.181377588489163299e+00 1.135845913542594010e+00 1.211564578099382450e+00
1.282100492550795723e+00 1.046196199871316734e+00 1.064865247104678447e+00 1.213923889832718261e+00
1.209755145643665042e+00 1.125381941463766244e+00 1.105938498819382332e+00 1.049510443295315953e+00
1.388429892561745982e+00 1.213495851947123283e+00 1.083797025685186100e+00 1.177983644191822776e+00
1.302499027532909803e+00 1.074643345392624738e+00 1.011725249273612404e+00 1.060093133603194016e+00
1.148350665346635324e+00 1.082536007855271265e+00 1.013485525422568978e+00 1.068733717692578189e+00
1.338115782377445218e+00 1.154679395079875714e+00 1.038588358566903791e+00 1.162596218018001615e+00
1.251222501382921903e+00 1.220830646030250044e+00 1.029330249375997486e+00 1.164262728532984958e+00
1.230976748950279864e+00 1.071981166220103754e+00 8.722461632970268663e-01 1.038287903893994502e+00
1.365980131346425264e+00 1.038901161115846516e+00 1.155601188711637084e+00 1.033420097329178944e+00
1.293747962612225910e+00 9.404092603244301740e-01 1.188215254598330883e+00 1.068496446593273808e+00
1.104549118916298589e+00 1.120792397718463285e+00 8.877867472426692608e-01 1.198521458925504213e+00
1.172263409666680634e+00 1.024947898225436749e+00 9.008033334698266614e-01 8.852545076485776043e-01
1.090205059035875168e+00 9.146319274311162095e-01 9.129165360841339227e-01 1.131321367385424326e+00
1.357949744452273233e+00 1.150126169385364605e+00 1.036460711235155374e+00 1.314247182041421880e+00
1.231716388833419717e+00 9.442979599608972707e-01 8.285966200343892751e-01 1.108987631553837616e+00
1.199863496773983629e+00 1.164900945060096893e+00 9.923456232630989415e-01 1.012924970854266915e+00
9.945990827548013558e-01 1.045098330690221511e+00 8.887324900117666848e-01 1.125506950806934192e+00
1.225111043487885576e+00 1.031140822216491060e+00 1.014982297164348957e+00 9.036455929150533084e-01
1.331307165745436505e+00 1.052231153556252075e+00 9.777122390233882188e-01 9.422938581434374683e-01
1.375226592545099713e+00 1.211927939117999564e+00 1.227616028717405605e+00 8.762957858020054003e-01
1.207928737670676433e+00 1.047065753546361000e+00 1.090262302038969677e+00 1.133178800233632266e+00
1.187223764204886400e+00 1.095676386047065964e+00 1.043804092695069796e+00 1.147076713530441827e+00
1.315617117180948314e+00 1.060122549404304060e+00 1.198882550710806294e+00 1.099352587542056447e+00
1.291456053822635841e+00 1.023504251651322416e+00 9.364155275465265715e-01 1.052240559337523695e+00
1.409280103128426331e+00 1.240186747535088507e+00 1.001498283567292757e+00 1.084544444350776793e+00
1.329374264530845062e+00 1.159386407075114755e+00 1.087945692057422420e+00 1.174791808578777852e+00
1.280184598763347115e+00 1.108636453725756921e+00 1.108985551799505753e+00 1.283974552487085141e+00
1.263378783666518013e+00 1.221306657096895121e+00 1.068011919521242747e+00 1.283260651799369878e+00
1.376985303494757229e+00 1.012491918942356239e+00 8.201022286474035639e-01 1.074173087372874535e+00
1.258035671145591783e+00 1.042194716107671670e+00 1.165103533777382294e+00 9.871344565993206421e-01
1.235588121590578847e+00 1.238361206570732120e+00 9.783495330875338070e-01 1.246838527922304873e+00
1.043018041637083337e+00 8.710472295902361717e-01 1.122529985352275883e+00 1.089156733780086261e+00
1.332119266481679221e+00 1.293075416865247629e+00 1.051753864696478358e+00 1.196731992932666522e+00
1.252025590830940116e+00 9.610673512297844834e-01 1.066127492281871758e+00 1.031222990390359584e+00
1.185174038792715212e+00 1.049437209395205350e+00 8.771497234266861787e-01 1.091725993620167756e+00
1.117292481351127797e+00 1.092996705949904168e+00 1.231030029590478359e+00 1.062591472531364101e+00
1.235934352185273477e+00 9.955920726562330625e-01 1.116557330334047471e+00 1.229443466107267957e+00
1.197128685265090642e+00 9.587460385237359661e-01 1.155407134312126383e+00 9.628676535986362417e-01
1.406955475519978682e+00 8.677150530062147649e-01 9.879944361272205988e-01 1.042916827952674375e+00
1.288335415138048834e+00 1.076875179814721806e+00 9.323515309259093886e-01 1.006791347498365408e+00
1.370319609786242898e+00 9.149596246591833459e-01 1.136453618558163070e+00 9.754588986593756283e-01
1.249186798089912731e+00 1.098991984374413589e+00 9.957809030048631049e-01 1.193199989456833476e+00
1.148115517340124514e+00 1.026103012688372118e+00 1.075464612960327138e+00 1.077944108867657347e+00
1.181532622458821624e+00 9.040967521194709366e-01 8.937959007168210235e-01 9.413694747150452846e-01
1.244394138993140997e+00 1.208774766463431405e+00 9.768260759035578555e-01 1.197626150729512950e+00
1.144426888487660054e+00 1.194835308971974985e+00 1.077435690630210718e+00 1.156279391944728507e+00
1.480514859411542261e+00 9.172502692210746655e-01 9.181357179222759957e-01 1.178059761363537739e+00
1.230289963348148996e+00 1.187028492803718249e+00 1.032333113168099503e+00 9.083052692048674270e-01
1.295713681939656636e+00 1.020818727824499117e+00 9.828934207669257628e-01 1.261373932680208476e+00
1.201511305665165175e+00 1.095074012327055923e+00 1.200677578470962459e+00 1.129297962454516302e+00
1.378891354946903292e+00 9.865619852126797928e-01 9.190426387866834634e-01 1.092876199947756088e+00
1.297431997180138907e+00 9.526025323215654428e-01 9.503751306237432361e-01 1.054808580011975527e+00
1.286094092006554668e+00 9.606929122668435017e-01 1.015517813113398837e+00 1.064834593591281298e+00
1.171523171387920392e+00 1.019224230676462284e+00 8.481775279494320197e-01 1.017616140620430043e+00
1.259280988222041708e+00 1.033907129429301630e+00 1.017349898486103132e+00 1.306980981328302205e+00
1.256019939163860011e+00 1.179863982309025339e+00 1.140199021206631080e+00 1.035932290249312215e+00
1.295743152289805966e+00 9.697116228747012512e-01 8.511271647678787522e-01 1.055694098138964643e+00
1.326551435278157998e+00 9.895705018820580845e-01 1.052093428299335498e+00 1.289108342001376251e+00
1.252126526845034116e+00 1.062399808551772962e+00 9.361995830724959555e-01 1.126469756340193085e+00
1.239252468808333285e+00 1.136088946844977521e+00 1.137228392773764085e+00 1.207526675754603485e+00
1.185593436561149128e+00 1.125798498914179380e+00 9.802849778120465984e-01 1.231725163282469726e+00
1.236774511966557188e+00 1.026606125251176227e+00 1.158588345839016487e+00 1.124255016220518266e+00
1.318741144924474806e+00 9.507497807067364359e-01 9.599175131216032275e-01 1.122311634931665303e+00
1.399430487124348810e+00 1.156188615050383284e+00 1.020464639199672785e+00 1.183737070809867786e+00
1.261255081143369372e+00 1.104342360677405877e+00 9.560220447707895586e-01 1.031070968466987425e+00
1.275321310914007356e+00 1.097017801952334448e+00 1.037610109867068031e+00 1.114070225497944877e+00
1.260063251870545908e+00 9.021357148046169616e-01 1.060751357513537885e+00 1.127139126361398569e+00
1.309237105850014071e+00 1.083065709679218447e+00 1.192221252614786620e+00 9.456436962357147591e-01
1.349935026142643046e+00 8.658604048203414338e-01 1.070553954599442470e+00 1.055276288819134711e+00
1.344256122688366029e+00 9.289986635026541428e-01 1.005656800395700490e+00 1.093236488402715256e+00
1.310622641565909685e+00 1.260215826077840440e+00 1.118374929630203241e+00 1.192545935012442104e+00
1.331300745562775445e+00 1.071657821784739451e+00 1.219550197876970277e+00 1.156593524219776903e+00
1.221812718259080555e+00 1.032658676397530950e+00 1.041010506005006775e+00 1.170787463178480037e+00
1.378443548373043948e+00 9.743787520698483640e-01 9.673562382911917723e-01 1.102799909541443579e+00
1.456845018976871131e+00 1.004702353631753198e+00 9.349388301410975766e-01 1.038211208997628754e+00
1.264678893053891029e+00 1.028198513175791362e+00 1.149414718922355805e+00 9.553099944256826515e-01
1.403158173042411416e+00 1.062616563810397707e+00 8.437416520622503802e-01 1.169519958275254234e+00
1.257792849799786561e+00 1.011609500523400262e+00 9.567893132018356894e-01 1.165858677940712962e+00
1.287810375052803824e+00 1.055258191686929248e+00 1.157242665836741624e+00 1.124053552399406630e+00
1.262888589920297511e+00 1.058340997026039565e+00 1.000631486402324466e+00 1.057671952298966378e+00
1.181100282751981423e+00 1.026371464174165915e+00 1.063474688867483753e+00 1.008017700477301659e+00
1.191326969589800555e+00 1.054688532535486667e+00 1.025199994339091480e+00 1.144090154404362236e+00
1.293116915229394426e+00 1.079214461735801711e+00 1.101662024194999256e+00 8.247261279240943876e-01
1.261842389701895106e+00 1.183388038370607687e+00 1.128284834524454050e+00 1.154690914953002467e+00
1.244937720536703596e+00 1.135041798931760937e+00 9.960171381986412387e-01 1.067459760561187521e+00
1.345819416580499750e+00 1.191384115282830836e+00 1.127397922690405840e+00 8.621878105201269404e-01
1.283239593262417655e+00 1.207290256977987974e+00 1.181720636729211904e+00 9.949773070799420305e-01
1.327825595874257747e+00 9.984309883141115893e-01 9.929226466312907062e-01 1.047746251328572464e+00
1.132118632531017521e+00 1.246888214425833086e+00 1.021342090199440111e+00 1.046973984367473687e+00
1.147637636612373280e+00 1.135574097428356799e+00 1.039516705685570086e+00 9.423237386353029432e-01
1.418752613295898080e+00 1.137986571919387568e+00 1.197504935268760118e+00 1.027491739662484305e+00
1.255734938040538484e+00 1.147006094488683958e+00 9.271996043039666402e-01 1.157402428117870974e+00
1.258365019771699789e+00 9.802894077085715363e-01 9.888704710849314239e-01 1.042048347042463075e+00
1.229277512293586394e+00 9.854920011715672112e-01 1.129691110114329211e+00 9.685977238411588308e-01
1.288821735397989832e+00 9.827562184389316835e-01 7.988866196819914833e-01 1.274806903004823466e+00
1.129093815165209902e+00 9.774986705282171506e-01 1.219898440997899014e+00 1.120349286051981696e+00
1.462850598976680461e+00 1.050542550212470116e+00 1.147406136237644203e+00 1.189959466529527443e+00
1.287910800959395363e+00 1.002561915307353058e+00 1.194255844221658425e+00 1.103326813869038636e+00
1.227837584111778346e+00 1.315543372554292878e+00 8.578922460826603480e-01 1.080235944130014003e+00
1.468464790079879068e+00 1.057065860433153315e+00 1.033140252617398502e+00 1.191279123458530487e+00
1.224893333659529571e+00 1.050421229671991474e+00 9.327729668921909134e-01 1.101181324488665458e+00
1.203231079240373980e+00 1.012749745526335232e+00 9.199186369755745218e-01 9.627839905048322100e-01
1.259367410753900796e+00 1.087171627127727636e+00 9.003126111295205458e-01 1.016079530716466284e+00
1.266826957402881648e+00 1.160309203562126523e+00 1.146669729515185532e+00 9.732202135604770543e-01
1.267205510949343417e+00 9.308127576669034120e-01 1.005416565405922835e+00 1.045212604593145356e+00
1.387203947892659883e+00 9.526542623601280679e-01 1.117896274621021258e+00 1.067417696601505872e+00
1.316256783248710427e+00 1.079881688801966222e+00 1.040521694729233282e+00 9.033951246201286089e-01
1.380209381691023474e+00 1.002006544450900982e+00 9.475890827475134115e-01 1.104080093749495450e+00
1.175887112556635916e+00 1.104794364983309851e+00 9.430055494974440844e-01 1.185242563668777560e+00
1.238278712964560047e+00 1.192126439171551144e+00 9.035168199196930150e-01 1.115113981020776857e+00
1.202289792450029093e+00 9.206570044986513990e-01 1.052162134606624555e+00 9.921519786918351347e-01
1.158494482777063794e+00 1.049925943272869810e+00 9.942491156020445420e-01 1.230384199932927691e+00
1.335878578302155617e+00 1.030745822990248195e+00 1.178194610113102891e+00 1.161775804897456021e+00
1.192013092090773885e+00 1.194428837859760728e+00 1.047842019025702509e+00 9.834724815803302933e-01
1.291931505974539762e+00 1.221498827006535004e+00 1.185987857849319038e+00 1.081168463018174819e+00
1.536890490225285344e+00 1.050380127917501127e+00 9.490059900472970211e-01 1.215230517585095260e+00
1.109587587415801657e+00 1.044449332566600885e+00 1.128473248087252134e+00 1.159990596737145774e+00
1.197337558294995885e+00 9.706169256721970395e-01 1.074769498894809328e+00 1.112974703994163983e+00
1.256153567033334806e+00 9.938435548276028930e-01 8.713995456594270106e-01 9.673525365799854336e-01
1.293824055197994705e+00 1.114360994473297950e+00 1.017597909638001008e+00 1.161241864693312476e+00
1.474433951801777276e+00 1.131176086655030222e+00 9.842805902064194479e-01 1.227349068393923659e+00
1.117081180272731844e+00 9.181068006713360985e-01 9.060550190128557890e-01 9.651446241942057691e-01
1.291151540273817844e+00 1.031175219014280886e+00 8.507718778430433115e-01 1.193559646878536329e+00
1.334843944577587038e+00 1.078645628905716691e+00 1.120297329269593689e+00 1.212129385021854855e+00
1.277415129763272983e+00 1.046341223751956928e+00 9.057160557887102836e-01 1.215040231239260526e+00
1.245420166880089941e+00 1.030440933297701589e+00 9.908255058061862242e-01 1.083900479661132232e+00
1.188078616381488262e+00 1.124833589125256328e+00 1.007460239376042788e+00 9.921540355861256932e-01
1.443471692599320066e+00 1.128334497573675321e+00 9.682055388565316001e-01 1.062476400345547356e+00
1.547946133861990203e+00 1.096079751538448388e+00 1.020393610413742769e+00 1.131037063657558406e+00
1.076159007702520931e+00 1.029622434721827462e+00 1.086468628885302490e+00 1.147254266890844754e+00
1.153150787844104519e+00 1.040039058358181778e+00 1.134044724355649514e+00 1.126185093142459959e+00
1.265172035405479178e+00 9.528024088769767586e-01 1.076947872860829047e+00 1.222262581719613106e+00
1.365582362849431686e+00 1.059963463802577888e+00 1.025484729631817249e+00 1.236630544571548418e+00
1.293585797071686638e+00 1.159136585538693920e+00 1.149383553076949616e+00 1.126607940877962344e+00
1.305447497922061384e+00 9.237309806082418806e-01 8.962194370229089602e-01 1.046118600724779579e+00
1.359373425752910869e+00 1.049847808351908052e+00 1.051414880806620378e+00 1.033019835523316221e+00
1.221148822098235831e+00 1.033373914473882049e+00 9.537906494931231993e-01 1.107823305459445073e+00
1.383733981261622725e+00 1.074900932869241821e+00 9.890332808337412018e-01 1.007690596054451326e+00
1.312215823350617594e+00 1.083824513315927218e+00 1.108027848356994971e+00 1.051435523394991245e+00
1.413499695057017780e+00 1.133352968802246119e+00 1.035548581816834401e+00 9.530548740933260099e-01
1.292672829095749876e+00 1.318305705234460667e+00 1.088395189179659717e+00 1.134371125968096639e+00
1.309042713283739445e+00 1.190541115522234517e+00 1.003218528962860345e+00 1.185101478875860037e+00
1.335625605437694263e+00 9.089459951261812387e-01 1.078630189353390945e+00 1.151499758511185023e+00
1.274072311946885971e+00 1.105184364575213962e+00 1.283651786959055796e+00 8.763279416557951951e-01
1.248111982480852866e+00 1.139570954490801480e+00 9.750298248697180092e-01 1.096114931824105687e+00
1.232261289902184975e+00 1.160088892299923735e+00 1.096715152817749006e+00 1.080615328131288688e+00
1.186786696534686936e+00 1.018847105972892964e+00 1.100940465690723569e+00 1.176729839255170829e+00
1.515401939689585475e+00 9.449799493784590831e-01 8.623622224021509908e-01 1.362784498054901983e+00
1.353900217288430019e+00 1.215843241889298376e+00 1.008693572955045026e+00 1.188810107199029353e+00
1.437209947316445025e+00 1.062017188017677638e+00 9.120667818236161128e-01 1.168476821579079061e+00
1.339934274414054771e+00 1.148455987898752806e+00 1.059543218986447322e+00 1.151977018244642270e+00
1.229380486047004561e+00 1.018680414447466376e+00 9.891141466266459847e-01 1.158914778210899943e+00
1.148903656727721989e+00 1.094868930708032151e+00 9.497629369812782274e-01 1.154668408982863825e+00
1.125121840634518477e+00 9.969701288954263552e-01 9.924945158156273095e-01 1.015668864486908740e+00
1.138681610990756266e+00 9.994726322709719391e-01 1.072638896900107053e+00 1.139902985081619580e+00
1.229934458026487043e+00 9.251495679704522246e-01 1.047118045979768874e+00 1.138287231308761083e+00
1.246470567640796334e+00 9.359433774083557589e-01 8.969825822637870205e-01 1.266260726436309714e+00
1.307160579328771277e+00 9.478403746398708085e-01 1.032082783258638559e+00 1.237837295605180854e+00
1.325103469444737225e+00 1.146622138701435034e+00 9.880688433777620183e-01 9.945898362409589799e-01
1.448427329563524824e+00 9.646126875283198565e-01 1.023316953919568784e+00 9.952898030631847082e-01
1.318380416286771606e+00 1.111933976621240161e+00 9.829370972535127482e-01 1.015093995859946308e+00
1.236346981883501339e+00 8.776505136286567588e-01 1.045033552041084501e+00 8.723284411452802978e-01
1.251990880378694548e+00 1.113553906458267351e+00 1.107807153594599248e+00 1.120762373022303304e+00
1.336278796088352649e+00 9.955698949177003154e-01 1.023244127138037030e+00 1.044925998057169680e+00
1.247775478400200866e+00 1.032488268492261163e+00 8.883389687555290903e-01 1.072097945818616171e+00
1.362135987162817807e+00 8.835276231729514151e-01 9.231448484066303584e-01 1.160372356968520036e+00
1.196427080291650125e+00 9.849508676805186491e-01 1.162653216833495318e+00 1.176743348822492985e+00
1.249451770195998179e+00 9.543717573023370315e-01 7.007626020049443349e-01 9.625683211329232325e-01
1.428510959557551585e+00 9.353255331149413765e-01 9.002938155749031779e-01 1.007160717771195646e+00
1.196290865067723974e+00 9.673513458361506778e-01 8.458844698697648434e-01 1.155276707683464910e+00
1.185776891247305009e+00 1.203930433518745735e+00 1.051137873494357056e+00 1.083086534831773973e+00
1.202225379734963573e+00 1.067699196058443212e+00 1.063961434032601572e+00 1.017259183351100882e+00
1.294839943144200811e+00 1.100547661157647683e+00 1.173614051604976449e+00 9.247108954591116703e-01
1.316013241537904443e+00 1.077403199921913801e+00 1.076676109697619177e+00 1.077938515183759050e+00
1.276698659386598322e+00 1.120983327529327722e+00 1.040114598842851956e+00 1.244611903530566277e+00
1.337104193093145543e+00 9.965908386705243371e-01 8.966211486443079748e-01 9.910174079700289074e-01
1.257188968306991006e+00 9.784418385858033584e-01 1.120125179313054886e+00 1.113623001829037840e+00
1.332348224760509847e+00 1.175277402370970448e+00 1.015731617786657548e+00 9.834281682298691152e-01
1.378078095637389922e+00 1.071361632243587492e+00 1.073343005657080740e+00 1.145591920908227701e+00
1.331636197262368704e+00 1.164298826842881107e+00 1.041148067049608716e+00 1.277373344288916801e+00
1.212969392025697646e+00 9.254242583812877232e-01 1.047335469615454873e+00 1.079916303371082575e+00
1.362414821498174389e+00 9.669949437918026192e-01 1.104816633606916954e+00 1.272775197018050752e+00
1.367642303946439375e+00 1.259757383182009471e+00 1.164765208733710145e+00 8.903454537518732392e-01
1.221927597894941542e+00 1.195721690361562173e+00 1.028300106419474558e+00 9.938009704572907665e-01
1.169859548725787235e+00 1.132211931487287382e+00 1.018478793292727280e+00 1.084510183874224154e+00
1.215424813329304410e+00 1.180561315392943733e+00 1.025793135600683081e+00 9.606496394201419209e-01
1.265783825560781839e+00 8.925966529556440543e-01 8.975392746744592642e-01 1.039445169653620216e+00
1.194627360135207095e+00 1.041957192202669580e+00 1.009121795177001957e+00 1.120647672945417339e+00
1.359129931576539052e+00 1.044640668941211326e+00 8.178308253136911121e-01 1.170029669546491347e+00
1.326343072133043144e+00 1.113611489206254079e+00 1.113789850672149528e+00 1.055866733913168654e+00
1.257765619472552832e+00 9.434812679451913819e-01 9.833806987512747622e-01 1.128880635354244433e+00
1.296141896110948544e+00 9.757305273346725816e-01 1.177091346152306928e+00 9.997417249148098373e-01
1.466914134756959864e+00 9.584145400501979939e-01 1.015407189953560385e+00 1.252309456165523693e+00
1.342139632760075418e+00 1.108245464246973011e+00 1.188583216860795488e+00 1.157504214734186965e+00
1.167051368262786104e+00 1.159186849583642154e+00 1.028312651004892109e+00 1.140724961641468305e+00
1.312357862840594747e+00 1.087630957008386190e+00 1.159425979269430806e+00 1.216085713126874746e+00
1.243694167733448985e+00 1.128593873521188229e+00 1.055705250229192149e+00 1.012927325689798375e+00
1.213069379683241023e+00 1.260124406127144381e+00 9.410988172044143507e-01 1.127956084870711750e+00
1.290737851023483485e+00 1.083597734169222671e+00 1.136514635885810254e+00 1.192307126204099843e+00
1.270249443652430088e+00 1.087358478761941472e+00 1.231060238399286799e+00 1.188826687719859221e+00
1.334960558915002204e+00 1.041457314595036987e+00 1.038157576760457834e+00 1.095011593338085065e+00
1.384347162151555510e+00 1.027946785248352590e+00 9.062914834984778789e-01 1.189918540460624508e+00
1.353190126211424760e+00 1.024564685810006592e+00 1.150094538812977962e+00 1.169770477512974693e+00
1.465933986250422816e+00 9.287970719153477717e-01 9.076792535338522594e-01 1.159760240476679582e+00
1.246915203431565367e+00 1.000964344980050269e+00 1.050176333063592704e+00 1.018003404353665431e+00
1.372759254466592971e+00 9.285046893657834532e-01 9.491389975586386196e-01 1.060275496976884169e+00
1.222418027073522317e+00 1.113123294633720395e+00 1.041079995157238924e+00 1.239660820738354374e+00
1.192643462808074428e+00 9.741113948442541304e-01 9.740386364343682768e-01 1.162939583387722742e+00
1.193130137470525431e+00 1.185321249730715509e+00 1.050800623937001577e+00 1.141696448712906875e+00
1.294797959494933925e+00 1.019857405682197404e+00 1.093075544147328770e+00 1.046086695169660352e+00
1.248691981155284569e+00 1.036636187187252034e+00 1.131825876685030430e+00 1.096091286334586412e+00
1.317277634261145636e+00 9.875156812217847913e-01 8.465929938138235800e-01 1.130852254082423736e+00
1.334005050176297225e+00 1.154426142911977538e+00 1.213318674726845847e+00 1.081625481471906847e+00
1.224401595256093822e+00 1.047963095798256195e+00 8.492218178940540430e-01 9.669850286534467099e-01
1.190938421244923218e+00 9.532852563378000355e-01 7.897412225854465451e-01 1.113456491296156203e+00
1.183891500211370351e+00 8.225242951245300693e-01 9.871482284266749341e-01 9.924797619651286595e-01
1.260758136964082343e+00 1.211481273185814889e+00 9.685641295785437643e-01 1.211739762897063422e+00
1.411437781803562164e+00 8.247575988596487218e-01 1.101508439589010901e+00 1.101055506772627313e+00
1.213261586259875902e+00 1.096052205885368558e+00 1.015275520143816390e+00 1.068248636741126800e+00
1.299211064010145744e+00 9.642261102638534087e-01 1.074040786989019836e+00 1.050607841563593992e+00
1.361660001553550270e+00 1.002824483962415192e+00 9.480057042195718653e-01 1.073773630527114831e+00
1.129543314312567714e+00 9.603867366761320579e-01 1.008991466332152642e+00 1.184426699527723059e+00
1.517142534492642580e+00 1.063375144795030147e+00 1.119670864190687620e+00 1.119358974952011643e+00
1.127197514622189312e+00 1.177292617895647542e+00 1.184312445917781398e+00 1.047387565253294683e+00
1.008431629584173761e+00 1.081027665594148424e+00 1.090745453402008458e+00 1.098635448534730275e+00
1.058473322630134827e+00 9.661464895170653877e-01 1.111194731972897420e+00 1.116884484023850543e+00
1.287631097353072018e+00 1.002501543474199064e+00 9.985843928541832115e-01 1.082085357818237892e+00
1.095392778690399194e+00 1.017316347864124948e+00 9.993400971673367383e-01 9.511467796743023895e-01
1.109491786633504340e+00 1.108903172029006123e+00 1.003506455300550382e+00 1.012295880223666344e+00
1.189900038678911587e+00 1.028018174422274056e+00 1.028173337612812377e+00 1.083043894433047161e+00
1.124227828323286271e+00 9.495926707807295086e-01 1.064904761606313199e+00 1.280945445168738761e+00
1.397283214290174991e+00 1.250468490508604535e+00 9.192723614293812906e-01 1.218212249746237319e+00
1.262519963672122714e+00 1.161583067446972928e+00 1.013005185648284678e+00 1.176584405438453329e+00
1.207386923041623206e+00 1.052936072614079288e+00 8.618555938165320951e-01 1.144127769370501868e+00
1.197503443513084687e+00 9.245079359612915493e-01 8.896424479027182919e-01 9.288248112973838122e-01
1.161674496362893105e+00 1.096871776430099921e+00 1.041887337820071480e+00 1.063222512935348973e+00
1.432422381494271146e+00 9.986626136815984767e-01 1.180491022901766218e+00 1.049453490015875401e+00
1.166024507961627821e+00 1.239066298273927558e+00 1.122416130774211318e+00 1.133541339508337353e+00
1.260115893293459521e+00 1.120559673756997832e+00 1.175029735570560563e+00 1.191215897005145186e+00
1.201088545392664741e+00 1.219731488713330148e+00 1.119750361422920948e+00 1.248659676142976904e+00
1.285916419548235989e+00 1.113412779385151152e+00 1.142821518531227376e+00 1.006955931112974545e+00
1.112134933561249595e+00 9.674459058779818488e-01 1.030260786530045269e+00 9.380482778410276223e-01
1.235126913302103224e+00 1.027215826452701375e+00 9.312521685617989320e-01 1.195593137721589372e+00
1.187235818033983037e+00 1.052711299821191382e+00 1.020298518971392232e+00 1.089287971166370550e+00
1.481819562401216706e+00 9.442378877575900997e-01 9.977515480239360635e-01 1.005239776330564494e+00
1.226628387156601274e+00 8.543184475453601268e-01 9.810861134471654532e-01 1.018900325093995196e+00
1.384525663051628719e+00 8.780842152969915437e-01 1.090006392277624192e+00 9.635421087910017723e-01
1.385369736882274161e+00 1.152055547785149514e+00 9.220674885485340422e-01 9.699967730848352288e-01
1.304322443093291817e+00 1.100819893252197090e+00 1.003619920790462139e+00 1.078790480433081678e+00
1.338345605334958499e+00 1.069191562093893655e+00 1.085882896295830902e+00 1.053778904646651249e+00
1.387228663818996566e+00 9.365397629119215361e-01 1.120004233909143165e+00 1.121829351245658746e+00
1.188507003525740791e+00 1.196131940598746723e+00 1.278125040709632954e+00 1.156864499564544069e+00
1.339288257171983965e+00 1.034235001110152208e+00 9.664748185273950298e-01 1.038989517426299303e+00
1.249245040744786372e+00 1.063883580740492274e+00 9.120417683419197452e-01 1.085301704768294018e+00
1.124340256092249524e+00 9.887664958210881094e-01 1.029835964433938988e+00 1.093254857047747164e+00
1.352368801112050711e+00 1.163946526462062980e+00 1.080279004668573295e+00 1.107031998874405065e+00
1.386286376533622633e+00 1.186352838779718200e+00 1.159191149372588159e+00 1.078458088125167968e+00
1.294128626025643491e+00 9.615087941583086995e-01 9.545326735235922788e-01 1.135688444774100470e+00
1.362747628163170077e+00 1.093020229927200049e+00 1.105950659377684664e+00 1.153909861415359561e+00
1.219871613158693524e+00 9.248082769916415868e-01 8.417965758417298439e-01 8.866812401609364125e-01
1.306973134743932174e+00 1.045866706221054487e+00 1.008388129973930347e+00 1.203022768376837970e+00
1.359527694056001934e+00 9.779884816773236622e-01 1.073033048737349837e+00 1.039361528092509035e+00
1.513158203963860693e+00 9.385855433712529949e-01 9.455163675160936920e-01 1.210368124947787116e+00
1.088313795954752861e+00 1.176333117814887030e+00 8.125722920254692117e-01 9.725224001492133175e-01
1.288565215243622886e+00 1.001649363326058140e+00 1.020438405072783272e+00 1.153365794246664633e+00
1.121328832286605071e+00 1.031031514575104113e+00 1.065341642850552217e+00 1.036619332473982302e+00
1.188747039475146705e+00 1.048864253675819036e+00 9.402105980870542057e-01 1.052163634830643790e+00
1.279023074821802997e+00 1.046716248834017593e+00 1.068891897633950760e+00 1.159282877803705869e+00
1.214992500347247040e+00 9.371771231117131951e-01 8.056979181475264484e-01 1.224409717399501663e+00
1.234334105604778964e+00 1.039586779952689444e+00 1.087413511201918315e+00 1.013884742431380825e+00
1.471951524806077938e+00 1.113563724612189887e+00 1.096721225133953759e+00 1.104845561305995316e+00
1.299796639977220503e+00 1.059181822122341021e+00 1.135237787015538125e+00 1.183307046462876988e+00
1.399746833023115977e+00 8.990356055234675070e-01 1.065491814849106378e+00 1.055026247501848813e+00
1.258565580677850626e+00 1.023056490139532260e+00 1.256726709250996610e+00 1.132350866115614529e+00
1.265657981958235645e+00 1.177574398799509314e+00 1.109340986190733735e+00 1.242165950258230067e+00
1.176061383521743275e+00 1.075440236057285670e+00 1.016365848724971599e+00 1.000538114383915156e+00
1.292373174720368167e+00 1.146090434923856982e+00 1.031720654576506524e+00 1.065993422200568252e+00
1.592519394540064415e+00 1.135320823033264981e+00 1.015085486148484595e+00 1.229860105588542085e+00
1.313934724400833698e+00 1.174837805999116691e+00 1.037468829393841663e+00 1.184571529031601900e+00
1.328707357906414810e+00 1.169140362411367207e+00 1.038177921803768333e+00 1.180774551547732365e+00
1.370396674439674944e+00 9.975114975787190419e-01 1.182922696067881585e+00 1.307296298723141126e+00
1.156422512016245685e+00 1.184036646608348731e+00 1.206709395229504045e+00 1.228017778963189865e+00
1.338307799816918164e+00 1.121267698024685844e+00 1.014042733844333855e+00 1.178144037724686566e+00
1.303290729133257830e+00 1.007547675624022920e+00 1.071084724026054813e+00 9.765300356234355439e-01
1.272167584833816756e+00 9.985614573774815872e-01 1.067255696189058467e+00 1.062924244192837930e+00
1.360199317262691610e+00 1.097467444639220080e+00 7.572424870829638222e-01 1.031184012078444789e+00
1.179043079746320499e+00 1.029073845284712352e+00 9.197472995655766592e-01 1.206206345398691759e+00
1.160820802439002541e+00 9.859865386627739703e-01 1.053312454038339618e+00 1.071562298354510334e+00
1.260082078796587179e+00 1.114404568881031121e+00 8.850582999983795940e-01 1.218016485788527836e+00
1.305466176517359633e+00 8.107818906242825197e-01 1.019181417762113684e+00 1.090974910481790738e+00
1.299157466702551389e+00 1.055838352609321351e+00 1.040550229313962571e+00 9.360907313889913484e-01
1.214765208832771393e+00 1.093548482656900633e+00 9.996349754405212673e-01 9.249376823439142692e-01
1.276822963599596017e+00 1.086575431075476050e+00 1.143616911103841449e+00 1.107190429983169855e+00
1.235525144278906140e+00 1.114273534225667772e+00 1.027918626363536481e+00 1.182845833915858513e+00
1.297863244130239790e+00 1.132754133052722878e+00 9.554940927764469238e-01 1.080701458829332884e+00
1.072114879927626774e+00 1.028425694900281684e+00 1.088597308513336914e+00 1.182929379860219621e+00
