7.451470320138340320e-01 9.272443164027647233e-01 9.791381201780590127e-01 7.597314099909137086e-01
8.590818623771456775e-01 1.272280998483352743e+00 9.022226260990482416e-01 8.549442287660100614e-01
1.003949892510295427e+00 8.739822438585497233e-01 8.923003161857047116e-01 9.608098825628942352e-01
7.995522074719860761e-01 9.643006572264513077e-01 1.076975276980316476e+00 1.022077384667619659e+00
9.595938239626050636e-01 1.076164082262451194e+00 9.919537558726697624e-01 7.997490180892711242e-01
8.729972049063388084e-01 1.079067122331309747e+00 8.794880445986027473e-01 9.354212917501564251e-01
1.019173034339092343e+00 1.192746128107812442e+00 8.894588109448438029e-01 7.754337745187764863e-01
8.549430985922037429e-01 9.513336492969933778e-01 8.625194394185197178e-01 8.847725731631990165e-01
1.028664593958264817e+00 1.119912377160186434e+00 9.229978818693925779e-01 9.206000423857602089e-01
9.328072734416830158e-01 1.009693579598788471e+00 9.824801033242593906e-01 8.997357195029105359e-01
1.085269534675352698e+00 1.057842750252812491e+00 1.033444858519683818e+00 7.798190518464869214e-01
6.970236025232868782e-01 1.067889051722142879e+00 8.391159111157056039e-01 1.000751374143757699e+00
1.027387620933673862e+00 1.053044213981002564e+00 8.673927806993430023e-01 1.025879869446763015e+00
8.216909373622415247e-01 1.141818889531558856e+00 9.399432379613598121e-01 8.621609672012718883e-01
8.609972426839878068e-01 9.022561668373888510e-01 9.605638772844869999e-01 8.592025465251320604e-01
8.335525207089891087e-01 1.132849702404395087e+00 9.742394980526269954e-01 8.291097777935284574e-01
9.284333360088374842e-01 1.038369665386115859e+00 1.026724753746423469e+00 1.075707359463701884e+00
8.609382838501161705e-01 9.592924222753960173e-01 7.875178919881951067e-01 1.043106114976098953e+00
9.371739545244021086e-01 1.087286232273559916e+00 8.483258312631556386e-01 8.929204641335033443e-01
1.001981739019223605e+00 1.090582156597951657e+00 1.048593121589313615e+00 8.942365059619488132e-01
8.113788536520981642e-01 9.730177099142337527e-01 8.603457365068667428e-01 1.240711172118145411e+00
8.190683884024264616e-01 1.166925738327266870e+00 1.141038664402095337e+00 9.692871234019094784e-01
7.823384508230877277e-01 1.236893653762720202e+00 9.951690246562477915e-01 1.013727778596837714e+00
8.713268970162664218e-01 1.004922168222553980e+00 8.992326594215511726e-01 7.916000746636041585e-01
8.844001127400800133e-01 1.075017909587967946e+00 9.262842297835061078e-01 9.298502591800327233e-01
9.075552810408865634e-01 1.084347952991896236e+00 9.724059956486201806e-01 9.096596319477666670e-01
9.619425008349700157e-01 1.085869125026682536e+00 8.798551957604530127e-01 7.531056008686579650e-01
8.502755753859497778e-01 1.265293788100483319e+00 1.000777503782026567e+00 9.622875681491417366e-01
7.997571841482715715e-01 1.133124001716156570e+00 8.830737408395794574e-01 9.797313361159846190e-01
9.561372953691014143e-01 8.467337551484480640e-01 8.796495525333218879e-01 6.832615826009722504e-01
7.570693348304079473e-01 9.684907610762349961e-01 9.493886173742240864e-01 9.134010288925548116e-01
8.977379485522891667e-01 1.166609924550982447e+00 8.730570643866204517e-01 1.015236000228559643e+00
9.595801557299937778e-01 9.292287502911037445e-01 8.696014342654539986e-01 9.485480955335718889e-01
8.573630731613954836e-01 1.049524933620100242e+00 9.028875708086138152e-01 8.188555340200587285e-01
9.528119635491115735e-01 1.026406532812733863e+00 1.073824023959179419e+00 8.624272846433577167e-01
8.379504157886087379e-01 1.021262503226238794e+00 8.450150859162578465e-01 9.338712475496950827e-01
9.868083032380668973e-01 1.200030392700442761e+00 9.767147041865262835e-01 9.129169803170431585e-01
9.010519529579733566e-01 1.202963839541187019e+00 8.978745120804755286e-01 7.755073067228380745e-01
9.691259481248347685e-01 1.234437230848307587e+00 8.480272802785320252e-01 9.629558972804185268e-01
9.367058957155286469e-01 1.084294927971056532e+00 8.168553391694027832e-01 8.297385781733725985e-01
8.421817299582169403e-01 1.024583600085940960e+00 8.349382614580206363e-01 1.115522666313901512e+00
8.954032606556857621e-01 8.986364666488717567e-01 6.540080895891156043e-01 9.719803419874168959e-01
8.742867830191847212e-01 1.091287002622935098e+00 8.996709549321457722e-01 9.515614810329229289e-01
8.990464748481420409e-01 9.919720660316108107e-01 8.170996600084263761e-01 7.882369473698389584e-01
1.017672718436701595e+00 1.058331128933261089e+00 8.481614994235114890e-01 1.022973480725867246e+00
8.075546632997741003e-01 1.104420188840757211e+00 1.010620813165147958e+00 8.381977680424886890e-01
8.964814037524946322e-01 8.599072300051530116e-01 8.305241200972688365e-01 9.951209144745608581e-01
9.423777095456444819e-01 1.177343152207000143e+00 1.006702817417693074e+00 9.535509652057201357e-01
8.953653827340883886e-01 1.140745588383582421e+00 1.043204724058126587e+00 9.182656217988208747e-01
7.927241061596079774e-01 1.085964333209165966e+00 9.583535794825698284e-01 8.819677981656511845e-01
9.165802654009690409e-01 1.187035595511012787e+00 9.481803511780142468e-01 9.395465913975274974e-01
7.800539403483396361e-01 1.009156701071072249e+00 1.048921495456693886e+00 9.575196163761044987e-01
9.124864960164433825e-01 9.879523337899051016e-01 8.078264187708423805e-01 8.622225247823039895e-01
9.518592164993358029e-01 1.043602184972472813e+00 7.673129021427709251e-01 9.509522110691706054e-01
1.353041996433161476e+00 1.086235304024394832e+00 9.624512861347209736e-01 9.284914356885197728e-01
9.851275230380798220e-01 1.061436930095448483e+00 8.826554271822253384e-01 8.747322304497744394e-01
1.118513275033221177e+00 1.025276338291578382e+00 9.940259166920796252e-01 1.048409503246755747e+00
1.071876855054146205e+00 1.134277922569558728e+00 9.586063851704642591e-01 8.233226056039989471e-01
1.016976648742912603e+00 1.080886130545909429e+00 9.397729202584136354e-01 1.005883965758292975e+00
9.754457219974058679e-01 9.198983348618643419e-01 1.095291866381968848e+00 8.019909287153647037e-01
8.771860052881231828e-01 1.035386538674035961e+00 9.380928815061083670e-01 1.019526750377217406e+00
8.760299985692998614e-01 1.044444219507882687e+00 1.011881618442888930e+00 8.468276394225394688e-01
9.707161421291186088e-01 1.074819196965015600e+00 8.142907327222944636e-01 1.016650129341858610e+00
8.807916670059712239e-01 1.052579621284635447e+00 8.664060607060727337e-01 9.613543388625299668e-01
8.829510718229470756e-01 1.002860770875587448e+00 1.016248783041513448e+00 1.002156976412349465e+00
1.044625608195796529e+00 1.075546503767604412e+00 8.175656659212209298e-01 9.297714031592079209e-01
9.012769797256674487e-01 9.975831301955299102e-01 9.760763259961063865e-01 1.086938257117100681e+00
9.550674998999340026e-01 1.066734290421367914e+00 9.196476924605481162e-01 8.509330718951626515e-01
9.340991773992420866e-01 1.174093886846250268e+00 9.889861214757316166e-01 9.804902943177299379e-01
9.261461811531379595e-01 8.946769791951152406e-01 8.878901038567008630e-01 9.305391167511283257e-01
9.353460024781354853e-01 1.147380276677747890e+00 1.000196255797612954e+00 8.696821867412076745e-01
1.051614827876079072e+00 1.032670692340502239e+00 1.044374958229783212e+00 7.367164377155561716e-01
1.005867380338860695e+00 1.007750812519233596e+00 9.073762651422487835e-01 6.481384964084235811e-01
9.156258229171376772e-01 9.875587842897395330e-01 9.864267446644559012e-01 9.400251686418675812e-01
7.848725663018139009e-01 1.110638115106040935e+00 9.260852012395935917e-01 1.155670875526361385e+00
1.045865884607185547e+00 1.116921241309714929e+00 8.734830462874306756e-01 9.016787942245912957e-01
1.045657048938493983e+00 1.168211473905936826e+00 1.057629685409926523e+00 7.075665125107064579e-01
8.735145307813987348e-01 1.036449417412399487e+00 9.037893171344126841e-01 9.812827113895227216e-01
1.000832369616225126e+00 1.053372500734971684e+00 8.954640188474046747e-01 1.012952736933361741e+00
1.077367919200351576e+00 9.985306055740527098e-01 9.692602506701050169e-01 1.123772149476598425e+00
8.686997508154145065e-01 1.155340731887503525e+00 1.075172490149812532e+00 8.526145842999031110e-01
8.882163862855576575e-01 1.241938133150376711e+00 1.117457867228873747e+00 8.865795531989153488e-01
9.718577134136454632e-01 1.002336323035016852e+00 7.002086071305086978e-01 9.065888602001858088e-01
1.037442138294407235e+00 1.019050330179527064e+00 8.569357094216264459e-01 1.140467025436141091e+00
8.296213993148645605e-01 1.038778488266070887e+00 8.968168969741440177e-01 9.254717417891415998e-01
9.202161041902324756e-01 1.138844078328397069e+00 9.297279935860848221e-01 1.009163566965754155e+00
1.085214460443428397e+00 1.137899521650338475e+00 8.794532225166210582e-01 9.174931303839430896e-01
8.198883178964059271e-01 1.117750423931912263e+00 9.530501513227852550e-01 9.058078770690590753e-01
9.281322396695880217e-01 1.030970204115619460e+00 9.864197224961021027e-01 1.137928709115916925e+00
1.034450095296391758e+00 9.855619469887320072e-01 9.637057337527038525e-01 8.086386639148458455e-01
9.121868601957523470e-01 9.719306116449469846e-01 9.491670075738877221e-01 9.392625192156592862e-01
8.898012670140991176e-01 1.158201782139670621e+00 8.238150316699959230e-01 7.533976490740409426e-01
9.162361769967670710e-01 1.106247017758444029e+00 9.757246487353542497e-01 1.067703022823711434e+00
9.247426559818290315e-01 1.039229640231244423e+00 9.641067263515235020e-01 1.005462702236797234e+00
1.060646547207000356e+00 1.137743041739831984e+00 9.824142734005510968e-01 8.422497230711825100e-01
1.002351794622407644e+00 9.815027473144620762e-01 1.046719296444717173e+00 8.531551823471549278e-01
8.238496975326907723e-01 8.180441969254104162e-01 9.406410792943383781e-01 9.179447424578736081e-01
7.845794320988862536e-01 1.062917641842149319e+00 9.704157759781516512e-01 9.939553677074205451e-01
7.897772746993976245e-01 1.141542447428176121e+00 9.624820806970494358e-01 9.081366570045134035e-01
1.061795361051174114e+00 9.138924325480556332e-01 9.185176086484826419e-01 9.264120055228727280e-01
9.712894640441680494e-01 1.057439072843545658e+00 8.419136161561773246e-01 8.756644968174509547e-01
8.486857612484043356e-01 1.033370503935955087e+00 1.082057570208400987e+00 7.251829601827490812e-01
1.092852656963158253e+00 1.105909718583242718e+00 1.049720918906454248e+00 9.573726184766732095e-01
8.372530982932577803e-01 9.570493089090066352e-01 8.981777756712570060e-01 8.943076821932822718e-01
9.829050779067044497e-01 8.133974473580255493e-01 8.452065504346610858e-01 7.956294287456197045e-01
1.031168123651158064e+00 1.208655605137961775e+00 1.042668992678762896e+00 1.013337918562622564e+00
9.365265597785602525e-01 9.882172748866524525e-01 8.349766605572493949e-01 9.253710019845253765e-01
9.234767585691995295e-01 1.096852701386850759e+00 9.507914769960862378e-01 9.276476702335957336e-01
8.344517700054282505e-01 1.192435643973132731e+00 7.907741220750742484e-01 1.016140040770600050e+00
8.808633887456346345e-01 1.132271846735560139e+00 7.834472944338600753e-01 9.026759117858815795e-01
9.105318311102337248e-01 1.015668261969345787e+00 7.987115184462779682e-01 8.627722340035538506e-01
7.886184442546105844e-01 9.751527080265391945e-01 9.688975145030217506e-01 1.071418330294853893e+00
1.122750659764050418e+00 1.063787099471326547e+00 8.888389542219145012e-01 1.030163809685841425e+00
8.652597374407645647e-01 1.140978360081322140e+00 8.944203173940559193e-01 8.070213011768209155e-01
8.383189976773913754e-01 1.055222461361502440e+00 1.057586700513382327e+00 1.067058745858289193e+00
9.836623401907339526e-01 1.057085446391876848e+00 9.940921891861285165e-01 9.202438581592002897e-01
1.047556136463803522e+00 1.125076072434960217e+00 1.036427399645556191e+00 7.396446431651839681e-01
1.038557288832042680e+00 8.127177177603227554e-01 7.587629299823899220e-01 8.418831035110222460e-01
9.177932565140760612e-01 1.204089399785496006e+00 9.668765643274277455e-01 8.636281150180419308e-01
7.448960276098576250e-01 9.765261737803538900e-01 9.591833381158588745e-01 8.427220060105224952e-01
8.978727766201776150e-01 1.144234423353539754e+00 1.055699514119264437e+00 9.100666549884687262e-01
9.167840891600924635e-01 1.087502520113434734e+00 9.666728198793714810e-01 8.424291882143710719e-01
1.016476733932213383e+00 9.736613909985922799e-01 8.969096552521957921e-01 9.283403585491434296e-01
9.348688170826343624e-01 1.012727628415350800e+00 9.164995895514524982e-01 8.081595035675157579e-01
9.123188472969849805e-01 8.345464436984926238e-01 9.306344213468963344e-01 7.975601518615337282e-01
9.532119328191954732e-01 9.222333137865096342e-01 1.094486442290484307e+00 9.037233317702837443e-01
9.769637176169039261e-01 1.010166792090752441e+00 8.844824354673790356e-01 8.196051157823368571e-01
8.625475717871752268e-01 1.046953653811329765e+00 1.095917621839012090e+00 8.230072654043300018e-01
7.746294166445075735e-01 9.333532437920158964e-01 9.997938574116335131e-01 9.641403009766039700e-01
8.515396592254748098e-01 9.405668019682711378e-01 9.102143689223838319e-01 8.973173135112642029e-01
9.108912922035879989e-01 1.212903361464368057e+00 8.349338945636867182e-01 8.598370266507286974e-01
9.752631312368752470e-01 9.279314538619523045e-01 8.077602492873723339e-01 9.367696758309437266e-01
7.314917338875391861e-01 1.084951023504661771e+00 9.181100204755572314e-01 8.788043158641675179e-01
9.621159952164104467e-01 9.542162975573367234e-01 9.618571079906487187e-01 7.994472453904181153e-01
8.586970660046001624e-01 1.102326156816129554e+00 9.385621255998090051e-01 7.538351257258492089e-01
9.392272358862692183e-01 9.797442278689773021e-01 1.067272246776594713e+00 9.676762162059038275e-01
9.530803346646564700e-01 1.092353537134977737e+00 9.330134276423236450e-01 6.589616809291185540e-01
8.215687382637519853e-01 9.610757191192565996e-01 9.433812431316462854e-01 9.080275386804367299e-01
9.255724373033262786e-01 9.108863062944467792e-01 1.100487148156832573e+00 8.465371414857906229e-01
9.089056373632801167e-01 1.062020190302636502e+00 9.934879012137566301e-01 9.432921304262551487e-01
7.901816371411835016e-01 1.126261788268735131e+00 8.953792366327718577e-01 7.422451017599898115e-01
8.792803109301405851e-01 1.067809728501815325e+00 1.005125932817402479e+00 8.163763996365609454e-01
8.455284934107423211e-01 1.085601251407121604e+00 1.050691199873471371e+00 9.142214633111628297e-01
8.077841963692227178e-01 1.010415476671302937e+00 9.489457295853379604e-01 9.232552123933345234e-01
8.895683083647288880e-01 1.010522557626490681e+00 1.044974179277025295e+00 1.026468967575026481e+00
8.788572235945885103e-01 9.337631101341054007e-01 8.852177492314889928e-01 7.713053769674442783e-01
9.473415426008607865e-01 9.889052147337310528e-01 8.642246854466374417e-01 9.881994319431288698e-01
1.013620131955506487e+00 1.150648640346833673e+00 8.574956865687159979e-01 1.004794481647379056e+00
9.602132454038251330e-01 9.898935396028102351e-01 8.219061342417031124e-01 8.639795410614105053e-01
8.182843143183109458e-01 1.209634011847164459e+00 1.023438347169421281e+00 1.174062778186765410e+00
9.841825838380039437e-01 1.007980784320661627e+00 9.592821509686585424e-01 8.949171879735701163e-01
9.582846700954216201e-01 1.028203656523650533e+00 7.872352715249599786e-01 9.169838709735937954e-01
8.097983471064800209e-01 1.067758427904721863e+00 7.298491942076080763e-01 9.475320833898581707e-01
9.343381751362060950e-01 9.503542666632897040e-01 1.096169951833891210e+00 8.270678466165367615e-01
8.425881026608240676e-01 9.106340918051403222e-01 1.047768827380988199e+00 8.338242167392887483e-01
8.970619722772655846e-01 9.715669891270790615e-01 7.488271080579783634e-01 7.729669357926163276e-01
9.065697672801218410e-01 1.010440281518929062e+00 9.724380894847756140e-01 8.871426640822011045e-01
9.143229098634613194e-01 1.029536745415105425e+00 9.671884923341903528e-01 9.328205550008822344e-01
8.299534722251005192e-01 9.848616536923333609e-01 8.447310127612464026e-01 7.758522854285193615e-01
9.775056045399787008e-01 1.152300486215306341e+00 1.001784986492707530e+00 9.089012576511638075e-01
9.096313706912760866e-01 1.019510348795720001e+00 9.000854567787064386e-01 7.804874698316351944e-01
8.286642057594092448e-01 1.075479004474327205e+00 9.153148380479537716e-01 7.820807426388237671e-01
8.620207760046608714e-01 9.512749110092757476e-01 8.691896249143310493e-01 9.184892075021116042e-01
8.938139569737413304e-01 9.893056120723584534e-01 8.892473490032066774e-01 9.776201237759413187e-01
1.047774728961702984e+00 1.079889704257060323e+00 9.271095333207598488e-01 9.019898949937662502e-01
1.080358266149575641e+00 1.147828282477515893e+00 9.690377424221491287e-01 9.755725397723352676e-01
9.161208912054574771e-01 9.560351864121450216e-01 8.206512376897086014e-01 1.018919123106030167e+00
7.465484913250078902e-01 8.922090489915878164e-01 1.192803695316490442e+00 1.011680152080625339e+00
7.884732902401041521e-01 9.021098933465820924e-01 9.497652455717600084e-01 8.140397457724446451e-01
8.154646272319421296e-01 9.912872893129425211e-01 8.688323003641638120e-01 9.273677396282806740e-01
8.582143780416906509e-01 1.066085422373730163e+00 8.659978503528927840e-01 8.588492749910346946e-01
7.270053314582441972e-01 1.153570922503270202e+00 9.664994372614763574e-01 8.337580218185893788e-01
8.486180732086250345e-01 1.146132309406365346e+00 9.489540370931540680e-01 8.965904905679032977e-01
1.009880306032680863e+00 1.079109185382540081e+00 1.010483669811172991e+00 8.273629407867885144e-01
7.598027094559051120e-01 1.052008290933869272e+00 8.173869097840011921e-01 8.494101555905015921e-01
8.386202797829445110e-01 9.912419757999948455e-01 9.571429824350804472e-01 8.876978237613154521e-01
1.001338482721514156e+00 1.065817690732909551e+00 9.068467719457521392e-01 8.364891489402566105e-01
8.464920561667433896e-01 1.040654055081980056e+00 8.998629321295580352e-01 9.907352127127652119e-01
9.192709987135800898e-01 9.717488549226268590e-01 1.111552269407564131e+00 9.031924040707345336e-01
8.663640881071356104e-01 1.154169973718474074e+00 9.863197909001683028e-01 8.497954845565907078e-01
8.066397959986717492e-01 9.170230580946664434e-01 8.756476633107987961e-01 8.792232480419642782e-01
9.463269451947552424e-01 1.006594098667358050e+00 9.705009230770803574e-01 5.957397432991246022e-01
8.859105849063655391e-01 9.469477712653349144e-01 8.210166344464135957e-01 9.223840560708403968e-01
7.723314594293129165e-01 9.100741977780238967e-01 8.125543529531669140e-01 8.849128448296653682e-01
8.093879696866067563e-01 1.099625078566722980e+00 9.484475898488415879e-01 8.913709968402933059e-01
1.008546789645779596e+00 1.041700015602685880e+00 9.467419626210785699e-01 7.746642260326080942e-01
8.644357085206086921e-01 1.190279364054144251e+00 9.226808651853362075e-01 8.294748707550296807e-01
8.480414966957598999e-01 1.097392190837447101e+00 8.666326004874737032e-01 1.201388749625688090e+00
8.488996126356160854e-01 1.076327942267331750e+00 9.461668543040444579e-01 1.003277298315205623e+00
8.489994541614465096e-01 1.044512309509852077e+00 9.812163076444331278e-01 8.851340453897723615e-01
9.669445929543819540e-01 1.019236862877254346e+00 9.845409194746471693e-01 1.019075385326422944e+00
7.714243822510911119e-01 1.025389946057881474e+00 9.821812854865086262e-01 8.912577686155431778e-01
9.402634006983217052e-01 1.130819236864355481e+00 9.654467187453964483e-01 8.797496042449741704e-01
9.857985631981173169e-01 1.020552677710944822e+00 9.260759098914455034e-01 8.026394689664441140e-01
9.360782001653272788e-01 1.000674740216652259e+00 9.610524592523088661e-01 8.518716115858444571e-01
8.707096602469899249e-01 1.061734718649001374e+00 1.045218193169869636e+00 9.666238731075135204e-01
9.971190197304145020e-01 1.130899142309525152e+00 9.989579228499697594e-01 8.371129390209576249e-01
9.638826000118140280e-01 1.047900500664403767e+00 9.882796114440168811e-01 8.376482142775154571e-01
8.469861162494737306e-01 9.682531345185569904e-01 8.866318059304669763e-01 7.675843271604451123e-01
9.625437194253532169e-01 1.041722280408144741e+00 1.051777888131448790e+00 8.229302976290958638e-01
8.359501440327988808e-01 1.217077326600253029e+00 1.043976801042586278e+00 9.524147563053577681e-01
9.651581010151967233e-01 9.540785471124031414e-01 9.767283386344461915e-01 1.003409861255162738e+00
6.464518201769579031e-01 1.092449953819857100e+00 9.323452446041906594e-01 8.509956284929651726e-01
9.547176405153627865e-01 1.099743138313816537e+00 9.360195366569337150e-01 9.155511438111743061e-01
8.845963099349006820e-01 9.694891398151888051e-01 9.065490722631893705e-01 8.459535804147828575e-01
9.491461593362269245e-01 8.694598810386306997e-01 1.050043384218107168e+00 8.145541254985140256e-01
9.833995392134260438e-01 1.023709515317982710e+00 9.199772435556394790e-01 8.191470950518101590e-01
9.725081060243641051e-01 1.040636686696708502e+00 9.549480966060237552e-01 1.003442078296013173e+00
7.967752228117157554e-01 1.134810788405527626e+00 9.223903804049828903e-01 8.332937560879136729e-01
9.584426107178130039e-01 1.189921945326764208e+00 1.002756366316319259e+00 7.355919795325950306e-01
1.060307051529099986e+00 1.035841942518176184e+00 9.289154673999280298e-01 1.114483476237872139e+00
7.967943940992071594e-01 1.103696978530511741e+00 9.107041904827865020e-01 1.023792885722571322e+00
8.194777813071849604e-01 1.117668504799305351e+00 8.114058258607269591e-01 9.708248110888330062e-01
8.468886096881943493e-01 1.164638748859418982e+00 9.690950377780385150e-01 9.959343096040275123e-01
9.335037848955929363e-01 1.155606555446815342e+00 8.310990322888101023e-01 9.841130200980220399e-01
1.108549712850541047e+00 1.016577673262242909e+00 8.900472469760957184e-01 8.551259850828024645e-01
9.000568998518665431e-01 1.228868729129482640e+00 8.387993200118016857e-01 8.928612259895514214e-01
9.822370344580638735e-01 9.872699921057286332e-01 9.591479284222760304e-01 9.929149887720731815e-01
8.401011692403030917e-01 1.084278832392547409e+00 9.793857427475379795e-01 8.736542276348644442e-01
1.018851750094219799e+00 1.052958866960743478e+00 1.009591346277731061e+00 8.970804005974399864e-01
8.088108207604848277e-01 9.919059310978982635e-01 8.617640608492617149e-01 8.326621218028743554e-01
1.134862821168787894e+00 1.066502968962205422e+00 8.615578496328835101e-01 9.762155675597861126e-01
1.034615044281348650e+00 1.161002796672212733e+00 9.261502712283354866e-01 6.692335910277298350e-01
8.953661444344925835e-01 9.897687041992421220e-01 9.407406191594934741e-01 9.717835076326883925e-01
9.010011276876969122e-01 1.155615540769154403e+00 9.505455141551654163e-01 8.874750401353060925e-01
1.009221018411329052e+00 9.060890904913547761e-01 9.362879941641016890e-01 1.030920911118306194e+00
1.101362857810030071e+00 9.945265233126706628e-01 9.878081775882214810e-01 8.766506000159651757e-01
9.315966465668548135e-01 1.021860427485645761e+00 1.109024335861898081e+00 9.920579855440216921e-01
1.017649530210142039e+00 9.262900819082729997e-01 9.036694051255951265e-01 1.048732715311856856e+00
7.186343274117998892e-01 1.079066586777097436e+00 1.056927017795051604e+00 8.666445025706168703e-01
1.034177032958335074e+00 9.993916227768542271e-01 9.674633285059668353e-01 1.044516498047973085e+00
9.636055427660517037e-01 1.299011946654800909e+00 9.436934811077467566e-01 9.152579798276883061e-01
8.597048165663963015e-01 1.095517792270865876e+00 8.990454854336897839e-01 8.822823482246374693e-01
7.511828554820775272e-01 9.928840713976110344e-01 9.279050554565383413e-01 8.066114017753263088e-01
9.069266044939237048e-01 1.005564930623059849e+00 1.084828087488086679e+00 9.603031850929762969e-01
8.093962416946508531e-01 1.002109976269607960e+00 9.214375700914909650e-01 9.862689698164829322e-01
9.757411905805928320e-01 1.075914187051137949e+00 9.107045623480636287e-01 8.603822253924219288e-01
9.125289862290362208e-01 1.078266856654875649e+00 7.658421894317852807e-01 1.020136336405612631e+00
8.372273738155467937e-01 1.181673877683804941e+00 9.646676939596882105e-01 9.545683731639622582e-01
8.653205066008257118e-01 1.086105760720510682e+00 8.779127921386508104e-01 8.375580833078525300e-01
8.397404425025993824e-01 1.100611592908731229e+00 9.514496238634416736e-01 9.095352086491336197e-01
1.052653695604454986e+00 1.043333292962520975e+00 8.041728652937472077e-01 8.597434386459188449e-01
8.873857075581381704e-01 1.060829570336872418e+00 8.889873608908996916e-01 9.897916674948561422e-01
9.291166164462716370e-01 1.025522422263045907e+00 7.350447178766351675e-01 8.576832928081835616e-01
9.347499412246091932e-01 9.789851157332104536e-01 9.118745547685737085e-01 1.006112206454615521e+00
1.074594152879285947e+00 1.094749337127216116e+00 9.728794356686381040e-01 9.308126176587542266e-01
7.951642023772490520e-01 1.125009053932475300e+00 1.186043962183348954e+00 7.289062163563235774e-01
9.739346623655338320e-01 1.030620234698683468e+00 8.781060629106169912e-01 8.469787666831799511e-01
9.835540846104026125e-01 1.007836832199142441e+00 9.364444408981339452e-01 8.513744150059336935e-01
8.128820143593212810e-01 1.196685096875324650e+00 1.098378929319308250e+00 1.060904857352058084e+00
9.006992913142554125e-01 1.232776706366827346e+00 8.832512975514262843e-01 8.960066902768739627e-01
8.707024210715151868e-01 1.033824200605240273e+00 9.000178640828490062e-01 9.173853273219265692e-01
9.155146602728199134e-01 9.694154373988981277e-01 8.638331287646845436e-01 8.308873672634533580e-01
1.083835155996969446e+00 1.033120216408199399e+00 9.055285888575529407e-01 9.873900770675508864e-01
7.883298662103173093e-01 9.017295963738614084e-01 9.704408530793104948e-01 9.161957315183193451e-01
7.923892447874265610e-01 9.464931335349583419e-01 8.575873388911915418e-01 9.975321144698112708e-01
7.859409449922026836e-01 8.903172901795860517e-01 9.296271127658320976e-01 1.143342145440855884e+00
9.573556325963559210e-01 9.923631376468468046e-01 9.114361022297996495e-01 8.843464267375426013e-01
1.104937399126633135e+00 9.823393553013745061e-01 9.615070755181880369e-01 9.188630588135507926e-01
8.818901518461227385e-01 1.044160813860045112e+00 1.043099845314900520e+00 9.159646376076414631e-01
8.670114956432229958e-01 1.142064533461795151e+00 8.173862830816223113e-01 8.860441942003455251e-01
8.666094320804205164e-01 1.162854403757223265e+00 9.329589928479784522e-01 9.400010467795072433e-01
8.973041395135387122e-01 1.162131994202667995e+00 1.016640727858112436e+00 8.669438071225256115e-01
1.034102440173007897e+00 1.141747675180020627e+00 7.693228072533279116e-01 9.126242383558170745e-01
1.084405048716248432e+00 1.036579988147294795e+00 9.956498343892010716e-01 8.884895924059251771e-01
9.583993179860017531e-01 1.223224779377126259e+00 9.628758891720247126e-01 8.928281587227655525e-01
8.951717128648191135e-01 9.810808591261253042e-01 1.010240752858653446e+00 9.874963594447886406e-01
7.838645990295596278e-01 8.671665631897643722e-01 8.672511117245099710e-01 9.290253628622039406e-01
9.221282247519559938e-01 1.087709919304546524e+00 9.117881608597265819e-01 9.228930758853229888e-01
1.038530711545328833e+00 8.344106043741305045e-01 7.949158676540362123e-01 1.048251975463615926e+00
9.261136193936710947e-01 1.014847015518600015e+00 8.549532321427728565e-01 1.077928914159227647e+00
8.146329564445879967e-01 1.117244514641914765e+00 9.159089241359263944e-01 1.057992933671894065e+00
9.162704495380792347e-01 1.116094625925193595e+00 9.675516176185421369e-01 8.714539638962419676e-01
1.004283290440338483e+00 1.018631871199934036e+00 9.664833882647559937e-01 7.568674480763917245e-01
9.538174480887282591e-01 1.195187206350820208e+00 1.140468570843864216e+00 1.010931687306984461e+00
9.587365310837492327e-01 1.094713924273987171e+00 9.204066844580416351e-01 8.638744487867734412e-01
9.280135629246130113e-01 9.919421225039205536e-01 7.691793472623643657e-01 8.190553912250575497e-01
1.010339201688148725e+00 9.927392463566887537e-01 9.718867687083694307e-01 9.905682983703028022e-01
9.285820967877317367e-01 8.479018365268143897e-01 8.590611301591876137e-01 8.549833119249883318e-01
1.100001355889087984e+00 1.101647731412598752e+00 9.687210053536294829e-01 8.821789160073999492e-01
8.571092644676938654e-01 1.031638764285518928e+00 9.842805257715682155e-01 9.451801435185186451e-01
5.789103854180087660e-01 1.106546042356501225e+00 9.507047280126830202e-01 8.265623840704766634e-01
9.072163414853888774e-01 1.054263019304952920e+00 8.936010399849108055e-01 8.950570339963734856e-01
9.311682329868028463e-01 1.082736387414262591e+00 9.367890308463772131e-01 8.994843797422525933e-01
8.565047725486855112e-01 1.112336686929640495e+00 9.406886380193906216e-01 8.957603889284617704e-01
9.840250813567857913e-01 1.124503934675920469e+00 9.383328723216360912e-01 9.049327414352479337e-01
1.036703611872021424e+00 9.838484054455125527e-01 7.839989158931752744e-01 8.770591667313655249e-01
8.017715900967063991e-01 9.644264754727547295e-01 7.936294534506015408e-01 9.249943346892579576e-01
9.720952810703116231e-01 8.735818103928895129e-01 1.052220680608920267e+00 1.015362401257542624e+00
1.008414794985182716e+00 1.134256589533367166e+00 1.028040049204334228e+00 7.106446995312365456e-01
8.922662665497033130e-01 9.741874394251166525e-01 1.018697744215428580e+00 8.524078155393739475e-01
9.446393577241337658e-01 1.026127959803770695e+00 8.997109932082063555e-01 8.308127676375937076e-01
9.502208596501373616e-01 1.013881998963623632e+00 8.885694955021323782e-01 1.133974751403497017e+00
9.971187657613733712e-01 9.536763084714642291e-01 9.737260778364288383e-01 7.278724100137016206e-01
9.358700872716083641e-01 9.770920347656513183e-01 8.073015742089600932e-01 8.568742757022256296e-01
8.977678878485703118e-01 1.026068234091916498e+00 8.357896898735254210e-01 1.005997792070133512e+00
9.716110664584144407e-01 1.159822230012281574e+00 9.492384511969047534e-01 9.605807258691645423e-01
1.028032424617027152e+00 1.048626453753346954e+00 9.742631858983400450e-01 9.671382286328318312e-01
8.128088602195423507e-01 1.083629277944610614e+00 1.016185110563297744e+00 7.406922732901444206e-01
1.109123184009398688e+00 1.157923697042562372e+00 9.138260678474893206e-01 9.882678479218772738e-01
9.289287297618947781e-01 8.937754742588641665e-01 1.032160395848563672e+00 8.877048807311815892e-01
7.405211528000006371e-01 1.126259174442692190e+00 9.450328856839440572e-01 8.821515111431929013e-01
7.777576930622647211e-01 1.001989971618739483e+00 9.027139338025874649e-01 9.108000823554063263e-01
8.969646243943223407e-01 1.141863354504695671e+00 1.010045712417545483e+00 8.948658827155535622e-01
9.839908076265518888e-01 1.003687046612866896e+00 1.027440166069258032e+00 8.946201395192370232e-01
9.235450428462098627e-01 9.869016559705617864e-01 8.951860777222881982e-01 1.102095152031131065e+00
9.426454977216007780e-01 1.004344777182538451e+00 9.938162056768354846e-01 8.620479069597395405e-01
9.409298259104392770e-01 9.540728196656924620e-01 1.028882993678089219e+00 9.387955716395004480e-01
9.373837039367666213e-01 9.964851910658293344e-01 8.896832264560730064e-01 9.090048834243654730e-01
8.488497000328647513e-01 9.950652739965240023e-01 8.982181270630070768e-01 9.737165710744563052e-01
8.914373434933802187e-01 9.368313203834698344e-01 9.675085866660034783e-01 9.638662430651033786e-01
8.713025306668108483e-01 1.063932740197793603e+00 1.038134187441860368e+00 9.657598850112881772e-01
8.092777922191071172e-01 1.107366004943672211e+00 8.881074738767211763e-01 9.739699082873335412e-01
1.091578792577998058e+00 1.144701917231708332e+00 1.153324564600666902e+00 8.760904114405116960e-01
9.381478058872747550e-01 1.097630882271184438e+00 8.694024997258834597e-01 1.016431839241619173e+00
1.004750604208383358e+00 1.180485351923794557e+00 8.594172390518564075e-01 8.660151929347428279e-01
7.790987445553285706e-01 1.124686888055367984e+00 9.891444333989425353e-01 9.512279801363904275e-01
6.429315416103923431e-01 9.310613654884721813e-01 7.628851759143825406e-01 8.103123544427213165e-01
8.945353030394355143e-01 1.166453102769208661e+00 1.071384530893453979e+00 8.105103742306188908e-01
8.810413254938177507e-01 1.114624997474564783e+00 9.655605000034132024e-01 8.383317997970799462e-01
9.775200901859897318e-01 9.954574217573907147e-01 9.947954429756895589e-01 8.453558556329250351e-01
9.189785458680927999e-01 9.671308109231561145e-01 1.033928486455459872e+00 8.145485218699929364e-01
9.318001842873085971e-01 1.104227223619873577e+00 9.617223782758109740e-01 9.783538721289317674e-01
1.031124044996692524e+00 1.038020770237739532e+00 1.029985928608270207e+00 9.261935589600941432e-01
9.804180930965856744e-01 1.347283355679607331e+00 1.080178963165153272e+00 7.235176775753012768e-01
9.434947125489632214e-01 1.070445226136115258e+00 7.773371006910828607e-01 8.538323614209671897e-01
9.791301478866685226e-01 9.917670284757432730e-01 8.518648806789959060e-01 7.608020110716851026e-01
8.626274546109972130e-01 1.018828066054768389e+00 7.677158917664314020e-01 9.975328655536068734e-01
1.024129973826695572e+00 1.198724889488504974e+00 9.113463956559720858e-01 8.844744335574289407e-01
8.272687081891145766e-01 1.077834492237194297e+00 1.041970817516335357e+00 9.446067386908314489e-01
9.432605404732605781e-01 9.859710551975100490e-01 8.674314415655682842e-01 9.900074527912655631e-01
7.790960172396140804e-01 1.076905997234789636e+00 8.903725252360292775e-01 8.921300398219719208e-01
9.680844326974273883e-01 1.170554768975642590e+00 8.438484891097167706e-01 9.225176524398807087e-01
1.036414426874444850e+00 1.073082037893140495e+00 9.547952722004313664e-01 9.486876627770350900e-01
7.382215162426363220e-01 1.144643387814938018e+00 8.515781632136079082e-01 1.115583770034257238e+00
8.951965930654453008e-01 9.215647549311969389e-01 9.417463323633167294e-01 1.038474070154301598e+00
8.758190588851760827e-01 9.354931653596141317e-01 7.696479823599426950e-01 8.698426534562058166e-01
9.862247060161871692e-01 1.024083456493533939e+00 9.633776470155192007e-01 6.985471652748774796e-01
1.130440793163574931e+00 1.293919886417430387e+00 9.849247639456505388e-01 1.079222910331366636e+00
9.640354866632034891e-01 1.112196083866864305e+00 1.041875976454507580e+00 9.606224807451335668e-01
8.177595872864880100e-01 8.862978827786496261e-01 8.743172872773823379e-01 8.333956582540448244e-01
1.040145528810557218e+00 1.141246877640379909e+00 9.320058517763508688e-01 9.633782635128074201e-01
8.525100928549816937e-01 1.182708066807744984e+00 8.870005359913308851e-01 9.159669129912865193e-01
1.008027704183849238e+00 9.113959566353676545e-01 1.118648954252781991e+00 8.080250125288330754e-01
9.052320815753528427e-01 1.088558421783224262e+00 7.597898914708240969e-01 8.380441216405584148e-01
7.754139292970808617e-01 1.118643204753063003e+00 7.343956625867084087e-01 8.414919376816005769e-01
8.313526968298311504e-01 8.032564647271497327e-01 9.099971878747445952e-01 9.759474445600000436e-01
9.060023257817266806e-01 9.149260810029951063e-01 8.494871961686608630e-01 8.977291591347650312e-01
8.365455110211507117e-01 1.070607576901966951e+00 9.627823377901892909e-01 8.658208670095104420e-01
7.170774384325295792e-01 1.002328481293778273e+00 8.773311061579560644e-01 1.091633502151058366e+00
9.164096325265282950e-01 1.070909237628346000e+00 1.002940112449486332e+00 8.287737585634271653e-01
8.125540208953095922e-01 1.156356896003869705e+00 9.014463319116199358e-01 9.212314655298342592e-01
9.154353500943248623e-01 1.061950726451433624e+00 7.981899405458010577e-01 9.494038750320533682e-01
9.572226012089615210e-01 1.100247748158971195e+00 8.792662006593539026e-01 8.747825048256128166e-01
7.189867891259558164e-01 9.730652275021465236e-01 9.479381630368111100e-01 7.498690559452311222e-01
9.405394059337670587e-01 1.118502220470144026e+00 9.617234623061069465e-01 9.934435645794046366e-01
9.059850290893957103e-01 1.111783216047198319e+00 1.118214336231362571e+00 9.100190143751527572e-01
8.951550758285875542e-01 9.454861656569171213e-01 9.746257729559871796e-01 1.163950292280424348e+00
8.256617027726147473e-01 1.062835359030599891e+00 8.302024671327845606e-01 1.082264117749654808e+00
9.555178873833961584e-01 1.118479200366088167e+00 1.022268779793217508e+00 1.005202661365443451e+00
7.307677764910656126e-01 1.102645862234041596e+00 8.879613322750807836e-01 8.060828259514098981e-01
9.862476713392347438e-01 1.059757001169770563e+00 1.021975966329690122e+00 9.971125428039970817e-01
8.661989416694499955e-01 1.071187123175024736e+00 8.577263674883586209e-01 9.868017300842506501e-01
9.607312623264960827e-01 1.225754656298711609e+00 7.492126821523235058e-01 1.059237930962187546e+00
9.379674029442560679e-01 8.609580003440612250e-01 8.190473876114221508e-01 9.543662608795543401e-01
9.501842360029866263e-01 1.146817036442358440e+00 8.898903339645320987e-01 8.082736750370977941e-01
1.060653662205483183e+00 1.115581102670689440e+00 1.105018025566539386e+00 8.542569230558254567e-01
9.698533075273837456e-01 1.138497492625615504e+00 8.455488235344356118e-01 6.755734476059731541e-01
8.478716878885135255e-01 1.216776317354866022e+00 9.676573770666380137e-01 7.650802199987047914e-01
9.054063261178364463e-01 1.171014250404555090e+00 9.233219686925961955e-01 7.369289546726328632e-01
7.964208817421872810e-01 1.065241218597353434e+00 8.074392927192919345e-01 9.938531285402413262e-01
9.624740629492095634e-01 1.043290076690067680e+00 1.024818493489587423e+00 9.675533803099495289e-01
9.446603188405771068e-01 8.842161353077838681e-01 8.653002676432931528e-01 1.163910397660173457e+00
7.436551193148893679e-01 1.161169644336165652e+00 1.053854831495895983e+00 9.130061565500076082e-01
8.304670418112118924e-01 1.116029410167499680e+00 8.618487616438775811e-01 8.520414467299034511e-01
8.666214067164649260e-01 1.033478914884200961e+00 8.954880046050708309e-01 7.297884100769266302e-01
8.539840573205393914e-01 8.906497612916047801e-01 9.000475554841100845e-01 1.029202518416111767e+00
8.906802889253436772e-01 1.051576043737438404e+00 9.793587850585927512e-01 8.728421141532467509e-01
8.475887716145414919e-01 1.153986360020613278e+00 8.236147061806561309e-01 8.336954829032880987e-01
8.317863965788606651e-01 1.107758708103087963e+00 8.634403065921447684e-01 9.890158791944460015e-01
9.126606483570386397e-01 9.862678141543562704e-01 1.051457181058617074e+00 8.969878784697682406e-01
9.207496091350135803e-01 8.638938668959417200e-01 8.395652479024147130e-01 9.785357688175858604e-01
8.893587688539389413e-01 1.056605453991513066e+00 9.803976144266883797e-01 9.896608219908916704e-01
8.792139595413458464e-01 8.950221064827738049e-01 8.169436832360096323e-01 1.167436467895502039e+00
9.432908435150961779e-01 1.010663997433790540e+00 1.047857615898755368e+00 8.119136086076927938e-01
8.955949294169227581e-01 1.023849376198723515e+00 1.020604375518427531e+00 8.402765475265826511e-01
9.057259658195786489e-01 9.465169528571881763e-01 1.117586975960732865e+00 7.600629598835624279e-01
9.370428131379435754e-01 1.058090734332894911e+00 7.906123298359196694e-01 8.448739671995437739e-01
1.015798886809844426e+00 1.063638483726194517e+00 7.804539341499044935e-01 1.016280332937552711e+00
9.598660441421130729e-01 1.058728437188389604e+00 8.800100163251252106e-01 9.585025882475883829e-01
8.395618482006405037e-01 1.139429338717971252e+00 8.425308101436905783e-01 9.768984437211640781e-01
8.909151777840887965e-01 1.217978276653285397e+00 8.142718494643271798e-01 8.297970587239212881e-01
1.041366274609315523e+00 1.154303294275092595e+00 9.993877270943485325e-01 9.866108266391151460e-01
9.074294088141665604e-01 1.014324616108480459e+00 8.963303487996984176e-01 8.986550280206547781e-01
8.754763456620344719e-01 9.744188106515951908e-01 9.636535672807605701e-01 9.659419250632889087e-01
8.201240708024938320e-01 1.115443161415169193e+00 9.287695800981796701e-01 8.952901945527815819e-01
9.819435002556049508e-01 1.009629229212934076e+00 9.895170106562247714e-01 9.098745828438259409e-01
8.231402524592856818e-01 1.028543022721697620e+00 9.989878401064344882e-01 8.366579885166509634e-01
7.961984289679564508e-01 1.032039273567360693e+00 1.027795897229954125e+00 9.090373143871970374e-01
9.039077788131196778e-01 1.274965043456413927e+00 9.260977560789263041e-01 8.641325333989445800e-01
7.713735783710508054e-01 9.979200180986953495e-01 8.848324739393289562e-01 9.924290814933599547e-01
1.043597749353094351e+00 9.561923622970871506e-01 1.005439639347440739e+00 9.812201274558491892e-01
8.744362330916538584e-01 1.132428385893085920e+00 1.115071197342989873e+00 9.466627669863009187e-01
8.697549146997816116e-01 1.140369166753852470e+00 9.531556557657797635e-01 1.034280245770454076e+00
9.515636781338775441e-01 1.085361575764797859e+00 8.518334584077850158e-01 8.455386468765756502e-01
8.637232295467861531e-01 1.131669636825124448e+00 8.916667211960087602e-01 8.814493500051696628e-01
8.667211559134367915e-01 1.123828211667083909e+00 9.737142146469349724e-01 8.683811496847461120e-01
9.287188036236718736e-01 1.033507778563767854e+00 9.897118342292590132e-01 9.641686924205074005e-01
9.289647907669609239e-01 1.239663290694601461e+00 9.371152920974656908e-01 8.689630355468054290e-01
9.213855847434727631e-01 1.082314458823877779e+00 1.022301162240095262e+00 8.322922142497730658e-01
8.866600939570509210e-01 1.234146551680745718e+00 7.793970225901651894e-01 9.343673427228179618e-01
8.668889966893522647e-01 1.001503169268085802e+00 6.952174809042799275e-01 9.887419088412244816e-01
9.037748705607896449e-01 1.050733802036459386e+00 1.118577075475482019e+00 9.799647161157377662e-01
8.574176612102558659e-01 1.016949172907201548e+00 9.869049795758398913e-01 1.087820407445443838e+00
8.246512890922744754e-01 1.042591210406148772e+00 8.267894896609280231e-01 8.599981083654467673e-01
1.057956325731589819e+00 1.140144236858953608e+00 9.915111488055339262e-01 7.585617158097506252e-01
1.023778083782985071e+00 1.065756078906413329e+00 8.819533777860206758e-01 8.230958332623362628e-01
7.150883126437369564e-01 1.000560059859383566e+00 8.993749445898128192e-01 9.854929695008530777e-01
9.373173549064106602e-01 9.831995982197221373e-01 1.007707614669670182e+00 1.086653174458529714e+00
8.618782728860636677e-01 1.037060469963782872e+00 8.786969159677597840e-01 9.519547335638037788e-01
8.589962765233696285e-01 1.124820158964114469e+00 1.015047667557166022e+00 8.667939352181731616e-01
8.076490887827109111e-01 1.046858932863479641e+00 8.867080512937749459e-01 1.035456755669998063e+00
8.703765667963211383e-01 9.126637176416123598e-01 7.051671405681556593e-01 8.552615901272953014e-01
1.042880300791812820e+00 1.170550516724998102e+00 8.983816745497100742e-01 8.145311974101966390e-01
8.443393516240703667e-01 1.197917166987076509e+00 8.593742468305762827e-01 9.983938876921802930e-01
8.014365499452430486e-01 9.714291681684521507e-01 8.593310258584808681e-01 1.011822147804495531e+00
8.670819658685730014e-01 9.012327704171457787e-01 9.566010733757549511e-01 1.000182146787014670e+00
8.720951046450750033e-01 1.096057756216110013e+00 8.562455791466156985e-01 1.068643548552566269e+00
7.659002693638455872e-01 1.113296747518238039e+00 9.496690451462695970e-01 9.473774426139931482e-01
7.548983616203652769e-01 1.115387332605544568e+00 9.005936972660811835e-01 8.851309162992946344e-01
9.510530302280194581e-01 1.162961483078640557e+00 9.613636523123827438e-01 8.343169321157066776e-01
8.711961744152812992e-01 9.483081269948862024e-01 8.970173041371262146e-01 9.981988082001951312e-01
8.913802522634658443e-01 1.100517982658317573e+00 1.053518836815628523e+00 8.790053401607216266e-01
9.611517627186525470e-01 1.013092450748982465e+00 8.314542402361495554e-01 8.104076615202303602e-01
1.019960956005436348e+00 1.081534765880350468e+00 1.089508077386032614e+00 8.321650591489256898e-01
9.312321351045834694e-01 1.028134368507052088e+00 1.064284307735392954e+00 7.562848664893493389e-01
9.427671948414811931e-01 1.135683301501334341e+00 9.216777721416181679e-01 8.079361122058067446e-01
8.919097750588083073e-01 1.259915036967943713e+00 8.939370711600210795e-01 8.513063039263173426e-01
8.272097632047595850e-01 1.239125590885914452e+00 7.707884620826517263e-01 1.002150468095126756e+00
9.445781480046989698e-01 1.372596431787186599e+00 8.971289253988928847e-01 8.656832234747957600e-01
8.350956211925171235e-01 1.014970060169445354e+00 9.404979762483300920e-01 9.475742653321607145e-01
7.316414935976657263e-01 9.146448829888215171e-01 8.804418281498381793e-01 8.547564287479938461e-01
7.500052485280015446e-01 1.159982133128237392e+00 8.293893151782326667e-01 8.701011344661596647e-01
1.003661007958929874e+00 1.184616108345214025e+00 9.821643391574446103e-01 8.117974233432391218e-01
9.706310145127874378e-01 1.202266948801875346e+00 9.200591989449804498e-01 9.818082828283021257e-01
1.065921472116749813e+00 1.067940593590355869e+00 1.134353023960651630e+00 9.163633338314804977e-01
8.935835635953256473e-01 1.155881347168221218e+00 1.046649222203666296e+00 8.745848527865235367e-01
1.158575982310091179e+00 9.559283272292220524e-01 1.094887676538551569e+00 7.818556324011091130e-01
9.457618383769601511e-01 1.012432299195895613e+00 9.659770155236115929e-01 8.343279273308998878e-01
9.236468736888269193e-01 1.296529184652710054e+00 9.869766096535881328e-01 9.409162726007812561e-01
9.084891798780848626e-01 8.886031532949250078e-01 9.233197559915273800e-01 1.024787130158552495e+00
8.590084493839723612e-01 1.029514639795359621e+00 9.601861865132953477e-01 8.003083339078285174e-01
8.522909728022126652e-01 1.073132407528953891e+00 8.527996031769631280e-01 8.881142004043703908e-01
1.124069397930765213e+00 1.125290381689230346e+00 1.020591076589822732e+00 8.261016508315356388e-01
9.073943733270473100e-01 9.630752987472035453e-01 1.058863954212830638e+00 8.694528412714072063e-01
8.744898687094057044e-01 1.122455081681600131e+00 9.009491652889833890e-01 8.780612602461596028e-01
7.416747668965799622e-01 1.072995812485460609e+00 8.693215700803900159e-01 9.056297695986875729e-01
8.927989319885132335e-01 1.097940959272362793e+00 9.606614353118051453e-01 9.420558869008210934e-01
9.269845057576963088e-01 1.133656414007077506e+00 9.325583966963859606e-01 9.205563922067947491e-01
9.342083056268009056e-01 1.080721388944584360e+00 9.963249382419762101e-01 8.930249837431062376e-01
9.048278142328181062e-01 1.053082141840602448e+00 8.451029936826109923e-01 7.830570344125353799e-01
8.242870780285396215e-01 1.112540944136979126e+00 9.103133153191684812e-01 1.007171434977597313e+00
7.661955882508660887e-01 1.118448320289095133e+00 8.689600052396738716e-01 8.335533529396901287e-01
8.092266432102400708e-01 8.767500956626953501e-01 9.027463121476662078e-01 9.299530475361009740e-01
9.517461355993064309e-01 1.060247237025756739e+00 8.483017212876979851e-01 1.037864612507952256e+00
7.711956115248530530e-01 1.076013418907985741e+00 8.370284074124396678e-01 7.282575212958547484e-01
8.090710374998153487e-01 1.193296445343789314e+00 9.943969841253857966e-01 8.090225790637154413e-01
9.297289230074466948e-01 1.044881115864517040e+00 1.118468194488952960e+00 9.835275200566864218e-01
9.131966963764412970e-01 1.076108681107610821e+00 8.677213593116680501e-01 8.857601494403909426e-01
8.190662532383552463e-01 1.003399381029778770e+00 1.015200313810585619e+00 7.169500144999036984e-01
9.235017242749474775e-01 1.091342952534471777e+00 9.740993018935003578e-01 9.707326504593052352e-01
8.400544552676767474e-01 1.233835164585001198e+00 9.566092020637929627e-01 9.283329932379621452e-01
8.347416919449146544e-01 1.096209814454545572e+00 1.039071255486708534e+00 9.576153089733624446e-01
8.648123878517581797e-01 9.512052224751429419e-01 9.678820057616105421e-01 8.063023002664971850e-01
9.192953528682764608e-01 1.019442659069872414e+00 9.797189562429070575e-01 9.372324656308046453e-01
1.064257696269069298e+00 1.104236925884567677e+00 8.657125741525222296e-01 8.159246245245644902e-01
1.004701720006154542e+00 9.085082697042616839e-01 1.039012731602743989e+00 9.978393509028825603e-01
7.192456169562686519e-01 1.079498211560607768e+00 1.048658703733746922e+00 8.262124644960950892e-01
8.872540919887547117e-01 1.356951610837141775e+00 1.045306116931850715e+00 9.129757814674769323e-01
7.441717771327401865e-01 1.041957675786218118e+00 9.635664165020753069e-01 9.172245774625426007e-01
8.849023720730935239e-01 1.016570242993321882e+00 1.115953342475099586e+00 8.188617628626476685e-01
8.500182651866954320e-01 9.952856128252655088e-01 9.437860579845920306e-01 1.066748786862328435e+00
7.744683481729146557e-01 1.102604423344965445e+00 8.662261390043707321e-01 9.588859117441401736e-01
8.316147017094447369e-01 1.100282246462652491e+00 1.068935664110400419e+00 1.003752986804019365e+00
9.858972846693115910e-01 1.006491562027835407e+00 9.854222932748635255e-01 1.019567985651373743e+00
8.909877673771258166e-01 1.150102979247041635e+00 1.022368292704394666e+00 1.050362983567426189e+00
9.451109042989633835e-01 1.055272742085855642e+00 9.936413846744235334e-01 9.375407993646045490e-01
8.737711126630828273e-01 1.113611086873740996e+00 9.240567841385045611e-01 8.036710826654234197e-01
9.059998125488188947e-01 1.201749910082337669e+00 9.485246668448128471e-01 8.936367602673777055e-01
9.135172197381121739e-01 1.082981258802991453e+00 9.355700837074593101e-01 7.153252711010994469e-01
8.026645640753788946e-01 1.090305902984072484e+00 1.032895339511244792e+00 7.766493410955453980e-01
9.659218888928097213e-01 1.096415013066889710e+00 1.173588694600202098e+00 9.008098049303145949e-01
1.060001173616344383e+00 1.119347466778827460e+00 9.070339529378692589e-01 9.272226103237255490e-01
9.541227626742426748e-01 9.513190250002979687e-01 9.181894149177380893e-01 8.695209631469752454e-01
9.678610990001508263e-01 1.014612835361162091e+00 9.900461837015070987e-01 9.542259195831226393e-01
9.355345679357218724e-01 1.103851245956759763e+00 9.375359373005652808e-01 8.574082067900177240e-01
8.672630550651561077e-01 9.619439419770982047e-01 9.560310984311218840e-01 8.718781265061883445e-01
6.981981321845689425e-01 9.570935329994890717e-01 7.989433583728965393e-01 1.088054483054413657e+00
9.501685477004652158e-01 9.196952515001527440e-01 9.978229297047183088e-01 9.462362592107050885e-01
1.091168625024742767e+00 1.105031447903893849e+00 8.385695966316123462e-01 8.553983616315548044e-01
