9.896882637142782047e-01 1.018912338614158974e+00
8.041228991461087938e-01 1.088023517345217739e+00
9.690017046605481355e-01 1.311953420978101637e+00
8.652507317559152700e-01 1.040111834238285571e+00
8.909834424315050683e-01 1.138621916029759706e+00
1.074569039482515587e+00 8.688528388221152809e-01
9.993082248112709065e-01 1.229633429045448256e+00
7.860023435697330862e-01 1.311042441121492264e+00
1.065861204145489349e+00 9.817044216726150685e-01
8.232852999750984724e-01 1.129765546200072857e+00
9.459796079541562541e-01 1.202580042903080626e+00
7.977653685741997736e-01 1.042124821515231670e+00
1.008006336299599903e+00 1.277777500442973668e+00
9.815923087744806708e-01 1.054938766093358682e+00
9.526561773855225512e-01 1.053452051125731481e+00
8.689180068286663783e-01 1.167826384031974474e+00
9.633559219918164107e-01 1.007573430535123382e+00
1.064533394497435115e+00 1.138973816372880421e+00
6.308321426014076305e-01 1.131487013859847179e+00
7.811371963929233386e-01 1.104639939752925182e+00
1.046183494730084096e+00 1.137710900436923245e+00
1.023637626208589335e+00 1.047832998220555645e+00
9.988396290245002973e-01 1.199540236073961541e+00
1.121243187430944532e+00 8.124062694931931672e-01
8.092611240461581312e-01 1.250757103856367847e+00
8.450799451796568995e-01 1.096334840083548201e+00
9.491332089205930522e-01 1.334834824111285734e+00
1.054404919940214125e+00 1.181797798429849777e+00
1.110285506738504457e+00 1.281055508526124376e+00
8.338728168992712853e-01 1.349864839545842576e+00
8.727927193826812147e-01 9.958094569674128538e-01
8.735517542963470161e-01 1.177286752079644616e+00
1.028639776897710467e+00 1.228180744858453854e+00
1.001774755944896400e+00 1.121795334748725281e+00
7.038720224665101499e-01 1.232123409220522658e+00
8.105126098645015764e-01 1.111549560221691602e+00
9.222175528614839912e-01 1.077374106578128377e+00
9.542218507968852625e-01 1.157046501582049025e+00
7.112844636419357602e-01 1.175636535367825974e+00
8.941580069094620109e-01 8.923737687029774657e-01
7.414088425863067933e-01 9.275087309158427384e-01
8.665925873215338804e-01 9.121952003963323952e-01
9.485261940837270700e-01 1.172026326432953791e+00
9.175123407901845107e-01 1.015468487182994872e+00
8.011523329470072730e-01 1.164979174222760205e+00
9.946982491766021006e-01 1.054247707627939068e+00
9.209668862592496064e-01 1.175811695086874220e+00
7.230098968740165111e-01 9.778794966821106049e-01
9.580353422037657385e-01 1.197433912669424005e+00
9.458759768390158085e-01 1.024348260366034324e+00
9.235172144303280817e-01 1.115801289204244595e+00
9.659960798487331468e-01 1.236881529408080826e+00
9.668381907590198887e-01 1.028313804956366706e+00
9.892882232309673229e-01 1.035405694560641132e+00
8.750788836969559670e-01 1.113918691144322404e+00
8.696752240710734494e-01 1.086889589295715552e+00
9.341831392639342591e-01 1.058454232029488296e+00
9.885975946353291466e-01 1.344323058140475702e+00
9.732166509506646745e-01 8.902461155694173511e-01
9.295562037764859564e-01 1.303921449470155869e+00
1.092856701064185421e+00 1.382437515708557774e+00
8.170300184127967658e-01 1.323366790984750851e+00
8.983805787151425415e-01 9.532305849470705805e-01
8.719316547430299158e-01 1.061298785953642465e+00
8.753908035580565405e-01 1.216952162050825681e+00
7.974788932607298486e-01 1.294526165934502426e+00
9.857289417804788734e-01 1.444607131457451565e+00
9.595964414976023704e-01 1.032272952123742149e+00
1.088875318826149297e+00 1.111203218091560530e+00
7.754178466214786125e-01 1.003284439983097576e+00
1.079093594406793644e+00 1.056805330433481016e+00
7.091293278948563872e-01 1.532737035575506335e+00
9.496109358966081659e-01 1.121082703670628344e+00
7.589096956753144108e-01 1.122588427387783083e+00
1.009832642769853850e+00 1.131087014871725138e+00
7.899322701408876268e-01 1.111311047517276274e+00
9.844410537806483896e-01 1.200907131147397777e+00
8.697940189761430574e-01 1.175287190443993213e+00
1.053435942665988723e+00 1.097478022907371287e+00
5.836922823661490067e-01 1.098409041001222608e+00
8.740554540863807453e-01 1.272076502277130983e+00
9.289303098009541459e-01 1.134959764791092507e+00
9.510718280251095891e-01 1.030598839218673346e+00
1.120607536999388643e+00 1.044208015276247403e+00
1.067049830912797592e+00 1.115194625802669703e+00
8.799050903659829670e-01 1.283537384162299455e+00
9.998714242740686098e-01 1.118165462330388937e+00
7.404239432389901898e-01 1.059425148887979118e+00
9.951857753277892904e-01 1.207435147530667052e+00
9.246544852816640514e-01 9.712640770680395219e-01
9.213362230487488480e-01 9.422454051513029505e-01
9.326509937147849927e-01 1.106038588726138361e+00
9.030453595675617118e-01 1.098653098536111150e+00
8.183248177546104118e-01 9.782562454907296479e-01
9.890840579590569615e-01 1.160112790951572714e+00
9.407463188107942909e-01 1.169890298797406247e+00
8.749085947474195546e-01 1.010736490998491499e+00
8.701841044703589878e-01 1.114556595843749998e+00
9.148339793528768027e-01 1.294909259564301029e+00
8.120400742022158003e-01 1.064869922756410237e+00
9.232724653399568826e-01 1.213091945145529316e+00
8.799167891908885597e-01 1.063163720213875063e+00
8.182984618588556858e-01 1.218114640879494726e+00
9.777268104735984400e-01 1.373651648404841774e+00
8.804399361457013740e-01 1.371703706348001761e+00
8.887081439495868596e-01 9.433713210772369795e-01
7.933640657514489103e-01 1.163520918145414029e+00
1.164739174767959184e+00 1.203698725480473852e+00
9.511437753295036712e-01 1.098319019290270759e+00
9.609231172828957002e-01 1.305238362265494834e+00
7.983447039614245400e-01 1.210979861329711804e+00
1.051147182553687109e+00 1.105056797701748916e+00
8.676037829200242690e-01 1.062674533674285549e+00
9.645870317315378140e-01 1.229310997224849711e+00
9.039800930725032657e-01 1.176789805775429132e+00
8.836740337994742900e-01 1.002749301203118337e+00
8.724648074758908356e-01 1.148134383618231613e+00
8.550073315933248708e-01 1.195581332459799917e+00
1.114354913053014817e+00 1.032471729068255684e+00
9.010987144407969218e-01 1.011807423129328809e+00
1.039971028641354156e+00 1.303347528877467854e+00
1.083152532704460214e+00 1.026116948477040491e+00
8.170295036755190754e-01 1.340101548857169034e+00
8.800272096422002699e-01 1.274660014030759125e+00
8.563201423908957111e-01 1.122564050087830889e+00
8.509116730872794410e-01 1.241098826983408454e+00
1.089374066418648201e+00 9.209689378646083169e-01
8.201014042089795897e-01 1.031280817027892649e+00
9.232743451962851511e-01 9.725496838881955153e-01
8.515123830009425632e-01 1.244251584930102128e+00
9.537004950702577810e-01 9.833279756789760073e-01
1.000001727424752795e+00 1.048455033081002075e+00
1.084079928673367998e+00 1.017574484006700919e+00
7.603234438663606376e-01 1.215003908400710708e+00
9.965853127829769065e-01 1.215391819084487235e+00
9.433887019923636874e-01 1.188133891893184968e+00
9.052421481081945887e-01 1.111330474316639672e+00
9.611349911649073041e-01 1.167648676385933504e+00
1.125423079017398909e+00 1.132953278808861874e+00
8.190133624988156225e-01 1.086076214492646130e+00
1.133881140681965993e+00 1.170904348876586232e+00
8.496385389602200133e-01 1.006714622436766904e+00
8.832798402717932928e-01 1.154569206879137777e+00
9.242180591127572287e-01 1.128021692955085920e+00
9.592397523704490059e-01 1.148120412348246910e+00
8.474168554202503589e-01 1.130980392838266901e+00
9.206964288559412735e-01 1.129106362195112956e+00
8.581811777834355004e-01 9.389071572139324751e-01
8.516335475770455687e-01 1.270523249855528114e+00
7.290505457871371275e-01 1.031976400193394205e+00
1.038076261105634002e+00 9.879504923647748349e-01
9.511037418625756246e-01 9.993863442371935246e-01
1.055085613059453697e+00 1.291313304635183679e+00
7.089072915562328880e-01 1.200214115516631042e+00
9.349692162574303467e-01 1.286238159287425242e+00
7.756320210339253673e-01 1.052247936411817797e+00
1.070509156690543584e+00 1.022970740875360551e+00
1.004372235184198159e+00 9.268062438620868759e-01
8.037884445284371182e-01 1.093503739941670050e+00
8.288567041109989875e-01 1.311035102055852830e+00
7.546745389871722942e-01 1.147295764991326683e+00
1.072207616570895583e+00 1.200500515291535564e+00
9.167761260618702002e-01 7.582423047681382533e-01
9.754431145807870296e-01 1.595829165206066769e+00
7.395778918615524278e-01 1.182984933252000381e+00
8.014318221435247080e-01 1.041579409399825407e+00
8.631646953548867129e-01 1.199752954731055921e+00
1.204741832721846873e+00 1.032746427053007343e+00
7.072714019910719685e-01 1.086121986977177434e+00
1.091959006446765246e+00 1.134215418039214773e+00
8.121295203462403078e-01 1.173971171982059802e+00
9.293825828095894082e-01 1.218969317131621377e+00
1.090663016594454859e+00 1.277472825648855004e+00
7.425741802210333864e-01 1.192263182128066701e+00
8.478767389698709245e-01 1.143589712800536118e+00
8.983701997326912769e-01 1.197975179166967497e+00
8.634242123830735416e-01 1.033132851573234090e+00
8.927411955007558131e-01 1.220711865460291312e+00
8.252349780593748463e-01 9.252565869698251566e-01
1.007977393560249180e+00 1.206319713024355700e+00
9.559920257515489572e-01 1.106629628555406697e+00
1.003614453450959010e+00 1.221639324245055613e+00
9.666475075116968130e-01 1.041793600821200094e+00
8.034324607653687833e-01 1.150477686382820774e+00
1.028509866316442700e+00 1.137188375663122031e+00
7.635566490396628048e-01 1.408763173375328526e+00
1.069482655855471975e+00 1.116826392960674985e+00
7.071689797185812809e-01 9.955391853258447332e-01
7.311851206817594484e-01 1.155696192371199915e+00
9.383121645277965328e-01 1.116529027712894750e+00
9.095924448284812280e-01 1.167260804624892456e+00
9.489080270273431150e-01 1.121556901675012652e+00
9.182680385286563496e-01 1.224295180015274376e+00
1.022094205031753633e+00 1.192449210865071052e+00
9.512065806475028529e-01 1.102777885935647850e+00
1.079301421431693830e+00 1.116514847073319272e+00
1.084416479529002775e+00 1.275654861811303054e+00
9.250090244760664770e-01 1.260199025475626788e+00
7.950404761181836255e-01 9.875522394304019347e-01
1.038704080749388359e+00 1.183150708007397967e+00
7.963503750573435180e-01 1.083274811700015050e+00
8.675061374878548781e-01 1.261287261630517076e+00
7.366663757199850560e-01 1.309202800150132351e+00
9.208675245634787565e-01 1.015204407105284590e+00
9.420919114165642316e-01 1.265861920347038483e+00
8.874594985875925435e-01 1.374404213864289126e+00
7.643915512896155562e-01 1.027832285917059885e+00
1.125939491273707294e+00 1.177193938587663080e+00
1.116846523803805225e+00 1.138414579931345871e+00
9.223227887786258350e-01 9.973425510964128993e-01
9.212178940058852739e-01 1.246240383153532916e+00
1.105635684614059588e+00 1.132868468233316772e+00
9.727993100736433973e-01 1.112588898011743543e+00
9.513223314803057606e-01 9.482224672768294615e-01
8.789995857561272441e-01 1.341578255126488317e+00
9.671004819437967193e-01 1.085570174099190544e+00
9.629362107835810480e-01 1.153459938670015728e+00
9.518904265222725147e-01 9.694140608280006344e-01
8.964376833085856422e-01 1.183324995613995290e+00
1.100293775328069490e+00 1.057022194568082885e+00
8.829518947722280187e-01 1.265384447031214998e+00
9.549497103810506982e-01 1.313677180835938429e+00
8.465075177269201223e-01 1.176949112973238343e+00
8.683515885710531013e-01 1.140495178812962696e+00
1.000280897829600502e+00 1.171017147590006413e+00
9.457132017042084726e-01 1.121062499653027400e+00
1.077248632276324614e+00 9.558084711778910281e-01
8.845317038152690214e-01 1.155315929770161842e+00
8.318235987521065411e-01 1.056435243875783137e+00
9.743901784065077676e-01 1.256970655464310527e+00
8.393431642935339498e-01 1.162272132906842170e+00
8.427672975612084949e-01 1.037127680175172095e+00
1.086591777104901402e+00 1.313053859390425071e+00
9.309272790384011120e-01 1.178609348812536206e+00
8.889775431141094808e-01 1.229439651668323918e+00
1.000604271863855699e+00 1.125366349170648483e+00
6.814661115419250459e-01 1.262105596015149045e+00
9.744418876011035069e-01 1.198044617937738865e+00
9.514736740000745430e-01 1.091672450722040333e+00
1.043312721889406269e+00 1.037289210411374007e+00
9.533613333807399171e-01 1.219331351273404529e+00
1.035312170801533815e+00 1.108030914708022729e+00
7.452730421951542228e-01 1.054187447937975808e+00
8.134035330054522062e-01 1.077677693561333694e+00
1.045408012869696313e+00 1.140599434960165359e+00
9.340160011987570510e-01 1.113362710016988943e+00
1.098846413125638577e+00 1.089440563885582858e+00
9.214448676207289690e-01 1.141854834555754650e+00
8.738153193896183168e-01 1.084408896216919160e+00
1.067321574180939647e+00 1.273303454231862641e+00
8.034927600133550118e-01 1.092173995991150948e+00
9.530750641648362276e-01 1.277063719191281033e+00
9.500399501616478837e-01 1.081237335591949122e+00
9.919951635695121173e-01 9.258552486492027667e-01
1.059905485505138634e+00 1.390338209444400119e+00
8.482923522855561060e-01 1.013846781581588807e+00
1.069945613333926460e+00 1.090545894737849464e+00
6.502314848696418847e-01 1.186348820588625452e+00
7.766627618439223557e-01 1.281803497651512913e+00
1.020902712442596449e+00 1.256635110078824891e+00
1.052237326125284644e+00 1.195756330428768388e+00
1.037322071916108701e+00 1.320925076026577605e+00
1.126549785999700015e+00 1.205799632559819035e+00
9.980576379986202396e-01 1.331469134943417787e+00
8.606014969900266376e-01 1.087136815994475203e+00
7.905923367709100091e-01 9.415376847661737214e-01
1.020084946350228838e+00 1.187195832898699788e+00
1.049948991188796033e+00 1.126853408963115921e+00
9.637919491629822755e-01 1.226712804872953866e+00
8.511921340218824295e-01 9.448277824198768604e-01
9.248665790422969657e-01 1.037890406603273918e+00
8.738755965087241506e-01 1.352852283053929350e+00
8.948521997168726871e-01 1.169360256989768310e+00
8.092252595425953876e-01 1.184087155315102891e+00
9.945446881214162760e-01 1.141954893726449427e+00
7.549145977065528923e-01 1.036181508019938580e+00
9.027473126732272757e-01 1.153146890678666825e+00
8.087507076538679174e-01 9.470571583775276858e-01
9.701232486694693069e-01 1.161515244271495551e+00
8.899247639388366826e-01 1.138013633806173486e+00
1.039020480990153095e+00 1.093176984843855060e+00
7.567326379472323339e-01 1.073869654421012010e+00
8.940065753639723223e-01 9.978707032075536665e-01
9.233497217155927084e-01 1.120243135096570919e+00
8.273776517305760914e-01 1.218463994205477130e+00
8.105172544514880340e-01 1.319170155693510482e+00
8.781435400064662167e-01 1.185081293653336587e+00
1.241338670320939030e+00 1.079144346848596392e+00
8.851107052563307320e-01 1.113350297365242492e+00
8.618471164325685052e-01 1.280856862497523840e+00
1.064600822749998343e+00 1.047495869350606679e+00
8.795299775570467604e-01 1.347874915473768365e+00
8.567646717115897648e-01 1.058873431384849351e+00
9.526930763778871381e-01 1.092164977625235123e+00
9.138015928265241783e-01 1.220729476237992994e+00
9.955383579336958277e-01 1.404063667924478453e+00
1.017619785595161863e+00 1.277737404233131091e+00
8.562420140798767676e-01 1.000517659884288424e+00
8.213295623395595602e-01 1.055201672130845703e+00
9.454912158705358616e-01 1.098830436255415544e+00
8.770603191689776423e-01 1.378565215318065418e+00
8.060134167923950210e-01 1.016941654611927648e+00
9.354330637696661732e-01 1.321463404168329303e+00
1.077516744960506756e+00 1.370715812937916667e+00
7.688146737942830322e-01 1.279058029403340901e+00
7.914533546521779206e-01 1.256111281685839742e+00
7.476209326212486239e-01 1.091043464603487001e+00
6.728343503017145677e-01 1.198592839760890705e+00
8.847201254115354407e-01 9.152497320306728357e-01
8.317343697107949518e-01 1.159703578804591295e+00
9.449823027043245949e-01 1.060408963394287918e+00
8.863406362985779552e-01 1.177307275950509435e+00
9.338184184826472389e-01 1.078334485077546701e+00
8.754792576231856804e-01 1.084927300772151604e+00
7.563269787712199044e-01 9.273235019198611262e-01
1.019050943091157402e+00 1.423151958274607720e+00
9.239087878293095191e-01 1.144972204623214695e+00
9.079664286317492561e-01 1.387975293647779829e+00
8.890625037726795910e-01 1.104550965007013774e+00
9.360724494618365421e-01 1.269252977395933346e+00
8.889958881772060950e-01 1.191357006013139763e+00
1.009799259580604458e+00 1.212797778259068870e+00
8.721356996600305722e-01 1.028914509759857321e+00
5.573389333646523447e-01 1.256418259017642258e+00
9.442791794712042108e-01 1.142846957346440151e+00
9.037217399871648738e-01 1.212295333040998235e+00
9.347881974737238808e-01 1.214851189492266892e+00
1.030966394195361069e+00 1.149028796008455977e+00
7.531426688436066996e-01 1.258356855813065112e+00
8.347893940540757063e-01 1.243809477378348793e+00
8.767632929861257640e-01 1.095045745176022933e+00
9.276186821787111292e-01 1.043358132303389585e+00
1.080036819725705532e+00 1.411037900091798081e+00
1.013744280241901219e+00 1.175466181439634328e+00
1.020750473536612191e+00 1.012460384871583852e+00
8.097063005006842618e-01 1.011841933041355501e+00
8.944198059577909143e-01 1.069640858272752793e+00
9.150863249400855715e-01 1.204822026737296436e+00
9.899578353998044200e-01 9.772026611304819310e-01
9.639658578147336510e-01 1.203330486875201943e+00
8.034109907325868161e-01 1.323518467356803008e+00
8.907653460835495141e-01 1.298604055908757271e+00
8.301425919331406611e-01 1.170585244652480483e+00
9.051078796146088123e-01 1.067199233329594765e+00
1.039275814032625034e+00 1.239728256228326275e+00
9.451948931530098630e-01 1.055772076486847011e+00
9.383777997313459407e-01 1.277226185829202665e+00
7.840648148283321239e-01 1.224994695329584271e+00
7.258751701607651929e-01 1.155010577021865492e+00
1.019344052473762030e+00 1.319783705029893728e+00
1.259982285896751764e+00 8.711769867900451825e-01
8.736577725966777619e-01 1.201358638429283809e+00
1.006679404985148185e+00 1.207679534966651813e+00
1.037563169449116085e+00 1.045700330530414446e+00
8.191430737812859242e-01 1.212919212885489761e+00
1.009209220112578409e+00 1.187044982973338048e+00
1.068466934993954398e+00 1.122336834672626793e+00
1.037333213769224383e+00 1.140884730384278178e+00
9.472168864948358191e-01 9.968397854427996085e-01
9.442326171302313220e-01 1.224987182655705942e+00
1.046489903966708157e+00 1.080546386047625207e+00
9.237239911587193930e-01 1.051559234674622756e+00
9.627779527528577130e-01 1.215732957521961755e+00
8.931818370471689139e-01 1.240029882802779371e+00
6.809255459845855452e-01 1.115495552799966816e+00
9.313001445394063493e-01 1.181232804549173121e+00
1.031015477213110598e+00 1.006704062880327211e+00
9.845599710782756420e-01 1.184463007962042846e+00
8.502427843660234075e-01 1.170171264478720108e+00
9.195204329744161020e-01 1.219294561123205112e+00
9.852269915452036564e-01 1.042115891330118504e+00
1.098598875749906112e+00 1.401539114977555789e+00
8.778563677143924604e-01 1.406907215147135792e+00
9.640275809255622885e-01 1.039535439227582625e+00
8.968434412548139667e-01 1.168629165225841149e+00
1.184347970521219651e+00 1.344883214278042916e+00
1.008850555855398845e+00 1.097037325696008425e+00
8.987412552502707097e-01 9.897866701334834261e-01
9.238653201474369414e-01 1.084903999446402478e+00
1.027793066407089562e+00 1.273477527729306891e+00
6.687033891016450626e-01 9.280620126454391938e-01
6.994858259731643324e-01 1.279123653204752742e+00
7.375404971918179120e-01 1.272358239658038626e+00
9.745628751396963052e-01 1.078445961577856327e+00
8.178653681903211847e-01 1.000819759505243711e+00
8.941655892238760117e-01 1.105031378894918870e+00
7.468937840930147676e-01 1.184021256146809753e+00
1.095012880862796356e+00 1.145806690247807236e+00
8.952490947360602913e-01 1.089359563430619682e+00
1.041359247776520114e+00 1.105022874009137457e+00
1.048541417200401060e+00 1.198268673255947769e+00
8.806532600174654668e-01 1.020985465100371581e+00
8.563070495397367976e-01 1.064458383373183326e+00
9.512615600740624844e-01 1.286663759674383956e+00
8.912935558001051639e-01 1.257236882867116767e+00
9.614623479312920384e-01 9.319851811327473090e-01
9.151994579498082816e-01 1.228368137053955866e+00
8.648639557568070790e-01 1.175570881206322138e+00
1.073358841481991455e+00 1.047426981640596777e+00
9.175999980887153962e-01 1.081492854496900691e+00
9.740729698333168152e-01 1.426323572282536478e+00
8.588290204351511914e-01 1.238525771958270072e+00
9.893979954922584863e-01 1.285571779046404295e+00
7.523212483861463351e-01 1.158622675444014982e+00
8.314772285106967198e-01 1.109414543410527809e+00
8.677057617689987179e-01 1.104674124165302196e+00
7.402852465730641596e-01 1.201950466465727674e+00
6.909281562044149450e-01 9.896090135836149715e-01
9.974378097277831756e-01 1.190347744874516778e+00
9.846911687817158088e-01 1.115410872309938073e+00
9.014936731932002845e-01 1.175471670841969907e+00
8.490239574333543482e-01 1.163034202646856974e+00
1.036197532436578861e+00 1.091345078450957518e+00
1.000372306683220414e+00 1.064918657588663775e+00
9.261468935957922755e-01 1.121105818534176235e+00
6.837880035910045562e-01 1.243734616691320349e+00
7.402288898796335337e-01 1.019043209790908566e+00
6.160023131921779083e-01 1.194008804413769997e+00
7.788100400858021244e-01 1.020918683185764397e+00
8.829195093707767894e-01 1.163713584670963419e+00
1.074496073919731787e+00 1.036364124839474377e+00
8.696838648701864516e-01 1.007909403506043633e+00
8.547858530500309637e-01 1.231239684790278233e+00
8.950956037138472210e-01 1.388119182924092199e+00
9.482803915858845079e-01 9.430753794145907420e-01
9.932495923791758718e-01 9.921220625045282793e-01
9.968203989297629297e-01 1.267107975717011614e+00
8.547953842101699840e-01 1.078695870448165950e+00
1.080717093936238715e+00 1.268047651427510969e+00
9.821156027927570031e-01 1.297598327754922787e+00
7.324062778225671755e-01 1.135212665612787220e+00
9.591258508149601569e-01 1.119314870664751105e+00
1.033677853535413860e+00 1.109361938406027814e+00
8.486360076751450210e-01 1.072241567197294021e+00
6.683255210854740502e-01 1.124683843065034994e+00
8.823537559558232157e-01 1.167512000289870677e+00
8.209785869032791839e-01 1.043927719980132673e+00
1.052710105350026071e+00 1.194512920471111350e+00
1.017140767608150087e+00 1.026024066014482372e+00
1.039915719062436406e+00 1.121237125397488432e+00
7.083332255203268479e-01 1.202128884460021530e+00
9.141423712098778465e-01 1.142857813484011498e+00
7.961766291086214142e-01 1.261971259123000566e+00
9.952869851403658430e-01 1.216676234523427658e+00
8.307273370637791032e-01 1.345291104774688051e+00
1.040219839128469603e+00 1.102238910275784800e+00
9.647113287238963109e-01 1.092864685373706735e+00
1.023506058332791735e+00 1.194942022645120838e+00
7.926058521675118929e-01 1.384571678064400624e+00
1.009080780568122337e+00 1.290377234634419557e+00
9.608590779099316359e-01 1.193091059683479171e+00
1.002204824926361093e+00 1.177859819110808282e+00
8.058027223766446312e-01 1.040675997483594406e+00
1.004270343684440459e+00 1.383004705200043372e+00
8.020697894352101232e-01 9.173233985618476360e-01
8.839643414193409932e-01 1.294313134533924492e+00
1.152319711840737115e+00 1.029270436370933961e+00
7.858133728954798114e-01 1.199888968822277358e+00
1.070731338070005201e+00 1.240743156904816402e+00
7.704433026776097426e-01 1.290610751663777922e+00
9.638421349952196460e-01 1.355748775415667851e+00
1.219815279162090427e+00 1.070811993700824694e+00
8.312381455724607848e-01 1.358055804650874165e+00
9.199921243893197653e-01 1.261336582371816784e+00
8.987074957929831465e-01 1.061874236142726025e+00
9.714799445975499381e-01 1.211620906522147045e+00
8.038142569026565099e-01 1.166205095018638449e+00
9.673304449887543122e-01 9.901783243848403249e-01
9.813578113162040317e-01 1.072190560105698909e+00
8.578515646158464403e-01 1.227974233515337410e+00
8.785471322529245786e-01 1.229708022055044925e+00
1.003730577914485611e+00 1.112070980229217243e+00
1.006859101462788564e+00 1.205208739701119303e+00
9.332151870905609492e-01 1.194207273275483816e+00
9.346005125384261314e-01 1.310572378298709095e+00
1.123508878737164984e+00 1.012120857786019901e+00
8.763345482018111143e-01 1.062630549440020333e+00
9.714558779024456969e-01 1.163189145615525000e+00
8.984402281005100521e-01 1.204504938046793150e+00
8.565430137878814465e-01 1.207752028456092530e+00
1.043289161144759225e+00 1.371293597124905395e+00
8.474691138485164199e-01 1.150442225374551874e+00
9.984385350724770403e-01 1.319162608652036717e+00
1.129406033118753649e+00 1.189694376469877746e+00
8.829756480027269872e-01 1.236227329699465916e+00
9.825006937516331806e-01 1.066962053694831436e+00
7.337029193614780231e-01 1.069467323215054444e+00
8.601627000751946861e-01 1.197407460488577380e+00
9.526460111797040442e-01 1.003798673416021137e+00
7.692544196954623770e-01 1.244578591601964046e+00
9.605372307883398575e-01 1.121017235099931897e+00
9.825564227915934978e-01 1.171325855522182602e+00
8.155977118715831420e-01 1.184997456934111293e+00
8.363700673816115705e-01 1.131405059801532165e+00
9.193627019209561491e-01 1.175684759745983854e+00
9.040049454780654248e-01 1.192239598310140369e+00
7.891995408474157259e-01 1.016266692914255865e+00
6.908358463681192330e-01 1.174336134284747368e+00
8.427508939632373242e-01 1.078222516897265448e+00
7.979615203070241636e-01 1.303714865822858338e+00
1.120265664228524916e+00 1.368161772066426307e+00
9.808641649651702599e-01 9.647448607704370849e-01
9.528369723699966487e-01 1.249902294000860836e+00
6.903293867949407137e-01 1.006734965128492254e+00
1.150788042792578070e+00 1.153174254038618063e+00
8.875876421801489613e-01 1.300066985860600211e+00
1.001836778827526420e+00 1.130717375107775036e+00
7.589860398173804423e-01 1.297174662593882921e+00
9.029622265205408116e-01 9.750521716342516187e-01
9.641914929718308214e-01 1.135833510296835769e+00
8.084601721429708343e-01 1.168667069858422725e+00
8.492040337528595773e-01 1.028049749053811857e+00
