1.008572183802112665e+00 1.066703829277376281e+00 1.126156648870738408e+00 8.126856728142592967e-01
9.986454809535144639e-01 1.124242928729459523e+00 1.097036847079503996e+00 8.653969930946343592e-01
1.029331657648885345e+00 1.040926758251889739e+00 1.035999662863451576e+00 8.155477622713281916e-01
1.142645761098277868e+00 1.131178150778992419e+00 1.093344545436228499e+00 7.620092830062827893e-01
1.097448843363008963e+00 9.817787733316355459e-01 1.166017582049514667e+00 9.675289501607008402e-01
1.053931125431526894e+00 1.259231412732982447e+00 1.013304758259986782e+00 6.655780580097083732e-01
9.112175276894436404e-01 1.052591360694200562e+00 1.261702667165352176e+00 7.737182401676443444e-01
9.577063638572456128e-01 1.076423590983745182e+00 8.884231465498875213e-01 9.006427247650775625e-01
1.036474734205387493e+00 1.134736252445715632e+00 1.027894963608353196e+00 7.881484236336198101e-01
1.124159217151272649e+00 1.095041237065015105e+00 1.136533659768212301e+00 1.079070067846220837e+00
1.024765534143659673e+00 1.134550637348632485e+00 1.161107038210748232e+00 7.260333931292142218e-01
1.142150559490221040e+00 1.086935111743101423e+00 1.060226047339265953e+00 8.452423345139769006e-01
1.128712747044429587e+00 9.658377868347386430e-01 9.681056416882718452e-01 1.099935729874986334e+00
1.106967801171561350e+00 1.011693080662491084e+00 8.803984891563269022e-01 9.253184600016965966e-01
1.185069731070674370e+00 1.086746360084925422e+00 9.614646697440683010e-01 8.346181511250981844e-01
1.234296592181385543e+00 1.090646818236769011e+00 1.143310209486754436e+00 7.803776911298843100e-01
1.034295575742668838e+00 1.193003976234144892e+00 9.630442724391429232e-01 9.208357739012741350e-01
1.110057487445006652e+00 1.050087938456671477e+00 1.086587355896831752e+00 9.206845241868718555e-01
1.166929445902960438e+00 1.219343894258578587e+00 1.054623729880130867e+00 7.811972160099600604e-01
1.147699573903268044e+00 9.308498273308355442e-01 1.035051320756365412e+00 8.115435453441407487e-01
1.130445253395535588e+00 1.105714809438994806e+00 1.045372715880249270e+00 5.945137740814909755e-01
1.051929568429128992e+00 1.143370451786845932e+00 1.093301523832362454e+00 7.602774858529729451e-01
1.021158408186092492e+00 1.236131567156324218e+00 1.153645748465590870e+00 1.064775356639153348e+00
9.776232628091834354e-01 1.173044927454642394e+00 1.115222125535058950e+00 7.251423800822016652e-01
1.124504541932598523e+00 1.018632285631142276e+00 1.093225052444535272e+00 7.871242455131047810e-01
1.012151083639159621e+00 1.117000380034702589e+00 1.049206697688603862e+00 8.186164145100554013e-01
1.080326805896432818e+00 1.030547044475514040e+00 8.600821475896938129e-01 8.489192776162954868e-01
1.070705967149529814e+00 1.095920656670491100e+00 9.472513689216289778e-01 8.928179420764911223e-01
1.130468593818200196e+00 1.133974898790327313e+00 1.096958254980417768e+00 8.187908072325905673e-01
1.163791290396909206e+00 1.108669140699295452e+00 1.145870324510090077e+00 1.085126440769983436e+00
8.882284449073126753e-01 1.106877651184074329e+00 9.393398783024148324e-01 7.760759152862630739e-01
1.067892751507375726e+00 1.298088400518968122e+00 1.248195795750925763e+00 9.258736143216430570e-01
1.039950414380044874e+00 1.006252820365407086e+00 1.054312771398586479e+00 8.435406287451124863e-01
1.168669363033973063e+00 1.000063864528936142e+00 1.121833932876463713e+00 9.479507886459083155e-01
9.677115489172108953e-01 1.051734708539802110e+00 7.479321379657761781e-01 8.742802707751519131e-01
1.176888428535844966e+00 9.702320088461483527e-01 1.115442342987221336e+00 7.410264463186754247e-01
1.172619028858496781e+00 9.709336483900533610e-01 9.964642666604595078e-01 1.001431241392592986e+00
1.081055702269061447e+00 1.266111148894040861e+00 1.068990515610245273e+00 9.010890105740578804e-01
9.596293012031410496e-01 1.118097219742444359e+00 1.291622928735257858e+00 1.099411576475929575e+00
1.102214636096094269e+00 1.153987475604559165e+00 1.107997291445666832e+00 1.032190046355611734e+00
1.086227643649144925e+00 1.112885947227787664e+00 1.121456660336083599e+00 1.054169489720781616e+00
1.099146058972101381e+00 1.128524075578413610e+00 1.093452486677492175e+00 8.472897390881780622e-01
1.118932609879468743e+00 1.079409715161579575e+00 9.882285097994072398e-01 8.884642670572666656e-01
1.090009841431607063e+00 1.148369764457951803e+00 1.111641472508129391e+00 5.937075920437691057e-01
9.537087595235704818e-01 1.204429253164027935e+00 1.020227471289258503e+00 8.691090936090349883e-01
1.164035191739459352e+00 1.082021061445147758e+00 9.381278882601616909e-01 8.575201470832561901e-01
1.226525828380587102e+00 1.076996469764498254e+00 1.002186812292130691e+00 9.413919156983709957e-01
9.455847563448307458e-01 1.165402392229405448e+00 1.071553543939604891e+00 9.040726606105966567e-01
1.049332534605152301e+00 7.858113899711344219e-01 1.055753452577322671e+00 7.789265443194179905e-01
9.177253955688327025e-01 1.320199571915716241e+00 8.674550925853125039e-01 7.611343670463063260e-01
9.561298566350342476e-01 1.240522561674757052e+00 1.199226568460264319e+00 6.395203110725470319e-01
1.080114693256115643e+00 9.623301135967380349e-01 1.008758305777150754e+00 9.074050573150186372e-01
9.816156136141662714e-01 9.850732022269150789e-01 1.165625849855751683e+00 7.698834694557287195e-01
1.065051485673605081e+00 1.107262221695834992e+00 9.336604501398571010e-01 7.355778038274491948e-01
1.084789513716853948e+00 1.213010871504327071e+00 9.511902622779285776e-01 9.621497383694839201e-01
9.915862588983087589e-01 1.024480562114746141e+00 1.028120480885151178e+00 1.027317334719971553e+00
1.030616110471226810e+00 1.048217379501862778e+00 1.003171575622804346e+00 8.895758797007742302e-01
1.043797592480887326e+00 1.263871110879077886e+00 9.065238240157528216e-01 8.684306667528327583e-01
1.148669479261422044e+00 1.170574630796609616e+00 1.118536531408271584e+00 8.491680363704958712e-01
1.198859880081905915e+00 8.539140865975883843e-01 8.900857414740326323e-01 7.348338258819488988e-01
1.124161205378443995e+00 1.044522317758431740e+00 9.894032012685207711e-01 8.147917153959010061e-01
9.330299942666863133e-01 1.040576383676687700e+00 9.592049154367042751e-01 9.723920221356048277e-01
1.059044900950800727e+00 1.264569411439951274e+00 9.078716413986920308e-01 9.732911673062866198e-01
1.093687569398672954e+00 1.102761190551105441e+00 1.056658643715816748e+00 7.947815839374376967e-01
1.166481248337807974e+00 1.076197309949201042e+00 1.128595006210068474e+00 8.827577445442300608e-01
1.044624061982305285e+00 1.012851636067990446e+00 1.127536293225507080e+00 8.744748799888210078e-01
1.195566073595597523e+00 1.125710636258969499e+00 8.983855647596438176e-01 6.209710512317586639e-01
1.118441074911501465e+00 1.117313044740359196e+00 1.139814967061375084e+00 9.796845304850559932e-01
1.056376994554039106e+00 1.108897426735934832e+00 1.129514189308088223e+00 1.083360753037297730e+00
1.019210154658850565e+00 1.124770717072832937e+00 9.704894303866149485e-01 9.440159147239685078e-01
1.209469132659568791e+00 9.351952837816993602e-01 9.834095433748872850e-01 8.471828593543704322e-01
1.098972172607039388e+00 1.070177799975180033e+00 1.244377889964431327e+00 8.833183149355149366e-01
1.059301523786388755e+00 1.049981701426965452e+00 1.154958598483679211e+00 7.712597924681990902e-01
1.153523606786252209e+00 8.012166815040657752e-01 1.118150366640983995e+00 9.735179104343789636e-01
1.092521820268678168e+00 1.105797752246589161e+00 1.202117690707493747e+00 7.553951831355295576e-01
1.202854074084580782e+00 1.071405136217670195e+00 1.097308824731576538e+00 9.658824982154168293e-01
1.030976135713682629e+00 1.070008158038604051e+00 1.065703405980884977e+00 8.883338309966403168e-01
1.068727795605335151e+00 1.256615224088680094e+00 1.004926301335462568e+00 8.321623011280107063e-01
1.061182381219185178e+00 1.204812175252038875e+00 9.014229891897361790e-01 8.415270382854719289e-01
1.137836557867013543e+00 1.123395883056453881e+00 9.309119319186747177e-01 8.897914403184431498e-01
1.205028842723913085e+00 9.967748876903562705e-01 1.172194789404660931e+00 7.822577607200641436e-01
9.075127827370532696e-01 1.035549636799350637e+00 1.042243138120414914e+00 9.207930455726061059e-01
9.488821023954356892e-01 1.137896191572080662e+00 1.275080343039536546e+00 1.081468278681580575e+00
1.007565507631755120e+00 1.123549833389589248e+00 9.245450590416455228e-01 8.497678578980456532e-01
1.121242938615257367e+00 1.017007513636245752e+00 9.613868348108768336e-01 8.161484977482053038e-01
1.204003150610690076e+00 1.094056623663366201e+00 7.508819415578860124e-01 8.455645861680740616e-01
7.991443925506178658e-01 1.078004121234559021e+00 1.175297037422721624e+00 9.910830599548221542e-01
9.438171981311119785e-01 1.084716769405228209e+00 1.131358520069745355e+00 8.468830946939940318e-01
1.062851383841189046e+00 9.986696118687360402e-01 1.002221244578529902e+00 8.352438100634097529e-01
9.668687657616671371e-01 1.036157570153292795e+00 1.133868704484299217e+00 6.522408244731996430e-01
1.128729924823682396e+00 9.377103829480842867e-01 9.963594706590372940e-01 8.432960581089445906e-01
9.804391169457958854e-01 8.780114467831201530e-01 1.005210649404704171e+00 9.572082337233372984e-01
1.183672105292267851e+00 1.157941802721102142e+00 9.960983133028981085e-01 9.792081134097077033e-01
1.181606732517425984e+00 1.160155066479028330e+00 1.177738798100703699e+00 8.361381691909945957e-01
8.618998430058817384e-01 9.964945413632587679e-01 1.140706648818558433e+00 1.116464506050999672e+00
1.012061268537995495e+00 9.600663000821801907e-01 8.937670525305301261e-01 1.148089996431575832e+00
1.172992842414924075e+00 1.177049048333388193e+00 9.602941999216093594e-01 1.043845762540288158e+00
9.847602060123001877e-01 1.104498999533407355e+00 1.091286029725999418e+00 8.985702471389974688e-01
9.431859254109736801e-01 1.184425590108998394e+00 1.155048301340370731e+00 8.220634690164653202e-01
1.183355019953023168e+00 1.102717771443019634e+00 9.555698124990888997e-01 9.595889489097927383e-01
9.750747607490626301e-01 1.063931147921716169e+00 9.747720913382696972e-01 8.225401724034281381e-01
1.054510272453746955e+00 1.116452764428139233e+00 1.149297299519189020e+00 7.415519573765144701e-01
1.118831220370909429e+00 1.033028287108461285e+00 7.917212716194026445e-01 8.381099635425323102e-01
1.059399406395149512e+00 1.055034353912992051e+00 8.685684582244979079e-01 8.441802771575410702e-01
1.191669503728232993e+00 1.066076875786004408e+00 9.285080004734301840e-01 9.469180088191176958e-01
9.430167181819738564e-01 1.050970217987618138e+00 1.170766100010321109e+00 8.453488622088054516e-01
1.026937819390900009e+00 9.773839380927521470e-01 9.829823080381514533e-01 9.775230193807117329e-01
1.204642552788674603e+00 9.089527930040768311e-01 1.036867011622034429e+00 7.918315264829035582e-01
1.150232466397247633e+00 1.190068965665328493e+00 9.058626481002740594e-01 9.717612972406860505e-01
1.258586282079745988e+00 1.178613548981356951e+00 1.097541910263884812e+00 8.875237862061396976e-01
1.015980116495551089e+00 8.831813773265715373e-01 1.063248490964344928e+00 8.611575756186975461e-01
1.006825623730848163e+00 1.082874886544090254e+00 1.081590000000245633e+00 7.231833124796368528e-01
1.040392193207525073e+00 1.176387808913446520e+00 9.646639362955689023e-01 7.809934193533093483e-01
1.020435917674649362e+00 1.079035820783976307e+00 1.005587997352719531e+00 8.584108842120485861e-01
1.061766946587137994e+00 1.132524521282140872e+00 1.119242073771007373e+00 9.706150948530180012e-01
1.133032329819448236e+00 1.135285095067402938e+00 1.280580301031727375e+00 8.421256307421036702e-01
9.675266223847766023e-01 9.753637922662314885e-01 1.069737563434155936e+00 1.082292758308845526e+00
1.097189834172698220e+00 1.029057455161307866e+00 1.178235768758960633e+00 8.677358908553225447e-01
1.030838139340387594e+00 1.284826434527213124e+00 1.059036444094605400e+00 7.346351369308953272e-01
9.996741790030159169e-01 1.168869902816690676e+00 1.072593030925630408e+00 7.984331249388230134e-01
1.083565516544242380e+00 1.038329907913527084e+00 1.104183915980762487e+00 9.169189049431362148e-01
9.982874298142569991e-01 1.119386014750464398e+00 1.268083735880861873e+00 9.630722026745545117e-01
1.026534079917918785e+00 9.949196902027260814e-01 1.151375746107325515e+00 9.815631279433681966e-01
1.070455195284543359e+00 1.186062824061604681e+00 1.097894806837004911e+00 1.052312404690442849e+00
1.131629158967458748e+00 1.227713589467610555e+00 9.747363881998566404e-01 7.732716210363819176e-01
1.038306449128821640e+00 9.620837330825933176e-01 9.867653060739011162e-01 7.704032155824117600e-01
9.973062635044932511e-01 1.201587026875575948e+00 1.041616362278735997e+00 7.693232885108717278e-01
9.877770231539462209e-01 1.140117414100250803e+00 8.550903490094249326e-01 9.275545934505510237e-01
1.026568569948627330e+00 1.065607256196512864e+00 1.020938156928042906e+00 7.715625826104453022e-01
1.049734246895419609e+00 1.035791543319507291e+00 8.802263850641884879e-01 9.708014274974483548e-01
1.080891191564657738e+00 1.140224193893937032e+00 1.019469086567803773e+00 7.511458306925546946e-01
1.171656747632263018e+00 1.204663658544363969e+00 1.069172626924155711e+00 9.446152287696424343e-01
1.104033885972957041e+00 9.081658444837532596e-01 9.850811554861104158e-01 8.915669407878177299e-01
9.546590492988697996e-01 1.075168445857056509e+00 8.651563152547441238e-01 9.942416280767373271e-01
1.005872023929465620e+00 1.022502476329671062e+00 1.044342816350481762e+00 8.084361173623949570e-01
1.123802621368030552e+00 9.746750990012953419e-01 8.777886931145651994e-01 8.176478743941723026e-01
1.089729334134391436e+00 1.173811827513034478e+00 9.657027799123637513e-01 8.272624831659078914e-01
1.039124456705831090e+00 1.062162030389405931e+00 1.078160846418800167e+00 8.528424244575678603e-01
9.948808845994304706e-01 8.662978613794829474e-01 1.026828282141140525e+00 9.629750625079646076e-01
1.148343138798090690e+00 1.065618039409897300e+00 9.147696265375767632e-01 1.112652568588315738e+00
1.046656467591687623e+00 1.137445985989273156e+00 9.990176688133973748e-01 8.624599793993368291e-01
1.067791822494889020e+00 1.069295152691919437e+00 1.096404460655788338e+00 8.211670708241268768e-01
9.447768758765539010e-01 1.158946159481920146e+00 9.655507312875775128e-01 7.302709991394270572e-01
1.054971059761850460e+00 1.157183698123413151e+00 1.072530896569519498e+00 8.831005264126767784e-01
1.211062956087835651e+00 1.008828283032167317e+00 1.239352085994459785e+00 9.137899507626916495e-01
1.213105506749026397e+00 1.019075648726188499e+00 1.022256306192349751e+00 8.524135066209296285e-01
1.066859663905993738e+00 1.299729229639110972e+00 9.529121437089919100e-01 8.114582402430686736e-01
1.220126082779163124e+00 9.483588374734264193e-01 1.179503735454347613e+00 1.065949333555956224e+00
1.061220594952283491e+00 1.052641510827457161e+00 1.199597454882591396e+00 7.746078728544152359e-01
9.760568699169792639e-01 1.143953238259002525e+00 1.140084340100158355e+00 9.054663878563817825e-01
1.137034213559876772e+00 1.212436352435259490e+00 1.178694761123609380e+00 7.846641841504975456e-01
1.050246442550942572e+00 1.164224013056549989e+00 1.044978386100627210e+00 1.030210315963648426e+00
9.199686006917354719e-01 1.083251191610647091e+00 1.179716438610062257e+00 7.081410964141491293e-01
1.125496667861393352e+00 1.067380563837519558e+00 1.029127043095323435e+00 9.455808995176103737e-01
1.090705691003617250e+00 1.145094487694081842e+00 1.141648761565845716e+00 7.709551568937202948e-01
1.071858555572601901e+00 1.304744592820651583e+00 1.114136808190887784e+00 8.488191883484763611e-01
1.165883407075545719e+00 1.016162508706489165e+00 9.814253855237559110e-01 9.328836038416439269e-01
1.111868462599163943e+00 1.021716796770469227e+00 1.226799599413463948e+00 9.077840121533155004e-01
1.005453194417392782e+00 8.427217546660595859e-01 1.038012151882490741e+00 8.327679321309952032e-01
1.073556791107466823e+00 1.079408145235374983e+00 1.117107118889921091e+00 9.094867599680956927e-01
1.148845751196084564e+00 1.070564773383578583e+00 9.607742100498168902e-01 9.325437878580786766e-01
7.899615989446591158e-01 9.948821615730821799e-01 8.695719368355832035e-01 8.104016135338608651e-01
1.073357429865587687e+00 1.142362407994798490e+00 1.090240381515523049e+00 7.329178081465150818e-01
1.099672159435403529e+00 9.624061529602244702e-01 9.727049101690559141e-01 8.215443356519233076e-01
1.154775882426350320e+00 9.750577205112254120e-01 9.222449410217343768e-01 8.047772361714523592e-01
1.123308660602301279e+00 1.181230240767522366e+00 1.235118709797643044e+00 9.962926132840289606e-01
8.642236669495985124e-01 1.134655975593875210e+00 1.088444190069876250e+00 7.766265225233314196e-01
9.939446759300762935e-01 9.033098053390760107e-01 1.055662830911311412e+00 7.210338557768405376e-01
1.192772552421228704e+00 1.134650108812909286e+00 8.681775040929918807e-01 9.099394584642453987e-01
1.038130233525784485e+00 1.155676407725765298e+00 9.765734740894277399e-01 7.871066869065841409e-01
9.683419650681049928e-01 1.071042068569271866e+00 1.169693457335376996e+00 7.713801391154847531e-01
1.021281832425648961e+00 1.057730501405116597e+00 1.010461563122401651e+00 7.174533131090896632e-01
1.034759574589339426e+00 1.043209267115792427e+00 9.725951580404642582e-01 8.478591986933561309e-01
1.011541731640266395e+00 1.004400758235229008e+00 1.031602930716740030e+00 1.011769989303812345e+00
1.076153706849015679e+00 1.157385410991433217e+00 1.005002321361103013e+00 9.224029475932196132e-01
9.696468557906291474e-01 1.160822511528811551e+00 1.134534802705392975e+00 8.623158702767168560e-01
9.756349897381423331e-01 1.332360555543439240e+00 1.062201190663792483e+00 7.958460035190203508e-01
1.184130786264516511e+00 1.036858065515073424e+00 9.443914480716840698e-01 8.508100527350462849e-01
9.800976413265320986e-01 1.121670239084407994e+00 1.023480546147416570e+00 9.308510609795360713e-01
1.045003573185995904e+00 1.223020492845418694e+00 9.255612881887423926e-01 7.533082873437880744e-01
9.714518177949542643e-01 1.141610143369993891e+00 1.028701911398557378e+00 8.778703261851608097e-01
1.093190134604043795e+00 1.033503659309506384e+00 1.141270006888061683e+00 8.713930912942545737e-01
1.085096742683076432e+00 1.160299308762215320e+00 9.835813571902974894e-01 7.486411286402866461e-01
1.119532549502499919e+00 9.611515062421853717e-01 1.031517286473731865e+00 5.908872399583895429e-01
1.113336974553142733e+00 1.102313238576048127e+00 1.064298793598941639e+00 8.107586412124965225e-01
9.265891532242805928e-01 1.051399443576570780e+00 1.184742736530171037e+00 9.162553428184226911e-01
1.065941080436834110e+00 1.189107350820317377e+00 1.015671664825900544e+00 8.429740442561828306e-01
9.943376487669791652e-01 1.265437948823581404e+00 1.140189541647528060e+00 6.688771523032084332e-01
9.542114007131070608e-01 1.026200154096520434e+00 9.317210490960396996e-01 8.799068030058678769e-01
1.053056433517778556e+00 1.135542205263428306e+00 9.615503066137922605e-01 1.018795550023497754e+00
1.154999823909176770e+00 8.907371756409775410e-01 1.066603229236210870e+00 8.628123447867923623e-01
9.760571648258522526e-01 1.068723238530558950e+00 1.033964758943783036e+00 8.126440023732011131e-01
1.046356336015019650e+00 1.038157921147767615e+00 1.142527254065677900e+00 8.664944752063691302e-01
1.119852240749555472e+00 1.129161336769259227e+00 8.951944856357043623e-01 9.998943463460051584e-01
1.156825882932483562e+00 9.990404229641741685e-01 9.613276413561246958e-01 8.782828589890292470e-01
9.562688802919265818e-01 1.238069499260941786e+00 7.706403125083316485e-01 7.574932083178106401e-01
1.107541118441688122e+00 1.097349639506800534e+00 1.085845679872299074e+00 8.560000673074954491e-01
1.056635144832534623e+00 1.258968031946848143e+00 9.490601511589368267e-01 1.043379466116537424e+00
1.078258229831868142e+00 8.440742961401227484e-01 1.029960311576655352e+00 8.389914515994041366e-01
1.164126240566425441e+00 1.023254504491750483e+00 8.468965576875109313e-01 9.535311057298184734e-01
1.069117641654121265e+00 1.139259002552698963e+00 1.158855242038390854e+00 8.844031145413027151e-01
9.864463599811288397e-01 1.210043626803108507e+00 9.416079393698362221e-01 9.510253173664394710e-01
1.047937697918646993e+00 8.740970025628967965e-01 9.781990009597092417e-01 9.133029274568653655e-01
1.042521216572493747e+00 8.141722622338226634e-01 1.019154526130908955e+00 8.458044244115091592e-01
1.054614348331962770e+00 1.055889526466829986e+00 1.150852741388765033e+00 9.123444792350499100e-01
1.049985772283221319e+00 1.054915890543650869e+00 9.001163042329525243e-01 9.334212486455236713e-01
1.234959678485454848e+00 1.077394091047271241e+00 1.212089082050025413e+00 1.134625763080847838e+00
9.944311365532321201e-01 1.101058701270221318e+00 1.132778519160781094e+00 8.601412221275914760e-01
1.155633367045042270e+00 1.128624722984253204e+00 9.956310791704128249e-01 9.057627327801853756e-01
1.037774446123061578e+00 1.186399274320491415e+00 1.238967889566896297e+00 8.293126680540334750e-01
1.253786576900063343e+00 1.092418504978173832e+00 1.137117232508821685e+00 9.359948267349598172e-01
1.199709268396796702e+00 1.147632897601707835e+00 9.453441767348577107e-01 7.403271384276481903e-01
1.197842227851723562e+00 8.935494139261130897e-01 1.070901196414096423e+00 7.060296701924058116e-01
9.027636205563634997e-01 9.469808696193520170e-01 9.792692284472509501e-01 7.559580082458852157e-01
1.047741892011175180e+00 9.188564538926931036e-01 1.135813646734620042e+00 7.428522935681733941e-01
1.120121388520896710e+00 1.089469311396586981e+00 9.666618930567673074e-01 1.033506017658148091e+00
9.439325892044009292e-01 8.938539581152714630e-01 1.066355086240119210e+00 1.044686606490724756e+00
1.122490393395375152e+00 1.057528181128824629e+00 1.042571388790454412e+00 8.432395729154326114e-01
1.020558958580253028e+00 9.653563437917328516e-01 1.112032060302317049e+00 7.734361664833133698e-01
1.162083666125416581e+00 9.690119095599860621e-01 1.046458669342315018e+00 1.076439288945727046e+00
1.046453252526045263e+00 9.447952797289315141e-01 1.078773276139766590e+00 1.026927198108147365e+00
1.135882464935476177e+00 1.213889791579465749e+00 1.091955870059899469e+00 7.950904638233680100e-01
9.673871997339339446e-01 9.821207375528557826e-01 1.212331410111855412e+00 9.140875614933997584e-01
8.957485261191659998e-01 9.108984317436669143e-01 1.137556023770465163e+00 9.059370327254911981e-01
9.918077387228143582e-01 1.135884093359768254e+00 1.044893003128457787e+00 9.450808490642271797e-01
1.116140835904191109e+00 1.306695846441089826e+00 9.554975308269963996e-01 9.896395488443482380e-01
1.124600860123718071e+00 1.235556612425917189e+00 9.868251162404387822e-01 8.312930229760236989e-01
9.733341356056979254e-01 1.100314788923158149e+00 9.169065677298003925e-01 9.882139633688877822e-01
1.084108157346352463e+00 1.003396496230581914e+00 1.037696347076201508e+00 8.799629259724026653e-01
9.065696528433507817e-01 9.562356660210559189e-01 1.138038922556747101e+00 9.018075820393572917e-01
1.205304133749550699e+00 1.190761976222741492e+00 9.507422140072488981e-01 7.164441804568749683e-01
1.016590953444362455e+00 1.153542979648561007e+00 1.104958797840350559e+00 8.512796081839881790e-01
9.448302140849625941e-01 1.062270109060939882e+00 9.450690580337799407e-01 9.084815600423581383e-01
1.094163224782040977e+00 8.732951748800465985e-01 1.153597632274945717e+00 8.647006774511122318e-01
1.014947705222590368e+00 1.097494816682476060e+00 1.167071746974637669e+00 7.644834689693066343e-01
1.274402222460088607e+00 1.216245097811142095e+00 1.063986892219768832e+00 1.119808375788008403e+00
1.020179564443633335e+00 1.012977539504681612e+00 1.120439434858748751e+00 8.212769524893136497e-01
9.749200002011250143e-01 1.119358063339334741e+00 1.010495801323067155e+00 8.448163411208896578e-01
1.065339178045069835e+00 1.084906122684759167e+00 1.014941404537134995e+00 7.545011639859594554e-01
1.199880084636147037e+00 1.086669811630031734e+00 1.177970734706899281e+00 9.308314310328708041e-01
1.080601157957715719e+00 9.126463315703665646e-01 9.395237263734106392e-01 9.701849815499512530e-01
1.199563798235145473e+00 1.165797755596649221e+00 1.149873848492439565e+00 9.213669436471886298e-01
1.216270866821241858e+00 9.919131800194537218e-01 9.853474694416479718e-01 8.159690771130923004e-01
1.135658905748138991e+00 1.058918805186201295e+00 9.581920815820269555e-01 1.007725003850795442e+00
1.193075449424991774e+00 1.092032168542087955e+00 9.334467076455092993e-01 9.973566542504808119e-01
1.140974582897689160e+00 1.123446734819233184e+00 1.058595754405901035e+00 7.250375985278191271e-01
1.122900882662609678e+00 9.922482100079009770e-01 1.291097565868327912e+00 8.773890593605031540e-01
1.107064819016552626e+00 1.290882691347441602e+00 1.040041536998409510e+00 8.656886713893006124e-01
1.128401931288393500e+00 1.097179822865696819e+00 1.160731203825437596e+00 8.902117421014325016e-01
1.027378738670827740e+00 9.338083449573754136e-01 9.878209410166414184e-01 9.196221224415234152e-01
1.165813821013151896e+00 9.265214269834082250e-01 1.165231710643455099e+00 8.596327540983924598e-01
1.064112845017594511e+00 9.807626867361163292e-01 1.245921288706757890e+00 8.212482932170781513e-01
1.076220116198925325e+00 1.103054101942875453e+00 8.669330834900521587e-01 1.038739278298955959e+00
8.233995092281869432e-01 1.028256803844545875e+00 1.269093284598200366e+00 8.801558724782754251e-01
1.238469869668028300e+00 1.148464002566994546e+00 9.359049489384992926e-01 8.604904644506541356e-01
1.132536297449247442e+00 1.240233928053855239e+00 9.682712174005991823e-01 9.137406846474228628e-01
1.006870341604247709e+00 1.097967995187751677e+00 1.165578549413808451e+00 6.439455872187391794e-01
8.557446253256704161e-01 1.088748881876688834e+00 1.110473849163404969e+00 8.047652201186490384e-01
1.176500025259202831e+00 1.215706255361755472e+00 1.146840811914584313e+00 1.023176802351306813e+00
1.216440392962945038e+00 1.048765652722067454e+00 1.032709321673361824e+00 7.836021935769694746e-01
1.078561501496068331e+00 1.134863668918262292e+00 1.138820927934281801e+00 8.392328469219719755e-01
9.942914148855152012e-01 1.126895801961388166e+00 9.982339058610864013e-01 7.428666251299307355e-01
1.132171159166765140e+00 1.140767405922969324e+00 1.057172011134675627e+00 8.276546167228826523e-01
1.085710439858038612e+00 1.181118940555216046e+00 1.189723938821009908e+00 7.381689399037834054e-01
1.270795352926615163e+00 1.251876113120033995e+00 1.100911696591091893e+00 9.184876945224179634e-01
1.042238276944967179e+00 1.054131434004433210e+00 1.136518851464505930e+00 7.496485488194847280e-01
1.114591065884461552e+00 1.212995825324448607e+00 1.054151803036307955e+00 7.912813743070479244e-01
1.118911725420062453e+00 9.992331758034997957e-01 1.055699165841073484e+00 8.887871711467919544e-01
9.939249592522065857e-01 1.058044313290202876e+00 1.002222659123172654e+00 6.790047864625552432e-01
9.263119189787989427e-01 1.054360726285242356e+00 1.147309851198811570e+00 8.742323684326333000e-01
1.105390719148636069e+00 1.089843263288860609e+00 1.117795140594710190e+00 8.253865323831840461e-01
1.102513847737382813e+00 1.142046912056669639e+00 9.961755896248133402e-01 7.947153102005265479e-01
9.588134873676091852e-01 1.040832334206421850e+00 9.210505789227468876e-01 9.089520659223764287e-01
9.698282082812792471e-01 1.011083024330031943e+00 9.894052995079675172e-01 8.587899264789945475e-01
1.067985662163296823e+00 1.018599634873507798e+00 1.074916029359930469e+00 6.973400454650662272e-01
1.115073735859392290e+00 1.016340733682226771e+00 9.050090204614393841e-01 8.882764706475732019e-01
1.171955255611923041e+00 9.458859984447947067e-01 1.115194736762702643e+00 9.085661245769175443e-01
1.093875816853904448e+00 1.055025805981379960e+00 1.178046389221698353e+00 8.425788949753761914e-01
9.911536819927894149e-01 1.051030002061841051e+00 1.139498913539476632e+00 7.524718572208143330e-01
1.023010899788279637e+00 1.142468274998572619e+00 8.879145801624011014e-01 9.150527227629693394e-01
1.185574905901894294e+00 1.002286783163668815e+00 9.916621706783429469e-01 9.339143285217009760e-01
1.048720328735352814e+00 1.054730049765288946e+00 9.375185159084293840e-01 8.882227987373496614e-01
1.106886808854741666e+00 9.581812144179631119e-01 1.220664788403771350e+00 8.353219649132592739e-01
9.147792307677462542e-01 1.008379973396147600e+00 1.095754327016689844e+00 6.787189547500317444e-01
1.253169594684132582e+00 9.939906364837360897e-01 7.628074798115480615e-01 1.058607393273507835e+00
1.041297921175970975e+00 1.112299703969230169e+00 1.030124869772225393e+00 8.463767440026896960e-01
1.026251867911441185e+00 1.220124610148607402e+00 1.127069991781480596e+00 8.957706574051919057e-01
9.942782974095848436e-01 1.074724364400097443e+00 8.516790068570522232e-01 8.983053274281836975e-01
9.400755416688080235e-01 1.000569636446936972e+00 1.008466957127592600e+00 7.738056176220644566e-01
1.071111424946006307e+00 1.055200382577463181e+00 1.110971265696172994e+00 6.250659840937934364e-01
1.242184106643060115e+00 1.104435227854884127e+00 8.965906579521465414e-01 9.067551571938596844e-01
1.199284560937826427e+00 1.110640795284910443e+00 1.109848699620019863e+00 9.086946247468064009e-01
1.136447359356729470e+00 1.105605308507747742e+00 9.027820171524095771e-01 6.962857414793243160e-01
1.098448118113951821e+00 1.053013997181484473e+00 1.126865808665425295e+00 8.693774572344793450e-01
1.122281077089258616e+00 1.041107061162179992e+00 9.639965799289786919e-01 8.835395176915504800e-01
1.243702310542465606e+00 1.125769532033335185e+00 9.381403684599251003e-01 9.430986089392495719e-01
1.009812725813598266e+00 1.053485785252319396e+00 1.031350628915229217e+00 1.007755521293940637e+00
1.122436921579985203e+00 1.101707048991207083e+00 1.081017150033297236e+00 9.947267766043401682e-01
8.916549405066552803e-01 8.116892631947161263e-01 9.564104828219682775e-01 1.008501242723183644e+00
9.862951809169728801e-01 1.126394143064085140e+00 8.909941073398190969e-01 6.728928400536927645e-01
1.209802237351239818e+00 1.102807550087422150e+00 1.096253622023609875e+00 7.829506598339596168e-01
1.037195384199360637e+00 1.182051783190719796e+00 1.082637565711909389e+00 8.853916002297047561e-01
9.694751249288574568e-01 1.222360374926374282e+00 1.026901645546167918e+00 6.367542394037630782e-01
1.044615247467441277e+00 9.668110322241271204e-01 9.171974783760229455e-01 8.868240767339664599e-01
1.307353239734081241e+00 1.173731134819681499e+00 8.546895770052767016e-01 8.994865235638020984e-01
1.004905168036825280e+00 9.832391342546398239e-01 1.082149767625587788e+00 8.883511245703905601e-01
1.220620268415397947e+00 1.136761090576406952e+00 1.069318064976147786e+00 8.686698728301884831e-01
9.521607499698951926e-01 1.136139629777862758e+00 1.145724801540085158e+00 7.550338723590777068e-01
9.734489550405655001e-01 1.121833925800834297e+00 1.112238635156074906e+00 8.477911592274866015e-01
1.136998671240206482e+00 1.191790831487069102e+00 1.048788611991295916e+00 6.915247726247070181e-01
9.797072155493069534e-01 9.567311910624684002e-01 1.115183562799449080e+00 8.747741335408918406e-01
1.230892320128220474e+00 1.183384877685814462e+00 8.413749486394181964e-01 9.114976021533657269e-01
1.094254179738524568e+00 1.203215727387028533e+00 1.082288306991896043e+00 1.044763427694959557e+00
1.169486722130356871e+00 9.941738533828677893e-01 1.051132235326531328e+00 8.407018487096944437e-01
1.141366585308494885e+00 1.171879390465476511e+00 1.036755993263682951e+00 9.700601402559925202e-01
1.195356621584851453e+00 1.144314128100745620e+00 1.161417976639089078e+00 8.770214812816246042e-01
9.891950306093613143e-01 9.722483944325354122e-01 1.035850052667066645e+00 8.853953397103597744e-01
8.901857298128728058e-01 1.096250194042704296e+00 9.387331985874636242e-01 8.259867324388658893e-01
1.001996989520122838e+00 9.308067188305628736e-01 1.062900468790896724e+00 9.061675398933368708e-01
1.196633696620758025e+00 1.041943258781788950e+00 1.035840641733283052e+00 8.458566630952378818e-01
1.096939685265641451e+00 1.126361637985222153e+00 9.543439502378542327e-01 8.137057518217277741e-01
1.110315133585496827e+00 1.172976904840875578e+00 1.207259950045288299e+00 8.959871014852661686e-01
1.369263541108022286e+00 1.127774790802174465e+00 1.005193741348505032e+00 8.321799940867230516e-01
1.139978712303842956e+00 9.948282729587291096e-01 1.182675485065268761e+00 9.815426255900774333e-01
9.489468827336863255e-01 1.210304687650971323e+00 1.012384854630521192e+00 7.780481218058443726e-01
1.063798572538881437e+00 1.197485417747016445e+00 1.006635363860060028e+00 9.895191237430350784e-01
1.130190479949543914e+00 1.098452828122597147e+00 1.203856575779069571e+00 8.987793698573335321e-01
9.835810166043402747e-01 1.074289987184233297e+00 9.912200373493799122e-01 7.838170773770506417e-01
9.132857367810769400e-01 1.143992680404467555e+00 9.728710026855015292e-01 1.107309037260659990e+00
9.977348719452916459e-01 9.201891943994834344e-01 1.194358887102183964e+00 8.605272557527727795e-01
1.195021055901295703e+00 9.029651104581195575e-01 1.129845693755657132e+00 8.119125694359095036e-01
1.031863708872432284e+00 9.345053555424474023e-01 1.033479082469162424e+00 8.639306964380658593e-01
9.926170497678912241e-01 1.058639842199871284e+00 9.627521911610347205e-01 8.191983672436617958e-01
9.785502653646815929e-01 1.189883177065095277e+00 1.207120056254070262e+00 9.652146033231195910e-01
1.105754884225162105e+00 9.793067530387095099e-01 9.506683563659915626e-01 8.498856280578166444e-01
1.031895747207807856e+00 1.147782523066317006e+00 1.039157345532666810e+00 9.280879636347399986e-01
1.039429167304516621e+00 1.026501605120780480e+00 1.092466929236267870e+00 9.127840779380119729e-01
1.142617792830743717e+00 1.196929225328974056e+00 1.104921185504252445e+00 9.602849464773045574e-01
9.840750692936659494e-01 1.032894472870652836e+00 1.003023029959008605e+00 8.361924837055677573e-01
1.104807374022901412e+00 9.662434065314493559e-01 1.075747488232694282e+00 8.754728812659644532e-01
8.337793160342898968e-01 1.179777636693228438e+00 1.005629816006023303e+00 6.832425596868448858e-01
1.215525065722141917e+00 1.078211480922727006e+00 1.079662085005194339e+00 9.548932366156022145e-01
1.002675093704589626e+00 9.772453325982267680e-01 1.170745008116449881e+00 9.558526390645388782e-01
1.088993646038042273e+00 1.226661487509089543e+00 1.103272955366342734e+00 8.033599710437538954e-01
1.092155487488104315e+00 9.059131232054674632e-01 9.832609133492380415e-01 8.469882320979433832e-01
1.100357483605900688e+00 1.144923554441394042e+00 1.101754783799135051e+00 4.613393691038795708e-01
1.120791489467219959e+00 1.265819674960462216e+00 8.918327577765114977e-01 7.158075122255042055e-01
9.473673626271671422e-01 1.123286528353923508e+00 8.709846089190710350e-01 1.041232790015634402e+00
1.037115878331070329e+00 1.079587108008811303e+00 1.140539171164734356e+00 9.098993117513605178e-01
1.035043313935046561e+00 1.076532280283914123e+00 1.121990690445839212e+00 8.405578710640662088e-01
1.007619946354693097e+00 1.076796969446534247e+00 9.891171997982312059e-01 9.747889973271246511e-01
1.349026077684828406e+00 1.074897132212840001e+00 1.228192005580385215e+00 7.089738370064090356e-01
1.319330110308257087e+00 1.119367676782068166e+00 1.065202664429043100e+00 6.114286473805895517e-01
8.897005408620560774e-01 1.120370668606652576e+00 9.625909052753802708e-01 8.367392158738639063e-01
1.223060235608950386e+00 1.009470729824818669e+00 1.098876956137319505e+00 7.576932957397938262e-01
9.880491632505457034e-01 1.392617939281919792e+00 1.018657431079077025e+00 7.276431979653216198e-01
1.121322784970623099e+00 9.258926809163675609e-01 1.142610694262330195e+00 9.643280937222804550e-01
1.155089626339116826e+00 1.097382532226044649e+00 1.133074509027499177e+00 7.177211120514480625e-01
9.079155908462824831e-01 1.254189822870933169e+00 1.211639669525529150e+00 8.489413232788780572e-01
1.070986973235482642e+00 1.139545107320246053e+00 1.123214712668861193e+00 8.952344664206792757e-01
9.549953437067716377e-01 9.861113416459389436e-01 1.069241415129204897e+00 7.083484473114857183e-01
1.008665363090412104e+00 1.186424817439842183e+00 1.066204610854463386e+00 9.602895101213809737e-01
1.130670626337750617e+00 9.217247174107831009e-01 9.301705718437722759e-01 8.477351996232360687e-01
9.236271333625647451e-01 1.232481718606536658e+00 1.125499728066483129e+00 9.050924223161411764e-01
1.190709585050610197e+00 9.971796350542441179e-01 9.329711607079378410e-01 8.607836602578317065e-01
9.715851400150190553e-01 1.011868496258599093e+00 1.014665871148231258e+00 7.765648203532473648e-01
1.020656870066563915e+00 9.905782524961344038e-01 1.196152055104557022e+00 7.872789066756543663e-01
9.908311222376127159e-01 1.086892477480451813e+00 8.851510406378033657e-01 8.857809997196760543e-01
1.004949448992647154e+00 1.089128548969048982e+00 9.605076870210689233e-01 7.778245366623418589e-01
1.148905861630943770e+00 1.097189399063541959e+00 1.340022341729677935e+00 9.479649478223705072e-01
9.873235854620233676e-01 1.125355173354656069e+00 9.950381900309488437e-01 8.673805009681458955e-01
9.777684754216425800e-01 1.092113112159951438e+00 1.098274749866476663e+00 7.963009812610264415e-01
1.036278178224819158e+00 1.031395501009215510e+00 9.535954003237864240e-01 8.895803411492336776e-01
1.151090532701039448e+00 1.185541608600345409e+00 8.657312437740439792e-01 7.947246041558355678e-01
9.081176892971851711e-01 1.015848092078744935e+00 1.188862434807806512e+00 9.091381006907826023e-01
9.610586225853749998e-01 9.919102071312979607e-01 9.448555566518482829e-01 8.939484935016331901e-01
1.071881482762993665e+00 1.175092317043187951e+00 1.100344786025513333e+00 8.641689364619055125e-01
8.186624842834165916e-01 8.870535635540186536e-01 1.128745840800804423e+00 1.009024571086140964e+00
1.273498215191264826e+00 1.251603940611695664e+00 1.104722077932156710e+00 8.821228579395075098e-01
9.244886985208514707e-01 1.144540534568641021e+00 1.135729390135264083e+00 9.397655468340755380e-01
1.209885826254424313e+00 1.017973099564019268e+00 9.888146919110554212e-01 1.124581326038759821e+00
9.987345457310845553e-01 1.043504378499692242e+00 9.830235648328861098e-01 6.093056283886423286e-01
1.119370926438256308e+00 1.015320715611854885e+00 9.611810360252367458e-01 8.649710231737028909e-01
1.048073082999872341e+00 1.121352833116083358e+00 1.128098857440233305e+00 9.002934767375350145e-01
9.748359367829134703e-01 9.979382670781551390e-01 9.829930715468585545e-01 8.240060809770651806e-01
1.068963213548545621e+00 1.069267691822808342e+00 1.238959593537543480e+00 6.939956206249349169e-01
1.050367372959996048e+00 1.137403714960387502e+00 1.173894597835587916e+00 8.307418531564468855e-01
1.145897507836207918e+00 1.026745145883347643e+00 1.148048685410342218e+00 8.940391072724491739e-01
9.938701025443272830e-01 1.197571204759380725e+00 1.107135057196568795e+00 9.362770311469591489e-01
1.032821064455349269e+00 9.443450226439518147e-01 1.140654737850379741e+00 9.681319872781335434e-01
1.158293630887669456e+00 1.021506906648672164e+00 9.607107647276824647e-01 8.627337988172830707e-01
9.675330183034589471e-01 1.005026011984998302e+00 1.071305504396567354e+00 6.954822185251001709e-01
1.300863778550424676e+00 1.241012272071144729e+00 1.029037732116525827e+00 7.460852787366015759e-01
1.135430558297058523e+00 9.635172575682633411e-01 9.465622220708094225e-01 9.399453061065305981e-01
9.331344278217754695e-01 9.464403942499329814e-01 9.339340017180942644e-01 8.205254395838309511e-01
1.074327325247329101e+00 1.188116775318082130e+00 9.389331261408980778e-01 7.473329268650745760e-01
9.892667827648017331e-01 1.068763194070910805e+00 1.156323886532878209e+00 7.805496335594479529e-01
9.770555357366368376e-01 1.063581579415083578e+00 1.245176818994023549e+00 8.682313292134997695e-01
1.228256507276905385e+00 1.150520529380591350e+00 8.414835859608880142e-01 9.403267817516806071e-01
1.157554004345394461e+00 1.177346101517236843e+00 9.570075154770790737e-01 7.254712330249007968e-01
1.253785155863803791e+00 1.086010752491594955e+00 8.772136134273192942e-01 7.720723270747107403e-01
1.031698370271138643e+00 1.120975522356272958e+00 1.242609914032669405e+00 8.173021288138345719e-01
8.830651604216745998e-01 1.038986489843390260e+00 1.114072475457151379e+00 8.048031605501710928e-01
1.119346894813441295e+00 1.271335804433393557e+00 1.036322219992661386e+00 8.791472370440768236e-01
1.175405971453157283e+00 9.729591280225118322e-01 1.165367453536037656e+00 1.122568223495742368e+00
9.796456849837449354e-01 1.151965757921355138e+00 1.130446588613283510e+00 9.255538746329422528e-01
1.041235362216319515e+00 1.125435779356782406e+00 1.237486591321537821e+00 7.970609977379174982e-01
1.060242890230043589e+00 1.044141441625480171e+00 9.222040378332877486e-01 9.124909270554032448e-01
1.171822684755797317e+00 1.225774289762996183e+00 1.067276822636500144e+00 9.181235228959545580e-01
1.099211531336878211e+00 1.057031013049769319e+00 1.138963491927888372e+00 6.384173734569131842e-01
1.046503892514304423e+00 1.292505700041492345e+00 1.083399669940154908e+00 9.354266564209045010e-01
1.017766774903229310e+00 1.079459832083444537e+00 9.626562700044730692e-01 1.088289219001099983e+00
1.263214631757189066e+00 1.083963485686199046e+00 1.004066381032506339e+00 7.927284912920888882e-01
1.205688232739658750e+00 1.099627197568285197e+00 8.773998776253505438e-01 1.144501493610307286e+00
1.231163452754336030e+00 1.126898843084436663e+00 8.782166521958776340e-01 6.611588360854024904e-01
1.267748933594351701e+00 8.906026192571757649e-01 1.159227367085516214e+00 8.155637499353542985e-01
1.152329863325512127e+00 1.025095543427930744e+00 8.806565825303727113e-01 1.036765424911564981e+00
1.068098834676263431e+00 1.010586928996503708e+00 8.708462828584490056e-01 8.797430989988053174e-01
1.108304849345286502e+00 1.082689804945789813e+00 1.017370536634981892e+00 9.840912730167549194e-01
1.080915496515646890e+00 1.186861762491000061e+00 9.965244079290485057e-01 1.031559400205590338e+00
1.209886858784134489e+00 1.040898401535710560e+00 1.177373095516803803e+00 9.322319266762166823e-01
1.123772894607176553e+00 1.256056062025926900e+00 8.531970273575439911e-01 1.042014772684528801e+00
1.117525687935430501e+00 9.744918779879037096e-01 9.960755698238658029e-01 6.224388728085070710e-01
1.139162595457361205e+00 9.396676697175212478e-01 1.123390704485593083e+00 1.001905774932417836e+00
9.954148456273542722e-01 1.021265580436104381e+00 1.268747508514042721e+00 7.326161042690990666e-01
1.218623644278277407e+00 1.262041848150254220e+00 1.119388823091496343e+00 8.392374074134454354e-01
1.099782979319367637e+00 1.064076927648720750e+00 1.209122953425265656e+00 8.205049405432980336e-01
1.040772989387658942e+00 1.109597406194338332e+00 1.070620331390275348e+00 7.871339405203088280e-01
1.179578347460425558e+00 1.122359421546684111e+00 1.089816620086369037e+00 8.760662559836080998e-01
1.224365558372349172e+00 1.010576271643942592e+00 1.087397917910636336e+00 7.937762628548366006e-01
9.072603825540406230e-01 1.259674714174712440e+00 1.257341843761552003e+00 8.942153216262853643e-01
1.022032834943299662e+00 9.578724340743015597e-01 1.064504111334540593e+00 8.520539315568768091e-01
1.099585404373504272e+00 1.226874222059192832e+00 1.214557299855930195e+00 6.948768929595170452e-01
1.038276840152404734e+00 1.057575434401135883e+00 1.151267834398667755e+00 7.790648064567505804e-01
9.756750366026629706e-01 1.094222974997344222e+00 1.162986766409725981e+00 8.975040856629508124e-01
1.028960536218597843e+00 9.448717106542383615e-01 9.267853121722725573e-01 8.358907073970531787e-01
1.078907695996690119e+00 1.042763919383511428e+00 1.024570239718276765e+00 9.796804026077680083e-01
8.794535539875234509e-01 1.016566524298203600e+00 1.139582616311054286e+00 9.113695578596158198e-01
1.050455537923562277e+00 1.114787003921559272e+00 9.876615820947951541e-01 7.409445731118097234e-01
1.033569782692554062e+00 9.431559043410939758e-01 9.938046988124262793e-01 8.883612050614678735e-01
1.053832336387281465e+00 1.167128685685581591e+00 9.799925889775643606e-01 8.895185365447283443e-01
1.148634100839354355e+00 1.120580102926344246e+00 1.089704984476796978e+00 7.913922238775864537e-01
1.111316809144984097e+00 1.027304819221620535e+00 9.290492714324938284e-01 5.308525749415770045e-01
9.735672372340749003e-01 1.113231495287688722e+00 1.126393218444432520e+00 7.001944430491122695e-01
1.041923886731739524e+00 1.175328681643428297e+00 1.106115455186118313e+00 9.845203102552438912e-01
1.162819916031562428e+00 1.173937613841772976e+00 1.157772523002773113e+00 8.116009747860543078e-01
1.008367842724953611e+00 1.188456265270614765e+00 1.120420618120854694e+00 1.081656250561786825e+00
9.870007671105662794e-01 9.494829724058376774e-01 1.050721235516222318e+00 7.239897334919614957e-01
1.079061945257376864e+00 8.379483037590870209e-01 1.029366774060352041e+00 9.781852095578269513e-01
1.083455563324990711e+00 1.049866962908958090e+00 9.439654000976104298e-01 9.761246502436781158e-01
1.152342111189015750e+00 1.014074909292609350e+00 8.913283911787469593e-01 9.855502635416267809e-01
1.176660902124030184e+00 1.014255596699959572e+00 9.169648129562621985e-01 9.198500487528393776e-01
1.037625872505613112e+00 1.246943052774845739e+00 8.874820097128316432e-01 8.950860511573984768e-01
1.024752046110375181e+00 1.042596485947457019e+00 1.164434781658071794e+00 8.432760268051442409e-01
1.003877628250378073e+00 1.068176656718932804e+00 1.024780596075658856e+00 9.658626208919468548e-01
1.010066393316559452e+00 1.172810005843047731e+00 1.097094468994189054e+00 8.728023171548751069e-01
9.544948167865167088e-01 1.080593184578679145e+00 9.402399996437299512e-01 1.002357667364443650e+00
1.111007211236249681e+00 1.122338459568466229e+00 1.062694703782419037e+00 8.779573801683662193e-01
1.135427958738891574e+00 1.224992997115190274e+00 1.007751494718628793e+00 9.113276683774053089e-01
1.249960456167622525e+00 1.167700918491655360e+00 1.125358996141466505e+00 9.906861132880779852e-01
1.050066525398503314e+00 1.036130469570519352e+00 1.278953968813053566e+00 1.032422707297258047e+00
1.124522549181881104e+00 1.044692622035456209e+00 9.897816394023651876e-01 8.263806355196877673e-01
9.577809714638549909e-01 1.110087276189129835e+00 1.166726584799699928e+00 9.073545049225618664e-01
1.070094868506952457e+00 1.000492605211121377e+00 7.206400012723139792e-01 9.645614515124222299e-01
1.171931361674842798e+00 1.004670075526587159e+00 1.028042933355018063e+00 9.700999619984901345e-01
1.036088340857245660e+00 9.107913721722180611e-01 9.359086667538258908e-01 8.145384513289408712e-01
1.061543524051794307e+00 1.064662033130013619e+00 1.067973812011461465e+00 7.291494604196687712e-01
1.133858075844810465e+00 1.019251135660809604e+00 1.004405847847771094e+00 8.455494496014934747e-01
1.019029554660674686e+00 1.128419016417542720e+00 9.936537217202855432e-01 8.476035849690654045e-01
1.026781785367001154e+00 1.130224390294322090e+00 1.306711199101902254e+00 8.948945094271257839e-01
1.008289752842099318e+00 1.129444409893372026e+00 1.085594098684968811e+00 8.950378600792846528e-01
9.806622612779680725e-01 1.151217302179452284e+00 9.092122232472378274e-01 7.821685497358088490e-01
1.108144406438641427e+00 1.036661808655954919e+00 1.087396304298503980e+00 1.001843811248814164e+00
1.144531750946837567e+00 1.017355368416749339e+00 8.159753237516801372e-01 9.821702443666190385e-01
1.024758698654144595e+00 1.062088776530890177e+00 1.180464586411071437e+00 7.061688153767752274e-01
9.235156020871686522e-01 1.123558747592817930e+00 1.224892668493013037e+00 8.207447501981570692e-01
1.042218073819337398e+00 9.765488095874255148e-01 1.121829747974329994e+00 8.760073718936789433e-01
1.034143529346091439e+00 1.014780014035792988e+00 9.707430061014410416e-01 8.494926060481583496e-01
1.044916448319043623e+00 1.115404986456463909e+00 9.804678454094429840e-01 8.466596184321647511e-01
9.548999981253705194e-01 1.065168198734695260e+00 8.387900526519855848e-01 1.010074529400985188e+00
1.125408437930313976e+00 9.942075309693565455e-01 1.167710930792601909e+00 8.538416817978048412e-01
1.119103463039889501e+00 1.007219781493079669e+00 1.140829379787419606e+00 8.058901171270601571e-01
1.072968036244899448e+00 1.118017920662548681e+00 9.041683544956105045e-01 6.555126805608785245e-01
1.183911687537184010e+00 1.117207829207122138e+00 8.205350563294344646e-01 9.891548095331469392e-01
1.059628549124515651e+00 1.009900061058637499e+00 1.055438881682507768e+00 8.174991942680467361e-01
1.101641518964455502e+00 1.250766860753486753e+00 1.197185973295271877e+00 7.983553359023416451e-01
1.223561305137601307e+00 9.654738354260209432e-01 1.046628425903331827e+00 8.485389931468458879e-01
1.094947144173016307e+00 1.141852722149139243e+00 1.211607674204859819e+00 9.526049959122218080e-01
1.144110472836601833e+00 9.658566963410274431e-01 8.960436543407330756e-01 8.220080944581477089e-01
1.131175602506484967e+00 1.149350627414663206e+00 1.067393818382915471e+00 9.082971809308779676e-01
1.078505081976389501e+00 1.002393180850728260e+00 1.166373613434799728e+00 8.294568765116155928e-01
1.007589899448304349e+00 9.916234594130589608e-01 8.111492411504404032e-01 1.070177297327089549e+00
1.037159482359786500e+00 1.146420498245388941e+00 1.169603945740048889e+00 8.529507120939815445e-01
1.050087502683888507e+00 1.025182191472146176e+00 1.253307713601933493e+00 9.232276025865646663e-01
1.092817395488438814e+00 9.910732089512425125e-01 1.085381846266858297e+00 9.792428373138919451e-01
1.054533064896159278e+00 1.095890124823091893e+00 9.605864059484440221e-01 8.212205224541426762e-01
1.200306025745849547e+00 1.056657047204607958e+00 9.812665651933339950e-01 9.439484406420508567e-01
1.080435138647081184e+00 9.466933482467302374e-01 1.163950457095870528e+00 6.911101749326550303e-01
1.192277874916689129e+00 1.176096911165644077e+00 9.975993138363138391e-01 9.702885889062329294e-01
9.199881186169748259e-01 1.195188815366891033e+00 1.075747118334508201e+00 8.140368891745478619e-01
