8.384462557759233547e-01 9.589150607091297962e-01 1.161289975457801216e+00 9.773014329499652986e-01
9.775427751802099330e-01 1.125694028013944914e+00 1.232794756971913763e+00 8.986316610939343308e-01
1.005409696369677475e+00 1.049872436002283527e+00 1.091060233177564065e+00 1.026827539641784304e+00
1.117255147144887717e+00 1.069516538716263510e+00 1.076543604911468055e+00 9.897861155735891980e-01
9.229129502245065897e-01 8.973833435803508785e-01 8.360482455900415388e-01 1.104850299713642903e+00
8.433443433144516277e-01 1.074771033696497291e+00 1.165241001972524781e+00 1.093053325863488467e+00
9.452289482358837702e-01 9.815966227317732828e-01 1.084408371999706633e+00 7.873992348107874406e-01
1.098562268678870746e+00 1.042567347333769101e+00 1.166243710268884515e+00 1.038511592817226159e+00
8.576102906021561001e-01 1.059315065554213176e+00 9.672809802232196219e-01 1.099442505532263414e+00
9.735161852529470305e-01 1.029467181042123869e+00 1.246539126969415268e+00 8.595530947364525831e-01
9.969085736711226220e-01 1.018633656849043723e+00 1.049123099764724953e+00 8.492731009194026681e-01
9.937744842554884217e-01 1.093956470934452252e+00 9.188243149478574345e-01 9.986190454064457489e-01
9.274668614450938264e-01 1.000775212545319537e+00 1.103254352194577903e+00 9.798172603811041714e-01
1.095121483836679399e+00 1.181642207139327549e+00 1.231859074518390385e+00 9.905324171629429353e-01
9.405126613865619767e-01 9.256756287176531872e-01 9.681267424341291061e-01 9.900019663081915944e-01
9.466439992150104121e-01 9.765121393557166796e-01 1.151765028226105159e+00 8.342740248309545859e-01
9.344681974494024601e-01 1.155500072330999384e+00 1.004581345029260886e+00 1.113584137975792032e+00
9.658288253794230505e-01 1.024753058239989967e+00 9.203403895122325151e-01 1.038453001777404516e+00
9.443391100779071623e-01 8.364709099127631831e-01 1.029094865882773213e+00 9.926560246571175528e-01
8.975577867392756648e-01 1.048933242254954656e+00 1.136231634935855661e+00 9.203364514713041622e-01
9.378876423427344733e-01 1.134903780693885977e+00 1.124141315525357010e+00 8.780527222499141526e-01
8.918026726158351236e-01 1.106217885237100518e+00 1.046446552651373318e+00 1.108620593695333723e+00
9.445077898253052551e-01 1.027495081319257819e+00 1.143632844112899116e+00 1.147779103420275337e+00
9.779301717766604174e-01 1.014552333130691375e+00 1.171059227080517795e+00 1.087469388714687790e+00
1.054229889100374518e+00 9.167924560651442567e-01 1.066555987284930174e+00 1.136265457311201432e+00
9.211156724842103349e-01 1.160707167330489176e+00 1.156258370661345625e+00 1.072273134934901950e+00
1.005042660834765789e+00 1.071027108104077641e+00 1.046706158693657240e+00 1.069799053318779336e+00
1.015528256427664866e+00 1.148804893970800656e+00 1.042939294906553238e+00 9.464838648564151136e-01
8.569920206398063955e-01 1.118941802026298005e+00 1.017354665253452195e+00 1.025644425300384244e+00
9.144852795032319959e-01 1.086417861105576144e+00 9.317545096586052900e-01 1.020511292308770690e+00
1.126181431662242050e+00 9.057406681508413104e-01 9.389028767496263583e-01 9.347336451215978448e-01
7.621337671026363614e-01 9.507532134729618223e-01 1.031838790259454797e+00 1.063623826697150498e+00
1.022979328630687634e+00 1.040748401858634820e+00 1.074687984434274490e+00 1.093280569939041325e+00
9.298563373640277296e-01 1.096084952221378472e+00 1.019985740039375033e+00 1.037858746913698393e+00
9.867580763630390273e-01 1.063053030760256146e+00 1.003139335351381112e+00 1.116531975130243159e+00
7.329973631659187916e-01 1.007493201024451279e+00 1.035988402247827400e+00 1.074661680787786011e+00
1.005844453507811487e+00 1.082446080518100207e+00 1.047870091961830674e+00 1.093019653194883922e+00
8.495411334985243368e-01 1.099646224963584551e+00 1.158640543464641848e+00 1.035240048020934944e+00
7.955419715529679081e-01 1.086023770540940347e+00 9.869957004558285174e-01 9.293121901716301370e-01
9.714579734282245971e-01 1.034461499406421403e+00 1.004801537979723491e+00 9.012153068280269741e-01
9.592055734795528199e-01 1.037682116218112238e+00 1.186348776784987402e+00 9.537233717518154297e-01
1.000737609093119485e+00 1.157136343808158996e+00 1.208239744672020777e+00 1.046159629403520031e+00
9.158675640922784300e-01 1.059478312698324487e+00 1.010684693745988127e+00 1.037620382574566680e+00
8.374494160889687233e-01 1.043211982318262621e+00 1.013064535252082621e+00 8.526249728745928236e-01
1.029511373086872794e+00 1.117501629792043261e+00 1.036412445470954236e+00 8.685642767128921582e-01
9.498888038371768872e-01 1.063468060489714873e+00 1.020095295847253114e+00 1.095501487888165482e+00
9.393291554492744222e-01 1.077556041393591846e+00 1.143395410733252016e+00 1.196441106551173084e+00
8.252153126815883200e-01 1.110766441353008283e+00 1.068544988179242816e+00 9.532111041565992648e-01
9.707184215131692273e-01 1.096411981065480434e+00 1.040918968493018015e+00 8.623722102278165158e-01
1.091201277939373160e+00 1.198021760095969057e+00 1.065258469399523511e+00 9.970540944311676590e-01
8.252777322899271795e-01 9.134847107571759661e-01 1.032283692409738052e+00 1.051679956374592884e+00
8.925930087003025593e-01 1.100698433753171779e+00 1.082354799551923596e+00 1.078971230065888909e+00
1.066008584832299988e+00 1.073346152848156931e+00 9.484135048381604483e-01 8.455961320717862995e-01
1.060979684611659035e+00 1.124363268286515671e+00 1.041779203597578363e+00 1.023417546506288467e+00
9.038982902310160883e-01 1.031357902578853292e+00 1.065123761199382901e+00 9.853962799435528330e-01
1.070921596709161649e+00 1.253531471830845234e+00 9.805331049720192871e-01 1.041330484283445657e+00
9.501050658686664985e-01 1.053341027604830504e+00 1.166826523936139282e+00 9.458732700507118674e-01
8.876806405046938631e-01 1.102084993303086735e+00 9.766325383811962357e-01 9.597031561859357129e-01
8.213077790434332170e-01 1.052880434067073656e+00 1.079717333188941364e+00 1.026327340711227887e+00
7.845248259527205503e-01 1.006294379485013435e+00 1.205462457991144598e+00 9.598708268693616485e-01
9.302358365243798000e-01 1.155729942519518660e+00 9.454635867133339699e-01 1.077958753155993543e+00
8.189862896402178016e-01 1.099823866920935922e+00 1.054021624986986039e+00 1.130942559070691855e+00
1.108023253821672327e+00 1.163663199803130821e+00 1.053279764605467905e+00 9.757525556951274215e-01
8.877891235686526938e-01 1.059404177161409777e+00 1.149338906736735666e+00 9.929078660112834465e-01
7.697353719288027030e-01 9.439017941546689050e-01 8.960269780047818156e-01 1.056667102901752031e+00
1.062537894924507675e+00 1.181028983541882793e+00 9.513540736376945306e-01 1.044351433015935804e+00
7.774490482513025658e-01 1.197286873361981696e+00 1.160050413554918114e+00 1.006567901277454213e+00
1.009551239747337625e+00 1.107855419493898097e+00 1.031271213067470383e+00 9.814207875514520119e-01
8.354743125325775344e-01 1.015220609996913437e+00 9.808555215585221809e-01 8.964825674173828585e-01
1.047848548765130561e+00 1.186526139985965900e+00 1.085533098055466494e+00 1.024337124987619196e+00
1.052196607658415051e+00 1.014486120505585953e+00 1.062568197103078704e+00 9.166048603568167641e-01
1.026542949063564469e+00 1.094265737681702877e+00 1.164936960147175959e+00 9.842299265951691689e-01
1.046191296641382440e+00 1.279412258796851054e+00 9.718793972298067629e-01 8.451686319815880921e-01
8.528865341805252909e-01 1.110801179008207740e+00 9.587471809520352606e-01 1.046640580534424991e+00
9.333825574567281569e-01 9.337640867953234114e-01 1.039950597028241885e+00 1.071456134822105888e+00
9.418376890585093975e-01 9.627125814885779675e-01 9.741831982703146320e-01 1.123761918884812694e+00
1.104555160439991690e+00 1.069313375522887632e+00 1.063998002331005610e+00 9.024543160326435887e-01
9.039821511233239182e-01 1.159440947696342761e+00 1.161556079900522453e+00 9.349503879009359864e-01
9.495410498060812277e-01 9.694320409082372025e-01 1.036431906273405978e+00 1.014841800418392115e+00
1.120865667920247999e+00 1.040514802431475649e+00 1.200234207371797757e+00 8.318361383440653345e-01
8.136378516017844786e-01 9.359407723794086476e-01 1.095926130072212068e+00 9.388740821208270138e-01
9.531652388569952228e-01 1.138193950013862032e+00 1.018636928032344402e+00 9.748980743353570233e-01
8.349915391016337063e-01 1.061313480001386811e+00 1.011946187952670773e+00 8.646166968650627060e-01
9.752903061842902455e-01 1.134802167103044157e+00 1.108152009921938852e+00 1.080500976514044309e+00
8.963510844863742388e-01 1.130576816458355172e+00 1.138584596683892558e+00 1.123018352284145704e+00
1.002563154240980303e+00 9.609025224222046413e-01 1.080844295030892743e+00 8.709205353164246599e-01
8.602751751741956054e-01 1.176401814478154728e+00 1.077870365260633179e+00 9.006911479509499552e-01
1.033952558688232992e+00 1.032232080214160019e+00 1.062510053459870374e+00 1.124812297666657690e+00
8.884942068589503084e-01 9.897250678141523705e-01 9.400914907555598665e-01 9.729788554392193589e-01
7.962112193180441722e-01 1.002107393432016158e+00 1.007365806055242174e+00 1.099214685477872822e+00
9.022402813647509845e-01 1.026151145200315362e+00 9.670385046765306303e-01 1.058988186294221423e+00
1.243649318271601301e+00 1.104274124996596607e+00 1.195111476641581572e+00 8.515097971753391448e-01
9.915186792406437410e-01 9.935993415786348315e-01 9.585883740628083904e-01 9.640052987225157244e-01
1.122003285374794768e+00 1.027570034935001875e+00 1.126124813848803141e+00 9.445433983867588257e-01
9.582771132220274657e-01 1.165091183514468831e+00 1.217647251128826991e+00 1.038696335368953561e+00
9.225692518618440197e-01 1.086446176975523814e+00 1.031774214858016681e+00 1.004286307281327950e+00
9.601039800485196007e-01 1.015473576100841102e+00 9.399325735734725962e-01 1.004831048859800902e+00
1.033168162717694960e+00 1.145099258301040424e+00 1.145999760444991189e+00 1.063572831779552752e+00
1.031959529881642634e+00 1.101736518700366485e+00 1.070530705736960631e+00 1.072252318493877254e+00
8.526139948560861326e-01 1.032450421053573208e+00 1.073878440804344692e+00 1.149941356626154265e+00
1.065465108423978791e+00 9.821036452364800828e-01 1.093169171106251447e+00 7.813270002775929424e-01
8.940133992242735861e-01 9.658629368852288399e-01 9.160850994167407668e-01 1.021529896416944583e+00
8.837343537863826537e-01 1.001657743453580718e+00 1.176472170306133824e+00 9.010084763013649356e-01
1.139497563982455608e+00 1.168252658340190875e+00 1.059399956610267424e+00 1.104761483611947925e+00
9.211677903271239254e-01 1.159647197238128369e+00 1.037943544534075446e+00 1.021346016275632040e+00
8.527334232687545645e-01 9.897293530636308567e-01 8.834798941330092026e-01 9.612178038174806760e-01
9.265391612698362644e-01 1.166928636899509986e+00 1.086932385920391209e+00 9.615733837171256404e-01
9.540064643032556413e-01 9.869199061394101635e-01 1.141508927930871442e+00 7.292721840451233950e-01
8.830263222295893222e-01 1.028618688531742320e+00 1.024046870800990661e+00 1.078450320131661533e+00
8.607667267648256848e-01 1.116836319751134177e+00 1.255661708394761877e+00 1.121803176054972484e+00
9.668230390252134931e-01 1.081714155139382294e+00 1.075309309829871607e+00 1.026720801064704203e+00
9.253475105122794808e-01 1.146497629272470231e+00 1.060824229356046811e+00 8.980367012267872484e-01
8.886899990487641121e-01 1.040998992436094728e+00 8.994148955951104529e-01 1.004201783853228447e+00
8.886585720014374967e-01 9.931669957913539237e-01 1.201288798194194429e+00 1.126447921948471986e+00
8.640392398627199100e-01 1.009718317136457433e+00 1.143874129743828627e+00 1.227865290739876603e+00
9.889577758858056900e-01 1.163126096621268646e+00 1.154360967564124429e+00 8.972643337109125206e-01
1.000290717952127650e+00 1.118659923312922633e+00 1.058011474333722779e+00 1.038879493313995539e+00
8.770629918780448175e-01 1.112165427230195291e+00 1.080185293012813741e+00 9.684896561669602555e-01
9.710182522323590470e-01 1.163092244626317218e+00 1.042346274929581984e+00 1.107361616444582531e+00
9.702688965159834700e-01 9.461680207270282139e-01 1.054018242123219595e+00 1.048215082578514812e+00
8.963432768424971497e-01 1.057039425891911133e+00 9.548539528468407145e-01 1.061419527731134904e+00
7.784093844901291970e-01 1.107445790526879748e+00 1.061529769957118896e+00 1.003544119254260014e+00
7.940749341183327425e-01 1.045658192260810360e+00 1.117656655108386632e+00 8.298542179602492741e-01
9.046655310747105938e-01 1.008174715318031600e+00 9.644453422379268837e-01 9.705528216684532472e-01
8.302183942378839054e-01 1.179330707212835172e+00 9.174164162131637212e-01 1.185201620560231373e+00
9.879554693658280096e-01 1.073821790592431658e+00 1.061736157070003461e+00 9.730803282429216772e-01
1.020172876642843951e+00 1.244563512861996735e+00 1.160527713765285851e+00 8.944748306963481443e-01
9.246653029855821382e-01 1.043351721776700103e+00 1.140854102412368176e+00 1.034041576189235201e+00
8.445767173699078034e-01 9.257652896502841511e-01 1.094778893240744511e+00 1.251926945640024158e+00
8.962293163748800140e-01 1.045435961207941578e+00 1.100929404241600018e+00 1.121156558641002610e+00
9.008550796540629735e-01 1.303930543451758295e+00 1.091621378466223868e+00 9.239033585691756034e-01
8.201795696861254870e-01 1.113115373308655176e+00 1.104422289996733531e+00 9.653908686779674175e-01
9.126753104831075714e-01 1.108674502984327459e+00 9.960060224276781060e-01 9.173596495791171979e-01
9.217403483630814964e-01 1.028604787380365648e+00 1.030823659580983875e+00 1.115622775999130178e+00
8.314138486358521041e-01 8.152973286887890136e-01 9.928931665894203951e-01 1.016166906593066521e+00
1.138833993297101888e+00 9.049247694060601477e-01 1.071255746379992768e+00 1.015812299346223968e+00
1.043519633609823138e+00 1.135241334833334115e+00 1.105926034662646051e+00 1.041134959503757562e+00
1.000918024239558113e+00 1.119810418394378226e+00 1.021592974582685054e+00 8.574626780969024642e-01
8.609232901713130826e-01 1.101544675107532623e+00 1.122500624782730716e+00 1.026149224064380139e+00
9.335632030595081288e-01 1.037180699526960348e+00 1.177133651387236579e+00 1.025630037872118594e+00
7.875488843683721152e-01 1.190024336029968710e+00 8.735167758539490457e-01 9.574582815610055420e-01
1.051098265294723388e+00 1.043888946260410178e+00 9.195931472392537831e-01 9.158055520754414536e-01
1.006890828768218560e+00 1.065290500808070195e+00 9.500768858265512540e-01 1.039461669409240896e+00
9.720712299627736197e-01 9.962694089559502864e-01 1.026513290971993619e+00 1.188203921499348059e+00
8.731331550320738932e-01 1.116734169470070537e+00 1.071164316748093981e+00 1.039387989111219435e+00
8.546718854885435590e-01 1.110283443584502594e+00 9.099829318906396125e-01 1.025712709567189629e+00
9.843507077964305241e-01 1.095036678794239826e+00 1.059891298501480339e+00 9.968926879482734593e-01
9.475423770744109131e-01 1.285898843060916841e+00 1.220215998904134347e+00 8.828005308426672970e-01
1.031992344948124085e+00 1.096622364158006402e+00 1.134759556026484706e+00 1.027443550465632294e+00
1.217512149528479526e+00 1.046935730647731377e+00 1.028316175884733674e+00 9.613156380908308707e-01
9.375787923308939176e-01 1.274872434854210201e+00 1.153527494563900246e+00 1.131583922549629584e+00
8.594752008593391501e-01 1.099073728998375854e+00 1.042403536254415286e+00 9.980225094482065851e-01
9.303665409830733646e-01 9.592441579400343699e-01 1.082900085552662706e+00 1.068719389955383070e+00
9.120471147748961949e-01 1.011829191757082080e+00 1.292552436795456838e+00 1.149331192758101805e+00
1.063524300784132182e+00 9.869014136362740386e-01 9.947290379844857533e-01 1.014589732623526697e+00
9.492203119867314021e-01 9.859138544260184212e-01 8.709747808791404866e-01 9.423628973981409418e-01
1.059869249474218345e+00 1.054448471884896765e+00 1.099467152018232419e+00 8.371819539678654332e-01
7.826246065099078386e-01 9.485120897803368534e-01 1.055684592941552591e+00 1.121470036321329689e+00
9.852933288306834347e-01 9.623391726453165429e-01 1.094620992163139350e+00 9.727866360993944195e-01
8.755028956515813476e-01 1.157924098070038710e+00 1.253568641134914508e+00 1.149527904338595752e+00
1.030558887393731915e+00 9.759042437565432770e-01 1.226529762070108553e+00 1.145196007510877356e+00
1.099486519530212147e+00 1.003445895383668685e+00 9.340914190025080277e-01 9.637243191736001302e-01
7.057756407497586260e-01 1.196914198199699797e+00 1.213219144960952400e+00 1.140427812983014988e+00
1.027414535665639894e+00 1.105426496245630164e+00 1.016799341894775388e+00 9.431540819548410726e-01
1.008529360555582288e+00 9.999488450633479131e-01 1.085016603106096378e+00 9.288756909389117578e-01
1.013157882366921836e+00 1.189713340767826422e+00 9.978626854522908429e-01 1.034185683016678903e+00
8.400009166732397281e-01 1.043128219415513813e+00 9.534585657429121008e-01 1.019942690097557003e+00
1.018650856639479629e+00 1.021584643904032141e+00 1.065343896712912297e+00 1.042525420821107440e+00
9.289198099215275617e-01 1.169274141091759756e+00 1.134799624986592370e+00 1.055955897952029821e+00
1.057620679715917333e+00 9.664800508641463450e-01 1.013176602579173746e+00 8.777630474329629617e-01
9.199568899245496034e-01 1.143338970321213788e+00 9.182053350451633289e-01 9.629627092790650211e-01
9.569166383017058131e-01 8.871475532990007462e-01 9.694040501439065149e-01 8.540724918241048291e-01
9.332142143784378785e-01 1.049116037490382292e+00 9.589328304478809128e-01 1.099434737047046751e+00
1.069798981980065511e+00 1.142466651971796532e+00 1.167025243055564987e+00 9.754967359613898603e-01
9.991520890249230291e-01 1.043382612253001662e+00 1.014410025786125047e+00 1.021334481325594679e+00
1.030648107859424067e+00 1.119383926088351355e+00 9.463893558231661896e-01 9.547617453524173126e-01
9.365088757708169842e-01 1.035525064668190387e+00 9.188089165319869300e-01 1.062337263546587973e+00
9.744446027230134755e-01 1.105130473623671561e+00 9.789761697446037747e-01 1.008463965070722557e+00
1.134814068218275462e+00 1.146230412374759977e+00 1.086878543845538170e+00 1.187908243248236184e+00
9.584379157418216888e-01 1.178262553646873156e+00 1.082374329814750791e+00 1.114044219908714162e+00
9.780792767978477853e-01 9.321053804836461065e-01 9.281676024265345104e-01 1.004669152983352021e+00
9.145044340123983373e-01 1.066022392758917414e+00 9.894620838534106122e-01 1.138236884339977717e+00
9.422237181992846322e-01 1.294505122729489699e+00 1.244472053643918441e+00 1.074392105309457612e+00
9.973011600910656194e-01 9.247110407205454408e-01 1.041366702300688285e+00 9.379601459187842938e-01
9.150753790816401612e-01 1.034480725753609942e+00 1.215191656150407917e+00 1.146391304727724547e+00
9.081360860107258182e-01 1.027464684391423022e+00 1.032015788456539074e+00 9.590809482859684598e-01
1.035067447770318116e+00 1.151813557560434909e+00 1.032044663996957823e+00 9.573345757386285682e-01
9.380361755112653910e-01 1.074745526264879514e+00 9.712118064522302641e-01 8.868671268562179355e-01
9.795522474618806319e-01 1.160184724254696320e+00 1.289791144534530254e+00 1.064406051458833602e+00
8.977888654306634963e-01 9.528296176084996016e-01 1.057381979697070040e+00 9.367791240475435988e-01
1.037149852164048980e+00 9.255852197112930391e-01 1.055693881410894930e+00 1.094825742758985143e+00
8.260357274154265239e-01 1.017481525349787308e+00 1.013057421844728578e+00 1.025168576770681517e+00
1.093211452445391751e+00 1.098762621124202310e+00 1.043887986568620363e+00 9.164639444151241321e-01
8.567163466003619998e-01 1.051214844927250036e+00 1.179053541612975264e+00 1.031889554229430850e+00
9.675200101568184330e-01 1.136334835581443992e+00 1.003780007812809405e+00 1.102341890641155064e+00
9.177225671529019024e-01 1.044471079245834044e+00 8.776461539284134972e-01 9.062555669026423066e-01
1.046058213300666839e+00 9.899023091330582114e-01 1.081112464865528144e+00 9.788897194706879246e-01
1.043680494621566091e+00 1.013781560316219243e+00 1.048864889611925033e+00 8.457875747465191107e-01
9.130739652370347681e-01 9.786270718003066138e-01 1.122084668048846545e+00 9.299195444479279038e-01
1.035920570543735764e+00 1.070777546132257729e+00 1.091967440945543766e+00 9.694130772594578005e-01
7.722036359080328705e-01 9.591705983807726765e-01 1.011318489134223064e+00 1.173897670426213846e+00
7.798258761200744793e-01 1.200925281586321614e+00 1.175442960471779097e+00 1.206239715582867911e+00
9.987571674370551156e-01 1.127378223683601188e+00 8.940418809650420018e-01 1.096533974524840360e+00
1.134534539109268492e+00 9.163852135570327295e-01 1.128838964691167179e+00 1.029780363081533201e+00
8.563248626428743293e-01 9.407098182442394929e-01 1.188218999755379590e+00 1.007611459151078970e+00
1.052422150624269470e+00 1.059825114754909148e+00 1.037073285672932554e+00 1.045598781251176890e+00
1.128959373242266473e+00 1.093495434995140458e+00 1.173603548001874053e+00 8.304734029670695072e-01
9.782395795364894342e-01 8.781799735861682832e-01 1.110855121804152468e+00 8.339902951095627959e-01
1.189333740169024489e+00 1.140927336642947099e+00 1.006959379122248199e+00 9.931137028702888836e-01
9.287017596939189934e-01 1.025046031773229505e+00 9.851857800897110273e-01 8.939035428091267610e-01
7.030956095780853676e-01 8.300870769288117845e-01 1.095816828406104060e+00 1.133392282312120081e+00
9.927617636992296379e-01 1.182967274286388148e+00 1.251493643168586578e+00 1.002594193149936252e+00
8.952047840801258261e-01 1.018769241251930247e+00 1.084136596545083320e+00 1.163803070644624738e+00
9.293264210882776766e-01 1.017863945841344098e+00 1.175775762376232825e+00 1.117089605259184770e+00
8.237599849560534038e-01 1.283567145184850933e+00 1.106523506756189823e+00 1.144143291591129818e+00
9.891761993916755591e-01 9.725704327501475399e-01 8.828091557487147689e-01 1.011933844116223558e+00
8.922835281410754771e-01 1.213885333419407297e+00 1.108477025507963454e+00 9.227100001673845808e-01
1.135090284255912296e+00 1.068446154528209124e+00 1.037470215247106475e+00 1.018726140552410175e+00
9.553156707167504980e-01 1.138381001832317052e+00 1.072494260268465727e+00 9.995536640979391096e-01
8.947335587230791365e-01 1.167724497028604702e+00 1.102034108137203150e+00 1.117070209831255045e+00
8.519794736531511870e-01 1.116936494632505994e+00 1.090222784650564991e+00 1.128126468908735580e+00
8.652015742629436401e-01 1.168180639020233613e+00 1.206747513664698346e+00 1.140710316928494450e+00
8.811043093387715963e-01 8.695378808783080782e-01 1.104306185687787600e+00 1.185126314209376197e+00
1.019614945515986637e+00 9.846383953103133857e-01 1.154539042226695900e+00 1.059305499695286645e+00
9.794452625677038116e-01 1.122876079777185065e+00 1.054667193782149459e+00 1.026562713997760667e+00
8.419039099768521606e-01 1.074660641196135913e+00 1.070860303339749908e+00 1.128814339707158831e+00
1.144068195636035234e+00 8.568147990086303345e-01 1.043969432798223629e+00 1.012274765332820792e+00
8.917740069391626445e-01 1.231121780865614523e+00 8.082848100379816936e-01 1.028128289821548469e+00
8.980275781292116344e-01 1.184704788555497101e+00 1.197029074753996669e+00 9.018586911419442798e-01
7.769687690284785564e-01 1.084195554503810888e+00 1.165961406270737077e+00 1.069905083122964395e+00
1.019837673893571939e+00 1.098031039437963985e+00 1.109214141037224710e+00 9.656040345667098457e-01
9.331301499148216827e-01 9.687050420315194144e-01 8.716124832968904501e-01 1.046608848263234748e+00
8.774022876805002147e-01 1.036364854965069471e+00 1.129675939728070455e+00 9.616283406938652689e-01
1.046136754217821929e+00 9.745035681731510913e-01 1.107469167943444743e+00 7.512387168937852966e-01
7.980900863929665245e-01 9.774378776861102347e-01 1.114933805667891020e+00 1.025002708494162640e+00
9.589550454792613587e-01 1.161068512449263901e+00 9.859127172897137470e-01 1.022374262891702079e+00
8.270711261098094846e-01 1.027504949516080179e+00 1.101853286214781402e+00 9.592342954383045184e-01
9.595326148644810482e-01 9.589901226132879763e-01 1.038326630339530876e+00 8.168687227957396324e-01
8.655675726907036127e-01 1.133486269364148091e+00 1.082913244621573901e+00 1.158984900127260520e+00
9.134215887839448600e-01 1.001136071933583782e+00 1.141013236916515128e+00 9.873716802550294158e-01
7.721574889656446228e-01 1.152818723378691068e+00 1.177261444797590428e+00 1.091339884534310301e+00
8.647802833949171930e-01 1.081324214825828633e+00 1.214198141068689063e+00 9.940154818878678133e-01
1.067438411773913076e+00 1.045380075896496397e+00 8.345300496144196778e-01 8.348308854584577388e-01
1.075205955749875208e+00 9.739944630990662322e-01 1.156725226750552116e+00 9.130223389816759516e-01
1.005547760240622646e+00 1.065609799703244986e+00 1.019953612933600873e+00 9.034218824883720744e-01
9.343442156460655124e-01 1.008192664385011650e+00 1.141538645354116532e+00 8.801860144984331447e-01
8.589069476102709766e-01 9.500915504468512296e-01 9.773361228596869621e-01 9.100766773606864257e-01
1.241368794839486256e+00 1.193232540969711764e+00 9.915983351143695668e-01 1.142543923916399695e+00
8.973341933917733382e-01 8.304113147492854230e-01 1.093855430677217688e+00 1.049764845770249977e+00
1.011022921610904124e+00 1.107920456178334012e+00 1.149432984182995776e+00 1.141423885310733244e+00
1.146478231084856914e+00 1.183122211459538109e+00 1.150339219389523215e+00 1.151915617033312689e+00
9.435134056690385185e-01 9.445040818737877597e-01 1.102040797197872513e+00 1.005512861244074685e+00
9.008209136301051911e-01 1.137082325323527598e+00 9.559729872651021587e-01 9.439822122940376703e-01
1.006812093178776513e+00 9.865875234591556797e-01 1.135544756908865027e+00 1.072628714285850826e+00
1.058946134821231233e+00 1.070066285878126022e+00 9.970575029658498289e-01 1.001019855252970769e+00
1.041610286986776046e+00 1.102848504720386202e+00 1.075662462472407155e+00 9.488614101434317272e-01
7.888134783891599389e-01 1.074035931961863533e+00 1.074642064728565716e+00 1.022848171130376072e+00
8.494812521044277087e-01 1.074990172375565267e+00 1.170507984641622867e+00 9.290976423357735214e-01
9.258295410148171811e-01 9.406696128856570915e-01 1.046973611763077905e+00 9.865531224775856423e-01
1.017922357040155656e+00 9.758154185500060862e-01 9.029376354809482974e-01 9.976832039681878816e-01
1.030314864856643586e+00 1.035384276278179083e+00 1.050656328030002085e+00 1.083296244793707563e+00
7.817699001507059098e-01 1.012284293465436358e+00 1.085639101690782038e+00 9.732809342323478496e-01
1.026016055026286011e+00 1.188973949383229867e+00 1.183333027214597877e+00 1.203559305132480217e+00
9.635427119382165007e-01 9.862294090845510341e-01 1.010640725876424284e+00 1.106960429972712046e+00
7.494442967883675477e-01 1.256178411649843119e+00 1.035610501243203085e+00 1.069161788953813641e+00
7.928722857318831752e-01 8.833689736387505542e-01 1.074561434800689552e+00 1.038592061412171086e+00
9.263829948561291827e-01 1.084561628529394417e+00 1.082866124604376479e+00 1.016503224233231695e+00
9.203666589083292493e-01 1.060034933673843049e+00 1.076637632749366524e+00 1.122244062906412099e+00
7.875424399045986013e-01 1.141460032540057679e+00 8.951289252001676244e-01 1.068086965169805946e+00
8.537941987985143699e-01 1.154286851046844031e+00 9.822237933982332914e-01 1.128125472084199332e+00
8.983719824615686855e-01 9.231029861813504489e-01 1.124470321027408959e+00 1.031892836054010498e+00
1.121752100922988493e+00 1.130986542787631999e+00 1.057654972926040049e+00 1.096987249225455097e+00
1.009826270775515900e+00 8.956541051735014136e-01 1.023830324513881118e+00 8.065997804399467341e-01
1.065365941007754502e+00 1.044444305297299591e+00 1.012343908950758209e+00 9.579723688252103075e-01
8.566013466462913950e-01 9.535796757543852920e-01 9.496564212438021180e-01 1.058773408875278044e+00
1.143963458193848926e+00 1.223327886874533643e+00 9.869691286886930204e-01 1.122517918087993394e+00
1.075370763529437390e+00 9.562273435775080488e-01 9.795791549886654348e-01 8.455040523218203541e-01
9.051621093143271679e-01 9.925608156766567713e-01 1.073377312127574701e+00 1.123040408678493307e+00
8.538187621838027042e-01 9.477457867867303820e-01 1.042712300737803188e+00 9.618447796056392995e-01
1.061751170512596820e+00 1.123173205784170348e+00 1.085489352133138352e+00 9.393457179266331281e-01
9.561708217502615792e-01 1.092716980541015737e+00 1.066457372973665274e+00 1.041833390707636475e+00
1.025484793738679290e+00 1.083108499645563327e+00 1.026809333298073446e+00 1.022361066544343000e+00
9.034642815204189104e-01 1.034221588106146728e+00 1.111062774590678703e+00 8.617728058432796434e-01
8.774574750036184811e-01 9.929493078944816586e-01 1.005331436986433014e+00 1.102908957068186702e+00
9.966728565031264253e-01 9.745558623955105082e-01 9.567464841342682158e-01 1.130762591874584277e+00
7.980030601084684427e-01 9.873772149438972967e-01 1.212081806367010461e+00 1.125094178856577587e+00
8.475561433334390937e-01 1.010098440318150992e+00 1.080498690689772667e+00 1.021140430651069630e+00
9.666351290537037455e-01 1.093938136032198249e+00 1.104423345359158093e+00 8.541893909076924141e-01
9.670254061230321163e-01 1.025258249075560846e+00 1.074713504748008530e+00 9.233490078316223260e-01
1.002333457207668310e+00 9.321224195439418159e-01 1.150347811630336725e+00 9.241157115090247176e-01
9.381592331682940822e-01 1.111929578363925808e+00 9.759942863958900316e-01 1.128923794387322044e+00
9.890588995480007473e-01 1.129450859905027915e+00 1.058490485851818708e+00 1.200367350856973436e+00
8.663377253951680679e-01 1.117531459529905069e+00 9.765658007839169708e-01 1.177038674594470313e+00
1.077057635942939129e+00 9.292132774718724342e-01 8.887406376588881107e-01 1.043306276186461101e+00
9.684126501348828686e-01 9.352628109892877628e-01 1.026096689101112736e+00 1.040717264325429881e+00
9.222288586648216269e-01 1.134155982920763028e+00 9.201157576802942994e-01 1.032610121519828672e+00
1.035909275267679064e+00 1.035640644354874462e+00 1.132595632927835050e+00 1.051203809962060198e+00
8.397066056566644399e-01 9.906885821569387796e-01 1.236502495944376667e+00 1.117855121931738305e+00
9.089162349834452037e-01 1.044624810790294900e+00 1.341812936183243821e+00 1.137612342307009472e+00
9.469097340041529032e-01 1.004037244496950976e+00 1.144350558912722748e+00 1.035249605366977077e+00
9.259200740960810139e-01 1.155763065278873514e+00 1.200887100768806448e+00 9.049886577237884477e-01
9.304295194490742604e-01 1.055386636478605977e+00 9.627474893822509650e-01 1.027761509899847825e+00
9.124532927152464445e-01 1.126565837935860070e+00 1.213581438073233487e+00 1.099480461864783543e+00
8.803564339885882051e-01 8.829331322147584427e-01 1.159796011413937178e+00 1.146754995728612059e+00
8.010138322681510381e-01 1.163933753038369101e+00 1.018617865326110650e+00 1.154016021510427592e+00
7.314179915686045419e-01 1.170895925004860727e+00 1.041435132451715706e+00 1.162497381983824463e+00
8.501484719025579340e-01 1.106423562373263003e+00 9.558302277864989538e-01 1.090858360131511606e+00
8.133857830437283276e-01 1.098777160379321716e+00 1.040045088805558571e+00 9.425074785478654293e-01
1.005521341010573444e+00 1.044761735364822419e+00 9.452972685033141920e-01 9.865805547766193229e-01
8.219587508939533160e-01 8.960550518032333045e-01 1.185285949862268096e+00 9.973883673565394625e-01
1.079996879587723724e+00 9.533541255795328073e-01 1.070754300794109160e+00 1.112488277578244977e+00
9.016247429101496014e-01 1.055076635370945093e+00 1.109163708747246568e+00 1.084323809017778029e+00
9.143842595632178938e-01 1.242606142480345621e+00 8.438646229385011743e-01 8.745807534423758467e-01
9.855880085108013056e-01 9.875990593288845876e-01 1.034511256375749033e+00 9.095781986525030005e-01
1.023430109627256224e+00 1.240211483892647459e+00 9.573751368062922706e-01 1.178566568744515264e+00
8.242948334012952794e-01 1.099664118919023270e+00 9.951168264219500958e-01 9.298584550921874525e-01
8.850974597592645710e-01 1.156127674582904996e+00 1.124216858893126281e+00 1.037275570112731415e+00
1.013386993055912066e+00 1.029097847675067845e+00 9.323167565017016489e-01 1.053049032250514605e+00
1.006754048662035883e+00 1.002741880911925065e+00 1.178844361029522281e+00 1.055866830142430990e+00
8.333452243792540681e-01 1.021046120127824031e+00 1.051880774555026044e+00 1.019535930720743666e+00
9.218981900944043240e-01 1.039096072973490159e+00 1.049616859489174381e+00 9.184626944655859271e-01
1.087909248639115978e+00 9.717089535988393534e-01 9.274737997354366437e-01 1.008096408807677147e+00
9.519356919097264891e-01 1.161456304249896432e+00 1.078101188377534658e+00 1.021661281580809932e+00
9.398610079699086794e-01 1.025610283239481779e+00 1.100523825773687348e+00 1.099908093740522785e+00
6.735080981100782793e-01 8.891400728552232291e-01 1.086177605611563957e+00 1.128059079980779034e+00
9.007422240634738175e-01 9.646034768313007657e-01 9.298516573455875012e-01 1.071424677491642274e+00
9.229978251443974324e-01 1.091042411593603711e+00 8.997072478624047465e-01 9.290213610826344448e-01
9.487120289478780943e-01 1.150410377852052246e+00 1.139239047566479535e+00 9.264396809823853829e-01
7.823829725564271920e-01 1.347317896041632546e+00 1.079517442415000250e+00 9.860552550065840860e-01
9.659454959674514951e-01 9.691338130767669368e-01 1.044291112594296855e+00 8.986943673051983605e-01
1.080502491022215628e+00 9.686167284713906867e-01 1.060262137271730687e+00 9.521227475970552856e-01
1.077753654031000208e+00 1.117075707065126489e+00 1.142135787978326489e+00 9.307740041500648376e-01
9.209244525828136352e-01 1.105050560376678037e+00 1.093510403715663326e+00 9.636316854709280344e-01
1.216009928667288520e+00 9.364770795862055186e-01 9.596782136862191948e-01 9.117365102722512216e-01
8.878346347702502639e-01 8.689439575343899103e-01 8.236020009767113237e-01 1.076954666834851526e+00
9.182884793299063153e-01 1.074931335529625276e+00 1.125087313768760700e+00 1.082940505115391527e+00
8.643075260696015949e-01 9.648060447337183376e-01 1.061936361347439961e+00 9.371469592116613567e-01
9.407923134805618037e-01 1.062649476468113141e+00 1.101337815615166749e+00 1.020234437869939947e+00
8.679740466440906133e-01 9.086563897085651043e-01 1.124374574461720400e+00 1.067281262017925503e+00
9.103691641157101166e-01 1.066706378286028878e+00 1.029361084672111293e+00 1.176474409364592910e+00
9.340997976561544736e-01 1.135796430467334917e+00 9.811913419289840510e-01 9.416664114091262139e-01
1.131602703913634267e+00 9.192309209018406646e-01 1.098655594442474071e+00 1.034202623425479972e+00
9.759854804805682127e-01 1.038380195672862438e+00 1.021486706343652573e+00 9.910231955908775925e-01
1.014221606923704888e+00 8.906884666515674231e-01 1.019877220027309628e+00 9.180326623306649392e-01
9.537828636824716710e-01 9.116283730201025781e-01 1.116374579168430969e+00 1.054747458292150109e+00
8.087379658847696495e-01 1.081205871446365263e+00 1.090356005927359373e+00 1.019387505041264408e+00
8.551862298019268227e-01 1.100075544155828311e+00 1.111151240900799309e+00 1.116974243877359330e+00
1.001430826471283453e+00 1.149773750924987459e+00 8.940345198724455322e-01 9.965717936059566018e-01
9.610797917186503225e-01 1.122046525643438653e+00 1.106725323157687013e+00 9.501490126044906948e-01
9.514417523972414914e-01 1.061952880141102895e+00 1.152716079167486862e+00 9.855443393006121378e-01
9.973846506457862970e-01 1.078319390887567009e+00 1.251925122987330496e+00 9.969500363144845334e-01
7.147377618927059917e-01 1.096792063853901933e+00 1.071240312992282506e+00 1.242489582235833057e+00
9.250717565902603079e-01 1.000100591958382079e+00 1.077759967369058103e+00 1.028962119015963683e+00
9.107052144894219881e-01 9.969688996379274526e-01 1.049283013981523460e+00 8.653905083601133308e-01
8.695947092352500629e-01 1.097959094111573775e+00 1.054674333164129285e+00 1.009764914552492732e+00
9.283720177628832504e-01 9.995748200484224633e-01 9.011157191214135276e-01 1.049957813360721470e+00
9.693456051115764138e-01 1.062839852529099849e+00 9.682707689815682750e-01 1.094341930780596162e+00
9.507663604798918255e-01 1.126934163049315263e+00 1.057846571867323116e+00 9.585905569255243064e-01
9.216546739201010308e-01 1.018693668608492864e+00 1.091314450963061455e+00 1.094924144913394182e+00
9.744105450588199657e-01 1.088888739254331606e+00 9.753756302869205363e-01 1.136557405989748082e+00
9.697754425478340989e-01 1.131054465785171104e+00 9.523157791360239433e-01 1.087613924379119634e+00
1.061322299501429756e+00 1.067732552205668428e+00 1.077400679976646458e+00 9.829389386162693532e-01
8.033597301836775673e-01 9.709783368263820158e-01 9.646592138545392325e-01 1.017905653889730866e+00
7.846472663661799851e-01 9.673098342747283862e-01 1.060133613099162764e+00 1.008929062967438117e+00
9.820179351100335463e-01 9.816800652594144250e-01 1.105497466597333167e+00 1.065178732596421263e+00
1.058057460390261939e+00 1.060921004764679987e+00 1.153900805475959856e+00 1.010526289371617148e+00
8.167240051182064198e-01 1.109496576587455596e+00 1.010388282299184759e+00 9.274943073728034726e-01
1.176196005910904008e+00 1.136671140306900751e+00 1.071390945136105666e+00 1.138935978206956579e+00
7.370175462548046452e-01 1.042915379513665641e+00 1.175784053356435432e+00 1.037891206024613266e+00
9.174609474872428283e-01 1.116374348492402024e+00 1.137807244715738353e+00 1.185348305918150214e+00
9.640374584178559303e-01 1.183228871564593110e+00 1.155191484856269213e+00 1.076468609137271937e+00
9.438916278613380673e-01 1.103832161500140741e+00 9.821690601311128255e-01 1.053330077403596077e+00
1.008516278484301365e+00 1.072458334074004593e+00 1.053795178744204142e+00 1.177169401305735441e+00
9.204772679262865909e-01 1.164402695532084531e+00 1.117884764190721691e+00 1.107148551224920618e+00
8.910879995051727009e-01 9.984511045630499737e-01 9.799820228037925407e-01 9.910737898784988120e-01
9.521575993150627193e-01 1.044692454366517032e+00 1.128249079771923125e+00 1.083490237798353517e+00
8.591421402462866563e-01 1.213691603582278677e+00 9.519264152629660636e-01 9.874228040184371835e-01
8.536537109161794756e-01 9.697459995233338459e-01 9.878169736604949236e-01 8.818659628974301334e-01
1.056873103678263037e+00 1.124376193175946392e+00 1.158559894416824498e+00 9.867807353387439973e-01
9.855640765467528208e-01 1.067496430770308313e+00 1.074695178193690426e+00 9.873760174469162765e-01
8.621446395647006655e-01 9.020251075952258057e-01 1.123755612121533076e+00 1.150641752221606362e+00
8.649903251396512394e-01 1.152171697495744995e+00 1.054783470048133998e+00 1.071808767346953850e+00
9.600060954997856610e-01 1.165292276768885138e+00 1.129652619931072355e+00 1.103557720158984345e+00
1.012093804292603094e+00 1.010938019613124572e+00 1.062060459301052084e+00 9.447410544029092305e-01
9.533088559736867529e-01 8.693157993554831986e-01 9.071424277038651063e-01 9.507049545517477496e-01
8.533099484952486602e-01 1.191364747954159586e+00 9.628582465165392845e-01 1.016875594332526722e+00
8.728543426857447995e-01 1.061275488415405199e+00 1.102321478960104351e+00 1.037521872037611148e+00
1.018176523556777902e+00 9.612938591053324933e-01 1.082135074385895956e+00 9.820790063645733481e-01
9.662704502015433405e-01 9.231896203315570482e-01 1.144357055078845553e+00 1.028954243380999500e+00
9.359943956591338932e-01 1.127580157717786191e+00 1.017690365210115022e+00 8.944354124346859392e-01
9.349257921996338982e-01 1.043958926950029120e+00 1.071484090025321745e+00 1.008855328673960994e+00
9.610379854578302572e-01 1.045203360994997555e+00 1.048530484426838827e+00 9.603325025361834077e-01
9.672496315145301393e-01 1.053836832074650731e+00 1.138340148064286961e+00 8.653792682034137096e-01
1.001200504438360506e+00 9.611026912755448182e-01 1.130087411136933229e+00 9.965561576774005781e-01
9.682837868774966106e-01 1.055738336228605911e+00 9.570137659225198545e-01 9.957975676500065987e-01
9.245239213884548501e-01 9.083031213800530912e-01 9.719833113367886135e-01 1.153610636624897934e+00
8.320386157626484813e-01 9.918499795380582018e-01 9.556445326439788612e-01 8.952094884928057938e-01
8.430481115364517608e-01 9.318450079195657043e-01 9.329874396839232809e-01 9.284729896076977518e-01
1.017815510077832331e+00 1.065863636849125662e+00 1.136726111713628695e+00 1.073822736782952703e+00
8.823747294105874772e-01 1.002545019201288357e+00 1.096401485889824556e+00 9.918366181242883606e-01
9.237741527040579381e-01 1.092307739818187962e+00 9.895312596225037671e-01 1.062748160241612450e+00
1.063111989215447473e+00 9.965968124151762808e-01 7.900618931304680403e-01 9.226503655157312078e-01
8.138848822641810976e-01 1.042098174093173624e+00 1.140666168402795666e+00 1.086342463251164459e+00
1.016586129463354471e+00 1.058666415073586053e+00 1.213013493691122102e+00 9.721186415880488374e-01
9.312086213202209750e-01 1.073066606558713776e+00 1.046651795635547000e+00 9.559440636638065758e-01
9.083159303798936657e-01 1.117569477121402421e+00 1.020428638486086115e+00 1.114639920001635476e+00
1.016328337915101798e+00 1.059176677484976237e+00 1.026400594511808428e+00 1.107257165694067069e+00
1.030054246446248323e+00 1.222582433723689688e+00 1.185023162385115736e+00 1.023473792986908881e+00
8.605897379263107716e-01 9.641205877633741705e-01 1.035960535347488110e+00 1.112442966754755291e+00
9.022895261523861121e-01 1.005068990738313017e+00 1.133931959362127539e+00 9.295952003470179248e-01
9.375272545768801313e-01 1.201442326306455755e+00 1.043939043740524930e+00 1.014958156587569160e+00
1.024975677173933342e+00 1.073132940033141747e+00 1.085919631049650835e+00 9.670115918226889207e-01
7.856457577493286548e-01 1.076603158186182796e+00 1.030961641069287671e+00 1.071667298988158601e+00
8.032034698138905693e-01 1.226331561459947039e+00 1.112315595050825889e+00 1.143359940600286118e+00
9.253662120823520354e-01 9.815408171933200920e-01 9.552268749818366711e-01 1.020950380060684726e+00
9.902349997209597410e-01 1.055668780471084478e+00 9.568816779424668129e-01 1.086789243878744982e+00
1.021084033424127346e+00 1.174627719204369036e+00 9.726228135380946549e-01 1.132715515725490896e+00
8.772642065662967781e-01 1.055801067624051459e+00 1.091745411673610722e+00 1.093755234672224352e+00
8.660261591307096829e-01 1.097699661257422798e+00 9.366864128304961401e-01 1.023231997175272801e+00
9.937696985172226327e-01 1.016821993418171477e+00 9.903819401082425422e-01 9.476551138497641968e-01
1.024882183689820314e+00 1.003006715401508764e+00 1.166475225362871848e+00 9.645870704711728694e-01
7.939113938163204764e-01 9.824249130755885462e-01 1.102391659401268598e+00 1.230181967093061823e+00
9.016660816294240766e-01 1.053647500620084054e+00 1.075377470392696377e+00 1.001818204122357114e+00
9.904450968989806370e-01 9.880539616956739435e-01 1.169318874053577151e+00 9.913725905131769434e-01
9.042307452540450097e-01 9.863988789043679484e-01 1.123218286978829417e+00 1.039478081318590208e+00
8.664649951829362928e-01 1.057253095941018683e+00 1.048336818288370997e+00 8.780998033937180702e-01
1.055576735532874011e+00 1.310949544157356428e+00 1.160957839866205488e+00 1.069724955565813707e+00
9.510997556772550210e-01 1.025043222537272536e+00 1.131767146080771225e+00 9.251435224509843014e-01
9.043652720825707814e-01 1.132274674989079521e+00 1.269136302606597377e+00 9.403873720955017168e-01
8.258954344052683583e-01 1.022619811860255634e+00 8.225099514653586574e-01 8.516059371729793881e-01
8.295111555000919124e-01 1.072246647274370135e+00 9.338944105284583408e-01 8.277294217688510036e-01
1.082415883097679110e+00 1.113833758102681371e+00 1.183620473525928585e+00 1.007219858552546476e+00
1.045936198406073325e+00 9.455780869448962012e-01 1.134224803740810694e+00 1.093267080323522711e+00
8.358890497542443843e-01 1.020488532244068214e+00 1.063265059380542388e+00 1.020296609341872163e+00
8.578294837741627932e-01 9.013785626826977815e-01 9.677106044396803775e-01 8.987059296466864966e-01
1.041276491497718615e+00 1.139105078271345217e+00 7.808949719179225646e-01 9.466151030176678249e-01
6.947872370622659721e-01 1.058941951146608496e+00 9.664323195609378914e-01 9.703176497624244057e-01
9.282336338202969994e-01 1.220644909272611489e+00 9.003699996876116662e-01 8.962812679199035903e-01
7.820771373222517031e-01 1.052152878733736197e+00 1.222531488231268337e+00 1.245346977241180264e+00
8.864566607296915368e-01 1.239788421586226042e+00 1.092219750709129800e+00 1.011046932819801514e+00
9.786054726542400273e-01 8.703375946266511676e-01 1.065023172964273623e+00 1.005316950481008886e+00
9.265678909500452143e-01 1.099917967131880170e+00 1.125866697576044295e+00 9.731894874425988107e-01
8.242264145208850756e-01 1.065222544233667357e+00 9.082585235188983530e-01 9.139225106212968130e-01
9.929642770165174603e-01 9.576859308848607588e-01 1.018295567986947647e+00 8.455230705356273635e-01
1.035901044465488141e+00 1.070593194235197165e+00 1.086407296120371679e+00 8.955739541886879040e-01
1.168402778944048537e+00 9.282582799985444888e-01 1.011413893252390395e+00 8.856164480092987290e-01
1.037525049362116869e+00 1.321422272383902863e+00 1.071203255983763203e+00 1.138369381623456800e+00
9.744932913213555370e-01 9.278424427158510346e-01 1.189060048059791708e+00 8.621318586520769767e-01
1.029371220070294912e+00 1.072842377071193454e+00 1.066441735573623761e+00 8.885430051307958710e-01
8.522084956784617971e-01 1.128137858546205186e+00 9.135160139612270580e-01 9.925446241773019374e-01
9.307215320006121395e-01 1.103420624669267047e+00 1.120622824396670048e+00 1.042057717747508994e+00
1.029007040688266095e+00 1.027919936274285906e+00 1.070751315649046687e+00 1.005723552252752340e+00
9.133275582847241170e-01 1.036144437499123327e+00 1.012239834104563085e+00 1.084105467300277237e+00
9.587689898789746312e-01 1.036422351642651618e+00 9.018534321554819710e-01 9.733653384009748333e-01
8.769778483249087708e-01 1.136383503358769032e+00 9.498237804324667355e-01 1.136492689039267923e+00
9.742134789496349478e-01 8.835022621131777276e-01 1.016113381118518566e+00 1.034901599223083890e+00
1.012684654680127361e+00 1.185431962392781813e+00 1.126024881793933341e+00 1.118628523166616651e+00
9.644422075080074652e-01 1.049730788960881789e+00 9.418173781256191646e-01 1.052584200568125405e+00
9.732801922393933269e-01 1.147153690162856288e+00 1.197709680191744841e+00 9.827077558747797648e-01
9.746880031361355723e-01 1.161250008900490238e+00 1.103832311275520617e+00 9.929171665911831202e-01
1.053225800633888820e+00 1.172419967569914290e+00 9.647313390166483149e-01 1.104885140439065161e+00
8.604983337039577851e-01 1.030373510624335243e+00 1.110031844034243598e+00 9.804615207785681852e-01
8.676350325034323241e-01 1.137811378667808571e+00 9.717183998341155649e-01 1.125197279883860091e+00
9.270807886257541597e-01 1.017709819826698281e+00 1.029073131992539469e+00 1.083415336583154476e+00
7.622618162341118220e-01 9.734187506762038700e-01 1.196242336300240794e+00 1.073432395800496097e+00
9.069760292600306251e-01 1.101872256445951548e+00 9.585761449590415317e-01 1.007141858685171032e+00
8.900770423313618673e-01 1.089445846447717470e+00 1.183122043425221648e+00 1.031736056032405591e+00
9.266856454479631688e-01 1.079777785380692245e+00 1.222560377110270657e+00 1.198892675894664972e+00
9.044886472403022015e-01 1.123094783515485640e+00 1.030831337279752402e+00 1.067208322835035750e+00
8.833069151930882379e-01 1.018631489836675508e+00 1.059536198572211818e+00 9.589962130163146581e-01
7.699068155267448921e-01 1.097427042166484235e+00 1.119959413372932922e+00 1.088653085949339294e+00
9.622102529461766807e-01 1.019403151849288314e+00 1.078192342600559295e+00 1.140548314108328354e+00
8.377317176183611824e-01 1.249505992512105479e+00 1.089068146140494298e+00 1.061083544476297380e+00
1.007837676052105058e+00 1.019000225410005012e+00 1.017822227919022549e+00 9.954404630645556917e-01
9.174700280280514431e-01 1.093955630003763169e+00 1.176810546939317748e+00 9.889251297480701197e-01
8.230054086072655650e-01 1.131302249473232324e+00 1.041260197957372791e+00 1.168158575658910125e+00
1.048275985850211978e+00 9.636988725626874919e-01 9.254811480075331165e-01 1.068804888281505105e+00
8.143619093918911256e-01 8.635811085316541513e-01 1.121131939871390815e+00 9.949384874270654766e-01
1.004097829927667274e+00 1.191624174516688894e+00 9.014097204274935660e-01 9.956796391727108508e-01
1.023437031317598889e+00 1.125635722848329578e+00 1.103857181603229209e+00 1.084124831320453897e+00
9.006456463522826139e-01 1.087764290927297983e+00 1.019598956152317770e+00 1.092556742661447977e+00
9.266708572545110378e-01 9.022011261992034514e-01 1.066632093353909960e+00 9.957110992257175441e-01
8.006673225208218447e-01 1.104073844027744000e+00 1.033600929641309563e+00 1.047100853264272713e+00
9.929967484679603773e-01 1.102941386696108639e+00 1.081364531443068877e+00 9.683329416938972756e-01
8.225481581656828300e-01 1.162995928254911604e+00 1.108427084658519579e+00 1.031748937907472685e+00
1.017577367381220288e+00 1.044599074947082817e+00 1.144894998265223895e+00 9.280465523526766347e-01
9.750367525575028838e-01 1.193904354989152150e+00 1.067896031601596629e+00 1.076772384799036475e+00
9.801869478394982238e-01 1.150424045617395530e+00 1.099204328640983608e+00 1.062679982179136173e+00
9.996619780619044882e-01 8.549251377488500392e-01 1.098652729294309349e+00 9.821139086603956070e-01
9.159873770940565318e-01 1.107205567173509708e+00 9.345750324032937595e-01 1.134714401005818329e+00
9.347363854664405558e-01 1.053835587465047130e+00 1.056913030184189362e+00 1.018355854300374563e+00
8.434738879092600339e-01 9.670858390415825179e-01 1.126371313247141126e+00 9.193715416155547882e-01
7.434062409024720930e-01 1.144268864814078634e+00 8.815097049560385312e-01 1.032908577833698605e+00
8.596142308446647062e-01 1.220204653439596276e+00 9.699527109714957129e-01 1.155829272343330549e+00
1.194531415868010260e+00 9.773254689041235288e-01 1.061296287604667210e+00 8.779510676281677695e-01
8.356483197885430370e-01 1.091161910768535970e+00 9.783385611343953236e-01 1.128550129927160306e+00
8.542807575107710383e-01 1.011802257526621673e+00 9.202769996954336396e-01 9.668658757636505729e-01
9.204630533681841253e-01 1.119589574727895886e+00 1.165363134327777939e+00 9.689813909851257012e-01
7.743023004299520728e-01 1.060651474965341956e+00 9.754611148738644433e-01 1.198337067276100676e+00
9.450080876157577192e-01 9.611157252198746503e-01 1.043991761127849527e+00 9.633132878077098615e-01
