1.018039821583530680e+00 9.808599822647064981e-01
1.177125446344072346e+00 8.942511234048009516e-01
1.120516318807609712e+00 1.002497179940005312e+00
7.228102590850378206e-01 1.066188230256224445e+00
9.175469468170898146e-01 1.250875186774449421e+00
9.821032857770098934e-01 1.056094245656447272e+00
1.179736035307813902e+00 1.156995551895801944e+00
8.640256886153628857e-01 1.074774194131963734e+00
1.034682947348187332e+00 1.192131431384396922e+00
9.707600397562791139e-01 1.089204890130263337e+00
9.789866767495444266e-01 8.651317959094579901e-01
9.705081484940127901e-01 1.094300477007652761e+00
1.003968768617641283e+00 1.063986077673465980e+00
1.006775468402614226e+00 9.751737645279542344e-01
1.053176220590741563e+00 9.481174685573380279e-01
9.540777106388149686e-01 1.132027418104301297e+00
1.054657298814024813e+00 1.044347901264816691e+00
8.599816522985270772e-01 1.058439493841821344e+00
8.595024381506388700e-01 9.640893793953285718e-01
9.325694578982868244e-01 1.169757800704984918e+00
8.662149584400288260e-01 1.058961251261691716e+00
9.184249427431208090e-01 1.206153705143826471e+00
9.932299802703039582e-01 1.030637680936865808e+00
7.667018627398640707e-01 9.350416705524666749e-01
9.253107602350932881e-01 8.990921883502772660e-01
1.141867361566961669e+00 1.053568652020268948e+00
9.525862308651446009e-01 1.196281181675169059e+00
9.981086254862033824e-01 1.192603927591711299e+00
1.063364467176974859e+00 1.282146493304312074e+00
1.112934944361472223e+00 9.878705432473317005e-01
9.468382317535316561e-01 9.767499279024092207e-01
1.027027213889313728e+00 8.786200195024679305e-01
8.374693440058539329e-01 1.155223309512686924e+00
1.023299848050950756e+00 9.192285838424152367e-01
1.303869438934964320e+00 1.004584992880046990e+00
1.081981895799007054e+00 1.152915550434154834e+00
1.088131736754228696e+00 8.934990402660257791e-01
1.132679485526943086e+00 1.071801846718461126e+00
9.194547037483630225e-01 1.077622241456505314e+00
8.678314841995146134e-01 9.249198999849626013e-01
1.131561273712953009e+00 9.706154946145222340e-01
9.852951269001295476e-01 1.111669748555143888e+00
1.079133262863537723e+00 8.815138345793785968e-01
9.097159607331243292e-01 1.036967428836525817e+00
1.111498900803249423e+00 9.737981353735526424e-01
8.028453454384147925e-01 8.738810678335376947e-01
1.062184800698744880e+00 8.885775985823227696e-01
8.628740579928255716e-01 9.236769337760644127e-01
1.156485515814816400e+00 1.061218808772852018e+00
1.013892121868419594e+00 1.080894022145419742e+00
1.046000843690586990e+00 1.059605718855875178e+00
9.338701862933103115e-01 1.009228585102891040e+00
8.698403091824251643e-01 9.905795170199094279e-01
8.834946167381599880e-01 1.083518186460588728e+00
8.638389430158688320e-01 8.917004974037249232e-01
1.069656638442447738e+00 1.028668410689800972e+00
9.616666769507358214e-01 1.165505542054634303e+00
9.543980351115239902e-01 9.709400474046077090e-01
8.438347216649074722e-01 8.672148899397598143e-01
1.048602995325410348e+00 1.009957060203232171e+00
1.040704887355887731e+00 1.239108945906135295e+00
1.027667401283205439e+00 1.055610434761050875e+00
1.010645271640378207e+00 1.060757423352242323e+00
9.241183892632334196e-01 9.298336232032200499e-01
1.160079935770029991e+00 1.172990298800111741e+00
1.251920762534948661e+00 9.769508327164737604e-01
1.064763836557517385e+00 1.025285514602767512e+00
1.176341414731916446e+00 1.040506872213498468e+00
1.047918440004296015e+00 1.131798788688907154e+00
7.927027176925162122e-01 1.215127827657888293e+00
1.037649975728208274e+00 1.232472333682802734e+00
1.144052372120296646e+00 9.876409330700980371e-01
1.221090908555152454e+00 9.905373827968514400e-01
1.097401637770703209e+00 1.097402467598255438e+00
1.016350782146975718e+00 7.850169352649410959e-01
9.438714305335144106e-01 1.020373918820895121e+00
1.027289157773541683e+00 9.864662830324602005e-01
1.021635070122205446e+00 9.834809724741409021e-01
9.641432290108528091e-01 1.022005392932979762e+00
1.143814628078418494e+00 9.013084509486073426e-01
1.055679793045570802e+00 9.751184690154949264e-01
1.041322365783220016e+00 1.138967835968850206e+00
8.682618279990096388e-01 9.241169848171101320e-01
8.824019461915079132e-01 1.102559978227188875e+00
1.026246398141390737e+00 1.037501098117763254e+00
1.011440792955843548e+00 1.001895482609607368e+00
1.136076212828843524e+00 1.092774633343118751e+00
7.879399121823525975e-01 8.148752718021511354e-01
1.010614573478337164e+00 1.178535705902432840e+00
1.056144796679324482e+00 1.173663425931673165e+00
9.454258831484421144e-01 1.070990589390896419e+00
1.054270398503821538e+00 1.222945298738130404e+00
9.767187568000261777e-01 9.397508739293212177e-01
9.631600253407924805e-01 1.192263333767306976e+00
1.043927536597593742e+00 1.205801362679874034e+00
9.864930530023917621e-01 1.103969149354416812e+00
9.150645096780707366e-01 1.053732133196177978e+00
1.092307586012310594e+00 1.069920346969585490e+00
8.013829173477813317e-01 8.750364467126245938e-01
9.602834873197569898e-01 9.178286394529053815e-01
8.931363506836450528e-01 1.004331886931720375e+00
9.196239071917226005e-01 8.557909751000444265e-01
9.526488234050588533e-01 9.148717440300766501e-01
9.471925281417681308e-01 1.073282656065998486e+00
8.884635425725639912e-01 1.199884521015219585e+00
8.544995225142141271e-01 1.236691747794475882e+00
9.598922246480151577e-01 9.314922062839762207e-01
1.015932019145530996e+00 1.117693191247555173e+00
9.066993259955324902e-01 1.093441516429393801e+00
1.104210684197271419e+00 9.240245058077355411e-01
9.533426567879408342e-01 1.001275220588426329e+00
9.036200890740432312e-01 1.119193577571970799e+00
1.217540318806721533e+00 1.218324687993129540e+00
1.016967998628063530e+00 8.752296538369731538e-01
9.578859698012636148e-01 7.938124625188219818e-01
9.094543250270044066e-01 8.930907675191129824e-01
8.882704922001687375e-01 1.017301661780009692e+00
1.133204186298218286e+00 9.460821808935113708e-01
9.538702951690462006e-01 9.944893285749852874e-01
9.608149122824120036e-01 1.061125990214877080e+00
1.162794848312994844e+00 1.118891014091874636e+00
1.125684556222714683e+00 1.307796557154937700e+00
1.061403495410390807e+00 1.162529530058245442e+00
1.210298704585620833e+00 8.992676650733369970e-01
8.932033876131909578e-01 1.075517816187519404e+00
1.048119255175815834e+00 1.098430402521772153e+00
9.125147283187132752e-01 1.085549703591937698e+00
1.107797203734092184e+00 9.849908540853019590e-01
1.000058588752605448e+00 8.979308441260018814e-01
1.150192149602521585e+00 6.158907861194613531e-01
8.905727555531708362e-01 9.581328471111688616e-01
8.624630201368334026e-01 1.230505157041581477e+00
8.662615495601939664e-01 1.101998132669132158e+00
1.048458054265519079e+00 9.252510540249594406e-01
1.169114748579111573e+00 7.445304177980088811e-01
1.073043158406577158e+00 9.277204805397060161e-01
1.137767685396278594e+00 9.819380512565089036e-01
9.788745874180289075e-01 1.014484273562879846e+00
1.124729537476745422e+00 1.012729949621359316e+00
1.206695406877952292e+00 1.195752793832747463e+00
8.531048172733990409e-01 1.115542256840528212e+00
1.071777231919242013e+00 1.066936245163309538e+00
9.187610948174117498e-01 7.378731434311969206e-01
1.068167710564423167e+00 9.835009748931309304e-01
9.640004650955243948e-01 1.035246725531139500e+00
8.962767650322018831e-01 1.159673961246555196e+00
1.130540099496450290e+00 1.063157848591899102e+00
1.081438948651295195e+00 1.024649648547820702e+00
8.979739664189112514e-01 1.162874005733733895e+00
9.687768212891185726e-01 1.009777087811813301e+00
1.003128655708913186e+00 8.289071983772398067e-01
1.154925934940230769e+00 1.004262286924326952e+00
9.713526034512781626e-01 9.083103187198824369e-01
1.134721601045882045e+00 1.114157747846067803e+00
8.948136372508803671e-01 1.010138621938675207e+00
1.028500099490560205e+00 9.567886352404316730e-01
9.972005789529166941e-01 1.056297625052768252e+00
1.021197648633021648e+00 9.792207120122582431e-01
1.143895975257146924e+00 8.902621854631787013e-01
1.153659273167638277e+00 1.052022865959681752e+00
1.018550045490335565e+00 7.901520939495885187e-01
8.058309133280372460e-01 1.122765626413460005e+00
9.014772429440206514e-01 9.717679633735664124e-01
1.052362022658037688e+00 1.066326085849753413e+00
9.776518075974821587e-01 9.398313928288564156e-01
1.230908690434107999e+00 1.179110989615145488e+00
9.793665723747978502e-01 1.275756718108218779e+00
7.630683778233217085e-01 9.567960353602062984e-01
1.110734162269428893e+00 1.204351159355937950e+00
1.040139345437814944e+00 1.089266462314400608e+00
9.110593321156742475e-01 1.225466385922437507e+00
1.014075570458272679e+00 1.237041996875681837e+00
8.971383842863071001e-01 8.228839994785717149e-01
9.220822078532777688e-01 1.062024586966237694e+00
1.028966525975009372e+00 9.517075238035715978e-01
1.032872946042379336e+00 1.029618388423625852e+00
9.998797941012879109e-01 9.752511840420536871e-01
9.035246923263946517e-01 1.052514538986505599e+00
9.493131789181539215e-01 9.716716776576332926e-01
1.024679873769445582e+00 1.059972463500090001e+00
1.217177546438024116e+00 1.006546640778946511e+00
8.475027014782550161e-01 9.051222673491119419e-01
9.013483013235886743e-01 9.452975195982561418e-01
1.059549163855605824e+00 8.816488977823966344e-01
8.684851829239040866e-01 1.004712181517562586e+00
1.060014178013690467e+00 1.127116807835172096e+00
9.957860998871295166e-01 9.299376022309907563e-01
9.434126893823265858e-01 1.148348349011284908e+00
6.771320381788651366e-01 1.094851669195323840e+00
1.002830545026687226e+00 1.181499515729469429e+00
1.039043160420122236e+00 8.920598221931307359e-01
1.106941941396638596e+00 1.108348108883667305e+00
1.143464052798641717e+00 1.121180092501106618e+00
1.052309800483519853e+00 9.693524876645878141e-01
1.095182734270048641e+00 1.133486827416056109e+00
7.854965692005932976e-01 1.024045723238945715e+00
1.006917753497021062e+00 9.120282864842964576e-01
1.201876277944323501e+00 1.018723114303376587e+00
1.149849286466140708e+00 1.034416727274866110e+00
1.008913626251938478e+00 1.159310491321088987e+00
9.446792111738900877e-01 7.564732005021055361e-01
1.133461742574384701e+00 1.218934360502920144e+00
8.977944092405507615e-01 1.050268113499186473e+00
1.003329344834028136e+00 8.346040331762845099e-01
9.890090956370051201e-01 1.168064728741173841e+00
1.192793906455306141e+00 1.081744619425128562e+00
1.185653231154491838e+00 1.118448989800260973e+00
9.725025886242587569e-01 9.034796569983132297e-01
1.023353038479135613e+00 1.057359602822123046e+00
9.833579917312120777e-01 1.016844550196751129e+00
9.733668017424413899e-01 9.697803837643135250e-01
1.167733046514208617e+00 1.064002906532033554e+00
1.064456290316390108e+00 1.131189032393664418e+00
8.940604008376877854e-01 1.180476947598575910e+00
1.084651914564769060e+00 1.097691892236249078e+00
1.040667486091289007e+00 1.058492470029537946e+00
1.073745297074807370e+00 1.029867485889520484e+00
1.011348633176287093e+00 9.265610862233565337e-01
9.958806332882570445e-01 1.027980250232719106e+00
9.546793216085508460e-01 1.243479696109654142e+00
1.041672935959933266e+00 1.046840048263582235e+00
1.026273713081606420e+00 1.042652089904849921e+00
1.010737762557798680e+00 1.022905051410373023e+00
1.100551372321338706e+00 1.000020369967571376e+00
1.025459231511702152e+00 1.075373436558578755e+00
9.772278285231269512e-01 1.073744329785041529e+00
9.956941857236093485e-01 1.004736189232928512e+00
1.037401616510635671e+00 1.126393753006761811e+00
1.051312532175384673e+00 1.057872527503170845e+00
1.089428300597134580e+00 1.110418665284224948e+00
1.097313267911849133e+00 1.221563186085917518e+00
1.131827143360434107e+00 1.013329734520711733e+00
9.712331861857574911e-01 1.168469297435479559e+00
1.060061222371514233e+00 9.627117306246062434e-01
1.087297823815088105e+00 9.055605178490538920e-01
1.071024715650520376e+00 7.539796491179470150e-01
1.040378380238382139e+00 8.667171149526508023e-01
9.923176224181706750e-01 9.763995582606376233e-01
1.080912878333429639e+00 1.097318850649688038e+00
1.159757729894208556e+00 8.664268758310171847e-01
1.110841839524593144e+00 1.031286669069185979e+00
8.444683304407184510e-01 9.388264406815489682e-01
1.068237272495205614e+00 1.172840824567158435e+00
7.276720340826441369e-01 9.114921187909987843e-01
1.218789649710687817e+00 1.048569107863953409e+00
1.274705773628381777e+00 1.121574207976114845e+00
1.080897745219424610e+00 1.110334729564975031e+00
1.116304250397473607e+00 8.863139239510852141e-01
1.226850980784687462e+00 1.030564491226399371e+00
1.080396402801033773e+00 1.126340141146983775e+00
9.303055454565515303e-01 9.726694031855093181e-01
1.203737419132137276e+00 1.142072559317826252e+00
1.089376006633699046e+00 9.582377176120030482e-01
9.411907618456142322e-01 9.529863090926166125e-01
7.488737494342543322e-01 1.051398447766640931e+00
1.105553308997656359e+00 1.082876305011116980e+00
9.744524668113787591e-01 1.133966204254942767e+00
1.076147202798568348e+00 1.115218304160054963e+00
9.627360182970938762e-01 1.027654351308021186e+00
1.018419413792158501e+00 1.030883269501829735e+00
9.885445602258694509e-01 1.105408622705154720e+00
9.278620068340912574e-01 1.038404378730873656e+00
1.059095898342250486e+00 1.120967411269014447e+00
1.003393958095517569e+00 1.100407687519873390e+00
1.195310728605969208e+00 8.446075239163575166e-01
1.079567273190350951e+00 1.108761234997390765e+00
1.064082339629377927e+00 1.042023788778043691e+00
1.016342725527644930e+00 9.355609602302379368e-01
8.402614920960845835e-01 1.045184456950592145e+00
9.984988821322536845e-01 1.094161233524542087e+00
1.029188726361796258e+00 8.765897438363239313e-01
1.180710606423633680e+00 9.891869505201835722e-01
9.423467192762065014e-01 1.069566014010493893e+00
1.013095989335489611e+00 9.486336598203505277e-01
8.304302983832057006e-01 8.983697808824319120e-01
1.150520480756099140e+00 1.018310282611102346e+00
8.979934538385898612e-01 1.007871463646148325e+00
1.066611327432033463e+00 1.038025220655494074e+00
1.131076485369092666e+00 1.132182432605909783e+00
1.129738660754833646e+00 1.179925536123420660e+00
9.366532057556925528e-01 1.117727830563974400e+00
9.617835216219943195e-01 1.160511703602303824e+00
1.250959034791024660e+00 1.340393551993373622e+00
8.773897747471970376e-01 9.539767449171879798e-01
1.220022060857986590e+00 9.762082804138443315e-01
1.129942914753506500e+00 1.162949933019172821e+00
8.850950393039695996e-01 8.905842052454687741e-01
1.023859760778297545e+00 1.057364636309322981e+00
9.745934728106254719e-01 1.057703041687477752e+00
9.574373695215349089e-01 1.000670659316857503e+00
9.871955962063855283e-01 1.147969381443414649e+00
1.020605649236431489e+00 9.177599602262854761e-01
1.005410150944510139e+00 1.112266416207314590e+00
1.094944124540845110e+00 1.011860540998083646e+00
9.438697465256649100e-01 1.130860773564026589e+00
1.024757833256495054e+00 1.216053362058535425e+00
1.221652848911684686e+00 1.167511639288031811e+00
1.191015325224207055e+00 1.059454843076605757e+00
8.035925440382103435e-01 1.120009117367855023e+00
9.956479579807027136e-01 1.174529319550600137e+00
7.158049033995687038e-01 1.203659766806617348e+00
8.212917097398554356e-01 9.455234682922231126e-01
1.017977813654062258e+00 1.113695995472782752e+00
1.044096347527330826e+00 1.124729484242134481e+00
1.250496594394464811e+00 1.036324589981356015e+00
9.720914355583962774e-01 1.029325674788039491e+00
1.079230293674310337e+00 1.157999906129445922e+00
9.078803821272605212e-01 1.029653343259940401e+00
9.302421285358417613e-01 1.019744566464179991e+00
1.062327315663291305e+00 8.610877151285382114e-01
1.066636634302767339e+00 1.053388920380674554e+00
1.140991705300765879e+00 9.883334622361170663e-01
1.219146515910641604e+00 8.810639283869221572e-01
1.153297830695889425e+00 1.030899552132535257e+00
1.064305011401431855e+00 1.037067707048498599e+00
1.039059286724292042e+00 1.075260744493142573e+00
9.590940620009344997e-01 1.094984079013149536e+00
1.055482065330310526e+00 1.081195473031768550e+00
1.009449939692568021e+00 9.566572007878195727e-01
8.755370714646210084e-01 1.308273982851150485e+00
1.075737818707747318e+00 9.511331773504821951e-01
1.026971564771489431e+00 1.039143008807234203e+00
1.031859174082470521e+00 1.072885512684939924e+00
7.472597682986479306e-01 1.008245772584021926e+00
1.176234354993799247e+00 1.039005603199312677e+00
8.717629049762894988e-01 1.044956567073787701e+00
8.532021433128854637e-01 1.047077852865824887e+00
9.403283619471078936e-01 7.654513621463779893e-01
1.315004954716928465e+00 1.105533689900040972e+00
9.935996960105001330e-01 9.037546645975957915e-01
9.917177197207792672e-01 1.176140498248186894e+00
9.566006309490413528e-01 9.501712738230433386e-01
9.090743185563557871e-01 1.183813455814394233e+00
1.173137309890782243e+00 1.045261661748814186e+00
1.077102375394914269e+00 1.028086200803186578e+00
1.154901920116089498e+00 1.121501975972393872e+00
1.019277375675173403e+00 8.242285099343269472e-01
1.199041007621669319e+00 1.084039182424886061e+00
1.004272924995687211e+00 1.014749000374053356e+00
8.726039331215603712e-01 8.475519222687897258e-01
1.136484341670543241e+00 1.072812534383139838e+00
8.674645482998498691e-01 1.080197219977597101e+00
9.572575241641144705e-01 9.629238478179862337e-01
1.000109744091531860e+00 7.974083073574740332e-01
8.259223194694353953e-01 9.373454971056645046e-01
1.058489777702285251e+00 1.016874303369212251e+00
1.211406454669472943e+00 1.190564853116329092e+00
8.717648745498948193e-01 8.276953161049103169e-01
9.110208754104880402e-01 1.012094998262719647e+00
1.103316033209125857e+00 9.881114769332052239e-01
9.311774158535560675e-01 1.117899165126191363e+00
1.108758992968491341e+00 1.106219389851818002e+00
9.437359004686264319e-01 1.144554513559679521e+00
9.789242579392237742e-01 1.107227309522817560e+00
9.843132851660548743e-01 9.401840121823081819e-01
1.020111187468071945e+00 9.597219736926801970e-01
1.133762793956765380e+00 1.007185639907146824e+00
9.786957715092826637e-01 1.261691511297870161e+00
1.028594545393119342e+00 1.004273701924620621e+00
1.191631449684791955e+00 1.006720190792481429e+00
9.646857906450407860e-01 1.156863712673449784e+00
7.927682436734119209e-01 9.206152090392974996e-01
9.319710047814212528e-01 9.757168697989958561e-01
8.544392449013986646e-01 1.128151593954489051e+00
1.022078696355737781e+00 1.141238777440619412e+00
8.895062922291763208e-01 9.564795279980634612e-01
8.656556613337617057e-01 9.607086924733592159e-01
9.031408987966665913e-01 1.097878230259671239e+00
1.224054998908236325e+00 1.129224856958847223e+00
1.170737361821037270e+00 1.031451505811809444e+00
9.559204439437061218e-01 1.136381621689448007e+00
1.045085180702692185e+00 1.240301786161017716e+00
8.712869289088136515e-01 1.294569979825593187e+00
8.562680448917462384e-01 1.089874875445483005e+00
9.849296872102736300e-01 9.342134220327029670e-01
1.177720758671252588e+00 8.906915771029524365e-01
1.162185989187512147e+00 9.999480335372513684e-01
9.545341035299399479e-01 1.123969121215816935e+00
9.691066280788137588e-01 9.158229315171436680e-01
1.062823165843522544e+00 1.237529439470841597e+00
9.817660220424760942e-01 1.250883266927096615e+00
1.052340538633414591e+00 9.690777308020196434e-01
1.016257091554143566e+00 1.000414102945101691e+00
9.365082605372434532e-01 8.375310738746475359e-01
8.368044201488928913e-01 1.284229944848677807e+00
1.121006603656133471e+00 1.302883460978368158e+00
9.600538135185745503e-01 9.303335199223727869e-01
9.573865931267176999e-01 8.848752612036646648e-01
9.951268924384272241e-01 8.550525645407379693e-01
7.546340600240298846e-01 9.300879252930496222e-01
1.045925740259823655e+00 1.170014960299488926e+00
9.732332454352307094e-01 9.284557692315541511e-01
8.563140473502268701e-01 8.535277386491229024e-01
1.053313772017134387e+00 1.289320429549913216e+00
1.151205276936335231e+00 1.272282360940095725e+00
9.810402396125991187e-01 1.057506133988577846e+00
9.841767265569444367e-01 9.610375651700456823e-01
1.152658123335586149e+00 1.046741303555167146e+00
1.108025115274628325e+00 1.243802420210326387e+00
9.513052893605511429e-01 1.181872666667861616e+00
9.897434918131939874e-01 1.043959109956936970e+00
1.064033776141105170e+00 1.073252127068906825e+00
1.104617656111877677e+00 9.250929821385019958e-01
9.554110805740181345e-01 8.360640589993588723e-01
1.015584813969907962e+00 8.382423944944213945e-01
8.389464064330175441e-01 9.571176946101953575e-01
9.461217930944981758e-01 1.337220963905392024e+00
9.121278384199000833e-01 1.018734220905481713e+00
9.099579493511000816e-01 9.039936978344603746e-01
1.044867628641887869e+00 1.017896819552466914e+00
1.084298262539840518e+00 1.089227235786112136e+00
8.521930658425896921e-01 1.022324941825631939e+00
1.090469282060192446e+00 9.944727237484076721e-01
8.991289553924726174e-01 9.052521740152005281e-01
1.067044324580405323e+00 1.123682472448990444e+00
8.382662662124220621e-01 8.934625809960548004e-01
1.012164265573540112e+00 9.663468971202467950e-01
1.112036628374841296e+00 9.602975898406973521e-01
9.395987848571415446e-01 1.020159782402117576e+00
9.970323243260165169e-01 1.024557920580854375e+00
1.053249472459575120e+00 8.436074672459265011e-01
9.581781681573113829e-01 1.089159937254210675e+00
9.592352730382592840e-01 1.117689351164025791e+00
9.443684599462500717e-01 1.170839706898463506e+00
9.107007485291490623e-01 1.052030429165532688e+00
9.825054570925830788e-01 9.646485615713025208e-01
1.093001019085581227e+00 1.133706773172586280e+00
1.089399040337920788e+00 9.114189542607937788e-01
1.207798033978697783e+00 1.112539199115237132e+00
1.380904184018040270e+00 1.153049260596377801e+00
1.038620808458645461e+00 1.095187853469216988e+00
1.068329400550485309e+00 1.139894954582834075e+00
9.602165837971406992e-01 1.068291399224744920e+00
9.150605268464238051e-01 1.061164181465110712e+00
9.998204088041002802e-01 7.964948155259721219e-01
9.107801627561735724e-01 1.193529337095870169e+00
9.869035769969065619e-01 1.016702743206060466e+00
9.944450706565621800e-01 9.509654225947397066e-01
8.841415775458779658e-01 9.994456384212720979e-01
1.022728294814257088e+00 9.767697067672433953e-01
9.150357062966443245e-01 1.082801149926188033e+00
1.093712022322595123e+00 1.034756172923142481e+00
1.036343181570326566e+00 1.146005436324176729e+00
1.060264579946247787e+00 1.032188734779803330e+00
1.018867727955253155e+00 8.495753472415863428e-01
9.697956485238834468e-01 1.046606525982298752e+00
9.089281346830220265e-01 1.058798784604003895e+00
9.726809846691122363e-01 1.081303044502767152e+00
8.915794766647183733e-01 1.054110995985074739e+00
9.912864371576441958e-01 9.790498736463065788e-01
1.065597602076698847e+00 1.277231707503121427e+00
9.985584296585718889e-01 1.044533062234277443e+00
8.097058310234930278e-01 7.238747727149854594e-01
1.007122920979925063e+00 9.470162997669329119e-01
7.233872638828338086e-01 9.610882431371486900e-01
1.035900561223279670e+00 9.494989740197263828e-01
1.059145300399534584e+00 7.994473213837800518e-01
1.050840365298303603e+00 1.111242599432698208e+00
1.011579450003454506e+00 1.103974098457861208e+00
1.180075164663437759e+00 9.603318995217313692e-01
1.042387418809378463e+00 1.001611383515875309e+00
9.465058724683511615e-01 1.060714376727715402e+00
9.709697662123798478e-01 1.098506625249855206e+00
1.038777965165066597e+00 1.177445800490058758e+00
8.506092910559582831e-01 9.422024565594609991e-01
9.506287432251232516e-01 1.029522704056724525e+00
1.050676203515558127e+00 1.182450036778003533e+00
8.262429645255174870e-01 1.119754521730312424e+00
9.760449930153617393e-01 9.444053104345200289e-01
8.019040174069403948e-01 8.613039965098647777e-01
1.112223659303617884e+00 1.085068874426171837e+00
8.405699506379645802e-01 8.704329245542025140e-01
1.101995944562079055e+00 1.015269506689120638e+00
9.355113046101299901e-01 1.059954819683383231e+00
9.797343604918403726e-01 1.346911083064356029e+00
8.067079308622278067e-01 1.100137799283441131e+00
7.814266280276084276e-01 1.060053926410015723e+00
9.790555719519700162e-01 1.090512436717201439e+00
8.795074256480494013e-01 1.084030225959931482e+00
1.028026248232553508e+00 1.007353314233588426e+00
1.095877583438575664e+00 1.158064151527791852e+00
9.491785488810710048e-01 9.137449431297857139e-01
1.117666049104440784e+00 1.038755930370397484e+00
9.729859026865754767e-01 9.766097709490334511e-01
1.040529584862496693e+00 9.059534230850769809e-01
1.062097565042138703e+00 8.017303008359603078e-01
9.717482243043019663e-01 1.002837845894885671e+00
1.096456040496588624e+00 9.269739352717693004e-01
9.666762888157974798e-01 1.145291809662735361e+00
1.031627840037616428e+00 1.210954063195352148e+00
1.054758782615529800e+00 7.091204202064333995e-01
1.068691212257926182e+00 9.522214264078784351e-01
8.827499350503698050e-01 1.101786811873850080e+00
8.017180534784555945e-01 1.090010739678556773e+00
1.093400383722404667e+00 8.915226007237119221e-01
1.109446555404310919e+00 1.029639777658662547e+00
9.467685735196023078e-01 1.068943777919318050e+00
1.176319281259430527e+00 9.139463471249710258e-01
9.588320125758855728e-01 9.320948888875106864e-01
9.906245961702112579e-01 9.583285918372269618e-01
9.013096871413460720e-01 1.053357870738267810e+00
9.052146986572773280e-01 9.172080206994600582e-01
1.100628325597035717e+00 1.160031904108758338e+00
1.009063474760461210e+00 1.042626857820349473e+00
9.617039650849124044e-01 9.194006698438501601e-01
1.061804524274623462e+00 8.464350195522647446e-01
8.017478946308058685e-01 1.056881346615619055e+00
1.039365998431347249e+00 1.110774177889735537e+00
1.055186867284549912e+00 8.810621017653489373e-01
7.486718428275515036e-01 9.423653703381755786e-01
1.070959414908319696e+00 1.134576500265159549e+00
8.269418333215855510e-01 1.209937177178690204e+00
