1.118799817222639215e+00
8.908390347333542403e-01
7.686146329174660119e-01
1.085392020924110579e+00
6.165668462899560609e-01
1.138893786735707181e+00
1.179125694211333286e+00
1.269647239957933271e+00
9.173944974950528630e-01
8.900606838698060796e-01
1.030269591583719002e+00
1.181105872208924712e+00
1.086628673284682600e+00
1.062773074745342550e+00
1.044251061686937820e+00
7.912892459314682103e-01
1.065951227570585802e+00
1.108525273317482629e+00
7.355442522542550154e-01
7.629705868146389180e-01
9.846343124580855255e-01
1.151002852223676154e+00
1.030194707326888448e+00
1.011991016390434872e+00
8.381380261258101205e-01
1.078284763576093708e+00
1.105243212362698291e+00
1.173412963324071079e+00
9.388897671394496047e-01
7.318898674010877459e-01
1.112130973685332425e+00
1.028457924408742397e+00
9.867895153478396519e-01
9.331192161566718157e-01
8.373521735737047278e-01
1.080845776054876639e+00
1.057131528391889841e+00
9.960312435253944052e-01
7.868236734201425886e-01
7.894476297667651910e-01
9.456118680269671728e-01
7.817784303893868803e-01
8.976835339909292610e-01
1.257470519309043411e+00
9.947556654697568002e-01
1.106288244116389929e+00
8.430898986796394601e-01
9.451741649293242675e-01
7.915331655794117793e-01
9.243143949783358959e-01
8.066761475333774634e-01
7.475506528369045833e-01
1.130604325389444220e+00
8.180699232766375228e-01
8.828348816632310969e-01
9.546930394399031350e-01
9.992371164228546210e-01
1.271409606899628564e+00
1.035562157956965379e+00
1.072487445797476457e+00
7.769207836422434843e-01
8.570701100424643615e-01
1.087103495882408621e+00
1.011337820415041167e+00
8.054467653705810193e-01
9.905564610599849606e-01
9.708396134032226676e-01
9.329703728279121755e-01
9.893315255825739785e-01
1.039156122283421801e+00
1.052550341954116453e+00
8.993782600123541027e-01
8.720329830019835082e-01
9.785935680753895527e-01
1.088875292183605348e+00
9.322627812193495789e-01
1.066615865475362135e+00
1.033145514271369914e+00
9.496375050770449189e-01
6.646688752324453331e-01
8.532333888093213137e-01
9.517442459893349360e-01
8.326043668129156083e-01
1.004758104365697458e+00
9.235866695145378280e-01
1.038107282331246717e+00
1.156943176507406523e+00
8.560095781266108261e-01
1.109228492360063045e+00
1.163955717047694183e+00
1.092552875112866584e+00
1.109767257215324543e+00
8.864014764233751897e-01
1.113950339026874126e+00
7.955065611640326217e-01
1.088132782637695417e+00
1.150150849918757601e+00
8.116449840865813670e-01
1.080125493333257136e+00
9.916720878564890818e-01
9.918036984955943547e-01
1.005521917438640944e+00
1.033935395869968854e+00
6.984395202561887173e-01
7.713390760372357269e-01
8.323145386679937641e-01
8.405570423701518301e-01
8.883794391237562760e-01
7.016287540957877322e-01
7.979520982321424150e-01
8.774624325782777179e-01
9.400234809838409200e-01
9.313614389152519157e-01
1.026360709950327577e+00
9.056349453601109101e-01
9.778513491735845164e-01
8.537313810318377660e-01
9.920505528767864512e-01
1.245798699422589806e+00
1.022026481384397112e+00
8.681982116783811820e-01
8.489198540392048908e-01
8.324469362461831556e-01
7.027157986661398681e-01
7.310532904578096458e-01
1.011473505216003987e+00
1.093081112095606322e+00
9.929771902164754582e-01
9.969327320836040007e-01
9.086781658328216826e-01
1.022244538698899197e+00
9.186076799180730168e-01
1.059499843657923712e+00
9.112497783512647498e-01
1.244046144840101009e+00
1.058291557360562685e+00
9.695170346896294644e-01
9.124527302874966272e-01
1.047536598130776708e+00
7.155565100968934722e-01
1.122628353269536916e+00
8.947841629705727273e-01
9.527729300551958103e-01
9.555995731902112711e-01
9.246835313995133143e-01
1.035119120096495315e+00
1.012687223596374197e+00
1.043945786250963570e+00
6.935243992575630401e-01
1.212665865690526257e+00
9.647616290333416167e-01
9.715769305361662278e-01
1.183919130788828822e+00
7.972186177908698879e-01
9.595666097817260320e-01
7.083542089189753810e-01
8.767351179982495468e-01
1.087810883593067990e+00
9.385180083649560245e-01
8.549316510219647780e-01
9.309841506789486854e-01
1.222878865860715036e+00
1.018307843033846138e+00
7.021848877140270950e-01
1.040791488206460169e+00
7.710300665135282339e-01
8.515022767848784424e-01
1.282347414266257868e+00
8.476238973358469764e-01
8.711223146739399681e-01
9.330493291773839237e-01
1.193723143261687047e+00
1.010393843232108013e+00
8.840153962343265670e-01
8.310600276709491085e-01
9.879185149060676352e-01
8.477113793885546755e-01
1.175980593962604459e+00
8.371312601579613544e-01
1.012669740184727774e+00
1.037792854312015178e+00
9.398222550835876321e-01
1.203544120528512007e+00
5.418249402815329407e-01
9.344767896075835134e-01
5.983882818976661300e-01
1.193818141606428851e+00
7.406968665622709613e-01
6.740567147407242610e-01
9.828694934497564928e-01
1.079544307186802055e+00
9.825349801070816236e-01
9.740448896977875748e-01
9.803333811954412225e-01
9.879899381042182016e-01
9.801222410208696445e-01
1.044249073765298519e+00
8.556693466317752961e-01
8.690479728419653327e-01
8.889691918061860543e-01
1.193012618412113035e+00
9.335307440922110400e-01
9.038969567456625054e-01
9.555303219388135982e-01
1.229285493744276536e+00
1.138173496835559684e+00
7.404772090174414068e-01
1.108062828717356618e+00
1.292414741641195297e+00
1.158488469510430052e+00
9.961278186367971132e-01
1.188944798270953340e+00
1.000693048346616765e+00
7.153793840855716679e-01
1.096085193889557718e+00
9.724017386019899734e-01
8.886777986653309203e-01
1.166787570507028304e+00
9.468803174005989698e-01
9.422665469321571674e-01
1.222265632647395295e+00
1.269448003962268867e+00
9.724619127016485010e-01
7.887663877205625118e-01
1.385157178331237526e+00
9.542131268344792305e-01
8.775945759295608051e-01
1.066543263011686227e+00
8.018562836949196804e-01
7.988099156021216674e-01
1.052714840911099126e+00
9.645013941773906696e-01
1.103319185638080402e+00
1.199492381869378121e+00
1.061775275655246764e+00
9.511539281862475548e-01
9.809124294300746172e-01
9.048462513368297211e-01
1.027657142153800551e+00
9.711903856666586066e-01
9.087691422549025733e-01
1.070497063923236958e+00
7.971109692982663031e-01
7.685582740074938801e-01
1.063862712707014158e+00
9.367005348131673959e-01
6.706239213376843367e-01
1.002780607972886040e+00
8.734728126126937164e-01
1.130753801695811633e+00
9.312634578558489640e-01
1.215545149059291674e+00
7.873153808969153289e-01
1.100963266362193993e+00
1.062476476543961379e+00
9.326058538847175061e-01
1.136529837735605009e+00
7.237670855981253037e-01
9.132538455199551430e-01
1.123749025136102198e+00
1.120923850381784659e+00
1.058730995987027024e+00
1.136230999005230835e+00
1.004551619856749456e+00
1.195714663289998869e+00
1.018314811224902972e+00
8.586339878371653800e-01
1.095325695123251286e+00
1.119678526116841821e+00
1.030427247177171823e+00
8.798482515373340362e-01
1.052095542550466556e+00
1.073774423877858597e+00
8.137470080501747471e-01
1.127093169659674876e+00
1.017088011500684841e+00
9.676063291537785327e-01
9.062760011329762388e-01
1.148100414932726965e+00
9.839876773858089454e-01
1.035981973813504098e+00
9.501178488469627093e-01
1.207700600539625135e+00
8.654427557030515139e-01
1.161837230016586231e+00
9.535671625385357952e-01
8.525973040404016823e-01
1.442850034458977637e+00
8.121452385716028122e-01
8.081646905976662687e-01
1.110534409618841423e+00
1.154287457561922192e+00
6.925252422350199888e-01
8.612086520975443804e-01
9.543580065946587476e-01
1.114004855548144546e+00
1.116693274713871142e+00
9.246232420065424451e-01
1.026022639284625892e+00
1.007951250232554274e+00
9.526874180976134809e-01
1.245446520776524180e+00
1.041837167745060855e+00
1.090228629541069028e+00
8.792717828553171522e-01
7.654503460846574514e-01
8.863738432446450766e-01
6.583496126675634219e-01
9.525507434203603907e-01
6.377060214904961555e-01
7.741788084582736928e-01
8.057888737126058798e-01
1.200460493743250145e+00
7.969361256411127137e-01
5.799848356057407672e-01
1.083531768369190962e+00
9.933031050548869478e-01
9.913684928717062528e-01
1.163928712201163895e+00
1.100563023731371493e+00
9.386448565506980701e-01
1.099438477759670851e+00
9.443133063294029128e-01
1.005487551559397286e+00
1.020538595256420988e+00
9.710988892180790755e-01
7.616630703821464232e-01
1.053538484543912412e+00
7.582221952697559830e-01
9.566373841016241331e-01
9.989327287169713632e-01
8.654137780543478264e-01
1.157990059221697843e+00
9.929197297888251450e-01
1.012503370018133841e+00
1.327013179265549070e+00
8.122435637802269959e-01
9.161166520866158569e-01
1.029831891252198206e+00
1.042131734067116788e+00
9.133896693184534454e-01
9.044944312564886513e-01
9.647564869666158671e-01
7.094254088709082140e-01
9.496795188957045664e-01
1.214380609914141429e+00
9.743458051838338463e-01
8.186109522560386376e-01
1.161401274952435614e+00
9.911111458987059697e-01
1.302933328135387869e+00
6.419440054092936387e-01
1.480869480704916308e+00
1.007639380581454969e+00
9.438559868507450101e-01
1.035104781591013268e+00
1.210749332743173312e+00
8.465321903122390301e-01
9.679187128288984088e-01
8.729079452484248547e-01
9.893373302434697036e-01
8.600813351808113127e-01
9.331740327099357080e-01
1.101952290351601249e+00
8.394531723713676286e-01
1.097644121991658173e+00
1.008336114078831169e+00
9.280540353649170404e-01
9.645221423063665700e-01
1.094902443757525434e+00
7.979924704564406168e-01
9.045556217288658329e-01
1.010671097412485731e+00
9.671980735888406899e-01
7.781420258078757257e-01
1.167381703753585187e+00
8.801378674925589563e-01
8.594244843330844930e-01
1.029630265479474005e+00
9.034517800467691817e-01
8.236488202944086678e-01
9.185785696535078149e-01
9.638255243457194421e-01
9.890755842571866685e-01
1.007417529195079098e+00
1.134241475409575539e+00
8.168536800347806492e-01
1.266809940866649331e+00
8.570808090323124295e-01
1.181824629912186175e+00
1.023259656194358769e+00
8.538317965069051052e-01
7.276331799645593401e-01
1.328932289143097023e+00
9.299771795945137587e-01
1.117876888770334753e+00
9.713019345482569733e-01
7.268858804854244626e-01
9.096747726110031573e-01
1.024248643020566396e+00
1.111195451622977837e+00
1.182535401507465167e+00
1.017316465425248451e+00
7.498513735446857842e-01
1.089005696978561977e+00
1.079216231436820550e+00
8.796893674967967147e-01
9.307819228424607516e-01
1.202292235910338292e+00
1.055906009769214560e+00
9.034446536370023262e-01
1.063203545844169318e+00
8.648598411498652494e-01
1.010307628220538989e+00
1.007581530795389035e+00
1.123666425987380313e+00
7.464231928811024819e-01
1.024698108647346562e+00
7.629021841558453199e-01
9.474924591034044052e-01
1.164227716345821007e+00
7.941070468055314580e-01
1.063163227580418146e+00
8.937896185107974123e-01
9.798255518157976685e-01
9.576787099059806962e-01
7.446214617585389384e-01
1.039097946400623584e+00
1.012819634462029050e+00
8.680816122626074938e-01
7.122475035711514080e-01
1.024409091025806129e+00
1.105603262308833212e+00
1.052445889214618235e+00
1.013337540398607350e+00
9.937452641151917065e-01
9.692391704239252670e-01
1.092790569929796618e+00
7.349548018682571238e-01
1.100790730067057632e+00
1.046405276053368416e+00
1.123297775710349944e+00
6.403150589183995711e-01
1.026715170288818424e+00
1.086676718557435528e+00
9.382790250538440846e-01
9.075831212937067738e-01
1.077727438519760605e+00
8.457812651644446289e-01
9.569048705246403497e-01
9.478845222724457953e-01
1.007922271031680639e+00
9.857747269643004628e-01
9.812165930202736419e-01
9.471677613266381579e-01
7.778172716730961112e-01
1.086465139332179808e+00
8.137524266431891418e-01
9.516136932608717514e-01
8.002422730825865527e-01
1.108843376002780268e+00
1.310284046933023250e+00
9.660917821292253072e-01
1.001157852614790178e+00
1.054030037882947246e+00
1.049329961979381221e+00
9.821218840182116550e-01
1.225233981868460553e+00
9.409073740546606279e-01
9.393830309121662392e-01
1.179903387256227898e+00
1.114610630810357605e+00
1.049819422642774835e+00
1.048409140999095435e+00
1.162822674637116416e+00
1.028200447995907041e+00
9.964109020433183916e-01
9.733113944516781357e-01
1.052460353947416660e+00
7.736367569393238774e-01
1.071815042960139852e+00
9.293852169177642120e-01
9.573903392124220035e-01
1.024469922181376003e+00
9.150327743675954473e-01
9.990415744814949983e-01
6.931735971166277377e-01
1.015041427736489199e+00
8.267337628369250124e-01
6.752190739059491520e-01
9.105050716780512809e-01
8.296512541341772851e-01
1.135881864513480943e+00
8.089787569194002437e-01
8.805566656333598807e-01
8.909579520721121471e-01
1.014239146432329042e+00
1.020407606743807927e+00
5.804858309141820438e-01
8.937886384105788729e-01
9.787023820210510872e-01
1.070873263604377845e+00
1.026231245071613118e+00
7.820325142596060708e-01
9.751977622279779379e-01
8.220629915316536307e-01
1.345658782815466914e+00
1.014294142150475864e+00
7.860779123062149321e-01
8.841452212204418126e-01
9.551579551773476950e-01
9.215885292305256993e-01
