9.274596804933448180e-01 1.173057739262996391e+00
1.152828769320727309e+00 1.120145022804065027e+00
9.275944394307644725e-01 9.445830397433929715e-01
9.861928919066108579e-01 1.146373915936376386e+00
8.703306638858596678e-01 9.739816410123749435e-01
9.363175735693254342e-01 1.145044326439958127e+00
6.348698372771481857e-01 1.071010963646061187e+00
1.068187109191933493e+00 1.079917725266955397e+00
1.024853814401202712e+00 9.853179861526801808e-01
9.215930001630668889e-01 9.865204679263056553e-01
7.931898524244290760e-01 1.146130606736868840e+00
9.119811769649297517e-01 1.083960466767514896e+00
1.094917200644118571e+00 9.641564102233720623e-01
8.505515043082045867e-01 1.185740146237614256e+00
9.250575484223989564e-01 9.804691818104284140e-01
7.458009337650441939e-01 1.027360542297694357e+00
1.102422442474573439e+00 9.711250874798328381e-01
1.058901221273269799e+00 8.044008828033978320e-01
8.948112846678897281e-01 1.170093282307322236e+00
8.138059675601164722e-01 1.105716674020505330e+00
1.038863477627063103e+00 9.300546460978923458e-01
9.608928973250124850e-01 1.058953016289611915e+00
9.985566976816410145e-01 9.865612421129154042e-01
8.909736393820707478e-01 8.954024344511466449e-01
1.226618717482842902e+00 1.290895498464017965e+00
9.557061549727736693e-01 1.293473031370867998e+00
1.085786410980843719e+00 1.098476583996786937e+00
1.031200641764967063e+00 1.049874983959258046e+00
1.090526211339654106e+00 1.031051401159835068e+00
7.703603622967887254e-01 1.051512695047285950e+00
8.390484748459979825e-01 1.159196039640671527e+00
8.857904463385944949e-01 1.297477941978957716e+00
9.307245775614361172e-01 1.153806943518671080e+00
8.842831894693437000e-01 1.125967004444008879e+00
8.986293097756441473e-01 1.193131184080866047e+00
9.784141518035848195e-01 9.654473860700909515e-01
8.713908574254899397e-01 9.954455012749628962e-01
7.719709565051195987e-01 9.595645239950226779e-01
9.091102380487385837e-01 9.320564858797740770e-01
1.009196335901378250e+00 1.121479212625453359e+00
9.282892809772265164e-01 8.491430178015315633e-01
1.021648307610990791e+00 9.781976079257873602e-01
9.068510461948421364e-01 1.006972313050470413e+00
1.233922758260319830e+00 1.169927804898914792e+00
7.862213625682289431e-01 1.187234341266320659e+00
8.998880410926470841e-01 1.111972754580497380e+00
1.315655842092256611e+00 9.461155939347759558e-01
1.032277865624095625e+00 1.138358316655537994e+00
1.039657631192968612e+00 1.058391807580627120e+00
1.041047976762722760e+00 9.912865573793266938e-01
1.084738926602512921e+00 1.025864467711982808e+00
8.414023404606576495e-01 1.031327018819494290e+00
1.082115908535741688e+00 1.130264750272850005e+00
1.107867099996756144e+00 9.690787186591732771e-01
1.125649405990699847e+00 1.067082800519929098e+00
1.078182012441348592e+00 9.923095288832268768e-01
8.711515285053188506e-01 9.368427156439194103e-01
9.353127131723873999e-01 9.622039662361155932e-01
1.004865290593922822e+00 9.633167400711618589e-01
8.885121357788254848e-01 8.885025314049070921e-01
9.337231824726345275e-01 1.159969553243190177e+00
1.354023256521020624e+00 9.962880733505150577e-01
1.056864557622027911e+00 9.815606191228477551e-01
8.232603101283715308e-01 1.222062011011580296e+00
1.049051481726946289e+00 1.055125033685833991e+00
8.127745824858828572e-01 1.169232310900754745e+00
8.836711720047734087e-01 9.231064933132471229e-01
1.051858999786307924e+00 9.929333693429690522e-01
1.221633520217462854e+00 1.144118344545103083e+00
1.026194658493341016e+00 1.168555807550248904e+00
8.604292257571654057e-01 9.513630735136209271e-01
7.773155848330017825e-01 1.060680589103790483e+00
9.353224831224782321e-01 1.229134240887657770e+00
9.317415311497406760e-01 1.144778579359572168e+00
1.061797228242957969e+00 9.171890901541183139e-01
1.006843008445773568e+00 9.149125811068098413e-01
1.204790568336773005e+00 9.029729057144326720e-01
9.931613205242628695e-01 8.766129555692989683e-01
9.445666295853648586e-01 1.044970032303777607e+00
9.151350484433928845e-01 9.168622168910122161e-01
1.197665378118203838e+00 9.523021828824651536e-01
1.089801196821927221e+00 1.034408170590022769e+00
1.195305740761383850e+00 8.105986740390054290e-01
1.024591344662113324e+00 8.960631608309597151e-01
8.601834111406022609e-01 9.288100323134341751e-01
1.007665135060013872e+00 1.019366309777649082e+00
9.880986015528097077e-01 1.091920278367528585e+00
9.699904062262184601e-01 1.129446033424960083e+00
7.954130751346629724e-01 1.217279146777901611e+00
9.809356693409861938e-01 1.213905680981052004e+00
7.875508169931983993e-01 1.001001240068772447e+00
1.011221747945084237e+00 1.097298923012514082e+00
1.115606665315395540e+00 1.093435582413864848e+00
1.248830996758050871e+00 9.329193955185411946e-01
1.012195049934655477e+00 1.101636758483447442e+00
9.154319524585123879e-01 9.312480531871432099e-01
1.057998778975153931e+00 1.096551809535573296e+00
9.305153882731990178e-01 1.027670189324939365e+00
9.265597060839637633e-01 1.268227598927153199e+00
1.071189498765006576e+00 9.310119359782161874e-01
9.558094574348149353e-01 1.153014065415475242e+00
8.708911842958522165e-01 1.064089009499526339e+00
1.106895871914031160e+00 9.188101834702956383e-01
1.111271499694371334e+00 8.917887054528825796e-01
8.693508855922943424e-01 1.030728473221955710e+00
9.211776578200568943e-01 1.055070810873775855e+00
1.030941920170763249e+00 8.405575322978048325e-01
1.331339427235866957e+00 9.741479058515738476e-01
1.055833338537463417e+00 9.924812270631592215e-01
8.621104713799729868e-01 9.916438035992843902e-01
9.803200453200990871e-01 1.055918486060407391e+00
8.196905410405704862e-01 9.917673271547180480e-01
1.141450416865629869e+00 9.691601173620933984e-01
9.639158338707024543e-01 9.283100626750856454e-01
1.022243238936076271e+00 1.061319471396785508e+00
1.085186197022583343e+00 9.462786397590485787e-01
1.113995354433996221e+00 1.240031338606100375e+00
1.049453736431466444e+00 9.753404643341050395e-01
1.142941648446964553e+00 1.017407475673224537e+00
1.105945740323739379e+00 8.879517077313817675e-01
8.463886569889813583e-01 9.817257268490151567e-01
1.128198053749666085e+00 8.558371324453386553e-01
9.183510097029580210e-01 1.066275673184779782e+00
8.615293225050374426e-01 1.125416807285916976e+00
8.391647351574710312e-01 1.045979072220680317e+00
1.071255292887889121e+00 9.626950907358894360e-01
1.089129904549139605e+00 7.658733725304114337e-01
9.319583525661717660e-01 1.096769833121005178e+00
1.103379714834805680e+00 9.688280069631827196e-01
7.714413400160717860e-01 1.129987594868012257e+00
1.348745281705405974e+00 8.741203935410603032e-01
1.055079253881265000e+00 8.541349660028080271e-01
1.112789984183018444e+00 9.613559293139960493e-01
8.253406276507017081e-01 9.350134501667609621e-01
1.136300466292514022e+00 1.026185931014847341e+00
1.199456594174003632e+00 1.083913101037449200e+00
1.061365705550515459e+00 8.809300846139146435e-01
1.063578104869846941e+00 9.903056003814663111e-01
9.676349461656723605e-01 9.514718428834860742e-01
8.069340788162673306e-01 1.178779749487730344e+00
8.175270069751092716e-01 1.083081014297662792e+00
8.383640351660295309e-01 1.017425467228062708e+00
7.601701401793929946e-01 1.178878011733908604e+00
9.635766555230821373e-01 1.037898983163157540e+00
9.800855877645225922e-01 1.022553004553725664e+00
9.795511329105252019e-01 9.801315571690846218e-01
1.231477313191191136e+00 1.168880556992137665e+00
1.174345525834840087e+00 9.688975901773646537e-01
9.851288495802376088e-01 1.152811812407556813e+00
9.193586977164523999e-01 1.090156662808605237e+00
9.944863741112199840e-01 1.098710315325373887e+00
1.135795877535580978e+00 1.069250833026518688e+00
9.630414051700336708e-01 1.006455212086157847e+00
8.322720004386200410e-01 9.972351675828412532e-01
9.480527402691962813e-01 1.047743687040672222e+00
8.732620062566510688e-01 9.189500529999676814e-01
1.203259421957652675e+00 9.818976917609389954e-01
8.059731640913697648e-01 1.140756779770671914e+00
1.159971122656397791e+00 9.262529434234906267e-01
7.703758631670459822e-01 1.211362362858868114e+00
1.018586632073779086e+00 1.040323346496696555e+00
1.177304898519870857e+00 7.262526129695714427e-01
1.227902075263769044e+00 9.292022606362492221e-01
1.007064989767914698e+00 9.842873879513203139e-01
7.873891912960692130e-01 1.022435611333071925e+00
1.108884381054050738e+00 1.057735858349561076e+00
8.352323738800411235e-01 9.654508304638234062e-01
8.953735541250494867e-01 1.132520046251774604e+00
8.870679107104689765e-01 9.097741114136204121e-01
1.002407995646972694e+00 9.338239228555116345e-01
8.699091690918138164e-01 9.241326738835041743e-01
1.105284380667199029e+00 6.893461186871790991e-01
9.784238907724698286e-01 9.775000935565599791e-01
1.018166559614236188e+00 1.062574297072084839e+00
9.950522194070061666e-01 1.125565283228836977e+00
1.108591465224438855e+00 8.198196629453085027e-01
1.009310313144641702e+00 9.792174080887648957e-01
9.994283285925317228e-01 1.158651209508437363e+00
1.223363960082598734e+00 8.685626588463712938e-01
1.044277292757165521e+00 1.133477196147935073e+00
8.997332287704784548e-01 1.173134510925436524e+00
9.641938151755180542e-01 1.046866076454076477e+00
1.079212573648381968e+00 9.491652612494270169e-01
9.704402735782140521e-01 9.532666184453886249e-01
9.609796300847348594e-01 1.068580233263440649e+00
8.023964974655563021e-01 1.180241848098029456e+00
9.470106630691175198e-01 1.141479158076330824e+00
7.683615713067154518e-01 1.074346755967551470e+00
1.002288333702452849e+00 8.582128391931296285e-01
9.109837414061314753e-01 1.208457256772576871e+00
1.055790114551130587e+00 1.071572313978536251e+00
1.068094232012751554e+00 1.025251637747807365e+00
8.928463607487108211e-01 1.248198237350261808e+00
1.241977423852705709e+00 7.572610159111302641e-01
1.026140438579425052e+00 8.619024092436049500e-01
1.072630235150161093e+00 9.495769358031342922e-01
9.609686551183418413e-01 9.080581311769435615e-01
1.094303791717440300e+00 8.148807154265609309e-01
9.178489366515744097e-01 1.032541224532458113e+00
1.090331310482855365e+00 8.323317833202882321e-01
9.683413657923102269e-01 1.220507440653093134e+00
1.060857636322124486e+00 9.719318016539961747e-01
9.677829006823833735e-01 1.189605431623676379e+00
1.161806982553619472e+00 1.187778015050987346e+00
8.471870896363086212e-01 1.027693429395605706e+00
9.616463538284741874e-01 9.939933739234889654e-01
1.130047842336914687e+00 1.012044394830678762e+00
1.000247500668560718e+00 1.012896671763663381e+00
1.117952539182671678e+00 9.530414627320592524e-01
9.890416496056309015e-01 1.126755231360714093e+00
1.211731759112972595e+00 9.452065480914465523e-01
1.031619078414186097e+00 7.342053562401198441e-01
1.200258086713983596e+00 1.141254980366711136e+00
1.064168966487316403e+00 1.162405235907812528e+00
9.207404973118311631e-01 9.987965109688944354e-01
1.260110916982221552e+00 1.092145224918509072e+00
1.161217071051186878e+00 1.214688923410947252e+00
7.004515676578826344e-01 1.056430403557287789e+00
8.880232246513771743e-01 1.001665626099016659e+00
8.437179916482550057e-01 1.082545174311755787e+00
9.946890683725667648e-01 1.044921137810920886e+00
1.125072238251469958e+00 1.097622457208019320e+00
7.939059330215635368e-01 1.131573400467392077e+00
1.161439708149658578e+00 1.134194900673520356e+00
9.507190143849618691e-01 1.072691422735202016e+00
9.450233410215905794e-01 1.223297908898402619e+00
1.084472858636439385e+00 8.358712515450286151e-01
7.910330048690961124e-01 1.225818047929206678e+00
1.128091601219301854e+00 1.004327673558222722e+00
9.596484791026053118e-01 1.045156170869627310e+00
1.070850633786066375e+00 9.520817597434583224e-01
1.027208823207272692e+00 1.188942951182967445e+00
1.088405380758035834e+00 1.013498149477716881e+00
1.061113052077538033e+00 9.822631591836955556e-01
9.382764933779504934e-01 1.012051819188423130e+00
1.047091424512615498e+00 8.611387981796360114e-01
9.838012100706795549e-01 1.153232987675030019e+00
9.830817047548693344e-01 1.044911724049309543e+00
1.304169244429836949e+00 1.182366584142666266e+00
1.070190500487804286e+00 1.356432621108918157e+00
8.867727351170623384e-01 1.124901446067215760e+00
1.026674916746469490e+00 1.177295961875611585e+00
9.830688241473803934e-01 1.106509403500874233e+00
9.864965873999790302e-01 1.050570565129773648e+00
1.124107284912430282e+00 9.261531925754294958e-01
1.309806915189484444e+00 1.282002494104755197e+00
9.199961355290963150e-01 1.203033457278708696e+00
1.006619034146055469e+00 7.528565375328644116e-01
1.143279583069393368e+00 9.602084537387517438e-01
1.127658388714767090e+00 1.135924169779372717e+00
9.217838273720554421e-01 1.337184307968573460e+00
8.840155370914962729e-01 1.170126932754786964e+00
9.677420621137341472e-01 1.196415089881129212e+00
1.082970973960466265e+00 1.074158388618236426e+00
9.951397984608539860e-01 1.042975442012165299e+00
1.020908975740743685e+00 1.095998671102082156e+00
1.035243045815575247e+00 9.443011157191699700e-01
9.615197335516298960e-01 9.821197644786241465e-01
1.136927544351634456e+00 1.083078271173984142e+00
1.128467099013683583e+00 9.403192403361122498e-01
1.143942402540327974e+00 9.403515542171210218e-01
7.485529490601325886e-01 1.256509385383313582e+00
9.689070608506960003e-01 1.068576299037349742e+00
1.032775599076532380e+00 8.735439578222631285e-01
9.126118352559626778e-01 1.072507742229093619e+00
1.016814330178284598e+00 1.120382149978942588e+00
1.128989379785526603e+00 8.595092741603346242e-01
9.359775269913577223e-01 1.232405240152545600e+00
1.000152715202687670e+00 1.100691846357549908e+00
7.500542522985439442e-01 9.986832634095972328e-01
7.439073519270892332e-01 1.244721434902495982e+00
8.410810371423471654e-01 9.071632991876390495e-01
1.052405000896708964e+00 1.272775092055235424e+00
8.977598802804377387e-01 8.626344763690041439e-01
9.923938183893149523e-01 1.055596706515336214e+00
1.227148557519546879e+00 1.017230922462979859e+00
1.022816442356820898e+00 8.815990485332639848e-01
1.117254442791602242e+00 9.441483859369156351e-01
1.034730328325475845e+00 1.052914417250056411e+00
9.558625137757571499e-01 8.481506642388647599e-01
7.543701685560441073e-01 1.226282202075813510e+00
7.543579082723864682e-01 1.002753364940748515e+00
8.748842810677329718e-01 1.134562759020758760e+00
1.070688456116270171e+00 1.234000906591319113e+00
8.389384542718774096e-01 1.139672975560073631e+00
1.041250794472534436e+00 9.467603214577986481e-01
6.901300014926732285e-01 1.136768412715673193e+00
1.137025908370872473e+00 9.780798498026473942e-01
1.160006762635694022e+00 1.054420440628678346e+00
1.206346281683863930e+00 9.460317874033954411e-01
1.194207092069474285e+00 9.545281894264711076e-01
9.271969272991679167e-01 1.159048185968927669e+00
8.887116869621985993e-01 1.138184067211303940e+00
9.579283525029378410e-01 9.331316506854431259e-01
1.064160242683492852e+00 8.166379026041864497e-01
9.514059949229869417e-01 1.069913439346538819e+00
1.076162170229688408e+00 9.710928412688726308e-01
1.027683646205311829e+00 9.834478931958821057e-01
8.775087310934526208e-01 1.056722484855821431e+00
1.046566571658739564e+00 1.084842020916746641e+00
8.904185436826047573e-01 8.397914580280060326e-01
1.000526520817324849e+00 9.450883851679844350e-01
1.004546221486590563e+00 8.027689208717777580e-01
1.001262884379436890e+00 1.082108736039849362e+00
8.541373059844599158e-01 9.896864228641977235e-01
8.832684990672737824e-01 1.095050410113596495e+00
1.132519176106226544e+00 9.462835291777552671e-01
8.959387603834279012e-01 9.359920525832401417e-01
1.089473380527408830e+00 9.205700653351498453e-01
8.941801360532494192e-01 9.124857215992449033e-01
1.172730564211468929e+00 1.174375027253405923e+00
9.833106456635032355e-01 1.040663498003595588e+00
9.572528815070796560e-01 1.111920525438747642e+00
1.061663331327414195e+00 9.118048860977727710e-01
1.003049416623459589e+00 1.107100741001754596e+00
1.096189209834141032e+00 9.136833878106896956e-01
6.590362283165459578e-01 1.183865470756486848e+00
9.431222272228289016e-01 9.395214084646859032e-01
1.051515051982481852e+00 1.073273544819342451e+00
1.025061208044264704e+00 1.277718955370755083e+00
8.747397128625791218e-01 1.085708932640380153e+00
9.417937987766286101e-01 1.108027145192656437e+00
1.035949084574052659e+00 9.517007421532558409e-01
9.107108534170573755e-01 1.187980999045969321e+00
1.086019646275330652e+00 9.731507929724881878e-01
9.700699304418061164e-01 9.522819212217180640e-01
9.525830314594441184e-01 1.198965193564530463e+00
1.236075893969119877e+00 1.008182277376259206e+00
8.756717748106580546e-01 1.129472695108250324e+00
9.340899528671807728e-01 1.006063066922824989e+00
8.547758372222392653e-01 8.369281068317909744e-01
1.023082110702748571e+00 1.192083706751093652e+00
8.636360420484341383e-01 9.593429700368724111e-01
1.040194173123086596e+00 1.205135924523351942e+00
1.069627773087563849e+00 1.210614115602406171e+00
8.352070487016284295e-01 9.730532204255617490e-01
8.323013576705027283e-01 1.051672060915479046e+00
9.917911253697878626e-01 9.201867494661689628e-01
8.530098018648847313e-01 1.065840419430939656e+00
7.396747249016253356e-01 1.195215068594658980e+00
9.205514150888961522e-01 8.631703395352262609e-01
8.984030237234528204e-01 1.021284694357838863e+00
1.004033105822893068e+00 1.142966406171702198e+00
1.051452585849309784e+00 1.056159023620958370e+00
8.394362136458954904e-01 7.650903046928733131e-01
1.155089490258645935e+00 8.018038537345764105e-01
9.347937907886928466e-01 8.314148742349595222e-01
8.518668595194041071e-01 1.033569511915818140e+00
1.058582481695304001e+00 9.982735300938104794e-01
1.101534849367082236e+00 1.084015282173572903e+00
1.075100510005662979e+00 9.006000777076706987e-01
8.870752850726002503e-01 1.096119550661290187e+00
9.957905161927587123e-01 1.059023377563590662e+00
9.261774934306395979e-01 1.203433431792640285e+00
1.010218407434180454e+00 1.129634794676389609e+00
9.356703663336792820e-01 1.015504405437432034e+00
1.040310883513570372e+00 1.047680160684782980e+00
1.013332776286192782e+00 9.176414335798422917e-01
1.055287826791665662e+00 1.144729122983489278e+00
1.010100616809891605e+00 1.039946799507527997e+00
9.292528465767914136e-01 1.103883226645083981e+00
1.002287949358835695e+00 8.906585306311556316e-01
9.245502043418675209e-01 9.600898457696817045e-01
1.039488521547529798e+00 1.251133591890521979e+00
1.024356393120458453e+00 7.526023897823840292e-01
1.143201176976492928e+00 1.073710023476787123e+00
9.353568845892057393e-01 1.103211198235776180e+00
9.500687895594813748e-01 9.447426799994912416e-01
8.093952455925044198e-01 1.156747022327425212e+00
9.561158598131105357e-01 1.192061559091544432e+00
1.093576615333077484e+00 1.022803930189179811e+00
8.022211364144052892e-01 1.061794271693278002e+00
9.869251036652247899e-01 9.668509441324467657e-01
9.534515428554566352e-01 1.018332571462201130e+00
1.092489178591598886e+00 8.986765374284989560e-01
1.033502934060594347e+00 9.497072326896904837e-01
9.383973159925625973e-01 1.050715410852661735e+00
1.037015713404942696e+00 1.189780962215519544e+00
1.230765976253134886e+00 1.188643554919862400e+00
1.051605702236876105e+00 8.164015491615351783e-01
9.983958438020528181e-01 1.176898963474463766e+00
9.144555499632087692e-01 1.096898125677019165e+00
1.083494536097849181e+00 1.008859907817944102e+00
1.091315303528629377e+00 1.088771166078689623e+00
8.827348142127937614e-01 1.033884833683591964e+00
1.088387647863292340e+00 1.038958496070423010e+00
1.058971911806753763e+00 1.006582070694600928e+00
1.062201281399356434e+00 1.122203997831549227e+00
9.955202146304551469e-01 9.997912093764911301e-01
9.900492030008405386e-01 8.673024541831187983e-01
1.034054452875045049e+00 1.091408661197219132e+00
1.038627167722832700e+00 9.442817959803858630e-01
1.206135479317687054e+00 9.636865552602703611e-01
1.098268765235934641e+00 9.610859577892764127e-01
7.900326479884454134e-01 1.138893926512877908e+00
7.960262031237934632e-01 8.305652442468643981e-01
8.390032901257034048e-01 1.213751214750907526e+00
1.063273518630037495e+00 8.802797084640905378e-01
1.141336039098813870e+00 9.161599020312357622e-01
8.180153204689550872e-01 1.325852575081244877e+00
9.046384058069203427e-01 1.144054917920147130e+00
9.000603128792766805e-01 1.161056221603813166e+00
1.094824785434871384e+00 1.067024237135844489e+00
1.183180297729780062e+00 9.057261165595045238e-01
1.083604852154604226e+00 1.032761125048737849e+00
8.931689447460016140e-01 1.218577154645438254e+00
8.794664498453471646e-01 1.084737520676686717e+00
1.157125660410426748e+00 1.142935689689434264e+00
1.195912647975498233e+00 9.324627258867386193e-01
9.966595323724212196e-01 1.068580272313783164e+00
1.069851628679004296e+00 1.147337601682586694e+00
9.722235891915593786e-01 1.014513295017197336e+00
7.509565604112842241e-01 8.875438419590744310e-01
1.248131340806229561e+00 1.094226349057537018e+00
9.160697471291072702e-01 1.229762574983373380e+00
7.771535985428559279e-01 1.116105613258415286e+00
1.065742096513669690e+00 1.039367945661402226e+00
7.718203968647926461e-01 1.019914757774407876e+00
8.919446260169027196e-01 1.167231762727011679e+00
8.431503314505778279e-01 1.033081577401322892e+00
1.049640656153975726e+00 1.020702293993273946e+00
9.330259304477406257e-01 1.067871175776727410e+00
8.096712524221445495e-01 1.085710548720947299e+00
1.008145982497915982e+00 8.517992324393612869e-01
1.093870366323155707e+00 1.016699106723728097e+00
9.571297205295717925e-01 1.012024521106847930e+00
8.653469402237689012e-01 8.895255075653826227e-01
1.112453755591857441e+00 1.122305016547334944e+00
1.107636308381889201e+00 9.426984616148006424e-01
9.564366942341770983e-01 1.183793667493906909e+00
8.755388789949544170e-01 1.135590900151801197e+00
7.449315706552350758e-01 1.093498135147658923e+00
8.542623831278306490e-01 1.234284762118098788e+00
1.081622540284689293e+00 1.095711980943621544e+00
8.932402657886336916e-01 1.026303354816456403e+00
9.840512982927361874e-01 1.311560883707500791e+00
1.070028946019542682e+00 1.043487681859043059e+00
9.061060138490839577e-01 1.105972171779108448e+00
9.109143532329796455e-01 9.381866181165359198e-01
8.494876295379329978e-01 1.047603950582647325e+00
9.915950393615989844e-01 1.095572573149355966e+00
8.863778251792496787e-01 1.007983652153083165e+00
1.014914244860951387e+00 1.020607790852182450e+00
8.035865562303539100e-01 1.242051781988509962e+00
8.308798353386728230e-01 7.877631018003347085e-01
8.619193734640263616e-01 7.465616444265742446e-01
1.219488498071578997e+00 9.791349978470317295e-01
9.498249995210058527e-01 1.034851476774514278e+00
8.605243929338703968e-01 1.170731597126925649e+00
8.860772115327107956e-01 1.037261837572468703e+00
1.048549070066262079e+00 1.056245213238111269e+00
1.096486480543423125e+00 1.077493056595717924e+00
1.088030474268787184e+00 1.098739069747880048e+00
1.016391339594909793e+00 1.135055081612984962e+00
9.268430709979880167e-01 1.146950021822537691e+00
1.032575893159122460e+00 1.077558035355524968e+00
1.164942413344999705e+00 9.828348301422709099e-01
7.911350143568793847e-01 1.095547281573650222e+00
1.036899190759791312e+00 1.072741921244509511e+00
1.159165328319273547e+00 1.057304669254670593e+00
8.376891999784691345e-01 1.085712150815796306e+00
1.154264632648757560e+00 9.751089401143080426e-01
9.688014961762907440e-01 1.201840722958404273e+00
7.120564041241849162e-01 8.273963630756218102e-01
1.008996092084847973e+00 8.730520999084824263e-01
8.932580520019997028e-01 1.214747370701124707e+00
8.464768799429339685e-01 1.153857113802278622e+00
8.940010570377451282e-01 1.141543982379807254e+00
9.169868234723357325e-01 1.201597042860416797e+00
9.258975423751745204e-01 1.174295155472891983e+00
9.476297581097355982e-01 1.078528165767966840e+00
9.482612571702364601e-01 1.032455618314796597e+00
9.095874861935979716e-01 1.008429430025720830e+00
1.052265662062551899e+00 9.485279461623867814e-01
9.855748255481457942e-01 1.067631420035323631e+00
1.016827207286844059e+00 1.032009099901118221e+00
9.547840887732329529e-01 1.052279488745874625e+00
9.041998290408117533e-01 1.100767836258314203e+00
8.988327329803307286e-01 1.087600287776038899e+00
8.587799375564423299e-01 1.075447619708318037e+00
1.027066322267311982e+00 1.146560371282615565e+00
9.625682780357879276e-01 9.892757884578912142e-01
8.917267359054349418e-01 1.017992306961726046e+00
9.354156310745219693e-01 1.014612651506050511e+00
9.472087055852915771e-01 9.582406408285131239e-01
1.106813400806891501e+00 9.323441510383193576e-01
1.032327901824664496e+00 9.702612720913897926e-01
8.533350125470565706e-01 1.008565477275532807e+00
1.088381298687588039e+00 1.018950511475327669e+00
8.442361646840784717e-01 1.307477159944539169e+00
9.544375248243318621e-01 1.155748397463553179e+00
1.037589031039123588e+00 8.038933331322224429e-01
9.374321800688369954e-01 9.753400071480924360e-01
1.011944340071458281e+00 1.050217493160426674e+00
1.018743417946915475e+00 1.142073398981543031e+00
7.922644407927963428e-01 1.109382167181206080e+00
9.805271135745432520e-01 1.172881232707735366e+00
9.171472184994573507e-01 1.092558714365158279e+00
1.212200041862622646e+00 9.854860826356494075e-01
7.755268135355251058e-01 1.348331284053225110e+00
7.818596242483397685e-01 1.086665112953568268e+00
1.294680760200392022e+00 1.004739296764082468e+00
9.471818100806371765e-01 1.027692421255804289e+00
8.948919336673846203e-01 8.803239029685220318e-01
9.220523627605526906e-01 8.351916738279556718e-01
9.456308016052437093e-01 1.123756645436833734e+00
1.172802955619523857e+00 1.179778055347550314e+00
9.738776391354426742e-01 9.298373446253983543e-01
9.979584437255747398e-01 1.260272637051058409e+00
1.016384693564956532e+00 1.027761363016200802e+00
9.725845881822757777e-01 1.078530385004355718e+00
1.037796282093871980e+00 8.711188938013930683e-01
