1.099864874967962480e+00 1.150422658400888976e+00 1.039415853924449573e+00 1.197104130744447437e+00
9.625928260934756286e-01 1.171313330787833173e+00 1.034787691025351508e+00 1.277745282152918271e+00
1.089504540067967708e+00 1.080778521092742306e+00 8.888149262393439942e-01 1.096863340483873905e+00
9.100555805549206401e-01 1.075137264524546277e+00 8.487539680976918799e-01 1.204255638249013050e+00
1.261196841484095277e+00 9.800106730891547935e-01 1.047535693683885327e+00 1.100590792819134967e+00
9.074792059065559524e-01 9.968765343221489550e-01 1.007768307814949971e+00 1.068445729657350407e+00
9.414951258714708837e-01 1.019216824220660289e+00 1.034774612707352714e+00 1.042406642012940532e+00
1.165169534893680359e+00 1.073027297500171784e+00 7.498104199059794084e-01 1.191494704542727989e+00
1.066752315121153760e+00 1.040478383450911037e+00 1.022288619929482945e+00 1.160445928795010850e+00
1.042304667051092926e+00 1.045545414551381835e+00 1.003101794270273794e+00 1.216100351945812230e+00
1.061517241068282713e+00 9.575008770500079702e-01 8.970737657285599020e-01 1.065363391279079641e+00
9.934851726204574351e-01 1.104146739286919310e+00 8.943346279233405083e-01 1.039899346824126436e+00
1.266604693065683351e+00 1.171233954026076107e+00 9.250151041215380898e-01 1.184976189921164380e+00
8.411474900269898525e-01 1.089820238025913435e+00 8.905715817800194944e-01 1.261256447320458163e+00
1.221959299956399958e+00 1.151047505140277982e+00 1.160232148136018715e+00 1.132490963883442836e+00
1.013319932144184810e+00 9.273692782341276253e-01 9.797455243389326940e-01 8.757115088714453321e-01
1.084337885777267863e+00 9.685803843081051134e-01 1.021096616570800197e+00 1.100103710545120128e+00
1.202037455576930869e+00 1.040725160735044064e+00 7.466317660014831770e-01 1.123322197037868397e+00
9.494332589645548826e-01 1.016958812948573376e+00 9.520960118774099978e-01 1.206101467154442552e+00
1.055874381048762745e+00 1.066122612129516867e+00 9.008535646600521751e-01 1.171115312149274557e+00
9.536045334032967613e-01 9.600909471295905329e-01 9.125700084055130556e-01 1.009423181935409142e+00
1.147620614081026114e+00 1.121371077051611209e+00 8.669922674181218536e-01 1.194832611405932665e+00
1.084126734921383006e+00 9.173229225804159226e-01 1.044816820018209746e+00 1.013629539931961254e+00
1.008356592482610337e+00 1.020900436876569728e+00 1.086272116790576225e+00 1.226115429860924699e+00
1.040931098128748067e+00 8.140875120635236994e-01 9.032275225572388155e-01 1.212947779497491219e+00
9.650245051148315101e-01 9.749476413765486571e-01 9.431335316122737567e-01 1.197904976340944172e+00
9.757368063754631171e-01 9.506473955267381593e-01 1.105014448465436061e+00 1.078083637316245014e+00
1.058924381597240449e+00 1.044328713716450308e+00 9.098309927215710857e-01 1.145741594571464628e+00
1.054316907040956375e+00 1.198567540053669722e+00 9.213377037354548715e-01 1.097634562074033759e+00
9.603125704085866410e-01 1.028206731151429798e+00 1.044809131455066487e+00 1.169181579533391524e+00
9.333868736313271075e-01 1.060327712473474904e+00 1.033766704234173606e+00 1.195882414481889811e+00
1.084528602703277000e+00 1.015181597153197890e+00 9.341580140053565851e-01 1.135433814346039405e+00
1.119121574450255840e+00 1.035625896767430554e+00 8.975915143508557126e-01 1.130616957532565525e+00
1.012001646646013775e+00 1.068956409324404833e+00 1.073842491090851281e+00 1.322092293882341174e+00
1.083594075676572954e+00 9.910345145105182718e-01 9.828084554991652899e-01 9.690696659414473890e-01
9.690899739327348827e-01 9.312210779126474103e-01 9.827321314812849096e-01 1.007018401155238996e+00
1.174808844844946076e+00 1.138266818275029735e+00 1.082983056499671415e+00 1.169766870280284810e+00
1.028009821650582412e+00 1.007563217593742566e+00 9.339002121392635525e-01 1.097838780426268146e+00
1.093313016574177565e+00 1.147769021808920931e+00 9.280221103496161250e-01 1.273667919321034736e+00
1.087082715098547148e+00 1.028648753875765376e+00 9.396878721173267390e-01 8.946621218246747498e-01
1.239297720266999692e+00 1.108583977512834995e+00 8.751542949372373981e-01 1.071424252934839449e+00
1.020024183825468667e+00 9.748348402425395243e-01 8.009396397604396922e-01 1.122894326096750994e+00
1.080670744883319934e+00 1.023315994582474131e+00 9.445893577586560452e-01 1.060019793084764794e+00
1.044759668773448613e+00 1.122078045014415881e+00 8.522468569783160364e-01 1.120893354927305241e+00
1.009971919000183238e+00 1.048431244009047081e+00 8.900230988526499631e-01 1.127469153793804413e+00
1.175897968758250034e+00 1.041788956007216216e+00 8.915872179280454057e-01 1.269872754245602975e+00
1.015371547453560730e+00 1.067335190182768789e+00 1.108743344232734795e+00 9.332028508760688013e-01
1.152627790524785034e+00 1.004115456292371311e+00 1.035288713132708427e+00 9.929297639998462266e-01
8.853479783856557095e-01 9.743302857568160169e-01 9.863654010167625108e-01 1.189405855895809383e+00
1.116263232492085367e+00 1.082879644600613700e+00 1.000050533464592828e+00 1.230006540364558809e+00
9.764065185332526653e-01 9.139122358673110735e-01 1.059931491859828379e+00 1.017001111514373779e+00
1.179305500051124778e+00 9.438457577747659810e-01 9.618254584431624732e-01 1.102481839908910466e+00
1.073133226530892159e+00 1.079877160060187080e+00 1.005663108196156452e+00 1.037966966274814329e+00
1.063723689665146743e+00 9.242400476326264602e-01 9.745495299713095028e-01 1.051123827548243517e+00
1.112888633274172756e+00 1.068011105215191270e+00 8.649639833717718274e-01 1.050192061058885518e+00
9.856706940125715688e-01 1.010706386079380570e+00 9.580503582125626805e-01 1.060550810142400602e+00
1.165953650051315238e+00 1.179454968363903955e+00 9.105054229713648306e-01 1.200319788169979418e+00
1.111893294545065913e+00 8.881875087626989185e-01 8.944097001739224062e-01 1.032908091924958249e+00
1.049615970815964472e+00 1.135274201784462145e+00 9.506136700995129196e-01 1.018615420100925872e+00
1.209920577777765738e+00 1.269713912180185034e+00 9.824878296012724554e-01 1.170727716399268870e+00
8.968496519017001845e-01 1.047159892483520149e+00 8.870192777119713101e-01 1.322189016219604607e+00
9.128452834033478069e-01 8.989540085841607464e-01 1.068448384744192126e+00 1.056686370092926763e+00
1.154817419556574354e+00 1.037048107914140926e+00 9.874777088790414048e-01 1.095209317513011094e+00
9.046493380144131624e-01 1.025315403477026877e+00 9.656462051073707586e-01 1.246861085808049552e+00
1.123464474020249515e+00 1.151689818602193105e+00 9.096427167684293380e-01 1.125754081715562904e+00
9.891079826504105554e-01 1.021770024864083526e+00 8.253977737353699329e-01 1.069380892879590705e+00
1.129432972367834020e+00 1.184950583109091848e+00 8.277440155847112235e-01 1.087885667258647437e+00
9.453280186673422847e-01 1.263563179473945031e+00 9.481750518003922990e-01 1.127982152109086256e+00
1.093487702953910734e+00 1.166981219049208374e+00 1.037856145237599614e+00 1.323550339648195573e+00
1.125028003780984553e+00 1.095100470376711987e+00 9.391556614249226831e-01 1.067532996616249674e+00
1.154049971203873426e+00 1.137295806690617805e+00 8.871649451585470469e-01 1.229598731941469625e+00
8.449719410387338536e-01 9.966723628964726522e-01 9.461478963878307002e-01 1.045620845733739479e+00
1.089849079346983274e+00 1.041637603007104396e+00 8.222236283676532809e-01 1.032858229263036609e+00
1.171895992431206013e+00 1.115729093677707784e+00 9.550311954371956125e-01 1.161930689564730113e+00
9.690897887941097855e-01 8.496455198866149638e-01 9.515916501803359795e-01 9.717597222580910410e-01
1.236782769336838728e+00 8.795880965065502322e-01 1.055952425707600728e+00 1.035073845423549743e+00
9.152003154093226733e-01 9.987259926978754310e-01 9.874914370493860227e-01 9.488396988150243905e-01
9.903823437316034983e-01 1.075981137600434900e+00 9.686572994139893700e-01 1.248831400273378689e+00
1.149495092506905625e+00 1.088912183676504331e+00 1.023892526227585087e+00 1.139595957287711903e+00
9.243819043822292247e-01 8.130871275748335902e-01 8.979879599322984074e-01 1.134122953236746500e+00
9.946813121387512169e-01 8.742545017796876650e-01 9.194225345877896638e-01 1.140590166152167573e+00
1.101635366249964054e+00 9.634503442967287112e-01 1.028167493807593535e+00 1.089076764269802711e+00
8.449173983905020613e-01 1.126492809625272873e+00 8.012647122445623049e-01 1.088316123756931431e+00
9.004934831886336477e-01 1.002583715752904281e+00 9.179367844309019864e-01 9.702176513906477506e-01
1.137224622252050565e+00 1.012557616195288057e+00 8.367697198740045028e-01 1.076379377866275355e+00
1.026601927703832295e+00 1.025759123951099250e+00 9.411164870375799962e-01 1.203429643209355193e+00
9.975219502887998635e-01 1.027051390462826896e+00 9.609107301019239600e-01 1.023014874813358732e+00
1.052330673269540329e+00 1.113069439371017655e+00 8.910152652658963612e-01 1.102710956567460432e+00
1.046662547354525241e+00 8.540498968808283298e-01 9.606076104958276574e-01 1.029371131360899083e+00
1.066938668228044396e+00 9.534812677462101149e-01 8.664260863585694361e-01 1.176804484554829555e+00
9.189009711666209501e-01 9.583019103067172972e-01 1.022457464051934384e+00 1.143564065849478339e+00
9.995366172337885047e-01 9.863386046022613041e-01 8.778802196996435825e-01 1.093312423138229850e+00
9.406808882279220629e-01 9.774091380584610800e-01 9.954259479331094562e-01 1.169908909734006519e+00
1.050849664349681412e+00 1.188634226995109122e+00 9.064062505518055701e-01 1.230579030700709176e+00
1.028462805573193917e+00 1.126947229773914927e+00 1.064258497449635854e+00 9.966192843292926984e-01
1.226195282703014922e+00 1.041252143731321578e+00 9.881900324394454760e-01 1.185355489840620002e+00
1.027398085169509923e+00 1.139880145263854727e+00 1.009569099171290896e+00 1.160199508653042777e+00
1.077716298029277597e+00 9.812737461763845204e-01 9.001734030234629369e-01 1.114696129149258752e+00
9.492966640295753544e-01 9.142807514713510164e-01 9.933646631335971700e-01 1.071499150251205235e+00
1.123871310885707908e+00 9.606939195648380725e-01 9.207510382353784051e-01 1.200502191291099363e+00
1.012436676451459183e+00 9.941024392073131155e-01 9.872655306220978755e-01 1.089576363257449332e+00
9.129895174542572711e-01 1.256692070256078209e+00 1.003020358231622389e+00 1.172418662535982703e+00
1.045713225892524356e+00 1.034649205019506635e+00 8.425467657906718921e-01 1.021007044057100188e+00
9.817822072797106614e-01 1.082048570449247293e+00 8.368706490961230759e-01 1.050839033666219446e+00
1.186388446233114458e+00 1.078786883047323064e+00 1.086499239882934509e+00 1.035541925722574419e+00
1.133384634962316673e+00 1.092290184990305502e+00 1.021126060090400189e+00 1.054448944814023070e+00
1.196353469259925140e+00 1.058337939879699707e+00 9.187087014040006272e-01 1.158005204791651366e+00
1.055097664341449804e+00 1.129806632247994713e+00 8.608814983618320316e-01 1.035277651666997700e+00
1.144411146960438996e+00 9.121941868398325548e-01 9.999664739153464321e-01 1.160338382220686526e+00
1.086092626321529808e+00 1.005957515041129735e+00 1.096551665058606684e+00 1.193452914262569386e+00
9.492070340913784099e-01 1.014969539461241466e+00 1.029464474769810733e+00 1.196343137477584806e+00
1.083580323659145472e+00 1.101533755693312244e+00 9.167074543884878857e-01 1.149258581032420290e+00
1.075258203975870464e+00 9.555864801583106027e-01 9.843477436095280364e-01 1.064789248647650677e+00
1.139562548445550716e+00 1.002856698629371657e+00 9.283016069419943728e-01 1.056076648720396083e+00
1.051017643847900640e+00 9.987474122675974453e-01 9.190505095265919522e-01 1.114286606629349308e+00
9.443154896937190346e-01 1.150754889339302034e+00 9.920664901184558238e-01 9.773200991463307785e-01
9.031189769777158149e-01 8.908892494574550680e-01 1.018244570695312490e+00 9.879056109455570667e-01
8.459097069990134665e-01 9.793311358813099332e-01 6.940747465862142640e-01 1.205181072521532393e+00
1.000049015609122183e+00 1.110828418293080766e+00 8.933192407839347648e-01 1.046104037161401878e+00
8.614576883493763049e-01 9.826734693528744735e-01 8.952818988170316850e-01 9.664839576461208281e-01
9.552597559196235322e-01 7.667055544236246467e-01 1.104216887218376630e+00 1.019258832278077342e+00
1.185563426320019209e+00 1.124823934927547509e+00 9.220254020625227032e-01 1.189237202050307918e+00
1.075949039149478814e+00 1.095950252458859575e+00 7.499118980007175583e-01 9.695268800426704026e-01
9.344916885117994232e-01 8.764332458226891109e-01 1.022665734287741879e+00 1.161465272191035902e+00
1.012348434159214605e+00 9.682330881888415730e-01 8.875398125700477703e-01 1.157415861501740473e+00
8.753710723431629148e-01 1.068147416098454316e+00 8.981745112016161769e-01 1.035907626252398739e+00
1.007908321359362480e+00 9.177304997136582765e-01 8.352348731838600271e-01 1.023139690759208298e+00
9.637071571821984595e-01 8.440673858634248905e-01 9.324150314341103085e-01 1.013066274042489612e+00
1.005412431845981391e+00 1.015803163854997804e+00 1.048093089269266587e+00 9.875629525489654226e-01
1.125624974951530799e+00 9.578882639432907409e-01 9.202613991391515036e-01 1.219065065811605120e+00
1.094825438253505201e+00 1.166032565671628607e+00 9.227081883180223709e-01 9.177661759924244933e-01
1.020038778583911343e+00 9.172587534757840055e-01 1.012947163155904828e+00 1.252274885621075695e+00
9.900924947821619915e-01 1.154644464984239338e+00 9.213519823709218626e-01 1.049387024083389575e+00
1.074159725539998611e+00 1.034331359994379307e+00 1.146007468781328198e+00 1.078895219100347136e+00
1.244274035898994102e+00 1.097658487202840538e+00 1.087112011316865967e+00 1.032315057724733975e+00
1.145311357162649424e+00 1.244312737325381057e+00 1.004490788559196046e+00 1.017053052748932318e+00
9.857348258293334720e-01 1.075886299571792826e+00 9.708509495296461234e-01 8.927443907055208072e-01
8.703598089357678091e-01 8.500848517124964809e-01 9.228250280925324178e-01 1.200180995098001802e+00
9.882864398377013693e-01 8.959496239691876474e-01 9.703313065766996370e-01 1.076136937660257864e+00
1.242350614320854696e+00 1.056541232891412774e+00 7.187114358824024940e-01 1.079585559658321481e+00
1.039870777316161732e+00 8.679669823109407156e-01 1.063051234014275703e+00 1.242001014224726863e+00
1.157502663379957442e+00 1.048907046596483816e+00 1.091210259662425797e+00 1.141213411814205658e+00
9.925686249726357602e-01 9.478676556772993589e-01 9.531336391920031126e-01 1.048150976004955659e+00
1.019968328830267446e+00 8.953272782707212274e-01 8.793503127749783266e-01 8.430656850027774540e-01
9.883282652477436425e-01 1.065759224003050676e+00 1.155515201391030589e+00 1.080240509912632652e+00
1.080721012472042108e+00 9.634188924050373082e-01 8.627602633237092533e-01 1.042379714466939999e+00
9.419238746146253449e-01 9.466674942256431136e-01 9.157273032891039000e-01 1.045793976139534731e+00
1.068331092122811077e+00 1.081404563281624709e+00 8.904801896973805198e-01 1.026535394036231397e+00
1.009433110597990346e+00 9.979452994322046688e-01 1.058906400590881702e+00 1.266240734183538885e+00
1.041267356119045751e+00 1.120825449316655176e+00 1.019390673942347281e+00 1.023089456499416849e+00
9.840465361103682973e-01 9.704500143397706280e-01 8.757958822773895813e-01 1.271501446020036674e+00
1.049840290791314468e+00 8.825059057849888866e-01 1.034167491573799502e+00 1.124318899314127540e+00
1.036307377188567358e+00 1.180646284283944025e+00 1.047188634213622960e+00 1.018877515909618170e+00
1.053974013669849885e+00 1.265419342827834637e+00 1.051692895258812932e+00 1.150374032671694025e+00
9.539621937744539037e-01 9.163601313658966685e-01 1.035725229328619434e+00 1.251851972120823220e+00
7.776408228349332985e-01 1.012331481153876389e+00 9.202528062781907270e-01 1.183003546874201506e+00
9.647248503344807435e-01 1.045558668571016980e+00 9.918485208569769451e-01 1.120747187254348631e+00
1.098925875679473307e+00 1.010926650660630477e+00 1.032344434301590619e+00 1.109172860826685980e+00
1.215163457917218581e+00 1.131948801623569256e+00 8.408194897364529297e-01 1.031540647313491821e+00
1.023577375205640294e+00 9.266457623237203123e-01 1.055923304216698888e+00 1.228955211857581720e+00
1.088341120912337701e+00 1.115742019374384775e+00 9.333201886848243589e-01 1.257871559960534791e+00
1.088271074487216605e+00 9.910622689310265576e-01 8.905585403438969205e-01 1.117010226191181177e+00
1.071290011046651003e+00 1.001446380082740228e+00 9.751822137026172621e-01 1.138746550937493662e+00
9.010665747113335566e-01 8.175369434503089172e-01 8.463425826775432537e-01 1.119374200472386782e+00
1.040035275276148363e+00 9.174933626291745803e-01 8.218013351769529740e-01 1.083194629127076203e+00
9.985280044285602674e-01 1.046115366610137931e+00 8.762060375584662664e-01 1.139762477623249115e+00
7.126476491265126834e-01 7.737771757364599878e-01 9.588710152812293108e-01 1.128355652116268981e+00
9.314863533271000584e-01 8.029213629508732408e-01 9.093901087654658877e-01 1.069553647836221533e+00
1.329440391130329413e+00 1.047935241813055418e+00 1.049479076844032743e+00 1.040438647397641692e+00
1.280867578148457975e+00 1.127025856308448093e+00 9.438261859021083167e-01 1.016959995311269793e+00
8.357160311642021222e-01 8.466019417525215696e-01 9.845613364349438124e-01 1.075600164615150067e+00
1.045353959731128546e+00 1.021442906871759204e+00 7.291574351012317656e-01 1.108795840622676554e+00
1.161216995588447265e+00 9.897644729294913235e-01 9.837905585062840519e-01 1.034801642183939663e+00
8.641851194793614965e-01 1.081322663612149571e+00 1.018971626858608204e+00 9.819462496333484225e-01
1.135080412137861483e+00 1.036847054054796491e+00 8.967972913859063588e-01 1.121064180022889101e+00
9.274802891444419162e-01 1.105176791195238817e+00 9.544978509897305008e-01 1.153018544384280419e+00
9.887882664635593288e-01 1.092029434831694124e+00 1.068467621801704626e+00 1.011400988118317690e+00
1.111094160022059407e+00 1.126005887230152824e+00 9.444459067786041828e-01 1.090117929824480303e+00
9.232003526695090612e-01 1.177858876856976877e+00 1.050225740004317787e+00 1.135002406214930426e+00
1.044579370475092750e+00 9.375823976916253244e-01 9.580497224061030881e-01 1.066834755624973763e+00
9.779696276341124372e-01 1.114126112873417895e+00 1.003988730799763474e+00 1.077273383338176016e+00
1.019794148906555620e+00 1.090461145951959532e+00 1.089012850150586464e+00 9.265332587424248700e-01
1.019984576563926826e+00 1.134140906254138548e+00 9.096150792894802661e-01 1.070199840717647399e+00
1.098150774552018039e+00 1.161117038812064406e+00 8.307459954203291197e-01 1.233837728836102210e+00
1.165246807895902403e+00 1.259081621889248659e+00 9.839586591028178786e-01 8.678277636618195734e-01
1.005262403310590802e+00 1.202678610084601418e+00 1.024099141022859039e+00 1.015723835973642242e+00
1.045800404204879630e+00 1.137719973642497218e+00 1.079538774890026698e+00 1.044627684212547258e+00
9.212949277784490132e-01 9.464127684608114599e-01 9.197863358794630129e-01 1.150491675377026013e+00
9.746403798398858287e-01 9.421029021107271140e-01 8.084359468113063718e-01 1.092313671328977165e+00
1.095333463149205766e+00 1.094205345472565760e+00 9.693202069691826406e-01 1.058906734302370367e+00
1.052048477075772315e+00 9.725774755288991713e-01 8.702921274724487732e-01 1.142930948041059880e+00
1.077384817438123088e+00 9.923884612137551242e-01 9.341846597619319903e-01 1.085092802732878337e+00
1.039103468595195867e+00 1.178066607703713853e+00 1.074766130155343058e+00 1.164009647429369743e+00
1.025994922194378267e+00 9.664853379187080540e-01 1.104084596048857669e+00 1.168596697938403484e+00
1.093023453721978289e+00 1.082596519899897691e+00 1.057701670443634168e+00 1.235819857836673252e+00
1.019467594231183050e+00 9.503129621574798458e-01 1.080976597439392783e+00 9.616146787116092165e-01
9.753003711174924595e-01 9.736894998868199647e-01 1.078281582847449238e+00 8.953866798314671360e-01
1.106595448472066368e+00 9.627693203595942828e-01 9.515413914151394925e-01 1.047325010232874165e+00
1.223915050613631816e+00 1.322058157890149355e+00 9.808738831790130286e-01 1.141466833150748039e+00
1.086938183683955783e+00 9.153304569557587644e-01 8.187110175265402967e-01 1.220661166326026725e+00
9.740686842845014404e-01 1.026489982372195353e+00 8.661380975255034143e-01 1.138498185362716075e+00
1.053978250138982942e+00 9.190000403506409787e-01 9.460211885753888605e-01 1.152001507856465157e+00
1.087319582046324840e+00 8.941483213554052289e-01 6.765965279780731256e-01 1.238936126639669233e+00
1.033828869739979117e+00 1.049811807461560775e+00 8.515935924893667242e-01 1.172025385711254586e+00
1.027126174232133593e+00 9.418179682368094108e-01 1.085653235582797693e+00 1.017818034724345289e+00
1.117606837203350301e+00 1.093128657454808250e+00 9.541994050829643026e-01 1.196214455929554221e+00
9.544535727573377759e-01 1.262170413187122975e+00 9.761968177553965731e-01 1.157251705764002603e+00
8.308012195062131067e-01 1.147371834665241286e+00 1.098416044885572429e+00 1.153034972292236171e+00
1.152454303563772431e+00 1.066535627409954889e+00 9.853354564047460684e-01 1.050329458572428765e+00
8.797173600474696986e-01 1.058365394365411216e+00 9.730311907153558204e-01 1.079491192044903070e+00
1.004651368223300700e+00 1.013526687460416964e+00 9.765750013278478026e-01 1.235037985500445856e+00
1.127291226966004700e+00 1.218660200746265243e+00 9.833550158086877824e-01 1.131946625262086892e+00
1.133054567373018573e+00 1.144829525233693523e+00 8.638037169503853807e-01 1.210318139281699734e+00
1.071035111014272623e+00 8.337735404075133916e-01 8.581906927561556708e-01 1.034434156565589458e+00
1.133249271024904914e+00 9.733902740491102712e-01 1.084245938995602732e+00 1.108435615633400761e+00
1.121828435518577027e+00 1.177407343903354775e+00 1.000837489257305979e+00 1.103022317820184339e+00
1.141638054930161239e+00 1.054007909569737889e+00 8.514825836684730698e-01 1.047302420715519933e+00
1.025426229530555400e+00 1.143706196877259051e+00 1.004294817504853610e+00 1.010767178449335946e+00
8.917667046974286915e-01 1.143754367383459813e+00 9.433550723892110135e-01 1.091595267431395344e+00
1.130257102080226561e+00 9.611166462683240486e-01 1.058864378012373653e+00 1.058029811955145227e+00
1.100900449541575732e+00 1.076648685091762703e+00 1.029187810976868178e+00 1.053869123662716900e+00
1.141538739331057428e+00 1.082095084816999675e+00 9.544032163518469947e-01 1.069957751375611998e+00
1.045995656463048595e+00 1.195201853425063465e+00 1.002134657477051105e+00 1.160899008371952590e+00
9.172434749289652967e-01 9.351937827994392105e-01 9.565367374181314997e-01 1.146845480935570372e+00
1.076464471036039594e+00 1.010117928561179212e+00 1.008109464844511471e+00 1.078483111524124460e+00
1.019870384316539313e+00 9.655132072166223711e-01 1.186355079856810546e+00 1.102415342826864375e+00
1.007826641483932306e+00 1.030600348717239267e+00 8.435624984649349178e-01 1.022432174054613840e+00
1.112560420838647701e+00 9.530382590883936800e-01 8.580830710682727513e-01 1.168097846797479411e+00
1.054359612802161728e+00 9.829758069783190999e-01 9.220579133291744167e-01 1.050680584950131280e+00
1.001216505605989848e+00 9.467673965053067242e-01 1.020392305299967939e+00 1.123961211489441725e+00
9.798087072804403386e-01 9.829407419160203219e-01 8.114112554510198860e-01 1.170456752428191249e+00
1.124949115243052189e+00 1.017093632480843279e+00 1.012174773849719323e+00 1.040435110113915762e+00
1.067760378639972307e+00 1.209642759558993586e+00 9.482359443690530076e-01 1.072724813046689096e+00
1.134572935894851531e+00 1.012597700857498451e+00 8.767468006798063707e-01 1.116275464773225368e+00
1.108636838353827203e+00 1.067975281515436414e+00 1.086040866275961969e+00 1.044197172201496215e+00
1.094872800274091285e+00 9.277669451004441070e-01 1.022406854935886233e+00 1.028037752711715491e+00
9.342230542883729338e-01 1.033750408535720089e+00 9.646111941278968649e-01 1.147070223835461311e+00
9.267336845582516691e-01 9.527356418802405136e-01 9.528563393700312245e-01 1.146171239436218459e+00
1.038789826344934442e+00 9.582727967281028381e-01 1.031861005262484587e+00 1.198109024824432822e+00
1.120244069785873542e+00 1.094480978447982533e+00 1.167398433325236518e+00 1.256612030814899805e+00
1.039496447722760175e+00 7.601370480281699482e-01 9.612731887164656097e-01 1.293726039328558564e+00
8.285423510771291467e-01 9.312648662741527250e-01 8.879572567086766455e-01 1.062238620179870141e+00
1.134931463896847514e+00 9.903312113802432703e-01 7.984423524924560978e-01 1.085758728318645172e+00
1.189265782658051496e+00 1.077239143448416314e+00 8.898090484047594950e-01 1.020754163355103827e+00
1.134540760692836603e+00 8.892639798324686318e-01 8.369612585064901689e-01 1.027037589167549836e+00
1.077509705041375110e+00 1.087418196142369675e+00 9.389081562159476979e-01 1.052738247040422515e+00
1.007501817328746663e+00 1.035143261508814527e+00 1.005487955577902603e+00 1.085820060708289958e+00
9.030872721771946443e-01 9.548418887606570093e-01 1.144383737752114660e+00 1.142958457165553776e+00
1.133171648682113508e+00 1.123065226333507027e+00 9.695762906049559815e-01 1.123364915450272727e+00
9.632299509477031396e-01 8.176599612647726945e-01 8.298973685407098344e-01 1.132249414104431917e+00
1.044537488458952224e+00 9.803751147252023346e-01 7.726137316997545579e-01 1.127142684823250196e+00
1.110554303155842693e+00 1.201854659290158667e+00 1.139890317985899681e+00 1.088283546182037931e+00
1.101210146481468310e+00 1.024690397723082791e+00 8.144313530660794997e-01 1.117942914546862454e+00
9.683184947793239683e-01 1.068559084498505785e+00 8.076155464469666478e-01 1.166800236633601218e+00
1.114130423228817612e+00 1.169303101137035616e+00 8.655858651339276566e-01 1.100129461633163830e+00
1.138305316440254789e+00 1.089531887110926522e+00 7.912973629576379730e-01 1.117236403025519964e+00
9.904976823125170027e-01 1.124576051851842839e+00 8.724822474427914587e-01 1.252604302838107087e+00
9.802433473183197465e-01 1.125356389750586494e+00 9.951741798810938011e-01 1.088433728085056451e+00
8.798761967667440009e-01 9.688965271964905535e-01 1.082730093970003971e+00 1.166241016995154922e+00
9.489687131816251231e-01 1.032790761379778433e+00 9.246352961970988327e-01 1.259738279844698328e+00
9.944723764772286367e-01 9.198674004526486980e-01 1.064569558023410245e+00 8.535973068881844705e-01
1.044521250397114853e+00 9.946586461703402771e-01 8.700447674706758283e-01 1.085534429032861015e+00
1.033572530855116689e+00 1.152640696001875575e+00 1.133002631485898304e+00 1.114180363809146757e+00
9.063259997903461151e-01 1.124069984639298303e+00 1.086392349253122447e+00 1.271973357572933727e+00
1.044936878789772594e+00 9.644656772980689796e-01 1.161510044385229090e+00 1.046280808691391950e+00
1.031092004047667210e+00 1.074585294776432498e+00 1.105113304909496552e+00 1.147847377507674516e+00
1.115838763257054778e+00 1.059459999631543914e+00 9.165558247986026474e-01 1.220153839937395679e+00
9.666762362172799383e-01 1.097019997420519255e+00 8.455568557872547020e-01 1.146706087111212691e+00
9.117966501707395199e-01 9.551665060599431323e-01 8.018299381360450839e-01 1.177293571981080866e+00
1.124798880352167574e+00 1.078680713582133022e+00 9.801073565470115323e-01 1.101063502754028312e+00
1.080876870602022866e+00 1.000275303442380137e+00 8.782565934457525758e-01 9.973153763910889147e-01
1.204316961664027685e+00 1.094311849938096159e+00 8.136786684439981654e-01 1.165233976995236898e+00
1.092231584038233505e+00 8.472775504503885502e-01 7.625415920033528083e-01 1.104575201963763798e+00
1.074144116136723781e+00 9.401234193044581966e-01 8.275212739150595853e-01 1.072547206751792492e+00
9.305971952428016003e-01 1.091528212414172527e+00 1.102068249999341054e+00 1.265332367328548147e+00
1.194065068484772896e+00 1.003375795187937181e+00 7.630146225022905737e-01 1.229223171268623460e+00
1.085734805181994167e+00 1.111015276231310800e+00 8.922520923503413082e-01 1.020147713123725319e+00
1.138961651030959921e+00 1.185166390899033528e+00 8.837870056857043410e-01 1.190171561211964102e+00
9.569596739685505282e-01 9.848763404712342906e-01 8.628201494612754985e-01 1.164374098859607409e+00
1.029754106124381563e+00 9.487353503378692654e-01 9.421446178303327645e-01 1.073828026013661008e+00
1.137957877403813711e+00 1.065984867100685518e+00 9.768668254018787467e-01 1.161880457312105541e+00
1.122720717635189880e+00 1.140548442539527585e+00 9.764229322888107188e-01 1.001919818938683981e+00
9.518578911397095332e-01 9.441382838277885270e-01 9.920226285059854376e-01 1.111342063725046847e+00
8.960924583235606589e-01 8.875005961661647236e-01 9.358671862031447963e-01 1.151960278307419872e+00
1.241282937460666203e+00 9.849727961757738237e-01 1.050650755561749916e+00 1.086342050256275504e+00
1.064688761436617170e+00 1.045650385765279466e+00 9.533441510136209107e-01 1.039907680179504412e+00
9.665961962191371715e-01 8.938142883330386645e-01 9.096696389497855861e-01 1.348883782239952422e+00
1.248777124447242093e+00 1.224603048747272327e+00 9.537259753423560360e-01 1.014992751687047168e+00
1.046491857899819022e+00 1.160631172605793182e+00 1.028204466773539938e+00 1.083529427671923173e+00
1.170233729419267954e+00 1.121982811009617498e+00 8.450549832119670368e-01 1.184788332853192516e+00
1.054409963845073905e+00 1.097197021050414278e+00 1.008013557210343025e+00 1.098325348961440628e+00
1.201199272251079364e+00 9.845251208724619119e-01 9.196289773772049481e-01 1.249429010295296294e+00
9.174370233662187957e-01 1.006959035422159143e+00 8.726448010230497543e-01 1.214191372918467016e+00
1.052048528216523504e+00 9.881640406920860764e-01 9.012893275265132509e-01 1.228969482650950074e+00
1.118663993167148485e+00 9.511453492231480844e-01 9.678583661884526679e-01 1.134077442659418011e+00
1.232908687716064655e+00 1.155012486800064408e+00 8.540465468036559926e-01 1.222816081576630909e+00
8.892846970626132608e-01 9.513556943833840762e-01 9.912739009561615244e-01 1.108693113111627548e+00
1.201330400071612736e+00 1.168132897055220498e+00 9.681904919421485678e-01 1.054600597614606450e+00
1.001613876019984639e+00 9.942029327559973595e-01 9.808179234330799412e-01 1.144495352489490525e+00
1.144176419454889349e+00 9.586375307102890098e-01 9.049159908302056854e-01 1.099300621475033823e+00
9.822917773872594793e-01 1.165506831234061291e+00 9.669126709871618264e-01 1.030503335302160872e+00
1.190929489518854689e+00 1.051823339381296796e+00 8.102368495570477780e-01 1.091985186546447828e+00
9.156354701994953160e-01 1.069269928034137562e+00 8.554643328518156675e-01 1.040809068973035378e+00
1.040527309283872048e+00 1.126630728347278509e+00 9.330631293140813076e-01 1.069083654238285108e+00
1.232071987901874444e+00 1.163116586902572136e+00 1.240948205959778505e+00 1.160232563046625698e+00
8.485617179876301375e-01 8.189362765337189209e-01 1.000862884649670548e+00 1.123379363684931187e+00
9.978828478483591224e-01 1.003152483111450444e+00 9.562972708844552638e-01 1.072225186963564392e+00
1.122885409617222274e+00 1.084741595423443838e+00 9.511980240640773854e-01 1.208550552608281814e+00
9.293059755606342121e-01 8.583648821479138435e-01 1.051520486315185021e+00 1.133294480624678302e+00
8.875011645193147114e-01 9.791410914851833569e-01 1.028022084965966476e+00 1.304898624142432961e+00
9.813695429355465683e-01 1.062479444602902667e+00 1.123014286848120991e+00 1.191973517750207101e+00
9.543308886664304547e-01 1.052392118239250163e+00 8.265189008037678864e-01 1.158344719983108062e+00
1.230454764122119071e+00 1.116084454957758876e+00 9.712339511618197641e-01 1.116622656898184740e+00
8.326515872963005105e-01 9.235310583138477414e-01 1.136742247832625452e+00 1.174975333396138577e+00
1.256703208953700690e+00 1.130230495283796488e+00 8.311364923022992457e-01 1.096849929022341907e+00
1.098827332362059206e+00 1.195450036241692437e+00 1.068077717463570497e+00 1.014901565202934952e+00
1.081566070140060010e+00 1.057395916548888426e+00 9.520101491767710700e-01 1.107808247029557824e+00
9.943742464965141803e-01 1.185672257303217680e+00 9.881888172111418234e-01 1.330674537559908055e+00
1.051516119609646971e+00 9.917839668754258042e-01 9.587002010590128798e-01 1.244623517764313236e+00
1.258999661035013373e+00 9.475848520152730936e-01 9.760912337849638742e-01 1.112565603769698264e+00
9.818037525728504633e-01 9.384766383461456973e-01 1.027780853480586787e+00 9.826508126890087791e-01
9.500108467066238349e-01 1.044850995712873543e+00 8.494211309354072759e-01 9.598181461338658460e-01
1.079703137833068594e+00 9.198054235836080617e-01 9.428723780177149516e-01 1.076184346108605139e+00
1.102876332015156224e+00 1.216078740934195324e+00 1.046679697431036837e+00 1.222441140236236956e+00
1.041743944851789339e+00 9.738911908680240037e-01 1.136127087069893626e+00 1.216613765835738992e+00
9.784533086012280334e-01 7.369651338288323306e-01 9.356165430070959577e-01 1.288508296334606396e+00
1.142146147725980443e+00 1.063339877021713287e+00 8.190658360119454917e-01 1.066748166776159801e+00
1.068922509406936339e+00 9.956678176653507295e-01 9.323190088342125925e-01 1.123576691274722927e+00
1.070294077573915148e+00 9.965494093597463410e-01 9.365363164773543581e-01 1.299641122850687003e+00
9.675999886358198632e-01 1.097504517761640486e+00 8.554759763928819760e-01 1.130845470668150776e+00
1.146213435565556660e+00 1.072894086685464377e+00 1.046025972370356216e+00 1.040680180757528994e+00
1.149536222152458986e+00 1.008543948427387260e+00 8.191035086370284102e-01 1.039957129709497607e+00
9.649121981855911523e-01 1.068822286426165391e+00 9.977024877239910605e-01 1.279077167244855096e+00
9.755972922126758817e-01 7.969963609831839380e-01 1.037185723968381490e+00 1.104778992786869640e+00
1.102568309502144794e+00 1.011543016657032723e+00 1.005485235497464380e+00 1.007899825592440957e+00
9.965768028038549664e-01 1.136360843786709429e+00 1.012951276043604576e+00 1.092006424589948121e+00
1.103493630905890921e+00 1.110963936849264977e+00 9.139890894551022660e-01 1.155805473440363995e+00
1.049332700149700370e+00 1.074494610236570447e+00 1.060382424068845086e+00 1.079314417915915092e+00
1.094921662228997228e+00 9.803879963235971884e-01 8.677048510605860354e-01 1.114807561065635166e+00
9.858027818751475824e-01 1.096532463267285928e+00 8.384084298555238846e-01 1.143648091632190722e+00
9.461578085021771223e-01 9.926416340911435876e-01 9.057598331536375058e-01 1.107661525601836283e+00
1.125178938269974172e+00 1.233614835058213011e+00 1.059021897590108230e+00 1.082173834803867640e+00
1.158158818730708361e+00 9.974415550250110840e-01 8.264084225275245554e-01 1.197632182061538098e+00
1.048001552297362027e+00 1.279777767315753767e+00 9.879804232630982064e-01 1.241949556412632605e+00
1.254460767752588524e+00 1.026320914272893292e+00 8.961897526052811092e-01 1.113901341436144055e+00
1.008948826553267564e+00 1.016449780177007378e+00 7.811512067347770039e-01 1.424760488310224726e+00
9.193523842954993697e-01 1.195145936764288708e+00 1.151721662891447062e+00 1.233128429768976186e+00
1.016428156523880855e+00 1.066365223102645921e+00 9.593086956875177540e-01 1.202306052240300405e+00
1.021091253340875582e+00 1.108296752264279261e+00 8.605676473506462809e-01 1.003782501542049177e+00
9.624773181437757952e-01 1.290292046304093221e+00 8.478965661177692015e-01 1.176857844069531644e+00
9.447262005680113761e-01 1.034628621936653836e+00 1.071246505832435858e+00 1.110812992347731232e+00
1.026781403476891619e+00 1.297186524700676857e+00 8.428683356342715483e-01 1.108512498468843477e+00
9.093604049229015995e-01 1.074115619235964436e+00 8.800538613127009135e-01 1.238241043341627101e+00
1.047553770777182924e+00 1.118717804537073368e+00 1.042572465365249945e+00 1.204199163091784985e+00
1.085446852460614897e+00 1.259689490314530147e+00 9.618312324762400278e-01 1.163260402473361932e+00
9.759431884989284711e-01 1.091034525400625288e+00 9.746506234015726022e-01 1.066573616607939368e+00
1.147074502468523605e+00 1.077014918687051237e+00 1.033444304596865537e+00 1.211844979207042483e+00
1.009901752566624289e+00 1.128057035880605685e+00 9.627666208552027038e-01 1.204206772217610633e+00
9.488378210118427747e-01 1.149679603628188218e+00 1.117057423512764158e+00 8.999260041922467757e-01
1.072935378820665919e+00 1.056437024846203387e+00 1.005078385079883008e+00 1.111707107092152702e+00
1.136720166109408181e+00 9.864396573218185971e-01 1.049385904006750136e+00 1.046700696834323763e+00
1.059747886490609359e+00 1.077970768440643212e+00 7.733951258544227159e-01 9.424943932712712691e-01
1.068960991311027620e+00 1.083811235088547376e+00 9.866563859434699379e-01 1.203955012249458445e+00
1.130726195890708663e+00 8.023703457166208031e-01 9.312921934449422956e-01 1.035674130247771441e+00
1.104879615078417476e+00 9.264407712419407970e-01 8.383478087189399908e-01 8.946765951647083215e-01
1.066072325124925335e+00 1.177035166013467693e+00 1.027577140117042154e+00 1.083223385417680040e+00
8.782222970857733735e-01 1.164032563273736720e+00 9.261349751651103412e-01 1.267073521423096816e+00
1.049731802508739209e+00 9.701433896115144728e-01 8.378809229970923811e-01 1.260237048345036470e+00
1.006634516623016395e+00 1.006834948726852197e+00 1.076382982130499100e+00 1.209614469354927557e+00
1.003626924555326649e+00 1.095720203806108906e+00 1.112699883416206736e+00 1.079190549908085162e+00
1.040641702009270864e+00 9.827222698620994290e-01 8.531159511071819690e-01 1.144166753279590054e+00
1.153358967260000201e+00 1.092914567989763830e+00 8.384611181673884417e-01 1.366276599361587296e+00
1.051835939533555697e+00 9.407962828458636961e-01 8.600539062412986269e-01 1.066636759886519403e+00
1.275667380773883419e+00 1.074554467439944538e+00 9.767543231768589518e-01 1.011509004397784794e+00
1.083686914085121744e+00 1.128784499009132469e+00 9.306624060299135692e-01 9.744045728085026781e-01
9.668169579725702789e-01 1.086091190753737612e+00 9.528560525395186609e-01 1.013327712528345526e+00
1.063901947593706598e+00 9.966592630192608882e-01 8.793832932274532332e-01 1.348143749542986880e+00
1.014193612772780195e+00 9.706973582291649194e-01 9.449562074186541594e-01 9.776793067091082978e-01
9.991797729853997279e-01 1.126394505113813116e+00 9.204208327572805937e-01 1.132962164913114300e+00
1.107741467933310631e+00 9.898286593287971558e-01 8.844657751525999423e-01 1.057467560569692600e+00
1.036064116332391372e+00 1.088119773576480931e+00 1.016405240046251324e+00 1.194899915829021220e+00
9.689041895313248443e-01 9.552643124619563109e-01 8.929233113269922084e-01 9.819618044667487444e-01
9.881554911679374387e-01 1.090857260724580780e+00 9.029591252206067287e-01 9.739434755474499772e-01
9.255946483824600834e-01 1.045826616075496762e+00 8.890964809374736211e-01 1.065275769404825157e+00
1.086175330888445867e+00 1.154536143321593489e+00 1.010988777810929884e+00 1.031395151359594031e+00
9.272896217634349902e-01 9.818176284622505134e-01 7.851105819442378841e-01 1.189258254146755123e+00
1.010209083336436109e+00 1.074146642608513780e+00 9.554404494961450389e-01 1.038407186036909513e+00
1.133296328079526072e+00 1.158917925657774628e+00 9.283899149058660871e-01 1.114939055553836988e+00
1.080899905011598161e+00 8.733943288201695410e-01 7.704617739663818243e-01 9.678350539176845402e-01
9.876923024131193385e-01 1.158248104606278028e+00 8.783931529143715888e-01 1.056113950837257454e+00
1.039695363836792952e+00 1.074428557739750101e+00 8.855688627739223273e-01 1.060798066703508846e+00
1.116655076645523437e+00 9.008544843630919008e-01 8.613875915296742569e-01 1.045509649832923271e+00
9.592907771195001709e-01 1.158000210721041645e+00 9.764987930195202503e-01 9.538822756299301098e-01
1.033485196812850893e+00 9.981388530600373565e-01 9.830529816418976941e-01 1.150961966940049486e+00
9.651168433201465779e-01 7.996686661510371552e-01 9.222803800822367837e-01 1.170914249647820871e+00
1.037920520313354356e+00 9.694145598260871521e-01 1.216435227186098755e+00 1.236771536838655150e+00
1.167207686907194120e+00 1.037416428486292563e+00 9.128036128650468539e-01 8.591792248772678331e-01
1.069502705315168667e+00 1.243390024471860755e+00 9.207607615983935956e-01 1.081764133021934304e+00
1.095618722234927400e+00 1.207383084542700047e+00 9.979834902810609254e-01 9.356615715700520308e-01
1.046186087163222256e+00 1.071620592234886260e+00 9.407648242486603696e-01 1.277348678908280410e+00
1.146441017797273476e+00 1.166880626390975673e+00 9.409948963645816677e-01 1.039098855792810916e+00
1.129413954467605175e+00 1.006080518909731047e+00 1.050799869819899479e+00 1.106057675043207844e+00
9.226498390585965437e-01 8.905077098686040582e-01 8.180879293796962104e-01 1.176166275520373228e+00
1.269486903650536957e+00 1.137643520343176062e+00 9.971099584113589653e-01 1.013111452608737695e+00
8.975817590025758630e-01 9.864764016977870531e-01 9.851160087641485097e-01 1.081426604619070586e+00
1.157133895348690933e+00 9.865848883514376499e-01 1.028138446129633898e+00 1.118086974585089877e+00
1.018983682184092743e+00 9.720257217645157377e-01 1.050551782708727400e+00 1.165345990315451941e+00
1.118018234110604192e+00 1.015610294606649200e+00 6.267381788651587016e-01 1.280676812908617235e+00
1.147176260136845816e+00 1.029106612742444637e+00 1.079859972110793986e+00 1.293502886094882287e+00
8.615882649677384375e-01 1.092936353402787608e+00 9.964566195806244808e-01 1.059161354777974351e+00
1.009715945532002612e+00 1.062907469278443706e+00 1.070307239752526174e+00 1.111358931447573584e+00
8.909257022248866509e-01 9.869520398382218840e-01 1.007443565285093490e+00 1.089231186249808969e+00
1.178002212462086362e+00 1.114191099076851321e+00 8.908021141529964826e-01 1.075739324294075372e+00
1.137021300042022620e+00 1.100851652069057440e+00 1.061745487970029433e+00 1.057150221848806915e+00
9.958472524026442674e-01 8.486917494785097826e-01 8.979183002615377385e-01 1.111834149659941984e+00
1.191347756202234542e+00 1.034579947574673309e+00 1.049740988866966207e+00 1.128457513314155669e+00
1.179775620772024913e+00 1.072075183998628223e+00 8.964269543610188240e-01 1.150873639315157071e+00
1.165521215476350125e+00 1.053859355417028132e+00 1.040592584123227304e+00 1.010988554300991327e+00
1.141058885661659472e+00 1.056457841245612705e+00 8.610736892511110518e-01 1.033615890284904415e+00
1.190249297053736610e+00 9.267361360659001068e-01 1.076797138319675495e+00 9.899794957568078813e-01
9.941173610995325260e-01 1.088298360774313966e+00 1.057839531196839156e+00 1.126576096539221528e+00
1.008640337668504916e+00 9.518096419478593306e-01 9.679582156152216621e-01 1.211241652300784510e+00
1.081124905290222094e+00 9.457278177661557761e-01 8.000625523997608735e-01 1.172977856704426891e+00
1.013087602962311262e+00 9.173912109488149280e-01 8.845123875720126705e-01 1.125402084181703177e+00
1.047756716209923500e+00 1.202705171771691450e+00 9.732840893312014741e-01 1.170896985314078265e+00
1.012075026336471950e+00 1.065117152800274747e+00 9.946450901881983553e-01 1.090352790915248393e+00
9.577589521982544651e-01 1.030261434876587501e+00 9.314996692683551460e-01 9.897351225860511192e-01
1.130390868546269800e+00 1.009569857973455331e+00 1.010744024821532250e+00 1.124545056577924029e+00
1.062235381395902678e+00 1.077324654879107113e+00 1.028440575071916774e+00 1.000831639160548736e+00
1.035567833567654805e+00 1.122851362097663674e+00 1.015133242323971174e+00 9.796772428235547281e-01
9.684770592962511637e-01 9.932383019732734519e-01 1.051028210847614552e+00 1.042179295313065301e+00
1.000761545475328917e+00 9.258106313666345510e-01 1.069857215433567932e+00 1.175551026074984184e+00
9.867433123161452047e-01 1.063445853690762499e+00 7.186387602701825861e-01 1.195402489012345137e+00
9.946187145902597448e-01 8.741969355254124441e-01 9.312972109042594315e-01 1.164500728223267334e+00
1.141757801331597877e+00 1.038526450780915100e+00 8.630658779382615053e-01 7.995758287941527875e-01
9.482515871237279237e-01 1.179027055865413010e+00 1.029032387221842315e+00 1.141580666634790964e+00
1.137662536579859163e+00 1.126116146139685581e+00 1.019873848916608594e+00 1.116466016375807779e+00
9.395003087584756774e-01 1.069526337277701966e+00 9.817787417597378941e-01 1.157765151781791735e+00
1.008427436780786834e+00 8.552805446034851267e-01 7.793742025416969810e-01 1.143910853423553142e+00
1.122567028638777220e+00 1.234027432927037982e+00 1.005961784945963444e+00 1.077999836310189696e+00
1.060758609641123007e+00 1.141375890734474430e+00 9.531427809197597911e-01 1.235377817057803584e+00
1.083804378623461240e+00 1.217442618039258129e+00 9.523506631971616621e-01 1.140690008904289066e+00
1.121669562065090053e+00 1.018673814551459555e+00 7.891291452961819441e-01 1.135527695384021207e+00
1.007965316179897153e+00 1.070156401306871397e+00 1.023610259770006081e+00 1.170707075484527016e+00
1.052326508531226779e+00 1.232030817803479117e+00 9.363500290463400155e-01 1.011120395335572297e+00
1.103455475556044174e+00 1.211632086969391287e+00 9.894846774618074603e-01 1.064106589563625693e+00
9.952847193006996163e-01 9.430034311853060514e-01 9.498538111872717460e-01 9.162622264764799240e-01
1.014626245526204951e+00 1.171944242080264154e+00 1.046406959022251781e+00 1.042190695673677503e+00
9.282581197989697719e-01 1.184856280306855414e+00 9.749798849326686279e-01 1.087031619959203832e+00
1.151612619712106822e+00 1.034686185408653758e+00 1.009967002311936479e+00 8.830825759901008709e-01
1.115125558535344341e+00 1.092488512248899424e+00 8.678568753385921264e-01 1.131250060846034078e+00
7.562885882399292825e-01 1.103269204336827070e+00 9.738350223163294572e-01 1.228938030509945989e+00
1.156236746391043679e+00 1.220940560154105903e+00 9.742387172898910874e-01 1.183193243256231764e+00
1.048462609514640320e+00 1.018825107844166356e+00 7.243215157314962793e-01 1.194995728139485403e+00
1.035587558269450037e+00 1.018595115446608412e+00 8.705082114828914808e-01 1.060248879179877868e+00
9.756814124369435071e-01 1.114200128373147303e+00 9.146560685718808648e-01 1.111113054636177822e+00
1.159327188909106576e+00 1.145184826902192476e+00 8.661869312738819104e-01 1.015408951730662368e+00
1.066480604825231993e+00 9.015194366656030800e-01 1.057027281354092407e+00 1.065335761853891450e+00
9.253287463734085616e-01 8.183209659615733322e-01 1.061178173550886727e+00 1.020644636737657818e+00
9.571787109976965802e-01 9.585138620690483169e-01 9.539346699363994153e-01 1.227062837668950745e+00
1.165076295062549727e+00 1.203598732887641853e+00 7.786353731986980220e-01 1.129776228071341704e+00
1.002705942976514164e+00 9.568296931605935196e-01 1.030629544916490614e+00 1.032949782464771094e+00
1.031105061423174707e+00 1.135771878798517820e+00 9.264926726118991596e-01 1.078999197083673200e+00
1.261705943317389167e+00 9.229244840948772621e-01 9.950030555457393122e-01 1.142093117451855822e+00
1.076596916895518952e+00 9.533941581415384947e-01 1.132313087645119953e+00 1.152738246532324595e+00
1.081666029291028508e+00 8.244909660991139866e-01 9.928615199875373554e-01 1.061474340762197821e+00
1.164885789348021783e+00 1.142590490427083161e+00 1.065766888940801627e+00 1.090776743032810803e+00
1.018489006580463263e+00 1.014163728466600078e+00 8.915935349782446728e-01 1.160140583749057042e+00
9.158340706809239284e-01 9.789247064475656845e-01 9.972804212253448819e-01 1.128657571291777684e+00
9.019079440879665954e-01 1.080952470809061206e+00 1.016171526716693085e+00 1.069164965983343984e+00
9.789650307884772973e-01 9.615135891335971907e-01 9.707261830723150631e-01 1.209522612349470672e+00
9.559859833865144152e-01 1.051503790203206279e+00 7.465032698384298504e-01 1.122536900548288141e+00
1.196049187763026822e+00 1.113394648389660180e+00 1.046512407212786933e+00 9.962905669004070708e-01
1.080834444278403694e+00 9.471622350604576024e-01 9.789653724944102908e-01 9.483465675428869313e-01
8.213030350001513380e-01 1.109838803874721780e+00 9.596570127810182260e-01 1.260811747465399479e+00
1.100902726048700764e+00 1.152280865881000649e+00 9.963427445389011483e-01 1.066148744041440777e+00
1.023408108452416476e+00 1.223283895521859455e+00 9.610070980038990518e-01 1.253569445251065506e+00
1.208600011553394804e+00 1.056906976555532784e+00 9.713241086827708592e-01 1.102671700571152380e+00
9.256330824174848759e-01 9.996404667400178301e-01 9.766144853168504669e-01 1.021235329915774592e+00
9.010818229949496549e-01 9.609935802723789111e-01 9.615921359117978184e-01 1.096156595339756290e+00
1.098408744161623263e+00 1.132114308823019222e+00 9.272101699813318776e-01 8.680523081386700701e-01
1.232511864899205944e+00 8.669683182760283824e-01 9.248873028391743079e-01 1.150597543097087838e+00
1.020253795650280182e+00 9.877803826341428062e-01 9.102184308222378561e-01 1.306986968251997672e+00
1.084707339808462123e+00 1.163514723127528683e+00 8.682050949528508088e-01 1.103087569215393193e+00
1.001727171700198316e+00 1.211898114179326358e+00 8.864533449588952729e-01 1.052356973634632986e+00
1.085547077805787852e+00 1.197335380866600962e+00 8.318277733307105626e-01 9.937597199273979776e-01
1.075330772668979584e+00 1.124417118461876086e+00 9.707426978869234668e-01 1.093412281826809940e+00
9.520041507962562211e-01 1.077856871394918814e+00 1.020283024661874594e+00 1.288143799200222039e+00
1.151949258333019310e+00 8.652980964053619273e-01 1.049033496155822309e+00 1.039679874186683506e+00
1.056265347908584840e+00 9.954161971217663218e-01 9.040922285780883527e-01 1.216703338682649571e+00
1.119295999891004811e+00 1.174349652446706749e+00 8.997782124806009696e-01 9.901191136069699139e-01
9.617709213015074310e-01 8.979951807273950370e-01 1.091502670933959251e+00 6.772201115710274610e-01
1.018285512468086740e+00 1.061866095454143233e+00 8.570852674667137627e-01 1.187041899235160347e+00
9.680508255345720015e-01 8.621113100674505647e-01 9.175841416002327167e-01 1.078239216579149451e+00
1.086186215678953015e+00 1.058356253070993791e+00 1.019050683839580751e+00 8.852438213032829406e-01
1.195428049599552400e+00 1.053715584817583428e+00 9.314193499161609324e-01 9.728117670474252243e-01
1.277952732327571894e+00 1.218354649107363796e+00 1.078095477196841401e+00 1.060354806942074291e+00
9.836034200943033490e-01 1.112955908959243567e+00 8.596067429780785973e-01 1.176574831251400832e+00
1.086310331960913311e+00 1.029477465503040090e+00 8.532565888068937010e-01 1.252353848946001991e+00
9.345866790601545793e-01 9.937744789564523229e-01 9.732304189987712739e-01 9.404219901049652997e-01
