3.039963347973911212e+00 1.102104030398370238e+00 1.274134787356892895e+00 -7.191264252763542864e-01
2.984758206278234294e+00 9.843162237692344441e-01 8.420871338176959542e-01 -1.083935986051362210e+00
3.113017810901491433e+00 1.189528150201110135e+00 1.157001151303349129e+00 -8.472656802272944265e-01
3.044902370160551985e+00 1.189341438364023729e+00 1.207010968405534346e+00 -9.109891620781442878e-01
3.021311456185308497e+00 1.010329194442199041e+00 1.038821792745810990e+00 -8.364184040414373023e-01
3.095025360445762708e+00 1.178947222850115439e+00 1.322209699659291138e+00 -7.698559926772561290e-01
3.152307300856417527e+00 1.189852517784847796e+00 1.096237349816896023e+00 -1.040782072223610966e+00
3.072313516435542180e+00 1.158996212852322572e+00 1.227536213742495885e+00 -7.184570132234577855e-01
3.077428455242853911e+00 1.136320019194739128e+00 1.137992714314319809e+00 -7.325835293356789402e-01
2.985085132323400448e+00 1.219273262883898479e+00 1.240860370645777921e+00 -1.053086839550214426e+00
3.025786270601609651e+00 1.128854013341693552e+00 9.415945369257799902e-01 -1.042399962567959859e+00
2.986494938913158315e+00 1.086244427502594201e+00 1.153493623646362209e+00 -7.164952060422042912e-01
3.031969682908157271e+00 1.065671239596713393e+00 1.016000046391425826e+00 -9.813954939637060670e-01
2.989063959807300996e+00 1.059757529830235079e+00 6.614257465552088044e-01 -1.342854818775217840e+00
3.082519039596452348e+00 1.027539936697589251e+00 1.058880898609271926e+00 -6.613736809866207489e-01
3.043932860534106499e+00 1.028877885027243311e+00 1.149079266425170109e+00 -7.312320266634774191e-01
3.063086982236638889e+00 1.245714973871952402e+00 1.142462788992303357e+00 -7.920069500390146677e-01
3.083756990456215430e+00 1.103367635693438986e+00 1.160092610384595213e+00 -7.056957384199102901e-01
3.104275502403181619e+00 1.098334595897776822e+00 9.404251894350302843e-01 -9.360778275620602606e-01
2.947100301032024916e+00 9.574037689027876663e-01 7.715009603310870601e-01 -1.205129342846928964e+00
3.073419097732891903e+00 1.162843275802866838e+00 8.799939449877225428e-01 -1.173357571451104864e+00
3.072097057496829375e+00 1.164240602046873185e+00 1.216286915518874689e+00 -7.629689805812812642e-01
3.041096495052380444e+00 9.993524331402093841e-01 8.793147792214460745e-01 -1.171791679936474706e+00
2.973149998915579406e+00 9.792040309831423484e-01 7.929786031707873883e-01 -1.125284343725762914e+00
3.048533377490358909e+00 1.074418128735399547e+00 9.243890948895376880e-01 -8.770816441549096343e-01
2.880284907389856652e+00 9.795695816072196305e-01 8.949262545258312995e-01 -9.879108842936086265e-01
3.092160628262993427e+00 1.179837896714716061e+00 1.280908623475938146e+00 -8.552096918364777700e-01
3.048577325156900386e+00 1.178386918986476628e+00 1.267022742955327796e+00 -8.460335525273292578e-01
3.075648784667877500e+00 1.134226755567427247e+00 1.034134859693196962e+00 -9.432793575711356793e-01
3.145144971717392490e+00 1.214855012068953855e+00 1.086703242061822783e+00 -8.888987097901752676e-01
3.045158749742576276e+00 1.111945154053739504e+00 1.126385635416252695e+00 -8.013051372266251082e-01
3.025605643516591670e+00 1.076655376866782143e+00 9.756127881412756109e-01 -9.563411794341220018e-01
3.064499582085250307e+00 1.121907411999685245e+00 1.036465786818831614e+00 -8.026502890700062398e-01
3.017210827129157558e+00 1.178352058948184622e+00 1.230610523962838210e+00 -6.556638019735501199e-01
2.918442767278461858e+00 1.034118269178127214e+00 8.075781577693851299e-01 -1.148488793190836077e+00
3.140587310239483454e+00 1.130729660593391195e+00 1.028161172178850613e+00 -1.092365299579291182e+00
2.889107543429740854e+00 9.854430331379181451e-01 8.084174589362254082e-01 -1.034145653836928469e+00
3.060514923297945611e+00 1.129664781880057589e+00 1.091535712292711180e+00 -1.154186502075225995e+00
3.061560512205894202e+00 1.168008330144608031e+00 9.533525713851797034e-01 -1.011523175412181397e+00
3.155315806832312386e+00 1.189556584271747264e+00 1.118267349378311071e+00 -8.374746594116128096e-01
3.092619892234375722e+00 1.245872528831750703e+00 1.067836824714446298e+00 -1.120930328657842923e+00
3.003527968717289554e+00 1.022398781515276633e+00 7.623526552327030137e-01 -1.151083673695790122e+00
3.057252399834065049e+00 1.220799315115570050e+00 1.377234410525418840e+00 -5.778280831502078385e-01
3.066306986154199166e+00 1.201721938554352498e+00 1.219122469640698370e+00 -8.760483841363193580e-01
2.981275809104728669e+00 9.348338085126959296e-01 7.834896775492605769e-01 -8.687968883972377876e-01
3.095677204857747444e+00 1.184280450518676142e+00 1.153293480710496866e+00 -7.470070511813281522e-01
3.056401640756039928e+00 1.164929998180420645e+00 1.144253385873924556e+00 -7.917908130537785194e-01
3.085982770568073352e+00 1.175443776290371778e+00 1.245462039619431582e+00 -8.017538238126725725e-01
3.058836544457809836e+00 1.225269053875821967e+00 1.386874648270691512e+00 -7.118493051552586826e-01
2.993591817425186097e+00 1.050539675055002675e+00 9.070936677418536265e-01 -9.237540232511816107e-01
2.859011660085950535e+00 9.878661322222863639e-01 8.635976456216541974e-01 -1.117064459618772210e+00
2.993869756464677678e+00 1.058412198727599396e+00 8.918063002371777737e-01 -9.334272917780155332e-01
3.059983948093970341e+00 1.086912592918671372e+00 1.053372456955068426e+00 -9.244360379659115612e-01
3.041164502160547123e+00 1.115077228968579526e+00 1.065831684272143809e+00 -8.972469379991888649e-01
2.942345113554578617e+00 9.867594134782514681e-01 8.488395212020876102e-01 -1.247809091166046214e+00
3.121983325350901506e+00 1.132178575544090959e+00 1.332790493250708419e+00 -7.331360137451407022e-01
3.052330707485706007e+00 1.217132460194185306e+00 1.243422140440785695e+00 -8.204347292751108522e-01
3.045457591809263675e+00 1.095409321265987224e+00 9.258270612938850341e-01 -1.001796823590489938e+00
3.052292866301329788e+00 1.155876053371621470e+00 1.254181332071237165e+00 -7.070373737391802971e-01
3.114977831072746728e+00 1.102850750693403326e+00 1.152612452567535639e+00 -7.200964275224619460e-01
2.976774316845877788e+00 1.241965589557361582e+00 1.202540139008865250e+00 -8.781900110663055647e-01
3.121678777954875805e+00 1.061617846117749453e+00 6.744602284682327253e-01 -1.286499226437417098e+00
3.015566591739173408e+00 1.144325779425281908e+00 1.073839752266680270e+00 -8.841798813438055404e-01
2.960514153664072445e+00 1.038207251561563904e+00 8.802342687769436624e-01 -1.050885623756098397e+00
3.022650420857461384e+00 9.758393884800220519e-01 9.914436328531252007e-01 -9.305563171058466310e-01
3.077677128652857252e+00 1.188856678778024589e+00 1.080131953062754446e+00 -1.030541256045939935e+00
3.046493145869953789e+00 1.180178614806359549e+00 1.277182163019853878e+00 -7.986201842145398411e-01
2.904594388033431507e+00 1.074410664447370323e+00 1.066250627024876829e+00 -8.962227668111478751e-01
2.984437390705257709e+00 9.946197114554706786e-01 7.958520120517700303e-01 -1.129263246824759204e+00
3.052559330164274609e+00 1.107485399174167551e+00 9.764241357498697482e-01 -9.550424130869795691e-01
2.984576721308245251e+00 9.877962211784767632e-01 6.737672547043468407e-01 -1.082972794768168212e+00
3.042083045427017129e+00 1.178288709511144505e+00 1.004450176788282523e+00 -9.113438502988020495e-01
2.951049153797209890e+00 1.068684949923759175e+00 1.074784566745295988e+00 -9.455193367628549339e-01
3.125338734223066961e+00 1.166458258308867846e+00 1.054050425138480795e+00 -9.743634624438454184e-01
2.929576393664885536e+00 9.393720196896366836e-01 7.641595590628000867e-01 -1.198183297372215295e+00
2.917480551041398140e+00 9.692499753048445799e-01 8.585894672514495785e-01 -1.024946721508584346e+00
2.890322284727169677e+00 1.039105228525864399e+00 1.182243063060540500e+00 -8.786647054247390676e-01
2.810199946419784212e+00 9.402275920762938055e-01 4.647077773025661829e-01 -1.367888687004431114e+00
2.977900727189448205e+00 9.762281093184094205e-01 7.020367599023361604e-01 -1.190352579778400033e+00
3.001025712765442055e+00 9.277364524606860341e-01 8.045597372812531844e-01 -9.109333290004886230e-01
3.058738752520988147e+00 1.206915188761382263e+00 1.165128323485329576e+00 -7.861406063748137552e-01
2.932761564968650703e+00 1.039939151539689632e+00 8.776186120365565557e-01 -1.077915667435006997e+00
3.078287839709237694e+00 1.129332537735889153e+00 1.064999017531490066e+00 -7.940243139695135621e-01
3.068198707580473972e+00 1.125791357155310868e+00 1.280197280960543971e+00 -7.674701211882714036e-01
2.973671755601389410e+00 9.683253854255425841e-01 8.224290645741473282e-01 -1.107986473538197902e+00
3.032604776048378525e+00 1.095973010511972268e+00 1.023005111181103821e+00 -1.051689377327382324e+00
3.083501561622637777e+00 1.168653458361745168e+00 1.049272473525332705e+00 -9.068268077185080989e-01
3.038237904172681692e+00 1.166263957430385245e+00 1.224735809066836101e+00 -8.244977525951725505e-01
3.066038988942282106e+00 1.233942112006212621e+00 1.128854319077970514e+00 -9.291483898653384310e-01
3.027045618200664201e+00 1.109436196093339211e+00 1.087093861292573793e+00 -9.285090078444163675e-01
3.030012662228667164e+00 1.174212914200648772e+00 1.242506235021443750e+00 -8.118168962793311794e-01
3.051362216034247954e+00 1.156045082377247901e+00 1.249249885236626278e+00 -7.604485432333975004e-01
3.089479242842729789e+00 1.105782024068508118e+00 1.245845414744019886e+00 -7.423661637968207438e-01
3.083314298516249163e+00 1.095367815169666192e+00 1.076695050210441984e+00 -7.736070851426072315e-01
2.982993054375196795e+00 1.107105959035261655e+00 1.009429685051631109e+00 -9.156867105342570978e-01
3.035264992500543269e+00 1.251112825061113210e+00 1.104563526925113282e+00 -8.596545545173382985e-01
2.986747075376001703e+00 1.027820563694011646e+00 1.053715515287281246e+00 -7.260013414515181784e-01
3.006971492515726485e+00 1.043841001825802639e+00 9.148248683556381433e-01 -1.051748488436232920e+00
2.977100290324505849e+00 1.033740620580240632e+00 1.009574343205570601e+00 -8.004891978311713396e-01
3.112149124712290327e+00 1.141253666714959314e+00 1.120737818984187895e+00 -7.619465945802043061e-01
2.985481174993002362e+00 1.119104465539693116e+00 1.042772317527479453e+00 -9.255420364019613100e-01
3.052838701837777169e+00 1.081653893085039675e+00 9.094971288157451816e-01 -1.018379675765067605e+00
3.077008178263645366e+00 1.198563389904993004e+00 1.205087742494898917e+00 -8.847230351528515557e-01
3.003418432056118359e+00 1.089510135181459560e+00 1.096438951636357073e+00 -7.976438084188632871e-01
3.143361655963591073e+00 1.269544395426952521e+00 1.197350662105104657e+00 -8.149203772974350501e-01
3.114743807053808933e+00 1.109897476422986529e+00 9.559926558190069423e-01 -1.101446032759367366e+00
3.020445232499182175e+00 1.109562571840345013e+00 1.100832160573346874e+00 -8.176045558782928380e-01
2.878739423699548272e+00 1.041529247019313820e+00 8.400938624428373469e-01 -1.386147930198672551e+00
3.123124541002804122e+00 1.198041677458363319e+00 1.253343946985590041e+00 -9.389786662546401041e-01
2.946495190026432009e+00 1.044142636679042724e+00 8.600577940211695527e-01 -1.055815113313160136e+00
3.035823817932244317e+00 1.108930627880179598e+00 1.027210471383393386e+00 -1.138225987809909023e+00
3.034681356920221784e+00 1.219930270599253630e+00 1.164552370255871327e+00 -8.419022423880893058e-01
2.988959716113526621e+00 1.244195540852830684e+00 1.259990759740760913e+00 -7.691334108109524337e-01
3.012352239014379318e+00 1.105328761603664667e+00 1.211166198103487801e+00 -6.531437475916960222e-01
2.992181713046577318e+00 1.040152665084576933e+00 1.041651061411083656e+00 -8.289752113214446938e-01
2.924602634873798568e+00 9.638766047403141135e-01 9.905877458777279099e-01 -9.070470292263043133e-01
3.035832482315365954e+00 1.138315950036114632e+00 1.052816454852498307e+00 -8.577294088264610927e-01
3.050181700276863417e+00 1.088546430385349151e+00 1.013918305633271677e+00 -1.054801042089489993e+00
3.003318043384818559e+00 1.205539860579154743e+00 1.347058569621263135e+00 -7.737922390545510787e-01
3.110503700468429500e+00 1.194180090116581550e+00 1.333784210791271629e+00 -7.191555030615737198e-01
3.009481617762796546e+00 1.120548408089767189e+00 9.781407687036176579e-01 -1.034688016334972094e+00
3.057057261317890351e+00 1.056377798075786023e+00 9.947446924582700190e-01 -9.236760043191096781e-01
3.074976570317414115e+00 1.180646302496459743e+00 1.054292927533168056e+00 -1.001299204870472304e+00
3.084002463234630564e+00 1.158495765784637754e+00 1.007586170685872640e+00 -1.131415300912935740e+00
3.018700804939609572e+00 1.183904335877307368e+00 1.222940790798151767e+00 -8.279938925101094638e-01
3.027705067134098815e+00 1.141529726219670415e+00 1.181039598825166070e+00 -6.941594459432779418e-01
3.057773622829024429e+00 1.100674926885299998e+00 1.124408019790482438e+00 -7.447070355674176856e-01
2.986690239524119050e+00 1.144607708251754952e+00 1.012821576652709554e+00 -1.068103693725579229e+00
3.037051092550207887e+00 1.151089579323880674e+00 1.067168980452519289e+00 -9.390618100179906058e-01
2.936252340151690898e+00 1.071516031498280785e+00 1.028361189695876643e+00 -1.004273582357084749e+00
3.004244895933434023e+00 1.021199961473004292e+00 9.853056657356389358e-01 -8.703576186803475556e-01
3.106937129405865416e+00 1.161159567315484642e+00 1.218525224297969389e+00 -7.437188541396254626e-01
3.082952272411931371e+00 1.130161127336716476e+00 1.159876680288637329e+00 -6.940123514623159906e-01
3.025420266228845634e+00 1.057318428853385894e+00 1.169593564409674435e+00 -8.682796235679652863e-01
2.933213955259865724e+00 1.007436780696676637e+00 1.019207923952103689e+00 -1.169129032363443121e+00
3.071589720463380857e+00 1.133197212427258238e+00 1.194164891250163452e+00 -7.098982834373001038e-01
2.988232311794981833e+00 1.165339547967866096e+00 1.212146133990788854e+00 -8.636738029961289476e-01
3.047283816030752490e+00 1.164726347465020462e+00 1.179238955507522446e+00 -8.765850875703290468e-01
2.903269700432546063e+00 1.040648349396505523e+00 7.718667971636687941e-01 -1.135498510783505832e+00
3.139077840333936109e+00 1.230556782483440248e+00 1.140510761301103626e+00 -9.188825393490851479e-01
2.989298069546342251e+00 1.055611255810416482e+00 1.015241794196078740e+00 -9.158217460043631686e-01
3.066374364782421313e+00 1.218500288992818259e+00 1.238757018927801656e+00 -8.373065382489892627e-01
2.976122424678170120e+00 9.308973611726490960e-01 7.068022123589073891e-01 -1.139025203515994678e+00
3.028161125814118115e+00 1.094199091171052629e+00 9.806951819679942117e-01 -8.445347249757857444e-01
3.068207494295485116e+00 1.186078598477452228e+00 1.213381622562255124e+00 -7.857202679164383419e-01
3.051755526491957138e+00 1.229141207991718110e+00 1.280151705382532867e+00 -8.377336804229685852e-01
3.038444814755707046e+00 1.178913576376099837e+00 1.178005596303026259e+00 -8.876689992111733707e-01
3.076945775596493515e+00 1.218257920606772959e+00 1.123055177136669469e+00 -8.409778406662503647e-01
2.971519294949644507e+00 1.021860715390568553e+00 7.803997790480693419e-01 -1.096946410045394282e+00
3.049013879221238010e+00 1.156562492969825495e+00 9.402965563801766180e-01 -9.399783536621674207e-01
3.094677705555139102e+00 1.188066128847503844e+00 1.226154906887255036e+00 -8.041840719122070880e-01
3.067786073680397685e+00 1.098009781887772318e+00 9.251136897935273717e-01 -1.110221600514498697e+00
3.057763454928307922e+00 1.118635728696642628e+00 1.141221778651246854e+00 -8.418812405913073116e-01
2.988752602339388442e+00 9.294290824199249457e-01 7.416523252308586667e-01 -9.608977294772734767e-01
3.143926552392939833e+00 1.198213366485615383e+00 1.059195477443974687e+00 -1.111786309341830092e+00
2.995654708697580215e+00 9.811826550913536060e-01 7.554088977876115552e-01 -1.131762605836418523e+00
3.047607206982024586e+00 1.187052376938583453e+00 9.941217754645620408e-01 -1.190963043351463524e+00
2.959939531439450100e+00 1.070967884227746802e+00 8.738462499151763430e-01 -9.926811621427599208e-01
2.950153269864331129e+00 1.005343104519632824e+00 7.813805149568516795e-01 -1.136248838938650030e+00
3.026763299813775898e+00 1.183135962555383669e+00 1.150359572852711176e+00 -1.039538524498145877e+00
2.910832094929914238e+00 9.395041214925654582e-01 9.857049497516908731e-01 -7.935080337759432556e-01
3.126762671232824253e+00 1.127213294357794604e+00 1.281065553236710119e+00 -6.000787292761989855e-01
2.908191255076404858e+00 9.946693962824633140e-01 9.518907875339711611e-01 -1.195119724969907926e+00
3.053070916329237772e+00 1.149648344537906874e+00 1.410626177788549818e+00 -6.013308377181847408e-01
3.093023876224618718e+00 1.220835987104821996e+00 1.120644143191870112e+00 -8.591327361406929652e-01
3.046677549333343560e+00 1.132294136457240530e+00 1.172016703720376585e+00 -8.470306684886269588e-01
3.059611461572581348e+00 1.134354900059267424e+00 1.062922551517431868e+00 -9.300618656218564428e-01
3.088752123205095401e+00 1.079534891372794014e+00 1.217773907349555707e+00 -7.820170543984646949e-01
3.007946620843789720e+00 1.137088106355448769e+00 9.876486902530370315e-01 -1.052274287412529041e+00
3.070312432408380587e+00 1.146478069804339972e+00 1.053818351636901962e+00 -8.805698493344213951e-01
3.065248948830061160e+00 1.116783550875275255e+00 1.027311244823909897e+00 -9.123105229408282613e-01
3.004161381197534730e+00 9.783658615513748380e-01 9.828924119673190241e-01 -8.797767491662175088e-01
2.982844212414473617e+00 1.039892535876023594e+00 1.155065636282706754e+00 -9.657829378656171970e-01
2.927789869928382860e+00 1.052706206355074725e+00 7.758863744632742421e-01 -1.275926676543700289e+00
2.965400872149136280e+00 1.040816097207939661e+00 7.286350823907689067e-01 -1.287904512654936218e+00
3.091236975031490974e+00 1.146573143197413103e+00 9.875614026397464551e-01 -1.177275174868996466e+00
2.933365432444232201e+00 1.102139975430220353e+00 9.580342684176842427e-01 -1.157682812830832075e+00
3.066223847924809398e+00 1.214673393907692356e+00 1.350900633761122904e+00 -7.003356984737638680e-01
3.029282132641894165e+00 1.120557431522856584e+00 1.153790878833781619e+00 -9.435073597386209876e-01
2.960101836662793584e+00 9.628775031018227404e-01 8.660588914458642318e-01 -1.025679943213554379e+00
2.882957968936854076e+00 1.037893011056506110e+00 7.884728177349777933e-01 -1.253179164376376553e+00
2.961176711710677090e+00 1.050400838364567324e+00 7.700538226917578166e-01 -1.095103475761160627e+00
3.034061078012896040e+00 1.208100432585986095e+00 1.339545079804216554e+00 -8.184551571022344874e-01
3.088063239640038482e+00 1.141757130411468424e+00 1.183443861519714257e+00 -7.607637146590053856e-01
3.065645736443170843e+00 1.089765847502151663e+00 8.785321583913506815e-01 -1.037777870480366627e+00
3.068854663164976238e+00 1.152529892092806652e+00 9.843568438817520416e-01 -9.515911643816852283e-01
3.079957967872529956e+00 1.183989065817602215e+00 1.189576805686098693e+00 -8.643378986327723279e-01
3.049857108337225231e+00 1.061436563091546326e+00 1.113390377364352979e+00 -7.485783115501563056e-01
2.908191836803092567e+00 1.018811257884042476e+00 7.300482477932060954e-01 -1.319846946396149745e+00
2.979973586091538618e+00 9.678708810141485319e-01 7.584218195061526169e-01 -9.586748044924883194e-01
2.996533088653138055e+00 9.168660907730671328e-01 9.299432740636254247e-01 -1.014767253099446265e+00
3.058841832634475288e+00 1.157442508459893382e+00 1.008089256444456128e+00 -1.123332503917469083e+00
3.043196741321827048e+00 1.172677993553683296e+00 1.562139801663134486e+00 -4.799892238681222056e-01
2.885062008551328105e+00 1.020072577289449223e+00 7.061415639729229365e-01 -1.239562937280640709e+00
2.982657378311974750e+00 1.126579631710873830e+00 1.183386012997330816e+00 -7.857855276556099389e-01
3.051557031185113456e+00 1.158989295423475063e+00 9.164073996134483036e-01 -1.031207860440640278e+00
3.036717045135714166e+00 1.208548230230542142e+00 1.335227083069577381e+00 -8.828701593021038851e-01
2.856643228625675768e+00 1.002426028640889255e+00 8.911122576086526470e-01 -1.002818979782843734e+00
3.064229658712598336e+00 1.088909601098611901e+00 1.011401656945124516e+00 -1.072834556104566239e+00
3.015313270933150491e+00 1.064299015237345492e+00 1.052512563738747797e+00 -8.572113473468090383e-01
2.945348175425385406e+00 9.778828648846412674e-01 6.879214751029762986e-01 -1.287686105224189692e+00
3.031635776148645878e+00 1.128760355033973761e+00 1.226632314559921388e+00 -9.991348243864066614e-01
2.935980361942848393e+00 9.923891492241891932e-01 8.372481494832931803e-01 -1.074197402804169199e+00
3.146713388764365682e+00 1.210463311238180184e+00 1.193179850943072884e+00 -1.040285077088031862e+00
2.858571943485547884e+00 9.968204474211528332e-01 8.997175723921626567e-01 -1.006923569021499265e+00
2.961419883634823336e+00 1.024150281923555061e+00 9.412969803650289569e-01 -8.754752361955571160e-01
3.050166658543154163e+00 1.192769298465111039e+00 1.230588319084441329e+00 -8.404989413943684262e-01
3.123090481968995302e+00 1.176642243293873236e+00 1.176279222745234332e+00 -7.726312776634743917e-01
3.038523496091835696e+00 1.063088657084215294e+00 9.271077985045527159e-01 -9.663116529754381956e-01
3.056416118416231953e+00 1.123059955526684250e+00 1.010718863753549801e+00 -1.135512156787718219e+00
3.035866096513204049e+00 1.118415705822365380e+00 1.007079721947797157e+00 -1.041389118983695905e+00
2.998087055599774509e+00 1.128066764539417566e+00 1.026902541958284898e+00 -8.245917568616615290e-01
3.011523101867125796e+00 1.140935729517499775e+00 1.056096702448016567e+00 -9.082536442523339026e-01
3.044691568788674640e+00 1.077429502673821204e+00 1.162259964467282414e+00 -7.382734340778012161e-01
3.040800823883532011e+00 1.135877751043552486e+00 1.017175170571734455e+00 -8.671892435331229887e-01
3.048948393767774157e+00 1.204125388991152512e+00 1.267066527995940994e+00 -8.945166360596275013e-01
3.018367794620511635e+00 1.143286427025480334e+00 9.779639799692259050e-01 -1.016881019042054524e+00
3.008850023095352100e+00 1.094316366745942126e+00 1.110574059528058655e+00 -7.980914405406625001e-01
3.077645466821158138e+00 1.143059910652937328e+00 1.004664376872956399e+00 -1.029988188970498930e+00
2.846263707408261734e+00 1.025235409459198666e+00 8.033818965383962007e-01 -1.042539973465265168e+00
3.039229266908337834e+00 1.216635791573952075e+00 1.189148340541521298e+00 -8.894648757367592529e-01
3.004316576664365801e+00 1.043653332280163770e+00 7.231017386039695349e-01 -1.345838557880895570e+00
3.113569942754581987e+00 1.113329293068650916e+00 1.224629095538828150e+00 -8.306482525071227085e-01
3.020683362655790738e+00 1.080361340392225866e+00 1.238911480565426659e+00 -6.396609911324957487e-01
2.971320015063568132e+00 9.080118689840986912e-01 8.124885954529685872e-01 -9.276939353820841117e-01
3.001717108581055005e+00 1.118184359764304414e+00 1.034329764814166941e+00 -8.993881861501450414e-01
3.008040268905657122e+00 1.004181206756772360e+00 8.662781844995443015e-01 -1.014514181701087647e+00
3.043631824685758769e+00 1.092616812891693323e+00 1.155206036758658739e+00 -7.607595795288188967e-01
3.038900339865393541e+00 1.131153714903963214e+00 1.066845167267648442e+00 -5.771358385087262954e-01
3.051522151229818292e+00 1.068464394871240231e+00 9.470215068789091806e-01 -1.103036607888001175e+00
2.964565332006504850e+00 1.058648843468932510e+00 1.041221308217018304e+00 -8.107607517547359421e-01
3.048931361591365796e+00 1.227588940666748396e+00 1.199006678595679221e+00 -8.282617146392253771e-01
2.994055089155345684e+00 1.061350307212310939e+00 1.016359377447439094e+00 -1.025520278335369406e+00
2.936787460700073016e+00 1.113183849838895734e+00 1.004573209863471206e+00 -1.029976011934960356e+00
3.099243384636020338e+00 1.225260625253863145e+00 1.091291367003629720e+00 -9.216548750556610159e-01
3.082316979041974658e+00 1.159723922847442523e+00 9.745256137673214969e-01 -1.205676189993041270e+00
2.982283736278816377e+00 1.167742358945059733e+00 1.028804862690569033e+00 -1.090314878688014355e+00
3.060712999004797652e+00 1.045856087129167777e+00 9.868131630068764926e-01 -9.893073019279060576e-01
3.091222961843202111e+00 1.226119795570531412e+00 1.107314731994834878e+00 -9.562318184192748483e-01
2.930300876566482415e+00 9.935826389145745452e-01 8.657730929489868554e-01 -1.222197256620061845e+00
2.901104673096742026e+00 1.039363951190686697e+00 7.307555528399454214e-01 -1.234879994236149248e+00
3.100731440234041347e+00 1.144773070230722833e+00 1.319047878004498298e+00 -7.250428772886096107e-01
3.073395867577950025e+00 1.097851397193039702e+00 1.005548900728388872e+00 -8.415624840300908183e-01
3.098040845626867323e+00 1.119920370946221100e+00 1.286341253851510436e+00 -7.114403682845586996e-01
2.910731016150890582e+00 9.626754348862333055e-01 9.956609762581072331e-01 -1.021159595164333522e+00
2.901063721073880330e+00 9.437779710039336800e-01 6.979157234781541153e-01 -1.048620110968574437e+00
2.995749735049268558e+00 9.690158079005299907e-01 7.492078519535514403e-01 -1.132164847792926032e+00
2.993487659702376735e+00 1.101927826695114465e+00 9.549449727107176544e-01 -1.043623925813237152e+00
2.915055070986153130e+00 9.520365813644264819e-01 7.839948232079817503e-01 -1.183725570949821115e+00
2.994240819708070767e+00 1.039529631193873982e+00 7.690207126257876391e-01 -1.216989180751334665e+00
3.008658232269700417e+00 1.198373572072445770e+00 1.160209685969348259e+00 -8.314536657948279341e-01
3.009407293524063221e+00 1.169153920988210915e+00 1.158041482552333745e+00 -8.468969692113791359e-01
3.082766674792084327e+00 1.221030307179079788e+00 1.222298878260645205e+00 -8.516841477001020344e-01
3.015441233758244355e+00 1.030889463670143780e+00 1.022886736778679806e+00 -9.661537283726144842e-01
2.996468641373291053e+00 1.020654645608412903e+00 9.092027436009271213e-01 -1.092982496977124018e+00
3.115565801944772062e+00 1.159824406214016390e+00 1.086906011990569798e+00 -9.205884523373533135e-01
3.100032640945769469e+00 1.107099971417891293e+00 1.015532122031794104e+00 -9.202895095839240813e-01
3.041519943379068724e+00 1.115424718980613461e+00 1.240809287278468842e+00 -7.677975761332060944e-01
3.119938791255083554e+00 1.163947998472288026e+00 1.341266272780374802e+00 -7.054918539561105817e-01
3.025221992632249446e+00 1.105458564968475610e+00 1.308305529800154465e+00 -7.045653487558296568e-01
2.982741706488917455e+00 1.078239518364100702e+00 1.157673147541236292e+00 -8.284504258637789276e-01
3.050930202756459764e+00 1.203736786877619647e+00 1.150212506287255243e+00 -8.550617029667013647e-01
2.977875028836727722e+00 1.052492403014013922e+00 9.777223871780788000e-01 -9.840616515621553040e-01
3.097460879505987474e+00 1.173534083284263119e+00 1.118150159904810037e+00 -1.044406475102905185e+00
3.069669688238749750e+00 1.049816456790249486e+00 9.724949692309703408e-01 -1.071776487834849911e+00
3.050028563682674942e+00 1.109260592057049077e+00 1.276630305694501200e+00 -7.673482586098009373e-01
3.006817169684016022e+00 1.167414093592793245e+00 1.300355668747765314e+00 -7.697371416450969894e-01
2.995781872451011463e+00 1.164232417832305577e+00 1.057621306054999932e+00 -1.049694464470447341e+00
2.957669002212908627e+00 1.163136047113734195e+00 1.094553988770220698e+00 -1.118098466448454120e+00
2.939204694527242090e+00 9.916738514224356926e-01 8.932143502057470208e-01 -1.049651435950932354e+00
3.098206891484206693e+00 1.113151898038460930e+00 1.306727334038740862e+00 -4.583404571573978514e-01
2.954237077913572040e+00 1.122296296078400646e+00 1.429566138414392285e+00 -6.072222341702508963e-01
2.991467166434913949e+00 1.150670524854253030e+00 9.754286108111854814e-01 -1.031250732548018689e+00
3.028291224523310010e+00 1.044714010013601646e+00 9.644392229592890775e-01 -9.499088889271372071e-01
3.054792983159844599e+00 1.081033870770780281e+00 1.001531208043547672e+00 -8.866005855445598938e-01
3.016954648593836996e+00 1.205743122551254487e+00 1.266298736437309502e+00 -7.543784586402207948e-01
2.987896652060271219e+00 1.136293884274302224e+00 1.155732187641576925e+00 -6.422881308465920869e-01
2.997110374797526955e+00 1.097623163582603922e+00 1.069829723256208398e+00 -8.925987236150606519e-01
2.943152982171801657e+00 9.665919590946684403e-01 7.392215349041793004e-01 -9.946314949849384135e-01
2.985754224021942793e+00 9.880102546519157203e-01 7.929029386889273612e-01 -1.067215639500596724e+00
2.981525844648067913e+00 9.478313112020527731e-01 8.212488442006427025e-01 -1.034886140847125047e+00
3.034665844229188725e+00 1.089100447048593212e+00 1.043449516243482034e+00 -1.015694594797478034e+00
3.090435535740382988e+00 1.197601304656791932e+00 1.152180294914055825e+00 -8.249845391160250951e-01
3.050509448711855143e+00 1.147008470139050385e+00 8.367289753086202264e-01 -1.446041597163131298e+00
2.998323906686281237e+00 1.050525814064998231e+00 1.089884563419940555e+00 -8.840535978563986985e-01
3.075159955212631413e+00 1.169539729223708413e+00 1.157865248119045454e+00 -7.574399013419141902e-01
3.041235944737225250e+00 1.149429111974097362e+00 1.056413924153152717e+00 -9.091890979535994788e-01
3.063147149563195448e+00 1.184317293318394526e+00 1.091967997755051822e+00 -9.881095083680272451e-01
2.962853050149544920e+00 1.113409662642834697e+00 1.031513188056429220e+00 -9.126845571239609045e-01
3.034146932742596281e+00 1.143779264106701055e+00 1.247194336106498991e+00 -6.948709877593819417e-01
3.048644900414708481e+00 1.092623824238218466e+00 9.655407305388907790e-01 -9.967264677771041637e-01
3.008615927308761595e+00 1.002083886934838075e+00 7.467760097119253704e-01 -1.355329134132006397e+00
2.956779458578326913e+00 9.979958220722123796e-01 1.009627814099993470e+00 -9.601313477034214561e-01
3.070494730993453381e+00 1.219843417837036759e+00 1.159928548936160375e+00 -8.190521248194965187e-01
3.109565573298065821e+00 1.150374852720260410e+00 1.074871185582563893e+00 -9.994174921389459287e-01
3.009089354117112425e+00 1.215923136506645852e+00 1.038934501045827075e+00 -9.291876042823438153e-01
2.994119059180554654e+00 1.128603035118709741e+00 1.168425112191537441e+00 -8.117687909916894151e-01
3.017106548272427080e+00 1.194837549900033435e+00 1.284198882678204034e+00 -8.008961205020551644e-01
3.075309473445384967e+00 1.169416471221909504e+00 9.768066870766257681e-01 -9.171293025206564975e-01
3.048749229064520172e+00 1.187030164684650391e+00 1.188008476390564949e+00 -7.701135163560477448e-01
3.047085965550972109e+00 1.150135349616337566e+00 1.259460227680453182e+00 -6.580800562805277920e-01
3.045284290029039553e+00 1.203030693648108773e+00 1.015411327130409935e+00 -9.662646673793726659e-01
3.044446267842601195e+00 1.238675643771512735e+00 1.223069337968184511e+00 -8.131859406603653140e-01
2.874293161814327036e+00 1.044599351252623265e+00 7.844901654228798593e-01 -1.139006929320110828e+00
2.893421104180735171e+00 9.839742248338336772e-01 8.179064882579384355e-01 -1.096247150031887108e+00
3.027298049419545833e+00 1.021785114174712739e+00 1.087462252158583942e+00 -7.712260274281181882e-01
3.106199594172972311e+00 1.155523133161548532e+00 1.272340252859576193e+00 -7.226528113676360388e-01
3.036387546346385857e+00 1.101061468643864449e+00 1.285673448213284997e+00 -7.077091018992710536e-01
3.059126814261902361e+00 1.016933634666389752e+00 9.968916316139904144e-01 -9.184099667420223545e-01
2.963688584723368269e+00 1.125751899728230532e+00 1.105158882477508708e+00 -9.554532606991552601e-01
3.106895909875185602e+00 1.247821401601634683e+00 1.109933485208318693e+00 -1.062886013169461519e+00
2.994613144720524645e+00 1.103559498354340196e+00 1.047374607803524871e+00 -9.095793567451256889e-01
2.993512041185188988e+00 1.064520401788011439e+00 1.193870834924271040e+00 -7.298609750019944276e-01
3.017744634134550630e+00 1.025052556933475412e+00 8.977310548544378266e-01 -1.043717044985600140e+00
3.049461141027955069e+00 1.129087757131269409e+00 1.121042327369023983e+00 -9.204364933632948054e-01
3.052915267368874641e+00 1.179076064010533775e+00 1.213886558740917110e+00 -6.405487934565629038e-01
3.092020356025895644e+00 1.135193611231842814e+00 1.117578187967317671e+00 -1.018259987831562130e+00
3.026686596670083773e+00 1.134821097220548136e+00 1.055026421292893035e+00 -1.005086146900681765e+00
3.012410483098640679e+00 1.175687662315526572e+00 1.022950737607398075e+00 -9.847833104004694027e-01
3.079979207596179158e+00 1.208519279886639097e+00 1.224947327632909255e+00 -7.869323137961604653e-01
2.989813639191438277e+00 9.324067262366154685e-01 8.396758729093067863e-01 -8.699837423261908009e-01
3.052344049716844143e+00 1.109446598932234629e+00 9.528559735407486908e-01 -9.153630309766765949e-01
3.081246303327893621e+00 1.222783119344921898e+00 8.697417284291019124e-01 -1.148857061643510979e+00
3.126977793265282912e+00 1.205891325148082061e+00 1.130654898674502418e+00 -8.594703287893097343e-01
3.012223767226778648e+00 1.193105932742772879e+00 1.162236375182670312e+00 -8.359806760761278044e-01
3.043546378202384606e+00 1.255208239983928387e+00 1.161201347856862132e+00 -8.516128360396664210e-01
2.897478999864303351e+00 1.004127732075791757e+00 5.752301715341664456e-01 -1.199625182333729834e+00
2.925689795252219394e+00 1.008798319816329281e+00 9.856434552355280987e-01 -1.020189366256704977e+00
2.902753393066138887e+00 1.001445635397687273e+00 8.907871491031187361e-01 -1.104873417074722308e+00
3.094203919156249594e+00 1.127183102178625829e+00 9.594174824714419847e-01 -1.135209118402704664e+00
3.103285836384295227e+00 1.135109938229007076e+00 1.275746899978632332e+00 -6.158670852329451995e-01
2.994874137688078974e+00 1.116911539871961123e+00 1.034798331753314038e+00 -1.004705200729017589e+00
2.953011587560372853e+00 9.979073621037835018e-01 7.529117969133326538e-01 -1.209850023368589600e+00
3.067813733701207912e+00 1.077650569859745389e+00 1.193162570305904779e+00 -6.948849915854083958e-01
2.965948721652233999e+00 1.027409532697297845e+00 9.894301233590270250e-01 -8.042129528061419119e-01
3.111663368705520849e+00 1.178993865337738312e+00 1.216884172994194602e+00 -7.600980053725177044e-01
3.047739088606169489e+00 1.222532459402062788e+00 1.221587632492023623e+00 -9.030266365296859554e-01
3.046339236955711627e+00 1.182124721353872365e+00 1.283440920079362835e+00 -6.934735094161852409e-01
3.047217850547856877e+00 1.177899587458403063e+00 1.192844882517732463e+00 -8.315521493214820259e-01
2.902127862733495878e+00 9.417021978258424131e-01 7.375987757903336162e-01 -1.128134448259496603e+00
2.943864540301585286e+00 1.044797219529344234e+00 7.698808541100814473e-01 -1.342333046379928341e+00
2.977479340737849256e+00 1.091327908757791620e+00 1.106582215899811317e+00 -1.027686651405217644e+00
3.060806269911764410e+00 1.150670914185580873e+00 1.091175415678244054e+00 -1.091683333048505622e+00
3.083136110348128955e+00 1.162859454789002767e+00 1.200612957172707107e+00 -8.449771249390088945e-01
3.078332953584438592e+00 1.195433678397296751e+00 1.260484633421856238e+00 -8.639638237619741146e-01
3.088245540125472477e+00 1.191029497337939613e+00 1.062408149594099793e+00 -9.213008654754296645e-01
3.044691400206638310e+00 1.114175446927601287e+00 1.176999864806846707e+00 -9.250920128422018829e-01
3.058771879776503333e+00 1.011485273576385513e+00 9.019742816379398009e-01 -8.900008567009234373e-01
3.088754533989050977e+00 1.229074180117481152e+00 1.276863279995794187e+00 -8.491828003220369681e-01
3.063201718501959547e+00 1.071354119542581973e+00 9.328748698789911531e-01 -1.013471383002216397e+00
3.001894142210464800e+00 1.149847266324773409e+00 9.228004007819754495e-01 -9.544605087530537713e-01
3.001906821388887536e+00 1.000540443550664849e+00 7.123360973721631906e-01 -1.288831058205190949e+00
3.040110860931382941e+00 1.199432330727506324e+00 1.266233735598213839e+00 -8.679422641443034214e-01
2.885254285515275186e+00 1.046564872795635370e+00 9.568590922925863662e-01 -1.069044056292997702e+00
3.034276851322919910e+00 1.092460040826842338e+00 1.010119590564326542e+00 -9.802567506277688469e-01
3.068144315542063794e+00 1.147153184390601099e+00 9.562158781901647364e-01 -1.035699526048843078e+00
3.100710365571677229e+00 1.071745385399186512e+00 1.032302394014147362e+00 -1.015681562571232988e+00
3.071398315791840972e+00 1.071095552411349905e+00 9.431384217061322683e-01 -1.074348441717852598e+00
3.057510644562603019e+00 1.174547379474826236e+00 9.230614001297539062e-01 -1.187622084406648293e+00
3.013596595715092086e+00 1.215673006703693382e+00 1.289048103268693568e+00 -8.621072649097187846e-01
2.951378410481360071e+00 1.025962582731701378e+00 8.171106610729206299e-01 -1.224314130994617056e+00
2.987572156312078064e+00 1.046538266490782521e+00 7.243925691038698433e-01 -1.240387542921908226e+00
3.003346132938083279e+00 1.156994595483439081e+00 9.526139755839335699e-01 -9.562575557675743188e-01
3.098339156606942257e+00 1.205777178323021781e+00 1.200637865290030915e+00 -9.908556805795065703e-01
2.952028742349398716e+00 9.972398196662934922e-01 7.526811147005278979e-01 -9.644754281600337320e-01
3.109118845656715369e+00 1.067231932878530687e+00 1.014618679714333505e+00 -8.467383095444334096e-01
2.980762222881086387e+00 1.042196803453265153e+00 7.514615443392993477e-01 -1.222546021448751574e+00
3.030613630209103793e+00 1.124677492963793490e+00 1.167356963458921371e+00 -6.646728967089475804e-01
2.959500331423117192e+00 9.820184078033787900e-01 8.021072288713133602e-01 -1.228818162183686225e+00
2.990183624830963005e+00 9.689251285345938935e-01 7.866657820755325048e-01 -1.010347257780469077e+00
3.047096128296427064e+00 1.145518317521067697e+00 1.148875172234266939e+00 -5.571322333154443696e-01
3.030594032912674596e+00 1.111791565100238355e+00 1.028629961021256589e+00 -8.982689519303372894e-01
3.065393924820565275e+00 1.181357090990521330e+00 1.092938507165006401e+00 -9.422855494223861816e-01
3.012842069395381017e+00 1.176090428553673073e+00 1.364669198539069539e+00 -7.792790448235999978e-01
3.068402405279787359e+00 1.101792599715573528e+00 1.210139725016269319e+00 -7.504641830085517773e-01
3.144976760455870934e+00 1.215975970888598434e+00 1.365082570062742917e+00 -6.936055769338924648e-01
2.922974323625826099e+00 9.755555353828703202e-01 7.502852822227692453e-01 -1.025058561577841587e+00
3.021260480211493960e+00 1.144405274403893946e+00 1.299445027698380883e+00 -6.481455122374271127e-01
3.059572903280597611e+00 1.192416851982386561e+00 1.184037113654892392e+00 -8.390616196359255152e-01
3.107785012532880309e+00 1.117037755529968646e+00 1.064987133903137817e+00 -9.482981702287994752e-01
2.975253802607731757e+00 9.922808210799766160e-01 8.848266884012448985e-01 -1.085438123462285631e+00
3.011829340795772580e+00 1.056267141508753227e+00 1.011234976739438629e+00 -1.060983164640912246e+00
3.143958747613484928e+00 1.093110213579333800e+00 9.399610181210328319e-01 -1.036369644108407151e+00
3.050914292507441949e+00 1.120024567059046294e+00 8.733903017320123752e-01 -1.100642945358927705e+00
3.003040755074581458e+00 1.037766408495640613e+00 9.579051434359653339e-01 -9.697095665038727441e-01
3.008941974544373288e+00 1.136909200271500886e+00 9.146707752120405432e-01 -1.067460168510580232e+00
3.049208032615376318e+00 1.071637373485481826e+00 1.025550038898544791e+00 -9.853499291117298053e-01
2.961455837962322146e+00 9.392700813730090470e-01 7.952823932500533433e-01 -1.053497374808858744e+00
2.912343148865037090e+00 1.061086463564089533e+00 1.162977205479788667e+00 -8.384424011717431791e-01
2.967313083640445548e+00 9.695713706614319527e-01 1.049072810889066121e+00 -9.062481817292616926e-01
2.946253191472917532e+00 9.923129173000917458e-01 8.652419300204106101e-01 -1.136797244459996969e+00
2.970434645920104533e+00 1.025162600567654625e+00 8.723036045846006559e-01 -1.267564826959380664e+00
2.960289089145520247e+00 1.041937738429323357e+00 9.366469450883430081e-01 -1.002855993627541631e+00
2.970529280302171671e+00 9.627839405419101881e-01 1.110420017178384899e+00 -8.242846434885537921e-01
3.063275673050021464e+00 1.248958623048746830e+00 1.178793181458172912e+00 -8.859614044093532259e-01
3.061013083150142311e+00 1.124195947437675036e+00 9.389759186420140180e-01 -1.037105783380530832e+00
3.087754990239522712e+00 1.210402431629122200e+00 1.233231063940087635e+00 -8.808108533657912353e-01
3.013329403327010159e+00 1.153618149847715824e+00 1.303149242971778365e+00 -6.371302363824725701e-01
3.019969910785532008e+00 1.125457707309188260e+00 1.134344323284873557e+00 -8.581009873387378528e-01
3.063313288479855512e+00 1.171661449698591984e+00 1.027831746047717099e+00 -8.958528290605349831e-01
2.940530398094260978e+00 1.037592049226205182e+00 7.678928775980833343e-01 -1.270713567309319281e+00
3.024078105062575350e+00 1.083994733355489792e+00 1.266416218617547829e+00 -8.158432005832345624e-01
3.055659388643865437e+00 1.246533717558204746e+00 1.265987263484802616e+00 -8.626571487746700351e-01
3.029378832066158989e+00 1.201285700881499441e+00 1.166012788177564152e+00 -8.389269742468352664e-01
3.030588964658758488e+00 1.142183136207957972e+00 1.052548618341345499e+00 -1.154393874855552227e+00
3.161027027518079180e+00 1.148477947407494426e+00 1.203689152922719829e+00 -8.194693221016796647e-01
3.034802673593486322e+00 1.100107998953618660e+00 1.282499977286093218e+00 -8.327720867792476334e-01
3.082958743485966213e+00 1.120792673553093310e+00 1.017514936965329353e+00 -8.755474143802779441e-01
3.024143456309525302e+00 1.049427319405640935e+00 1.173771066260328455e+00 -6.497089174575466641e-01
2.997658172224310302e+00 1.071798800970229726e+00 9.553166032909577998e-01 -1.017669889748332945e+00
3.094346743766014818e+00 1.073491081333682207e+00 1.048052848742763166e+00 -8.206498227609941853e-01
3.125830169237993950e+00 1.192861420431960529e+00 1.175135657712935267e+00 -8.059772156236701957e-01
2.965957264109500002e+00 9.886410159607484927e-01 7.288009792793603836e-01 -1.303725210281291735e+00
3.034945829318369981e+00 1.110983943478802694e+00 1.374712869838461415e+00 -6.525558950991547924e-01
3.050508274466854797e+00 1.200659052294708706e+00 1.127746526076866873e+00 -8.223779859313502527e-01
3.041720533100098933e+00 1.042139294522966164e+00 1.062538003904730077e+00 -8.934337978350949117e-01
3.008699776352474320e+00 1.150252842187365010e+00 1.341053274545059182e+00 -8.248208585067895449e-01
3.071369391982617714e+00 1.151721254740497136e+00 1.008913526448022679e+00 -1.060916906808422766e+00
3.009433479043638116e+00 1.111242744620388523e+00 1.189461502655561498e+00 -7.421422741212712060e-01
3.102541388358721175e+00 1.141697470195853548e+00 1.182884144463163922e+00 -9.601283409142720160e-01
3.022000109246108401e+00 1.214500347363584920e+00 1.260669876139304701e+00 -8.993259417788475041e-01
3.067625170340215757e+00 1.139124136952375466e+00 1.182577161541935595e+00 -7.632099241833874004e-01
2.952523274711439605e+00 1.049889503494662701e+00 8.197119016801976965e-01 -1.143339704242479105e+00
2.955263636646007885e+00 1.032233179178107196e+00 1.044130715459255176e+00 -9.258044349820223617e-01
2.871171559675435692e+00 8.958042622401616306e-01 8.279959798026724771e-01 -8.598217494742663725e-01
2.957175583002886299e+00 9.117946558525660272e-01 9.094501415403916100e-01 -1.066775729341759238e+00
2.999182119206255770e+00 1.171099646104603487e+00 1.239106466074379576e+00 -8.132761759855053896e-01
2.964638661583729462e+00 9.901298444022222922e-01 8.272657819697092352e-01 -1.165377762624586033e+00
3.025900777597999358e+00 1.173593747838569401e+00 1.074441485122205719e+00 -1.064966739476077118e+00
3.062955892514008127e+00 1.168592937843987212e+00 1.251504438339373859e+00 -8.525344661487390674e-01
2.951436930322097751e+00 1.062188534697203091e+00 7.892766584476008651e-01 -1.301360507369513142e+00
3.063200881444579249e+00 1.093805204269537645e+00 8.302129843505636764e-01 -1.056469734795969950e+00
3.085593285439141908e+00 1.228317715649784203e+00 1.322441865814687922e+00 -7.060554069759168438e-01
3.027383145932658337e+00 1.274050681882785918e+00 1.188232570289190049e+00 -9.673983474279694850e-01
2.979829925069473529e+00 1.142668897317290710e+00 1.104463017847882922e+00 -8.658120648715682544e-01
3.043575915240113172e+00 1.088420816944820402e+00 1.036216644413838095e+00 -9.928176846860325977e-01
3.056657374098655566e+00 9.720437630432093856e-01 9.691310734375915281e-01 -7.805518552625767548e-01
3.007437729332776311e+00 1.151822423767176806e+00 1.201157076428360115e+00 -7.679769132565881229e-01
3.061946919250003507e+00 1.247734987974819854e+00 1.271695699923512057e+00 -9.551379419765179124e-01
3.088748374207484826e+00 1.198826277688468833e+00 1.265243070829913830e+00 -8.659977653927116714e-01
3.034653883154806220e+00 1.155073661597669110e+00 1.150700060333654573e+00 -9.101785792491451366e-01
3.041482758152346477e+00 1.175198992966878686e+00 1.166468547054232641e+00 -7.483387398013507941e-01
3.077293902947649595e+00 1.072252200687423773e+00 1.004043883131066739e+00 -1.020863085284791527e+00
3.038523418846493573e+00 1.123668631948502084e+00 1.176771608092575416e+00 -8.080728602295425000e-01
2.915842810877221858e+00 9.676772213259513533e-01 7.840243008450599183e-01 -1.192741941865673949e+00
3.043896184433644514e+00 1.160338946435491181e+00 1.093748427793497680e+00 -7.052497686825369705e-01
3.073411258279941105e+00 1.177776254394175215e+00 1.280453307138694985e+00 -8.415193824358233599e-01
2.916731177137146247e+00 1.043232582581220980e+00 6.562154759609234445e-01 -1.243666405820336385e+00
3.019000155798707841e+00 1.070753634473651683e+00 1.019780065624843246e+00 -9.322815738689560483e-01
3.015159048787400931e+00 1.123230657608936811e+00 1.222979816713061663e+00 -8.279303203986962956e-01
3.069396411663544377e+00 1.094586864989968156e+00 1.027749736052081975e+00 -1.129650436307711336e+00
2.934100377494625267e+00 1.063032043901991353e+00 7.641264792391286864e-01 -1.246917688258577073e+00
3.025540680839025498e+00 1.120214684617111267e+00 1.042876787426575413e+00 -1.225051532313125024e+00
3.076905713850391244e+00 1.096614031136209588e+00 8.028833718812832254e-01 -1.353566930567793758e+00
3.036278710707737805e+00 1.193073453990549648e+00 9.405050628126115919e-01 -1.148107880593159047e+00
2.958207258176820176e+00 1.109246322042523492e+00 9.837230797761662426e-01 -1.009153690423775895e+00
3.005270558131520442e+00 1.124996460896969586e+00 1.178283693432637058e+00 -8.803137868717383352e-01
3.026748757920074695e+00 1.087304010158304246e+00 1.094457058903701485e+00 -8.033252170138710513e-01
3.037334279979234442e+00 1.190895742532575463e+00 1.086082427138187478e+00 -9.074975108592632234e-01
3.024886816210617724e+00 1.109649911172644554e+00 9.616912081268040868e-01 -9.959554227716178598e-01
3.148849029522444276e+00 1.190147373416701626e+00 1.152216738131972562e+00 -8.773312763253192648e-01
3.059984556873672545e+00 1.059285891272687019e+00 9.916273555742775025e-01 -9.737847339257269530e-01
3.053048096534341838e+00 1.218582955377137012e+00 1.153100814833717624e+00 -8.400831675822613143e-01
3.073341373366617724e+00 1.114594802979711474e+00 1.049585036424521167e+00 -8.642865180106041878e-01
2.941544533794787419e+00 1.041915646477441948e+00 7.751319260188830329e-01 -1.190678551008434560e+00
3.015228227602163358e+00 1.196186105089799945e+00 1.326756469863801469e+00 -6.544583383633997276e-01
3.000011533684348031e+00 1.006105922249544093e+00 9.818983083866128503e-01 -8.323217697827304251e-01
3.084411539288812953e+00 1.242972036536490021e+00 1.029062737500069602e+00 -9.260190283156547464e-01
2.951397655707006518e+00 1.003694478798362377e+00 8.057620903049341754e-01 -1.110342520639263864e+00
3.009098688010448885e+00 1.041848108675816897e+00 1.203817949637473239e+00 -6.986514584901989400e-01
2.984651162723403583e+00 1.038265999644516269e+00 7.354768005309749723e-01 -1.254125388685555897e+00
3.019906417138369381e+00 1.016834796127583429e+00 7.653775382463036125e-01 -1.383599599865678709e+00
3.075152901891572643e+00 1.195826612408028788e+00 1.137320708897619159e+00 -8.848241573654506142e-01
3.050521477782767832e+00 1.180212349607715927e+00 1.236317816390982260e+00 -7.863378049359924793e-01
3.106823837808645905e+00 1.180079369958320301e+00 1.005915806156028713e+00 -9.958441516006490968e-01
3.007879241588216956e+00 1.062781751070732694e+00 7.621546290679999114e-01 -1.371324035961404064e+00
3.102760255294986891e+00 1.197175748943310802e+00 1.215377640305176143e+00 -7.860467831043969067e-01
2.989821949657485600e+00 1.069858192590409818e+00 1.385145023896633187e+00 -5.750359589787732428e-01
2.988805924101809008e+00 1.058128530243856558e+00 9.288686737891308498e-01 -1.022896131036838074e+00
3.100217991157356856e+00 1.246922704032048301e+00 1.342443604577723493e+00 -6.802506893195184867e-01
3.025211445414702105e+00 1.083934959356430250e+00 8.993685951190428796e-01 -1.151030889470297414e+00
2.978588877952617509e+00 1.138162529475206020e+00 1.193643509123731850e+00 -7.250061101286917609e-01
3.118345444318755710e+00 1.230779612365001219e+00 1.249186060182664537e+00 -7.371953883811025454e-01
2.978120010461763112e+00 1.129329438038848776e+00 1.010964742290425100e+00 -1.101617957087657418e+00
3.006497387177955893e+00 1.142397486214348223e+00 1.238499217427762700e+00 -7.551648146306081388e-01
3.019300897350972956e+00 9.938812765814026839e-01 7.966542592858690819e-01 -1.174735607728915054e+00
3.095806379559407073e+00 1.273158999318862339e+00 1.347832489859117855e+00 -7.170550086277346358e-01
3.067222944058488832e+00 1.125849708900721335e+00 1.125634387296146732e+00 -9.125121822991554277e-01
3.097010500993253590e+00 1.192067786735721446e+00 1.208861793956494735e+00 -6.489571490874558313e-01
3.106926374790400569e+00 1.109482744244018937e+00 1.196825011956712981e+00 -7.980774706039435173e-01
2.755173205187520402e+00 9.153816146171764867e-01 3.980060948979657343e-01 -1.257364880039423038e+00
2.880078647923518975e+00 9.359229906892168049e-01 9.876648600484023710e-01 -9.494567239096366462e-01
3.062005754046696726e+00 1.221208444091495426e+00 1.235405720000874785e+00 -8.032527171390707599e-01
2.983211802593670470e+00 1.153493537191788931e+00 1.073203530801432715e+00 -9.058035646332617263e-01
3.016153680699192652e+00 1.196122670696464718e+00 1.101585098535879270e+00 -8.302368655075265114e-01
3.111194987114131116e+00 1.161107667166073831e+00 1.279160655319918183e+00 -7.693352924963734463e-01
3.031546655359457887e+00 1.082542508249259683e+00 1.015788420335273612e+00 -9.840783607034960800e-01
2.953065026460956144e+00 1.051793558673393525e+00 1.144258202313040984e+00 -9.395168117071234226e-01
3.057102937406913412e+00 1.054848225583352228e+00 1.242645026653670826e+00 -7.913862373117284132e-01
3.101508374081968444e+00 1.142135164629164201e+00 1.051075729318642571e+00 -7.769058285005939757e-01
3.106812973796158506e+00 1.230276487317103484e+00 1.072376167665751057e+00 -1.086730052294987203e+00
2.936220152071061573e+00 9.670754747856545874e-01 8.626975988782640270e-01 -1.210814814287057173e+00
2.969094755667083696e+00 1.072853336366371035e+00 1.043461795956733162e+00 -9.747808529215984397e-01
3.099803173228339315e+00 1.137665129650084372e+00 1.157837265859116060e+00 -7.599958955404643168e-01
3.022475687778598985e+00 1.140375689667071146e+00 1.044156998605537900e+00 -1.047952114601504059e+00
2.990670373002628057e+00 9.982147006368491393e-01 7.172037191569685666e-01 -1.082119569920844571e+00
3.086239563934119357e+00 1.178522528546835479e+00 1.240591456719995600e+00 -8.186063404844612368e-01
3.036080754246028857e+00 1.091143487502308718e+00 1.222600626918048494e+00 -9.753328698530426832e-01
3.040126783238077834e+00 1.188266997850232931e+00 1.238052132670568461e+00 -7.804092783470187866e-01
3.047047757148236169e+00 1.170944816392682997e+00 1.220981538684086987e+00 -7.091909043639698096e-01
3.118022625464824227e+00 1.192137915216953781e+00 1.194315718376807389e+00 -7.419972669353146477e-01
3.067084429780906341e+00 1.054108147685758556e+00 1.006817225373346947e+00 -1.025154932561514798e+00
