3.080206128326868242e+00 1.044081347596432785e+00 8.638682938205768380e-01 -7.571257692446522469e-01
3.020936698005935117e+00 1.074028800049992904e+00 9.734754856795682088e-01 -9.891734430575087611e-01
2.964166630191206853e+00 9.726311346542797498e-01 9.954290969865238203e-01 -6.800817000933732093e-01
2.929132143146769174e+00 1.027520161788785247e+00 7.841945008573061315e-01 -8.753044287845340721e-01
3.049265116261614672e+00 1.016614546596752211e+00 7.887925044519914497e-01 -1.014251277762184378e+00
2.980464711399649413e+00 1.048433602636360318e+00 9.274402896966066345e-01 -7.342041236744097921e-01
3.037232516095912604e+00 1.045165938473073375e+00 9.655443897151948507e-01 -8.232572034144647333e-01
3.007088851971954746e+00 9.493973152600306831e-01 1.014126995976433632e+00 -8.500932405072256781e-01
3.027168578719475533e+00 1.033087907385038307e+00 7.947951454566276608e-01 -1.008014778383101939e+00
3.063891443161612660e+00 1.081871616535296177e+00 8.720084785613055889e-01 -8.801044409325592399e-01
3.024623516094124387e+00 9.576210221768585162e-01 8.465879725983143089e-01 -7.481079208582781526e-01
3.004689673145451767e+00 9.595465498740447519e-01 9.285010342524121496e-01 -7.519713367949307781e-01
2.968894232105317776e+00 1.075116633436555835e+00 1.020814949363996416e+00 -9.588717411781580990e-01
3.046223573455006939e+00 9.944046921477281975e-01 8.383564629939944668e-01 -1.028326618793532266e+00
3.112145464939197748e+00 1.119470552088004167e+00 9.769940019750379401e-01 -7.924051470546337184e-01
3.072807922716302986e+00 1.036785791726301920e+00 8.231732330269649900e-01 -1.016734716973404451e+00
2.978739047660759809e+00 1.077441596018106074e+00 8.466133538465745456e-01 -1.025002697185363187e+00
3.029741591569281578e+00 1.096517879114417227e+00 7.917335468225321637e-01 -1.007618322225195095e+00
2.976578837743052652e+00 9.984310798097240092e-01 7.342713536700761212e-01 -9.850341617519156046e-01
3.007680714283572421e+00 9.798217913561654280e-01 7.852005240529366104e-01 -8.608031121214138048e-01
3.107795415522378146e+00 1.248533027986315380e+00 1.231328433318914062e+00 -6.944694053696551794e-01
2.984935781394748577e+00 1.009215139392638960e+00 8.365697451973983512e-01 -1.079090972137989768e+00
3.051232579086421204e+00 9.726131251207448258e-01 8.805203387677728033e-01 -7.202283765229189338e-01
2.992157747382508948e+00 1.007214694932981214e+00 9.985949179434751022e-01 -7.759012044887537707e-01
2.971055037406423072e+00 1.023253807914477065e+00 8.936352771717605004e-01 -8.146849472731740871e-01
3.016659392877110601e+00 1.036080293293952348e+00 6.865311955745470041e-01 -9.910244065449874684e-01
3.056460945820291375e+00 1.011830557183485357e+00 6.340293718338584350e-01 -1.204985699787378239e+00
2.992498162093316427e+00 1.101147307036788314e+00 9.502446130450494799e-01 -8.789375635372912443e-01
3.026850508722161770e+00 9.316260877287056985e-01 8.198690787471697439e-01 -7.402428249179150432e-01
3.032993669440823936e+00 1.032982112078706383e+00 7.213791673957703487e-01 -1.096351954485422553e+00
2.988416980512414334e+00 9.517013050065556978e-01 8.636758844683014580e-01 -8.464740551707354843e-01
3.001357449200935168e+00 1.033527828553445937e+00 7.449032795578043320e-01 -1.147287109560311213e+00
3.023470346105892048e+00 1.017102109383384079e+00 7.322180108270316401e-01 -1.023869244322974659e+00
3.023144583546703679e+00 1.050915217169369642e+00 9.484786775237874501e-01 -8.390879634030595779e-01
3.011770444351270282e+00 1.029040861399237672e+00 7.570761713919023084e-01 -9.212065159817021121e-01
2.972876201218888514e+00 9.560894557346875100e-01 5.803309975811838939e-01 -9.955547336771279898e-01
3.067304278480672775e+00 1.015697965405773173e+00 7.374370951861458634e-01 -9.953437973566474639e-01
3.126707426421593272e+00 1.099642988039055025e+00 9.454620942031701780e-01 -8.013726820379205584e-01
3.008624195722525041e+00 1.072357723591418566e+00 8.533401452596438563e-01 -1.000676890581140510e+00
3.000763848603051898e+00 9.381212828921067226e-01 9.291719517765484326e-01 -6.919983319630064189e-01
3.036042456607888518e+00 9.641870185703699248e-01 8.947452108461366738e-01 -6.098586902149484290e-01
3.008014834275784199e+00 1.053436977005536956e+00 9.226813390226406009e-01 -1.065824405782779261e+00
3.045229856917294420e+00 1.053945229309136922e+00 9.707236621202098847e-01 -6.698828450585853078e-01
2.975286432898891054e+00 9.818794411356750462e-01 7.992498533882459455e-01 -9.083633971428365372e-01
3.014486099116805651e+00 9.848030751605758581e-01 8.090770033792430427e-01 -1.006487515382736175e+00
3.090656426259752010e+00 1.067974286220279456e+00 1.293091212983115579e+00 -3.872221801081414672e-01
2.977747716394224753e+00 9.707617569622926101e-01 8.475010014092720922e-01 -1.057582352899200551e+00
2.966871256586416372e+00 1.005961491713409206e+00 7.548701134738229346e-01 -1.023988749318669234e+00
2.985519735859380575e+00 9.790478554810484457e-01 7.553483793203322749e-01 -1.018340093618723463e+00
2.999156160723678965e+00 9.358557675631792305e-01 9.091487232323888223e-01 -6.785523924837508769e-01
3.057426466470873461e+00 1.079039935816478835e+00 8.198921439645431297e-01 -1.102959316762987418e+00
2.977861037494080154e+00 1.035910418340065808e+00 9.206474957476005194e-01 -9.628393444422906899e-01
3.089047979006666722e+00 1.138955918874399620e+00 1.188595759816906794e+00 -5.950360332029744903e-01
3.019358835193033386e+00 1.064390374420727259e+00 8.745554374906230333e-01 -7.339812506639672440e-01
3.000061490689192478e+00 1.000187259900873871e+00 7.475466107121830905e-01 -9.384450502413574924e-01
3.066582411623319349e+00 1.113952644414625492e+00 8.952819312451180123e-01 -1.020371689699391293e+00
2.995864192151503236e+00 1.013475177673045291e+00 1.017036122339812998e+00 -7.758829659785216881e-01
3.021562503676606948e+00 1.104278023146597842e+00 8.272123108113429435e-01 -1.150894815929501158e+00
2.927783084088758425e+00 9.684908781159926594e-01 9.216087514170041572e-01 -6.783174511853493627e-01
3.060512066380738805e+00 9.935857603465024779e-01 6.228411925288787065e-01 -8.146149626602362526e-01
3.012474989095851985e+00 1.064457081495068236e+00 8.939876688358838752e-01 -9.593730899098096288e-01
3.014944686658647566e+00 1.034134496881240706e+00 8.064570063433860181e-01 -7.641045857157936494e-01
3.040051135442959573e+00 9.964021838876232495e-01 8.940424726693957380e-01 -7.268263350574308834e-01
3.094922515119782336e+00 1.139863306852513025e+00 1.121895109901560383e+00 -5.680383133711840449e-01
3.003601470775119520e+00 9.943742276400255875e-01 9.407229134886692101e-01 -7.294938682353552251e-01
3.022606290842245080e+00 1.006831208978172132e+00 9.160970102940337867e-01 -8.089196241198816084e-01
2.992788513105530956e+00 9.316396429487230346e-01 7.542969955699159179e-01 -9.702072111253853270e-01
3.035184607223472941e+00 9.412837791278025890e-01 8.626938459622888189e-01 -6.594889078962062889e-01
3.056118988971614048e+00 1.087692088890433340e+00 9.602979171400228831e-01 -9.467119124772650496e-01
3.055345271826202413e+00 1.042541757414809922e+00 7.065429260632604125e-01 -1.051653888768429468e+00
2.960245390647094244e+00 9.733941818275886337e-01 7.606862799870054426e-01 -1.053364458754781907e+00
3.063654619815163738e+00 9.881235250922062452e-01 9.128936838105841112e-01 -7.592307362032176821e-01
2.977854621610112940e+00 1.009940843155634482e+00 9.311178453270371191e-01 -7.431635069791051595e-01
3.008441292836232517e+00 1.036884204902092543e+00 8.501967087333039963e-01 -9.711096020699215847e-01
3.069951390245351686e+00 1.137106880543212961e+00 1.079814047811476829e+00 -8.072975711694185819e-01
2.962041715852570256e+00 9.729714320994146126e-01 9.906459468334780638e-01 -6.275023732364695128e-01
3.007554696006029094e+00 9.878508829718767315e-01 8.661224099070010674e-01 -8.027704754871143322e-01
3.045279268079470025e+00 9.711476028302146180e-01 8.664224164123544014e-01 -8.396741191265900683e-01
2.908831579086165409e+00 9.830732684235534702e-01 5.116107998914348753e-01 -1.474896098423907453e+00
3.012072512077907938e+00 9.999861174799378194e-01 8.268486953440395970e-01 -9.299861147371074610e-01
2.983949282152269955e+00 1.073528785181224743e+00 9.092698692926214354e-01 -8.430871942992370638e-01
3.018135264342062474e+00 1.106994768467643775e+00 9.226037436552199100e-01 -8.460044647119971950e-01
3.025799480738194269e+00 1.046485070289139507e+00 8.097455200133508724e-01 -9.582106822212383967e-01
3.003298757485868276e+00 1.004647045627251378e+00 9.466394503232729019e-01 -7.881471368664068056e-01
3.083945941660680923e+00 1.041641169844113923e+00 7.677117490031277747e-01 -8.819817778250435003e-01
3.010171747797310893e+00 1.063544931234329471e+00 1.087726803545391308e+00 -9.055472120524377111e-01
3.032770398201333428e+00 1.050888539574396763e+00 7.500637319580074625e-01 -1.075530589240796031e+00
3.036080736315793338e+00 1.043264263020662996e+00 8.095843412280540052e-01 -1.034244815439596898e+00
3.013297363634840131e+00 1.004395868881518661e+00 9.140770225774779156e-01 -7.868157536956608133e-01
3.017777058320509909e+00 1.005689592615510719e+00 8.412741065883844183e-01 -9.827053981414001216e-01
2.999322419212422819e+00 1.069974184661358407e+00 7.446668064016508382e-01 -9.900613996212906942e-01
3.034016750624791925e+00 1.102624165374998411e+00 8.660831294847786133e-01 -1.087924720467256190e+00
3.015561252670120318e+00 9.983292754477894881e-01 9.395184857577860704e-01 -7.433945059022927238e-01
2.995121254736188288e+00 1.038490569877653202e+00 7.655720506996028796e-01 -7.984642437651833236e-01
2.954118512752859083e+00 1.050872953308974456e+00 7.422271106082306558e-01 -9.585632876571296146e-01
3.041625544274155324e+00 1.067934605617377741e+00 8.452535671992977839e-01 -1.082336525342924904e+00
2.986100345852544802e+00 9.894727936448839412e-01 8.384127443566925519e-01 -9.787860502527293560e-01
3.073389806220526932e+00 1.034248963603474847e+00 9.491604397264552517e-01 -6.037832717987249298e-01
2.969954890089530064e+00 9.724854049101285813e-01 7.174774816378108877e-01 -1.085637607450121722e+00
3.017163659272166676e+00 1.025053637915425586e+00 7.725451567988916857e-01 -1.160499697467752167e+00
3.010309374291987083e+00 1.086730841294248684e+00 8.856085153602851756e-01 -8.925239788204769598e-01
2.979951167072786067e+00 9.941391268327539610e-01 9.160000984980526395e-01 -8.955841531834980440e-01
3.033598726236336418e+00 1.083019225639311411e+00 8.078742221716899152e-01 -1.040236435912642143e+00
2.969034934563518746e+00 1.016803977409844295e+00 7.131955181107145769e-01 -1.001290925978593371e+00
3.020776141397718551e+00 1.022930881224293875e+00 8.704356046332614172e-01 -8.233342216093321175e-01
2.961180409383547651e+00 9.766430204520915037e-01 6.015484231132348647e-01 -9.464678641512404011e-01
2.944179459156603951e+00 1.040132326854499745e+00 9.561201710835398604e-01 -7.775300479176683321e-01
3.029284699704255068e+00 9.396985038491170172e-01 9.006653777864409571e-01 -7.691599491256588816e-01
3.012862214982286346e+00 1.060504416133642769e+00 8.334002584979687267e-01 -1.031938430586708533e+00
2.987160575124881312e+00 9.912675523257783450e-01 8.216755795552573849e-01 -9.566216382508520022e-01
3.017036374564970647e+00 9.956632623277906768e-01 9.065622706818030618e-01 -7.070421486768883046e-01
3.029139076266452069e+00 1.018767449505032507e+00 8.865238649927017489e-01 -7.874503937776832219e-01
3.031521445860273722e+00 1.052399818516245977e+00 1.010501718950923333e+00 -7.045387551561749229e-01
3.045963624536573100e+00 9.518828209268251905e-01 8.621169000532382665e-01 -9.065272987402497318e-01
3.026930614595637614e+00 8.927409880036990542e-01 6.828826245604642242e-01 -9.221828638403982703e-01
3.004788909624958926e+00 1.044314358494093264e+00 8.864072145865453667e-01 -1.097701138445230873e+00
3.012837080199024076e+00 9.969686046111321254e-01 5.752946773837295247e-01 -1.038078290526020186e+00
3.065676289343780336e+00 1.037404845913735718e+00 6.692032845847930567e-01 -9.950455933746709114e-01
2.967332058484278168e+00 9.948230433150290208e-01 9.164718973556621462e-01 -9.289918756948394307e-01
2.992137859249959231e+00 9.979159343142427474e-01 8.236377629550579726e-01 -9.010997464728093265e-01
3.033318992292002303e+00 1.012747172586368816e+00 8.669363558746022713e-01 -1.018506377265696150e+00
3.012297536347637195e+00 1.048050042430164197e+00 7.980313590537840840e-01 -9.923921057651527988e-01
3.012030167175179685e+00 1.046998759779105725e+00 9.751225167766858215e-01 -8.701922017958830802e-01
3.062818530957260421e+00 1.065869158805675010e+00 8.747843282706873058e-01 -8.343448286851120610e-01
3.007211587693654042e+00 1.065000763241575443e+00 8.002882807066287185e-01 -1.031797731994338108e+00
3.019291270839119523e+00 1.044793897875033295e+00 9.735642945917416524e-01 -7.818944549808301003e-01
3.026117170332409234e+00 1.044666069313392009e+00 8.119093427092529680e-01 -1.063510692471971053e+00
3.019305521961943128e+00 1.036404632792450986e+00 8.013801923523454773e-01 -8.859699418814807048e-01
3.069598604013468623e+00 1.018498733054022276e+00 9.346331292547532810e-01 -8.180742057120594657e-01
3.011192434100240511e+00 9.950317783633290114e-01 7.608412270601913052e-01 -8.925300523751721338e-01
3.022525059625628341e+00 1.057339056068988148e+00 9.324888864693248181e-01 -8.223338292987021347e-01
2.999168221362817910e+00 1.042639794935299902e+00 8.217633226148134407e-01 -8.992067928434596125e-01
3.054548696343199587e+00 1.009566269748028544e+00 7.001867443655875878e-01 -9.449952558739509456e-01
3.039338465997107441e+00 1.065837778278915460e+00 8.962572568195814604e-01 -8.539606042665394137e-01
3.053769488170405388e+00 1.072490261811991141e+00 8.514478559104938782e-01 -8.061879916395637835e-01
2.976641603938150471e+00 1.037051164536615611e+00 8.956016215342562647e-01 -7.471454568096296267e-01
3.025796839122763426e+00 1.025934150078721796e+00 1.033813917560787443e+00 -7.434244109696795944e-01
3.034058323675637325e+00 1.022261433134776354e+00 8.523502544019936344e-01 -7.888313144133205501e-01
3.006849286510867802e+00 9.943300753534921599e-01 6.286657051049057143e-01 -9.967127808964127977e-01
3.077897672299780840e+00 1.087295873832499815e+00 8.794362025895348101e-01 -1.112290873798462476e+00
3.067091520208698796e+00 1.163794473473469315e+00 9.101185060923256964e-01 -1.111539034196387776e+00
3.014013192821652698e+00 1.011979560076021745e+00 8.160994901430322912e-01 -1.013852114479706801e+00
3.002645811360528771e+00 1.050960200108362663e+00 8.759790002094709482e-01 -1.075404648117773254e+00
2.991930148943801271e+00 9.571370234311885605e-01 6.853945846919257123e-01 -9.479810037782874232e-01
2.977068097559611548e+00 1.089424004980770411e+00 7.518111592519786113e-01 -1.092027688308045308e+00
3.018539878860166059e+00 1.040692012720071169e+00 8.962819652036402296e-01 -7.766768734673907826e-01
2.986439241735423522e+00 1.024037930631217952e+00 9.402283960978069510e-01 -7.963899428511365119e-01
2.950703275351542754e+00 1.032124604910948040e+00 7.649660225155678894e-01 -1.098559571416887870e+00
3.025573544872369514e+00 1.028965558526913737e+00 1.040178216992851512e+00 -7.906907070112126901e-01
2.945503360719672781e+00 9.992885172980409125e-01 8.169026839232728099e-01 -9.641548083278673742e-01
3.006069050189245750e+00 1.013605728127203509e+00 8.343682271961890828e-01 -1.086777512366238652e+00
2.974064432449122553e+00 9.329665430272445770e-01 8.398320360082656144e-01 -8.336768222790230665e-01
3.121156349375244776e+00 1.015877340880964264e+00 9.927061590688052162e-01 -6.509415841826499127e-01
3.001296925912927183e+00 1.042586765955685113e+00 7.151989676683324637e-01 -8.185327113911314845e-01
3.017394856204731468e+00 1.031784690018884287e+00 8.094840833976665317e-01 -1.053042433566830471e+00
3.054540624731753695e+00 1.099619013437822757e+00 7.361188356133022692e-01 -1.058096436434163179e+00
3.044687600098546998e+00 1.037123123528794988e+00 8.059494153005366535e-01 -9.949787710390771700e-01
3.042058769608775304e+00 9.607421584489632682e-01 6.122018620202919204e-01 -1.066340334749780183e+00
2.991992526835356436e+00 9.639788753265750021e-01 8.115106940166473271e-01 -6.127157225798343099e-01
3.034803390707227155e+00 9.727411755547326067e-01 9.804078212165263650e-01 -7.449886276606628721e-01
3.038807665615245401e+00 1.031559616494755360e+00 8.968375337545496651e-01 -7.903616607931732707e-01
3.014001113130357457e+00 1.039648356327515621e+00 8.010856168748340389e-01 -1.038302822275854131e+00
3.064642345804501122e+00 1.102677324251912339e+00 9.403964757442762057e-01 -7.361304291184913584e-01
3.057759300850177109e+00 1.088057335492165656e+00 7.758773024852859690e-01 -9.469463225516411287e-01
2.964786778101977660e+00 9.983137395954166937e-01 7.880686509144205765e-01 -9.150547296739235392e-01
2.973313114773635579e+00 9.865105398737487041e-01 5.893479080988432983e-01 -1.158320209918078936e+00
2.986046375338426984e+00 1.045690678665317064e+00 7.801333146422274600e-01 -1.060992098503101388e+00
2.992118815926349207e+00 1.050794712345150206e+00 7.034752433115588621e-01 -1.120879118065422508e+00
2.955136484502441263e+00 9.407054206769283056e-01 7.295498501902933919e-01 -1.095376262214359686e+00
3.017872882293530790e+00 1.082343692389410528e+00 7.228011743513427234e-01 -1.201446851354435630e+00
3.052386568677713630e+00 1.090848580426550862e+00 7.901317754400155602e-01 -1.070744505214108688e+00
3.049110283742261007e+00 9.772599680365707808e-01 8.257166465848287951e-01 -8.932338033822460055e-01
2.998392376934707837e+00 9.712857141014056284e-01 8.123683889895881860e-01 -9.382453856787821289e-01
3.080726868661216145e+00 1.170025752319707513e+00 1.196584820906653412e+00 -5.585164960895712127e-01
2.965576300976679125e+00 9.939766885281897668e-01 1.077677286822854130e+00 -5.890949662010618315e-01
3.122069774314288004e+00 1.163376959902889363e+00 1.044619338087872329e+00 -7.485829368169423237e-01
3.012471618318392608e+00 1.051192757575656778e+00 8.467978860177661771e-01 -9.658741967149363505e-01
3.083641342582199130e+00 1.136131776601737808e+00 1.028688799845632884e+00 -9.626615888502373375e-01
3.071228223121105216e+00 1.089112252421282623e+00 7.881456310120147357e-01 -1.093509167537619398e+00
2.964251917248001078e+00 1.000266224708572738e+00 6.495001359539980257e-01 -1.278037834784042870e+00
3.108132500953489696e+00 1.030867774146177140e+00 1.023784262753007823e+00 -5.295180735420460527e-01
3.046987535772299971e+00 9.946466138871500329e-01 6.852738567542406845e-01 -9.276707624809759078e-01
2.982444136981940108e+00 1.013876356482136032e+00 5.914790123130060362e-01 -1.140518465837521367e+00
3.020340816475306944e+00 9.929746161550009331e-01 8.331653479654421712e-01 -1.010169203174185348e+00
3.120723042308029438e+00 1.213658962890493909e+00 1.163043988230859860e+00 -7.597449407772999264e-01
3.042211015341026670e+00 1.032873475372926730e+00 8.335645029378070392e-01 -1.076980993036882994e+00
3.044687459559531462e+00 1.065579549679148919e+00 8.539596578255123083e-01 -9.945317450057706843e-01
3.035778694263434829e+00 1.032264461036395575e+00 8.334996816538903230e-01 -1.089640466753731829e+00
3.055793399786759235e+00 1.090177698000627471e+00 8.404181594209757522e-01 -1.131269370895045645e+00
2.957993659451911395e+00 1.006805437583405904e+00 7.520541430340342837e-01 -9.868649147934700494e-01
3.025219961351739428e+00 9.550110312797172041e-01 8.746192754009661785e-01 -8.829424985793155045e-01
2.999895253865162648e+00 9.893234964432567891e-01 7.191404183312363196e-01 -7.858825782952338912e-01
3.090531760558604013e+00 1.043702652029326217e+00 8.222916787776662906e-01 -1.036501264991647631e+00
3.059796237825108456e+00 1.011313938309977623e+00 8.626406769553167653e-01 -7.646373251282140293e-01
2.971321076074100009e+00 1.012367989527476420e+00 5.935468229886250446e-01 -9.399277205784491995e-01
2.974859055027575749e+00 1.009364385070787629e+00 1.061165773933524958e+00 -7.265659916097103599e-01
3.020287394679066928e+00 9.910007002725494951e-01 7.695725340413053228e-01 -9.377007767429588192e-01
2.977917941159471837e+00 9.461171680118259930e-01 7.519771702094943944e-01 -7.969321367777393306e-01
3.050386966085841145e+00 1.192312715778419907e+00 9.080122752128951813e-01 -1.276292484741698763e+00
2.977535609853506404e+00 1.072385831496630137e+00 9.866870715607546360e-01 -8.124556036787523583e-01
3.091804432002894121e+00 1.019269027422887497e+00 8.182013904042479968e-01 -7.888544139756753504e-01
2.978927637601365586e+00 1.004843375452318277e+00 6.173275256420284185e-01 -1.070303457254504709e+00
2.989278794490001889e+00 9.826173004833751445e-01 7.755872828062428948e-01 -9.156045857288932499e-01
2.870725327735372367e+00 9.684405513433008705e-01 7.284887909776225356e-01 -8.168357211841096310e-01
2.998664760878048341e+00 1.085812416623672449e+00 9.450946386729875970e-01 -8.365950308051832707e-01
3.054293798671501303e+00 9.862916927855314153e-01 7.665377349251142336e-01 -9.731546979634194683e-01
3.042987438797672972e+00 1.120655713896173911e+00 9.917185484254649186e-01 -9.480967954051380264e-01
3.034409106372184528e+00 9.785095950721360847e-01 1.038420756435404435e+00 -7.535485792100353741e-01
3.018357106759380404e+00 1.124456914337899072e+00 8.985265590789497381e-01 -1.107989714203498455e+00
3.003110356556068172e+00 9.834087070323065394e-01 8.092253448261609305e-01 -8.823685763803551518e-01
3.012988369437183067e+00 1.111936012886382219e+00 8.229267261383121923e-01 -1.179946098224454065e+00
2.973982584775036742e+00 1.100566614400853238e+00 7.888228440360187665e-01 -1.209634368302241469e+00
2.991123145082580148e+00 9.873651638318227119e-01 7.662559095845903334e-01 -1.023172179128119419e+00
2.999731828288285218e+00 1.023156568652322740e+00 7.934237485544414215e-01 -9.890222884080933641e-01
3.045917638092058066e+00 1.020820915177985233e+00 8.013335613983911809e-01 -9.346517720067887280e-01
2.991008022669967570e+00 1.035778193746782039e+00 1.114198465565597207e+00 -7.607299291608221603e-01
2.972440607229045018e+00 1.065686028452703660e+00 8.507878895508360628e-01 -7.528979732741933883e-01
2.939140214455022271e+00 9.842702364029393136e-01 7.937592759558500521e-01 -9.146861988741679106e-01
3.007248724968485831e+00 1.074146151969071150e+00 6.991158701347465199e-01 -1.156791424411991676e+00
3.000834722174297031e+00 1.052130931257162283e+00 1.007267861839237000e+00 -8.497201613472379345e-01
2.943927488818660620e+00 9.800558901491714936e-01 7.630624523946121229e-01 -8.169611204008889738e-01
3.026865284472581852e+00 9.341371246689518237e-01 8.051220050777569970e-01 -9.197047551507613328e-01
2.969539330412077405e+00 1.017170186175210267e+00 7.583485112114138893e-01 -1.073177348457895253e+00
3.038684023986995442e+00 1.076998749020761093e+00 8.402194893225110039e-01 -1.107359210651892134e+00
3.020359774166939015e+00 9.976779695976696338e-01 7.921864479628368816e-01 -1.100347319996170192e+00
3.056694415206710147e+00 1.173194199460914966e+00 8.720279531990268174e-01 -1.247962657126018060e+00
2.994362213158005215e+00 1.016135633017109630e+00 9.350703115895130368e-01 -8.610592967236447848e-01
3.016733624652383483e+00 1.062620105507035673e+00 8.556726281783216814e-01 -9.888749463444406196e-01
3.048111531444797961e+00 1.052931227948007198e+00 7.255191636145921219e-01 -9.816569996988671054e-01
3.042529496688351820e+00 1.004391198341280544e+00 8.108214770182355924e-01 -9.569807422984580869e-01
2.961775410126857189e+00 9.300468957093419586e-01 9.510845471054573119e-01 -5.646171579544356778e-01
3.000847711873716239e+00 1.063809667151329963e+00 8.341878265856977892e-01 -1.033767020818329607e+00
3.030410433700983841e+00 1.057229542331402428e+00 7.645710031783321536e-01 -1.154416084025612577e+00
3.031660313908605797e+00 9.350749811325648198e-01 9.434398625163260554e-01 -7.414053089289179832e-01
3.015649099536953592e+00 1.080772812308469888e+00 7.418335111428504547e-01 -9.450848018433148923e-01
3.065283542524583460e+00 1.093801758989774164e+00 7.388423191177651006e-01 -9.469595718997134703e-01
2.991162040838983849e+00 9.914705210169065808e-01 6.730808718892938858e-01 -1.015697203820030481e+00
2.990123545036881048e+00 1.035359078963103086e+00 9.487946261562686390e-01 -9.098428786659775724e-01
3.054177554075722778e+00 1.033251983066576729e+00 8.177643840488179050e-01 -1.010428056059950341e+00
3.038193667225128625e+00 1.107327315885599850e+00 8.859138977779784652e-01 -1.161677769210662792e+00
3.013912634227435827e+00 1.035492156617089154e+00 8.566786097578408254e-01 -1.005981577858921616e+00
3.014248895750393675e+00 1.079269220504902815e+00 9.525596985876242373e-01 -9.397683964312135707e-01
3.012064728624602061e+00 9.536970219711740082e-01 1.023355752874500757e+00 -7.033721948523233847e-01
2.993812741968467250e+00 9.720720851954690600e-01 8.749953491375149772e-01 -8.617357040586345329e-01
3.045932097967387620e+00 1.074293935422464541e+00 9.435061674255613706e-01 -1.119047451743943267e+00
3.021318962543748210e+00 1.006610718933335091e+00 9.511067714453450561e-01 -8.150181665613578375e-01
2.997809191570905973e+00 9.900704159304895002e-01 8.088884701552317980e-01 -7.011165301224180357e-01
3.026465709066326948e+00 1.068494438098953614e+00 9.935850386182200067e-01 -9.295520026647688949e-01
2.964834742749083318e+00 9.479938938000871396e-01 7.584777935636204393e-01 -8.534390036071141106e-01
3.075996334333275684e+00 9.887385024066112083e-01 7.976061523093102013e-01 -8.563223584457558824e-01
3.097725188047331546e+00 1.090611919056384993e+00 8.716247817540702103e-01 -1.006576825284151822e+00
3.041170810429239868e+00 9.788386442873622251e-01 7.580610395290202641e-01 -9.388196804248923888e-01
2.990842661612420184e+00 1.046517858080272312e+00 8.750731859649163447e-01 -8.961737610351727668e-01
3.048806880171223366e+00 1.096033786258505449e+00 8.243984068104983631e-01 -1.065294853698860233e+00
2.980552176139701803e+00 1.040776482741122777e+00 7.864216497809884965e-01 -9.592604116281870930e-01
3.007214122855720984e+00 1.064381527181577747e+00 9.805966870669090563e-01 -9.380236593510106191e-01
3.018882540607042753e+00 1.066425449298390893e+00 8.680781410113055374e-01 -1.046137349815421835e+00
2.994345771778523790e+00 9.897855064115369528e-01 7.089984070947157324e-01 -9.492790565726755281e-01
2.966145637712456651e+00 1.055370204646185250e+00 8.707227156642335375e-01 -8.596344636129960026e-01
2.995962049756812906e+00 9.641460409752788951e-01 6.977492654992782928e-01 -1.076913130545168240e+00
3.031262952025720825e+00 9.873757687675176475e-01 9.360059835331231426e-01 -7.951931467796422570e-01
2.996338644125381645e+00 9.782751911970170022e-01 7.810968580999595456e-01 -7.603064936977756982e-01
3.012256309035949542e+00 1.032580726391032933e+00 8.784560891940872418e-01 -9.353927337463022740e-01
3.013938829582444967e+00 9.981806904910650591e-01 8.783975536365677961e-01 -8.578560624101326804e-01
3.028868723791787954e+00 1.028456815950435255e+00 8.358412059037420017e-01 -1.016837062713938922e+00
3.055480584640507313e+00 1.034483690149742730e+00 9.187099529250772889e-01 -1.038638942608735682e+00
2.996479237286087116e+00 9.580567619070811114e-01 7.479542865388211226e-01 -9.070033685607973295e-01
3.033939344347520883e+00 9.643900261358689940e-01 7.582196392154585407e-01 -9.856699292646754484e-01
2.943577286520420166e+00 9.818932625082696930e-01 7.691907933491225480e-01 -1.113672523806181092e+00
3.018397681032555013e+00 9.662725114283402528e-01 7.281192774074130014e-01 -8.951919721745037473e-01
2.954936398466289305e+00 1.033363850894892355e+00 8.531004141257829687e-01 -9.804099575684055434e-01
2.999870915966694973e+00 9.456072377165273268e-01 9.423832243856731239e-01 -6.905138451528484156e-01
3.044799172205012727e+00 9.943528318957113310e-01 8.764411466203171353e-01 -1.113762533185372439e+00
3.003800670819880114e+00 9.840656047496734171e-01 8.334402235531387371e-01 -6.882449404602054566e-01
3.022811424440620343e+00 9.802918753421140385e-01 8.181431131884735475e-01 -9.119525026708478199e-01
2.960328825961285215e+00 1.041130467300303897e+00 8.106613783974654375e-01 -8.648246868296921575e-01
2.987213320988405751e+00 9.852318140225806431e-01 7.202001887544084990e-01 -1.146524296462712478e+00
3.023980707430764525e+00 9.960488477352726910e-01 8.636457805432409263e-01 -7.963672155591732249e-01
3.013256710377819836e+00 1.005564808257289444e+00 7.086224196245215490e-01 -1.254350709492420890e+00
3.017232848002269652e+00 1.076898507471305333e+00 1.052268666517044426e+00 -8.695772702434207968e-01
3.012502144540663451e+00 1.089956529800370832e+00 9.216433818725225935e-01 -9.227949397257311226e-01
3.004715090925512921e+00 1.000979134911991419e+00 7.415284152798552464e-01 -1.079527518343418091e+00
2.981745669586461034e+00 9.232908725791751925e-01 4.873104237820627960e-01 -1.279390231738668282e+00
2.974814633373250139e+00 1.078169509278016136e+00 8.459317606925320643e-01 -1.094836654291756917e+00
2.986348306714691425e+00 9.762968969423957422e-01 9.428220368445232591e-01 -7.049675007105523639e-01
3.047345639000979656e+00 1.005648159398143449e+00 7.515538380306110433e-01 -1.100970789063738353e+00
3.078463510217540833e+00 1.062527179739338079e+00 1.108774452073167716e+00 -6.269748917702270274e-01
3.022882357015593158e+00 9.961898937014497246e-01 9.112689970039496989e-01 -1.015735186228494014e+00
2.937322422436550173e+00 1.001743800020249431e+00 7.847247422987498888e-01 -1.017265492136365745e+00
2.960085616423198562e+00 9.715176766783204521e-01 8.465104541737047406e-01 -8.619354720244702950e-01
3.092779090136183129e+00 1.113878616929803833e+00 1.049681982840412919e+00 -8.606002006596721321e-01
2.948853060346905863e+00 1.003516314638465801e+00 9.935335280101097455e-01 -7.087701911645297725e-01
3.039934670916557558e+00 1.035870198025317768e+00 9.206979118791982497e-01 -8.732173834705868609e-01
2.906819267344699753e+00 1.013294735197014740e+00 7.875578045678625072e-01 -9.837798690498809062e-01
3.077085636002435898e+00 1.157263944441987880e+00 9.553240079295332032e-01 -9.181817492966819483e-01
3.032804282172127497e+00 1.037359160397369973e+00 8.096438955323445041e-01 -1.090131096779633157e+00
3.060658247845407853e+00 1.112130277187855398e+00 8.601132893292090520e-01 -8.269662954934369203e-01
3.070236577591028748e+00 1.088875968021919771e+00 9.858399790663050499e-01 -9.289134029273513615e-01
3.123884880840118949e+00 1.098559219058560243e+00 9.285808626979435987e-01 -8.491748460402928078e-01
2.943433956597812262e+00 1.004778928469794330e+00 7.323988300281437658e-01 -8.857531598463339595e-01
3.013893463664454764e+00 9.878528304772999924e-01 9.267806081120064654e-01 -7.931610956177296279e-01
2.938248809235332271e+00 9.883508234204526621e-01 8.455745339902442925e-01 -8.693740514583044865e-01
3.034159602987859916e+00 9.766210814341721447e-01 8.285334676626789907e-01 -7.742648673508575330e-01
3.047895080913940902e+00 1.031155125443282028e+00 8.127368476410347098e-01 -1.098931245551440838e+00
2.974857121177901131e+00 9.753026337791262934e-01 7.732954283320326860e-01 -8.596760111905263901e-01
3.023841442137140234e+00 1.087793189006118100e+00 8.798330505409887037e-01 -9.198121712017882645e-01
3.021595457937088725e+00 1.009580305155537872e+00 8.134437416062176851e-01 -9.611582747165231533e-01
3.030199786237650628e+00 1.082795862544286392e+00 9.631977898608851119e-01 -7.775757169896699850e-01
2.979532404927645040e+00 1.064460115769565673e+00 8.034743145912007778e-01 -1.076398741106173951e+00
3.048974990381337236e+00 1.139854040743882191e+00 1.031556117930698679e+00 -8.201205641921038847e-01
2.985458617924925839e+00 9.644962285069922370e-01 7.227753252728705835e-01 -8.807923517592579632e-01
2.963398982126928871e+00 9.730700784891985755e-01 6.187632366166854192e-01 -9.475290436497514346e-01
3.038989147182787232e+00 1.043627806831614935e+00 8.968344154141075775e-01 -7.131910840963517906e-01
3.030032030180311864e+00 1.046044802988345568e+00 7.414117957222292610e-01 -1.028015387652852830e+00
3.048436863596384327e+00 1.065223258001056994e+00 9.097587273289854393e-01 -8.779533684870106658e-01
3.043897524705125424e+00 1.103503128004243550e+00 1.019968011934271779e+00 -8.682600799507401712e-01
2.990214904186578870e+00 1.065738749887291448e+00 7.411585381241944104e-01 -1.105456248895964055e+00
2.933648083626546832e+00 1.007278938083637110e+00 8.422981736399537400e-01 -1.034722933710308990e+00
3.018545723483292864e+00 1.027358848928320301e+00 7.323035284462584560e-01 -1.075706471647854823e+00
3.028653783336956007e+00 9.904850975425032455e-01 9.354292570182103361e-01 -7.902356219910147139e-01
3.101214883998520300e+00 1.020606077713600124e+00 8.025161430078286973e-01 -1.047997662638103344e+00
3.067665133527781585e+00 1.002037694106836296e+00 9.046927506920748874e-01 -8.556681560726782099e-01
2.965441623707949947e+00 9.907857438459586330e-01 7.846143257797600912e-01 -1.104926716231139139e+00
3.035222062463269310e+00 1.014276895424781166e+00 8.285664703453961000e-01 -8.671887083559599585e-01
3.014835536691867990e+00 1.031460876176660379e+00 8.753161331801436740e-01 -7.875763053039411821e-01
3.012107926459959284e+00 1.006249640786309296e+00 6.724457925860588547e-01 -9.997467293033527325e-01
3.043515457966271320e+00 1.065473642234737950e+00 7.917094375061004552e-01 -1.259108681178490619e+00
2.941693865913164174e+00 1.007590707983566869e+00 7.716488547806933385e-01 -1.169414873412055300e+00
3.052791480024902970e+00 1.115871352678232009e+00 9.283499317787987648e-01 -8.098652693422919713e-01
3.078385519849021090e+00 1.105015450750042039e+00 7.859245724128280930e-01 -1.097173132437466503e+00
3.027627206421259043e+00 9.825537035875362424e-01 9.572270609036946931e-01 -7.584294807690084017e-01
3.028883606926438876e+00 9.828142422458997496e-01 7.233136890985396583e-01 -8.923503831729970859e-01
3.060692327175843719e+00 1.135274897935875993e+00 1.133570604247874813e+00 -6.752386054025909523e-01
3.027364561883377991e+00 1.019586188689211026e+00 7.885109041113165240e-01 -9.407715141550271332e-01
3.046658577308623439e+00 1.016995064714878660e+00 8.860623218498600018e-01 -8.238803526964797452e-01
3.102591929762034351e+00 1.178984362270890651e+00 1.023264983579434295e+00 -8.559062644491545191e-01
2.996711845304115052e+00 1.007698807893325332e+00 7.066341091264825014e-01 -1.007594831531313240e+00
2.938230538981934981e+00 1.004162281519721978e+00 9.512641761379027061e-01 -7.732376475000733995e-01
3.016423235850188789e+00 1.032482738549576506e+00 6.917620848037974168e-01 -1.168317587912850231e+00
3.031871189603343009e+00 9.745375167261770555e-01 8.884026920337960709e-01 -7.066580397007155012e-01
3.017225138801391537e+00 1.069737485063638305e+00 7.979130148386263111e-01 -8.088274588014487954e-01
2.977013109965783499e+00 1.084481065197048899e+00 5.973731325954986238e-01 -1.234661759367898126e+00
3.006466647086183386e+00 1.080022426178252282e+00 6.643626913739664186e-01 -1.229424848730413133e+00
3.016095012768081229e+00 1.118792112642358560e+00 7.586076687265718155e-01 -1.267082847969533077e+00
3.099429816796142489e+00 1.144293350097425055e+00 1.003168702738297169e+00 -7.467187006407710603e-01
2.939226905307280813e+00 9.972842446662415483e-01 8.763238893333729074e-01 -9.516987776308819535e-01
2.991131230647615880e+00 9.334523981097785361e-01 7.488605499671795451e-01 -1.039433416212665939e+00
3.002459852000354701e+00 9.521806669647226995e-01 7.347488897086293935e-01 -8.002398426853641888e-01
3.011028546297466857e+00 9.936189739744776261e-01 7.510131353413808108e-01 -1.010941945452030755e+00
3.026297178622892492e+00 9.576799089764957973e-01 8.510381303502854156e-01 -8.538127487706601570e-01
2.953939402482218313e+00 9.926672601484881620e-01 8.094153267249900585e-01 -9.383026173196524766e-01
2.923133613163334754e+00 8.933426673459099465e-01 9.884618880610073210e-01 -6.824090719624115176e-01
2.966345617351750175e+00 1.013750943828795492e+00 7.624219677488117686e-01 -1.062908975737702821e+00
3.052690893452605359e+00 1.061549808861304012e+00 9.769174252712398143e-01 -8.606083911792269392e-01
2.999422786984835998e+00 1.014750076916198340e+00 1.020933959649434231e+00 -8.506118865961238562e-01
3.009850074339201598e+00 1.015592913418001952e+00 8.185051996881748115e-01 -1.024911006892389675e+00
3.008231512960228393e+00 1.007777305894625552e+00 8.073996584986529168e-01 -6.691002944456033719e-01
3.044049543253579238e+00 1.049022068978185729e+00 7.808994326141825981e-01 -1.126372272703046296e+00
2.984884584887462111e+00 1.091363086417663775e+00 8.259686090733223685e-01 -1.137857293759995780e+00
2.979968365575219824e+00 9.967185823437704206e-01 8.415447900459543940e-01 -1.115260648030483637e+00
3.081908286319788193e+00 1.079209581366401993e+00 1.013576009792157118e+00 -7.020284570035340010e-01
3.067487705834037737e+00 1.120188983756188916e+00 8.583237613501273344e-01 -8.566666286827671062e-01
2.924921078209313574e+00 9.933326816102402423e-01 8.136220635704430881e-01 -9.226646652299493878e-01
3.070800941066901935e+00 1.044284835709984094e+00 1.147536786555084287e+00 -6.781106642197507473e-01
2.986806248504176420e+00 1.042799425770686295e+00 8.275302647265251332e-01 -1.010044245300239174e+00
3.003877252948457866e+00 1.041425168296872483e+00 8.529484025423579308e-01 -1.087612311987083968e+00
3.048925824763155656e+00 1.173757331374556179e+00 9.937901107874531625e-01 -9.587704199207744971e-01
3.017546532117321156e+00 9.574002400814339842e-01 6.568395101420205773e-01 -9.007610182861129910e-01
2.907174421737325876e+00 1.015957211696522755e+00 8.433819209672600570e-01 -1.071917515535206977e+00
3.019606138875408963e+00 1.031497810928400982e+00 8.006648108745434422e-01 -1.028117531832679843e+00
3.013672028081431975e+00 1.000632897067651683e+00 6.455355579360865237e-01 -7.110106879520585732e-01
3.004645154019851994e+00 1.082248353471685576e+00 9.396623728451556357e-01 -9.916235041588838950e-01
2.989005021096917236e+00 9.650341352865142719e-01 7.942691822079495090e-01 -1.062938143023516524e+00
2.944027518258506948e+00 1.006060287029246103e+00 8.100987804471668774e-01 -9.654794192028427480e-01
3.120842558568871716e+00 9.879430016275280169e-01 7.608634338661471874e-01 -1.086885042154563052e+00
2.993105689810807490e+00 9.808578846658255745e-01 7.920003963806566682e-01 -8.902476656103937014e-01
3.023855338718492547e+00 1.065386503565987741e+00 8.594529741009421242e-01 -1.115553367294335851e+00
3.008685665554669875e+00 1.050489178072344876e+00 8.497097528026515967e-01 -9.858389859705086744e-01
3.055186546055173480e+00 9.261545257313246182e-01 9.071162326186054115e-01 -6.911123723032130961e-01
3.002101414306374227e+00 9.759930185226440846e-01 9.683160143884934623e-01 -8.584673150519970264e-01
2.980316424986630519e+00 1.015418062170657887e+00 7.846899277428079911e-01 -1.130272063031383611e+00
2.909836144312319295e+00 1.009381753804692083e+00 8.553027177289002081e-01 -9.627187287736617138e-01
2.970262048379953335e+00 1.023290694496939102e+00 6.902226850698085503e-01 -1.031650410821711938e+00
2.928449766812733390e+00 1.009400036123148547e+00 8.827010667355907891e-01 -8.141928079908348215e-01
3.035054060608501914e+00 1.052980329749695354e+00 9.134650853728341069e-01 -7.756488023212119165e-01
3.047269042336067102e+00 9.858766782580853372e-01 8.563581615792079660e-01 -7.052544997471921207e-01
3.102818547002867966e+00 1.113768487635866666e+00 1.076564988647589871e+00 -5.868910027917958461e-01
2.984048002214932271e+00 1.013403336252844733e+00 9.530985419420793248e-01 -8.621423576997494509e-01
3.013852348421907301e+00 1.034844936426738471e+00 7.631762986325328901e-01 -1.091057595714217232e+00
2.992110654430628180e+00 9.582406978990318791e-01 7.508493651865263407e-01 -8.498210288299645754e-01
3.026712069887116829e+00 1.027809596035021311e+00 8.207115789129248995e-01 -1.020618240357102247e+00
3.018882731607724690e+00 1.036079025222831573e+00 9.297449481242948677e-01 -8.587061309798154074e-01
2.923978793209410565e+00 9.998071358059519298e-01 9.139754335051687439e-01 -7.177161467725221566e-01
2.907945252159497951e+00 9.759906214542453107e-01 8.569368697726716944e-01 -8.624068625558113377e-01
3.129828259579216176e+00 1.015337417727577130e+00 9.005218713451217383e-01 -1.067612818866139124e+00
2.968572413749367644e+00 9.336837656512702033e-01 5.539191142646914257e-01 -1.004642535445097851e+00
3.000189425412886024e+00 1.065147945819705733e+00 9.231314651940949467e-01 -7.512810585376061834e-01
3.076475848786936584e+00 1.153487864986077582e+00 1.302137902552635618e+00 -4.890608654411978118e-01
3.006924765540189171e+00 9.980045161530264330e-01 6.508886044704926821e-01 -9.604489917879824867e-01
3.078163138133287458e+00 1.049817607605081582e+00 8.056378916973917503e-01 -1.036408530884990187e+00
3.115147541161680245e+00 1.115440976658006678e+00 1.031314221912090767e+00 -8.739754195030053907e-01
3.005860938939877602e+00 9.329232692407067873e-01 9.046160430618123138e-01 -7.936098572280791963e-01
3.001144541037744862e+00 9.939656127321797596e-01 7.360135811668615524e-01 -1.054450031018403733e+00
2.964348836879978411e+00 1.020044752278912670e+00 7.436180653320050293e-01 -9.477732498319647592e-01
2.975099922467035363e+00 9.704964313179215152e-01 8.552270123819661896e-01 -9.503370618128604841e-01
2.994713682173850700e+00 1.002688808416949851e+00 8.041957123789875705e-01 -1.062136948053152397e+00
2.991402406660894631e+00 1.003445801887300703e+00 9.734440693122646815e-01 -8.321849887912637911e-01
3.010295863682054929e+00 1.078564497047281412e+00 8.432709605125850993e-01 -8.568916246162293637e-01
3.034345525184999559e+00 9.736008430670095581e-01 9.156745869309780295e-01 -6.761711238090858389e-01
2.985617920995649044e+00 9.608257660221419805e-01 8.309076730526410159e-01 -8.985054711395856764e-01
3.029099144922926978e+00 1.086693067259765666e+00 8.751470557002352102e-01 -9.954818635091801093e-01
2.947619372956449268e+00 1.022784828487186992e+00 8.100540261419574284e-01 -8.857608180616679538e-01
3.044671681813131414e+00 1.050842970800601073e+00 7.461549465097463418e-01 -7.545669018568053055e-01
3.005264310223556556e+00 9.576420322534209273e-01 8.699779735139556713e-01 -7.703547890774996576e-01
2.923835951417800949e+00 1.033323693060346438e+00 6.611369807974278867e-01 -1.095021616975550671e+00
2.985387782903869969e+00 1.057190077800247208e+00 8.892036574479392774e-01 -7.721460367696838523e-01
3.059294134346837168e+00 1.087524436175109965e+00 8.787699998245188659e-01 -9.018134877692309814e-01
2.893112118340903205e+00 1.033743102196167829e+00 9.129057376576387162e-01 -8.114227453293455516e-01
2.984492459418873977e+00 1.020453653542034100e+00 9.415479794473431419e-01 -9.891529883091974007e-01
2.991062654242800267e+00 1.008814892981410027e+00 9.042216934903586356e-01 -8.237381554543541373e-01
3.040329920961380772e+00 1.031612359013470481e+00 8.569941386269496197e-01 -7.861296693481052422e-01
2.981614650233270769e+00 9.911288706326427667e-01 7.315980623521805004e-01 -1.035283426321343736e+00
3.050867811977601374e+00 1.031304075733725956e+00 9.352288741785357296e-01 -7.805288289568182991e-01
3.044247811798802328e+00 1.070114044926382402e+00 9.304584427658548762e-01 -9.248863291479823001e-01
3.019439962882704442e+00 1.024850148087692148e+00 5.596813101880555585e-01 -1.133139292560779499e+00
2.989091992041701396e+00 1.015592448185908880e+00 8.564419603277781956e-01 -7.901677942561379231e-01
3.090693789525423618e+00 1.154555831301202762e+00 1.227356554458585824e+00 -6.290512313332915495e-01
3.028255662259363046e+00 1.036661453894405449e+00 8.280896439258328412e-01 -1.056266147742025208e+00
3.101524802699696881e+00 1.067739688069397674e+00 7.981860867324260811e-01 -1.189478133036581786e+00
3.207201046393528987e+00 1.142983715527148059e+00 1.201141607969616887e+00 -6.368041012061825823e-01
3.016028708763553112e+00 1.009665680890182715e+00 8.828757577768534537e-01 -7.990599929508821475e-01
3.028717662318543002e+00 1.058023332668648342e+00 7.493767727785600741e-01 -1.079554858453302790e+00
3.001983551680702966e+00 9.889269946199795713e-01 8.721995468799528251e-01 -6.349003120080553009e-01
3.012551794541812988e+00 9.528464743517500724e-01 4.733642097642833946e-01 -9.702367630938339982e-01
3.034978204955413261e+00 9.689212900030665931e-01 9.535752476274504952e-01 -7.483840712998856004e-01
3.027711366946485239e+00 1.119715971392480469e+00 9.322817431998596804e-01 -9.459265291485082772e-01
2.977348327396717398e+00 1.005422047566869370e+00 9.465521502890695826e-01 -7.742523087226188538e-01
2.977679882176091031e+00 1.007351229192555708e+00 6.806713960488148807e-01 -9.725227535440982285e-01
2.937750213651576292e+00 1.002347336348876405e+00 9.706848723179647420e-01 -8.421974004915920853e-01
2.961372695999058724e+00 9.344122477058758314e-01 8.168705127626080253e-01 -8.154174714166474436e-01
3.065388025762351809e+00 1.142810807018414865e+00 6.963709049147729369e-01 -1.316640282519574434e+00
3.020632649004141523e+00 1.095950841604528270e+00 7.015486717825295537e-01 -1.338616333895009891e+00
2.958245366740464455e+00 1.038915431926927591e+00 6.114558878228149030e-01 -1.115476772186996479e+00
3.010965590724263397e+00 9.781273962068793848e-01 7.741565756688361111e-01 -7.945065994228377448e-01
2.924029311882576199e+00 9.799313130305074004e-01 8.338665417070061370e-01 -9.294859069816764352e-01
3.051247179458809189e+00 1.065698761978137066e+00 9.650451778859988616e-01 -8.287134503083958270e-01
2.964228360749065594e+00 1.047976938518567103e+00 8.875674174435014274e-01 -1.078639256927296231e+00
3.164584094683902560e+00 1.200838840937469287e+00 1.073393075939137242e+00 -6.951330364638730330e-01
3.001201253248319212e+00 1.063366808521926998e+00 7.368035612333044826e-01 -9.956407366916596446e-01
3.028500682100428776e+00 1.135473509545986026e+00 9.625356277629344426e-01 -9.821651048136836870e-01
3.023798835778745087e+00 1.044441297786249612e+00 7.873576445629975051e-01 -8.262160709586777729e-01
3.020516344644027740e+00 9.952823113748382466e-01 9.646415391479638002e-01 -7.539445008312734009e-01
2.984932790880685971e+00 1.096691667173491647e+00 8.613418689214130675e-01 -1.093116820115128007e+00
3.052578927184891988e+00 1.065485856418990185e+00 7.860219540101825997e-01 -1.095403019306359971e+00
3.011868085265671180e+00 9.230778073947012441e-01 9.245306629757757966e-01 -7.721087819410457076e-01
3.044211892275804132e+00 1.055709472983622721e+00 8.545222509097517571e-01 -9.230523322048498347e-01
3.037022770809419736e+00 1.014701103096169899e+00 1.078333287669446472e+00 -7.634080130957753285e-01
2.961939953188829300e+00 1.051427156140788854e+00 1.014140992511857631e+00 -8.045926832124927763e-01
2.905847187246779040e+00 1.045053925167223285e+00 7.496603323736814595e-01 -9.548708406860335618e-01
2.995278372927356436e+00 9.354884540302833562e-01 6.721704598448682288e-01 -6.802804585959756345e-01
2.973772152240611533e+00 9.367577067404374569e-01 6.930600636896583344e-01 -9.553921539173926281e-01
3.014830135909891240e+00 1.026371820459107909e+00 7.282422388154855541e-01 -1.230776674626199885e+00
3.032079358508749767e+00 1.042477614632677296e+00 8.070084236914751852e-01 -1.016519882303029032e+00
3.110719763348702038e+00 1.052475165490406761e+00 1.048237642059370867e+00 -6.068711467575598206e-01
3.095672379465727264e+00 1.088593919173776792e+00 8.093530945471700822e-01 -8.297562895083271384e-01
2.975615464436870639e+00 1.118444285943801297e+00 7.748997286514668348e-01 -1.056053367822137767e+00
3.035576227049036735e+00 9.522950400999043996e-01 8.116648725571601330e-01 -7.670526708923849357e-01
2.987122930669682930e+00 9.133127410253710776e-01 1.005691196186983438e+00 -5.851325006354016756e-01
3.071411623513195188e+00 1.051177210631029757e+00 8.685502626821475225e-01 -8.073581287804660889e-01
3.090974272028402581e+00 1.082359996072409292e+00 9.883649290864594539e-01 -9.069347876669096031e-01
3.050168702398753151e+00 1.095644594269898242e+00 1.162231189125573882e+00 -6.230092461066947251e-01
3.032302831509197549e+00 9.741161416125418970e-01 8.076130399411889371e-01 -8.645298659178644041e-01
2.999039913272800728e+00 1.053919439096949295e+00 7.525188923540240271e-01 -1.198045912079864772e+00
3.009196914277362467e+00 1.007150832982273370e+00 8.983551020954726463e-01 -1.043511595489312382e+00
3.107025604908754346e+00 1.038078083495329595e+00 8.302587746446586925e-01 -1.030155779901323454e+00
3.029784684910094672e+00 1.010975341804074112e+00 9.986469043568270143e-01 -8.748458409621271414e-01
3.010698964653147680e+00 1.073157896491319319e+00 9.490077634561738806e-01 -8.053366584656116434e-01
2.988577535435553933e+00 1.025974453611270265e+00 5.949056047499192701e-01 -1.023692868193301297e+00
2.990775101970390093e+00 1.066215722222649154e+00 7.103945290860861350e-01 -1.149346427956437600e+00
2.916761491122487282e+00 1.016266798996079856e+00 8.555115980375621598e-01 -9.585510908645743511e-01
2.968981045269060814e+00 1.062496758204430902e+00 7.912789998384237578e-01 -8.693921589040134457e-01
2.929502308075434769e+00 1.072283566314407910e+00 8.557678540934881006e-01 -8.705663308825160041e-01
2.981867439135881259e+00 9.991838208108693165e-01 1.012733317327759286e+00 -8.506819821018705152e-01
3.026471776632178923e+00 1.035171478595727113e+00 9.012347469055219662e-01 -8.118499864996014947e-01
3.009941136930953220e+00 1.070564986114025618e+00 8.902073989343589622e-01 -1.103444161363613452e+00
3.053982072817204241e+00 1.114740159236557338e+00 8.679682428233577163e-01 -8.949629958695232146e-01
2.974803915542274968e+00 9.151974393756147075e-01 9.118337263638426338e-01 -6.084217953926209788e-01
3.015939045856524725e+00 9.462316304709765813e-01 6.820718260074027928e-01 -9.698175381478058021e-01
2.993519937861175872e+00 1.022494479981399751e+00 7.719873660204896737e-01 -9.199872151699688416e-01
3.030325184641228020e+00 1.080076206894414081e+00 1.017121540245786271e+00 -8.354221901763271285e-01
3.144530262349521266e+00 1.116669135397418522e+00 8.587457079072496891e-01 -1.060652733697247552e+00
3.003524241206083190e+00 9.172320438211688520e-01 7.600667136702928817e-01 -6.943577526495364749e-01
3.095966204756334328e+00 1.048851726783041949e+00 7.907255023985673148e-01 -1.045059954403027680e+00
2.972013756400891271e+00 1.025539713789162199e+00 1.014988784714152326e+00 -8.179607407227432736e-01
2.953994614542174268e+00 9.890065621575440113e-01 8.957399106740898675e-01 -7.339539410984907697e-01
2.989885544103616510e+00 9.911277335118359177e-01 8.234100769186276647e-01 -9.205639083190874095e-01
3.080632799053916404e+00 1.120193766341501140e+00 1.254933293921538073e+00 -5.063500869669016469e-01
3.074625240177825347e+00 1.106823671362272110e+00 8.910708787069506753e-01 -8.503301768637789859e-01
3.130399327337506143e+00 1.250225306388172530e+00 1.058777608764043920e+00 -9.845077407199805952e-01
2.999647342535673999e+00 9.778810891157662111e-01 9.326406201172328103e-01 -7.091603784695337254e-01
3.017071398519053371e+00 1.039719027251149175e+00 8.216250943867847711e-01 -1.051946772531236363e+00
2.994788058471315573e+00 9.944907669790463700e-01 9.931640220163849841e-01 -7.270226796042187356e-01
2.978093095211211239e+00 1.033139338895106674e+00 7.663846219864822729e-01 -8.945721774200612320e-01
2.998620987496345425e+00 9.475604965423459758e-01 6.974106347637399894e-01 -1.058584579081153665e+00
2.958566431665159424e+00 1.028860043981453920e+00 8.232578159848685795e-01 -1.039379423148483861e+00
3.078490674617338385e+00 1.120452810290368806e+00 1.105197941746368873e+00 -6.203710020463536479e-01
2.988036407559980567e+00 9.854548002821764685e-01 9.660868238981644707e-01 -8.462537958525349069e-01
2.984905777665292526e+00 9.753092493795287865e-01 7.719739313747402409e-01 -9.076847590453903658e-01
3.003182918485858277e+00 1.060851840759579501e+00 9.050376182165368322e-01 -7.862211738011646300e-01
2.979493235364787385e+00 9.788935012444204276e-01 9.086860022148035565e-01 -7.782195098538924327e-01
3.041314375372174528e+00 1.084780905772021464e+00 8.679751154219411680e-01 -1.103564812669110218e+00
2.980481175676480632e+00 1.024128760698268303e+00 8.085024747502645992e-01 -9.240709433928355754e-01
