3.014571832128503992e+00 9.733741259608239549e-01 1.067262414660745229e+00 -4.455354629605721151e-01
2.916633088422997844e+00 8.957650307921301014e-01 9.695726264802766448e-01 -6.381417118114223186e-01
2.915891389745710160e+00 8.825898486122267794e-01 9.315551085520472618e-01 -6.130430978127958674e-01
2.956539400195951295e+00 9.237780885333082281e-01 7.820059821957432433e-01 -9.252481209810369256e-01
3.025960044996538034e+00 1.015470797592365582e+00 9.944497877810617448e-01 -6.171377191007643148e-01
2.938470148654142022e+00 9.071997480246558609e-01 1.058188197178502765e+00 -4.898315516625428301e-01
2.953409668022120904e+00 9.855893865094857986e-01 1.096283283604463366e+00 -5.689483042526027878e-01
2.993618948593666396e+00 9.578165456428503477e-01 1.158862176825420143e+00 -5.003666288688022323e-01
2.934511461825148881e+00 9.254194564410802570e-01 8.426148226320088197e-01 -4.851539102570047723e-01
2.914244655664573358e+00 8.908860625650819598e-01 8.583639202718115202e-01 -5.987579555176051338e-01
3.042028873425833169e+00 9.868664791270657100e-01 1.162878658990661229e+00 -5.742075329384327409e-01
2.960211523217799900e+00 9.717578281743486368e-01 8.074503879246378579e-01 -7.865427536833904387e-01
2.907276852634970155e+00 9.721521447449945619e-01 9.226800580264433727e-01 -7.884428804948306890e-01
2.910644452192417297e+00 8.866965191956913683e-01 9.405549463466440496e-01 -5.592327987380389942e-01
3.118845422471961282e+00 1.200457599558240718e+00 1.397575512236983952e+00 -6.043967396056028063e-01
2.997956590855515913e+00 1.014597120145457998e+00 1.009432419716169260e+00 -5.313585337467839897e-01
2.895239203799137684e+00 9.070341196073277157e-01 9.850518473886538118e-01 -4.429051900996441304e-01
2.891301704272748907e+00 9.347499078043959297e-01 8.091911743852316929e-01 -4.004237395740586347e-01
2.949010524499387387e+00 9.673079352975272327e-01 7.947857766775878741e-01 -8.944659058418759079e-01
2.937068074138406093e+00 9.819756472889005217e-01 7.077749800142941750e-01 -8.999706896270687206e-01
2.988653139695324867e+00 9.671298147943098167e-01 8.575046677209968715e-01 -7.209906127868295211e-01
3.005962658185711511e+00 9.779702567507312372e-01 1.036095541834152645e+00 -4.914074555054796511e-01
2.972952737554087399e+00 9.108080962395919133e-01 7.827869829816506142e-01 -8.355793231922800102e-01
2.902253584946895781e+00 1.043133467254070634e+00 1.008720184804283493e+00 -6.732980584897926279e-01
3.151125417450394206e+00 1.214861656225179942e+00 1.419663336181625990e+00 -6.112336817319511395e-01
3.026945899456425337e+00 9.118256489841543022e-01 1.004834384218998400e+00 -5.358883093508728379e-01
2.934691307734378363e+00 9.622099682222815531e-01 9.162150122092395099e-01 -6.508235312742927103e-01
3.016474918656614435e+00 1.040619433139409633e+00 1.095488809387541007e+00 -5.318805939972310881e-01
2.938733035820694006e+00 1.010435831714312283e+00 1.021406054939799635e+00 -7.042707882390766283e-01
3.080447242706045863e+00 1.107302474521845603e+00 1.426422991531407947e+00 -3.007871599765847836e-01
2.928513203400644027e+00 9.508266352790991638e-01 9.834859079545883453e-01 -5.804056204722342072e-01
3.036631641455564079e+00 8.925863369415744097e-01 9.497681440501326566e-01 -5.922414826145060429e-01
2.866911674995956449e+00 9.505530528505328203e-01 9.064804736033720278e-01 -6.959022964593425398e-01
3.035007096823586270e+00 9.333967357052513902e-01 1.087575237514087911e+00 -4.308601293047076286e-01
2.999423299359315287e+00 9.409965058529405901e-01 8.973648441867820846e-01 -7.092276170689881809e-01
3.001628945301147322e+00 9.729781192011253133e-01 1.110524750729772414e+00 -6.231020588222050405e-01
2.915335556140475681e+00 9.143310047466879364e-01 1.050557000452724710e+00 -5.625149732527117141e-01
3.020820549921932940e+00 1.025600269984840773e+00 1.127999897812867136e+00 -4.724702487332892442e-01
2.916824618080089415e+00 9.095566257388049136e-01 9.867459121593258331e-01 -5.598566518430678762e-01
3.000266830240320370e+00 9.559533288901891357e-01 8.957261829414642218e-01 -9.252837976394426844e-01
2.979981203548957236e+00 9.781224958133645231e-01 1.114512102952488926e+00 -5.274487696620165922e-01
3.170255759936832618e+00 1.145932918985680171e+00 1.443309210128961739e+00 -4.441223855365381556e-01
2.930552583928054400e+00 9.986798386079708267e-01 9.963182022702413709e-01 -6.595543685263823841e-01
2.937094992422297768e+00 9.717176010595629521e-01 8.903911506103205920e-01 -7.744606302527446973e-01
2.911805456617561294e+00 9.171507614495277849e-01 9.561083061837841734e-01 -6.828007241531969251e-01
2.901064590605829441e+00 9.843556289859836106e-01 9.547835100019762544e-01 -7.106072796687826765e-01
2.929300970035945362e+00 9.597461407385068366e-01 9.872026585395462517e-01 -7.173066250526383136e-01
2.927767970783624385e+00 1.061315108210872493e+00 1.207098733884118147e+00 -5.889262271476018995e-01
2.996939710934528378e+00 9.776946606203851253e-01 1.138509902139165586e+00 -4.383583573761449803e-01
3.009481778248638051e+00 9.244201477250152399e-01 1.280702033354506497e+00 -3.079752307013057799e-01
3.095671149715299997e+00 1.065646354005698182e+00 1.469166312419647458e+00 -4.525347651675774574e-01
3.032053039976398523e+00 1.053485310119046225e+00 1.145456229087924660e+00 -5.391964730638841852e-01
2.846522122192316484e+00 8.142903647206618523e-01 6.056379535493442434e-01 -5.747424775670938457e-01
2.914732784671874022e+00 9.585042798459642022e-01 1.153611185920486504e+00 -5.067679313181664424e-01
2.966944686486053140e+00 8.549244986340234220e-01 1.046524622606649579e+00 -4.718751970389906125e-01
2.957307588819846789e+00 9.235519788636732397e-01 1.073228268976882172e+00 -5.911844288900880429e-01
2.907362534491751749e+00 9.396534726181695607e-01 9.793494148594353854e-01 -5.621538756366150080e-01
2.922237194603897414e+00 8.813375812630407369e-01 1.031603389461939635e+00 -3.965129112524736765e-01
3.117495158931971044e+00 1.123190224383747715e+00 1.483024153713593529e+00 -3.950014300568825409e-01
2.941944523949427293e+00 9.568706658182299929e-01 1.073975419551909338e+00 -4.599826633827764910e-01
3.086239041069773315e+00 1.001983287402027578e+00 1.174180401085255898e+00 -5.134947685320471189e-01
3.001966895410938641e+00 9.512079889733605631e-01 1.331286326035074685e+00 -3.734134274425734978e-01
2.880983525790647537e+00 8.978462621298280988e-01 8.329462454578404618e-01 -8.017006570782065911e-01
3.011775776789657133e+00 9.010338556075724314e-01 1.141433816607308804e+00 -5.428439962106802463e-01
3.133819072218109625e+00 1.242782422688429422e+00 1.493175102261484311e+00 -5.282455284624733016e-01
3.005737233065860270e+00 9.259136162723834440e-01 1.079862416070926256e+00 -5.517922996487986120e-01
3.145150913859042330e+00 1.195236458774225907e+00 1.429520711659544530e+00 -5.695527667841502328e-01
2.950337800287423651e+00 9.844479088309382453e-01 1.005227050060449878e+00 -5.658541983020680677e-01
2.939292389852047105e+00 9.617388914025115643e-01 6.725427399311918464e-01 -8.313069401154005167e-01
2.953752439824131493e+00 9.743888804178999496e-01 1.208627011949092722e+00 -6.435169960296581726e-01
2.964655591851338201e+00 9.221454526764678583e-01 8.989694787171578216e-01 -6.212009172011245806e-01
2.937287630863598231e+00 9.112708176368028434e-01 1.077703831640314025e+00 -6.013397856102549177e-01
3.062450360000358973e+00 1.135187836838041475e+00 1.248640191798476629e+00 -7.163244563632316098e-01
2.916444050337422933e+00 9.707804615917510205e-01 1.117282337188559627e+00 -6.675145297042024417e-01
3.045657295766076356e+00 9.939272278535931093e-01 8.072111133954498197e-01 -7.637084996610440379e-01
3.146375124800173229e+00 1.230530807820873651e+00 1.553645469984556771e+00 -5.654935107981312603e-01
3.121590869789553135e+00 1.165373867881872139e+00 1.395734958929090164e+00 -3.724047494750641896e-01
2.942615706919186724e+00 9.503307279526890250e-01 1.021985937097238395e+00 -4.810692691118715336e-01
3.027357151256578671e+00 1.035604845612382530e+00 1.169949152522266056e+00 -5.245883673992679519e-01
2.929703510140439171e+00 9.152454654088694186e-01 8.141873891193961432e-01 -7.806905918727871097e-01
3.019638264479449496e+00 8.975345276614861145e-01 1.194096243152279246e+00 -4.138700894123937268e-01
2.948090669556796772e+00 1.021721374370880175e+00 7.953090869813100872e-01 -9.443756733980036566e-01
2.900923007477163029e+00 9.672445490838890159e-01 1.082688210667824835e+00 -5.714120136500511205e-01
3.032547004122967849e+00 1.001010786505909689e+00 1.271687074811345131e+00 -5.754101456601768971e-01
2.936130817143603799e+00 1.040925992754479390e+00 1.207745037013990830e+00 -5.384211165698156165e-01
2.923322047217271624e+00 9.689518787606842265e-01 1.149690101810584508e+00 -5.231675382745882841e-01
2.972781118370765974e+00 9.225136068389763189e-01 7.210496544901958682e-01 -7.186533566867705503e-01
2.952644924253049030e+00 9.948796237996858638e-01 9.834441168291849777e-01 -6.131107879953945350e-01
3.031993161855978336e+00 9.671220543698213490e-01 1.080223646636693013e+00 -4.707582812937460837e-01
3.160533249981303250e+00 1.205911668940182757e+00 1.625723686488910413e+00 -4.609685978341491741e-01
2.953920176165474754e+00 8.987904292166115638e-01 9.172668911752361876e-01 -6.899485012906532155e-01
2.946106084450072160e+00 9.496045734248877990e-01 1.103381513035131212e+00 -5.742512356052317246e-01
2.963399769897582914e+00 9.785534446043572254e-01 1.013613668635724219e+00 -5.957070102950893231e-01
2.974544685745058814e+00 8.802215141867677506e-01 8.865254619180564788e-01 -6.780236450746077725e-01
2.949907403328714484e+00 8.947592084052150563e-01 9.168534853914186433e-01 -5.267506386147541297e-01
2.940171932174987290e+00 9.024261109840366890e-01 9.566927205929892652e-01 -5.334113232550031780e-01
3.021542116364348995e+00 9.700711889069512095e-01 1.175568725281000981e+00 -4.296164981858561216e-01
3.040870631006466596e+00 9.073015938251238754e-01 1.042713934566743550e+00 -5.582645161907945353e-01
3.025168329449641647e+00 9.653016016201848570e-01 1.139378824315111283e+00 -5.666133050036558094e-01
2.999736874104724560e+00 8.975600902133487047e-01 8.276243543417721726e-01 -5.747174655786155828e-01
2.922930058716314949e+00 9.513715518899455992e-01 1.038284959559567788e+00 -4.847242482408057329e-01
2.972901375821855208e+00 9.402707735079076645e-01 1.065185996201240659e+00 -5.961817503062101231e-01
2.995925943272835124e+00 9.619205144659668250e-01 1.186867212690902340e+00 -5.179781460311426722e-01
3.112566726744756984e+00 1.245823749102154654e+00 1.534329684775523672e+00 -5.144954003304340606e-01
3.128299905893307198e+00 1.154621089449598070e+00 1.411744017669371409e+00 -4.696147366144098334e-01
3.094530498257935580e+00 9.203341013945190996e-01 9.711283447486285247e-01 -5.108572142284713014e-01
3.089888064696956427e+00 1.124813360218652081e+00 1.016640293811005513e+00 -6.875017476671717587e-01
2.976369221245829699e+00 9.562090192872667593e-01 9.950101265749241586e-01 -6.175390946575731732e-01
2.988378520595175392e+00 9.777337129266897575e-01 1.079944793843307771e+00 -6.424392557379245972e-01
2.934553261656206224e+00 9.366087898438234527e-01 1.123607373827820499e+00 -5.928743653002674918e-01
2.927971204139570904e+00 9.687060882548976792e-01 1.129175442460655709e+00 -5.976238558314561633e-01
2.953995223416714389e+00 9.955434028212096775e-01 8.522482735412557631e-01 -8.204257409984996308e-01
2.960308224894141471e+00 1.018275371751738323e+00 8.998594710323796209e-01 -8.157685060566423063e-01
3.108452597247690186e+00 1.212361877857488723e+00 1.562029658214744599e+00 -5.467185292560016174e-01
2.919343822290709767e+00 9.607769903846201665e-01 8.993698918524658525e-01 -5.325097050609810534e-01
2.893593173474631186e+00 9.761828988318187461e-01 8.835937758016600974e-01 -5.954773232662874394e-01
3.103997230048013201e+00 1.117127957718013986e+00 1.465169620225710290e+00 -4.537650050997066309e-01
2.881352463338497039e+00 8.984546982120314995e-01 9.923522172812033748e-01 -7.147046420729800120e-01
2.945449358735359180e+00 1.007897193507272471e+00 1.083146717721040542e+00 -4.339342620565858066e-01
2.917216014769083987e+00 9.166448874623998044e-01 8.067464300455096105e-01 -7.110649185390056637e-01
3.033729472078330769e+00 1.005518763520053982e+00 1.117581706676721964e+00 -6.300479195043070524e-01
2.897446367531642863e+00 9.203915539608151786e-01 8.578241632627103819e-01 -6.691408780218984775e-01
2.865438112292064243e+00 9.615714679530593667e-01 8.203224608436706644e-01 -7.846451032372552259e-01
2.954533958703947860e+00 8.819154615002369191e-01 1.030570003646273936e+00 -6.133554110287771088e-01
2.870392386799859974e+00 9.571721827173230723e-01 9.251686152796330109e-01 -6.989525301835713966e-01
2.966067475564809541e+00 9.636664176262508263e-01 9.554068362822855098e-01 -7.000522551665409043e-01
2.903899038475786121e+00 9.007745083695851696e-01 1.220038027506396006e+00 -2.423132278572593390e-01
2.952862581367202477e+00 8.723565269974400405e-01 9.467281105619459458e-01 -4.306563016378382458e-01
3.014767656226085002e+00 9.319428289822464517e-01 1.151071003423190575e+00 -5.405640780256905087e-01
2.992581219248021895e+00 9.801033626785382591e-01 1.094312270684872024e+00 -7.042253549956046799e-01
2.969507488144240703e+00 9.797695095455871694e-01 1.138262984926953880e+00 -6.167705368459274196e-01
2.990010376162137717e+00 1.028830766912828043e+00 1.237629126028312987e+00 -5.733917553468834694e-01
2.904111428043598231e+00 9.641546356014317753e-01 1.121581930119431858e+00 -3.536884590942441231e-01
2.994325981197455189e+00 9.676059964994633278e-01 9.810032631228738920e-01 -6.238087727631611568e-01
2.962129549336471435e+00 9.694899248132448077e-01 8.496619853415633417e-01 -8.191718463295825092e-01
3.107668506411231935e+00 1.130060056948618330e+00 1.471114515380677945e+00 -5.179689893050148930e-01
2.966253746315036910e+00 9.515848634946297846e-01 1.121962058995978229e+00 -5.104758139710031672e-01
2.908905852810695247e+00 1.004476540518054906e+00 1.000636754337477452e+00 -7.046141098403367886e-01
2.914258986316913269e+00 8.861373357943528317e-01 9.556910967313270167e-01 -3.976895367924701552e-01
2.929593175383000681e+00 9.757435313675392186e-01 1.191055200572707751e+00 -4.758132189586390948e-01
3.031315336233236568e+00 9.276989434092658415e-01 1.178947644466725064e+00 -4.536969141591888910e-01
3.008049722610514287e+00 9.436797102383607250e-01 1.213290018291707462e+00 -4.968827836751369409e-01
2.943394083253664917e+00 9.627517433011788528e-01 9.527681963228831208e-01 -5.805210254460811958e-01
3.027692326253029531e+00 1.012613448272609240e+00 1.226629860818268414e+00 -5.295617763734754568e-01
2.915287720587966813e+00 9.066739375825401126e-01 7.858225120238365724e-01 -6.525776734241202082e-01
2.994440587195480230e+00 1.030227110868458862e+00 1.166531654043926114e+00 -6.801025823144843940e-01
2.997974862025581722e+00 1.014641136044479142e+00 1.090646325969506281e+00 -5.108143583684008338e-01
2.897906132398502255e+00 9.835480698196255034e-01 1.147792323368425960e+00 -4.815913377864006750e-01
3.125716127674062594e+00 1.234991748085668029e+00 1.546376157734505874e+00 -5.303161439149796097e-01
2.929701583635752726e+00 9.781756833570508514e-01 7.649778555999536822e-01 -9.644255105390659999e-01
3.032006110987810032e+00 9.440229750644297813e-01 9.444694446810427690e-01 -6.067033573254589918e-01
2.965390824107873247e+00 1.003485662148947855e+00 1.125945054470113726e+00 -5.474951481752641236e-01
2.904145599465080441e+00 9.247378803434622707e-01 1.070321216966927169e+00 -5.687489384251411817e-01
2.895765966053811091e+00 9.302769393854732893e-01 8.536435587674989778e-01 -6.384284517438651996e-01
2.944598585060004048e+00 1.017246170117202642e+00 8.673462773291790162e-01 -8.030356001062912696e-01
2.935849313757427748e+00 8.767079297832930385e-01 8.675164747684427358e-01 -5.806666502456143686e-01
3.037671827674313541e+00 9.407308947993867632e-01 9.762936396514794168e-01 -6.108539761664097956e-01
2.957751657247374322e+00 8.689796196568911890e-01 1.072754303058018666e+00 -4.568494117400117571e-01
2.982552571601161162e+00 9.278343089641274410e-01 6.915819111232970329e-01 -6.648411654260174553e-01
2.909812492127850536e+00 9.885015629703124418e-01 1.059956544830688241e+00 -4.192954944271194417e-01
3.002732581298042991e+00 1.006760971804402605e+00 1.065784981867390124e+00 -6.420177881248237961e-01
2.951755599680160547e+00 9.105203341548049334e-01 7.657379736127206682e-01 -7.324358563279664835e-01
2.959347278408487991e+00 9.306535624919595184e-01 9.045314650985134541e-01 -6.360696482893550829e-01
3.001199619762019211e+00 9.425723137873520674e-01 1.029400022708503393e+00 -6.011258605760598783e-01
3.124204981166486483e+00 1.081344647708307960e+00 1.505568839752420285e+00 -3.969367569582716304e-01
2.976013708745659958e+00 9.751139828462449533e-01 9.490743219643318351e-01 -6.508521319868594279e-01
3.136708209033718830e+00 1.187471420928974286e+00 1.485749725947282718e+00 -4.413947251337253519e-01
3.037975022421913973e+00 1.052376733860711955e+00 1.007073162492353458e+00 -7.279424353069987585e-01
3.068349635286210741e+00 1.012120329616229775e+00 1.312057792372222531e+00 -5.090379445355066590e-01
2.904639966821183528e+00 9.801347105072909516e-01 1.023462776362949800e+00 -7.760757155421178499e-01
2.928126672916088857e+00 9.898256732433020622e-01 1.148232032878019560e+00 -4.538271753828984623e-01
2.942394728306880314e+00 8.888888159260492916e-01 8.046454236942978122e-01 -7.000092894803133792e-01
3.076093878180176322e+00 1.017006049325154482e+00 1.232931108994552272e+00 -4.648876331891739211e-01
3.006624410440705386e+00 8.738257626740890682e-01 1.241418724878558644e+00 -2.862646624895037739e-01
2.987466292695350578e+00 9.564051787336024235e-01 1.045428035156010349e+00 -6.128343706443586392e-01
2.964580681957433406e+00 8.915720849592009278e-01 1.104326239412862565e+00 -4.419530429889638734e-01
3.034876774089670270e+00 9.960276159493450798e-01 1.027576456729865306e+00 -6.385391973815831568e-01
3.006449980413625767e+00 1.005637117063133745e+00 1.193115684523738285e+00 -5.013238573318705704e-01
2.893859840824442031e+00 1.016606008684892037e+00 8.059046904375352094e-01 -9.488938156823747416e-01
3.050106860152795640e+00 1.046255321634836921e+00 1.133087696643038100e+00 -5.969251899525656047e-01
2.995527217816755350e+00 9.815014489237532391e-01 9.125798229570543096e-01 -6.537720115390949216e-01
2.929383143661981048e+00 9.085152390621533680e-01 8.634477365963483253e-01 -5.842669528885977570e-01
2.923669216357700051e+00 9.553803200037332966e-01 7.552672908980021527e-01 -7.512095600090281655e-01
2.957115665336559562e+00 9.958615479642652923e-01 9.239171188110164579e-01 -6.138170358201571197e-01
2.938484913140079868e+00 9.334724000271047428e-01 8.732315785850547352e-01 -8.254619546096220173e-01
2.918263031216939307e+00 9.842085164822236276e-01 9.098759522104766795e-01 -5.418073990511338422e-01
2.883789904252873182e+00 9.807335222191957413e-01 8.259675466111628950e-01 -8.004224289243219159e-01
2.905425746691507438e+00 9.740952187748023183e-01 7.182660628498455102e-01 -1.036210564127340472e+00
2.818324518979371529e+00 9.006975718464539371e-01 6.134813635168190338e-01 -6.246139461684022676e-01
2.932803805145550058e+00 1.003204899068773637e+00 8.806553863635140367e-01 -8.763529507432139543e-01
2.953997103295931126e+00 8.628971171464970835e-01 1.029692847387283727e+00 -4.331132276612768006e-01
2.933817702125670834e+00 9.037742360945671960e-01 1.078782512447654218e+00 -3.588135608403546506e-01
2.930188187008807787e+00 9.813317843615764202e-01 1.217283598467284289e+00 -3.966370829988830060e-01
2.965443098462340110e+00 8.517512070067023711e-01 1.295002381249543921e+00 -3.934158594788473295e-01
2.971353471116607636e+00 9.608874711463988305e-01 9.850987531476876891e-01 -5.526119802286865168e-01
3.010014399719487699e+00 9.568652402103975385e-01 1.159815049684775223e+00 -4.675977480824783927e-01
2.943845213911658210e+00 9.307460287264878174e-01 8.957959992904507285e-01 -7.014402094659402120e-01
2.959533320980430204e+00 9.420355692577209172e-01 5.444546956433341522e-01 -7.597392864103992283e-01
2.914150808905066725e+00 9.309695815923433315e-01 9.488006927718389827e-01 -5.209530029101262505e-01
2.944085822833593546e+00 9.349324077378231568e-01 9.999225060103912321e-01 -5.709107943495738136e-01
2.962205316479935124e+00 9.669547265895873656e-01 1.046727984525768873e+00 -4.568233335664975137e-01
2.938451737319050405e+00 9.695483131050420811e-01 1.189820980540305273e+00 -5.083727443712209304e-01
3.003526515756059556e+00 9.385159065289448987e-01 1.186075401639066662e+00 -3.848330052679668212e-01
3.032948048634284799e+00 1.030252783828295327e+00 1.143401369307644577e+00 -6.482849507580473736e-01
2.983193162448684266e+00 9.228843593248137189e-01 1.066795281482581625e+00 -5.270193846772630586e-01
3.056064541529451617e+00 1.038642071377225307e+00 1.160815739605458141e+00 -5.708095212304969968e-01
2.979736178931966517e+00 9.566124681363564752e-01 1.298211724028405678e+00 -3.742377415869901358e-01
2.881083654826628759e+00 9.003418402606181425e-01 1.116742935721409813e+00 -4.048973275147515483e-01
3.042753419572600926e+00 1.008557339429079214e+00 1.451857687549265030e+00 -3.424677318384790614e-01
3.012827578776819504e+00 1.063646109548935126e+00 9.745438961871377703e-01 -6.383494326570553490e-01
2.887638846125030856e+00 9.736265312146048512e-01 9.807104568121641774e-01 -6.115581831979940430e-01
3.003718628674204361e+00 8.884678073115309660e-01 9.507360048772276473e-01 -5.473143140453072819e-01
2.987328068733425823e+00 9.598717964199897645e-01 1.170801906447695773e+00 -4.626681503440616128e-01
2.991916927762821921e+00 1.024868882821584615e+00 9.927058258271135305e-01 -6.474984596227479905e-01
3.052889379506725120e+00 9.568559251576481683e-01 1.311271622713139573e+00 -3.752787756494152527e-01
3.003746502976680777e+00 9.187289703653441775e-01 9.840394542515217280e-01 -5.894389898088779889e-01
2.984771192771834780e+00 8.934877439069653926e-01 7.896091103808062783e-01 -7.770327072928530088e-01
2.930055895947250910e+00 9.634240040426008678e-01 9.811176840361708340e-01 -5.644722156594248474e-01
2.994242437766997611e+00 9.405462006118769924e-01 1.053250397232298408e+00 -6.567977307490162620e-01
3.033041209635356505e+00 9.181975747453489101e-01 8.638498446689184540e-01 -6.849922138963332463e-01
2.974882834925132169e+00 9.086014073188992679e-01 1.015825670070337416e+00 -4.763140154630041700e-01
2.999185540700972652e+00 9.426544308170239361e-01 1.289427776757191335e+00 -3.774878431667875178e-01
3.078443941455176081e+00 1.127310926945790825e+00 1.533236599158520397e+00 -4.259670529433067787e-01
2.935808924418800814e+00 9.279090060974264365e-01 7.353153862775189120e-01 -7.179417026783682099e-01
2.971345644578804901e+00 9.407689743688519846e-01 1.108567432855913193e+00 -5.778762937378153497e-01
2.917414599270918174e+00 8.104320965032153490e-01 7.995551679959657099e-01 -7.109761908810597886e-01
2.984943191605877288e+00 9.587838566159840870e-01 1.197147263935766759e+00 -4.253169185544355413e-01
3.014134514535557585e+00 1.024694671640051125e+00 1.023025115605418867e+00 -7.163514605347132136e-01
2.948507863401891527e+00 8.839066376800938096e-01 1.124008842880014791e+00 -4.361464857842359821e-01
2.969572800591708361e+00 9.615101858828977166e-01 8.992607047779980212e-01 -7.826338589497665588e-01
2.957717188961940469e+00 8.680467258268114161e-01 1.099009206524167892e+00 -5.046346311047966715e-01
2.884227233339980767e+00 9.563172980318536132e-01 1.086906022372583269e+00 -4.996177169965434484e-01
2.964272274454722744e+00 1.002998663406295510e+00 1.101621586689665255e+00 -6.014804213606128602e-01
2.923231004383215481e+00 1.023777187586885296e+00 1.064100476755041047e+00 -6.210948335645916085e-01
2.996670128436345504e+00 1.023991463698382232e+00 1.043916853299675429e+00 -5.337445811666415851e-01
2.951132586574988448e+00 9.196659083172449289e-01 9.382028363342541644e-01 -5.138032532136038721e-01
3.068088591887551342e+00 1.054808872753755900e+00 1.437018545599386465e+00 -4.739655904857995594e-01
2.908098478503744033e+00 9.592035597007428915e-01 1.047402823870793309e+00 -6.051367599639868589e-01
2.976669262148749606e+00 9.204936625559075880e-01 9.698525582240765663e-01 -6.730272964281411863e-01
3.009942509909233177e+00 9.539135385800181499e-01 1.149230419136320291e+00 -4.459544257879259899e-01
3.025331356101022884e+00 1.007659496296333446e+00 1.376861050421380073e+00 -3.699751491970846851e-01
3.140722028203774663e+00 1.131367249202565484e+00 1.400308327366670991e+00 -4.010182730110947724e-01
3.011862849734837866e+00 9.226756481917335329e-01 1.060665573785316340e+00 -6.075296318499116000e-01
2.922871065356074549e+00 9.464918842496756746e-01 7.820180942656093093e-01 -7.529758359940599277e-01
2.927454995103960567e+00 8.933109683705340309e-01 1.254832600178751090e+00 -2.114270931690673816e-01
3.123166211530600922e+00 1.079031572985904130e+00 1.493884370648160820e+00 -4.329505630548479145e-01
2.972068197847673066e+00 9.225522014250776559e-01 9.226273910013358392e-01 -6.640963878912652385e-01
2.994819258542464002e+00 1.040928398462451776e+00 1.250987336489514989e+00 -6.638006168248087313e-01
2.914771896900898440e+00 9.820067690450653419e-01 1.185218630084380109e+00 -5.302122456884744706e-01
2.933628457303805170e+00 9.232597308640084766e-01 1.090645748913413371e+00 -5.509901140019294319e-01
3.046339085536364344e+00 1.067013554627792127e+00 1.233326682287957388e+00 -5.691112824631574529e-01
2.999630085321903561e+00 9.536699728458122305e-01 7.471477454267886342e-01 -7.950157724390460867e-01
3.011794883390842781e+00 9.495837720692942296e-01 1.067941258112860448e+00 -5.459699540203533097e-01
2.991187543566141027e+00 9.427892773676719296e-01 7.945807102154280877e-01 -7.366545235837700378e-01
2.998795848476811354e+00 9.111979880562781631e-01 1.188421193765232031e+00 -5.241699034705105120e-01
2.946024389384086284e+00 9.185705022998095215e-01 9.260712720336483628e-01 -6.951584777569417284e-01
2.922733270149477924e+00 8.455279249879936732e-01 1.023681559861440382e+00 -4.294825275841288592e-01
2.934870199463795792e+00 9.531748923186025291e-01 8.990285694983249920e-01 -8.470695467097474340e-01
3.037134881761918148e+00 1.019644751277903660e+00 1.246040096271231468e+00 -5.464126300616414245e-01
3.008128277124837435e+00 9.999241133249993085e-01 8.022670108902421049e-01 -8.874235779633028454e-01
2.978338044768157111e+00 1.042760398708210579e+00 1.077687599415574127e+00 -7.168304382200673119e-01
2.929991494984626410e+00 9.833744523817584682e-01 9.125891101001615269e-01 -7.858287494498445991e-01
2.998659644125247770e+00 9.947097258234831596e-01 7.484334721191037154e-01 -8.732094961025717028e-01
2.936279977836219857e+00 9.544584576628550865e-01 1.047501520341438841e+00 -5.401229782314370675e-01
2.938688350564963248e+00 9.752378097681393410e-01 8.701788968468786578e-01 -5.938634359736644219e-01
3.008450990295015171e+00 9.109695281968001046e-01 1.089125375920855010e+00 -5.117060725463055126e-01
2.887012895826035042e+00 9.431967044004593292e-01 8.706636021975726614e-01 -6.835415953557281155e-01
2.916303597651195290e+00 9.688501713316272079e-01 7.578859834978884935e-01 -7.830698450978572644e-01
2.989343810050931527e+00 8.799324521809469557e-01 1.124685760761898967e+00 -4.640448882079197257e-01
2.969040602383214544e+00 9.577697372973112966e-01 1.140661510596774564e+00 -5.725289975135849918e-01
2.940479682321500032e+00 9.964086058879673136e-01 8.461685947801081964e-01 -7.888343705840170639e-01
2.938164115742556870e+00 9.335445812579817870e-01 9.911326115136642745e-01 -5.833199489492658651e-01
3.063384664722843542e+00 1.026166112238290129e+00 1.074321337742334403e+00 -6.176664798583446636e-01
2.871578736918856567e+00 9.209056223508308436e-01 1.028206866867274361e+00 -4.736236837997108706e-01
2.950688423406293559e+00 9.825759581892211658e-01 1.015019847147924814e+00 -6.191725561355213570e-01
3.020671061985884975e+00 9.841300358648596980e-01 8.868565815879450032e-01 -7.826159032837364249e-01
2.910353615880159062e+00 9.315529281597251243e-01 1.004786199980077566e+00 -5.975034896600384116e-01
3.097272939239063216e+00 1.132829652005889365e+00 1.446307659405872803e+00 -5.345408746251509857e-01
2.883433493233434675e+00 8.795099825191666776e-01 1.096849947803805625e+00 -3.690458638682289072e-01
2.984298585743490051e+00 9.728798778947775894e-01 8.252922081704299195e-01 -7.891239326289261058e-01
2.959751833956095091e+00 9.766677907120929758e-01 1.124231982921034767e+00 -5.056148174832413300e-01
2.997421610479414245e+00 9.742292816633700836e-01 1.196877421955492293e+00 -4.828588351992250116e-01
2.940246736608346456e+00 9.921692761193772192e-01 9.875336079444434478e-01 -7.851680230742557054e-01
2.912207221428953829e+00 9.606912434013314961e-01 1.023770732356124924e+00 -5.684012892234812098e-01
2.958578295119154600e+00 9.566013157000532452e-01 9.389750081381782465e-01 -5.053575426029932594e-01
3.037786606401111200e+00 9.389424394977119448e-01 1.086612822903143982e+00 -6.097944253909798329e-01
2.967656411882983569e+00 1.004862209038355658e+00 1.105091331575084102e+00 -7.095853393933667652e-01
2.912597143314521020e+00 9.292172298735319469e-01 8.702107443845438217e-01 -6.783828428433842372e-01
2.997713506095814218e+00 8.715661211573028089e-01 7.599925468873071077e-01 -6.898101973748198557e-01
3.172126112206497428e+00 1.221891445767867568e+00 1.524973562756915646e+00 -5.545575666796515035e-01
2.954288178494992589e+00 9.867326452386605551e-01 9.617777197057717498e-01 -6.672313942957912580e-01
3.058418771154011839e+00 9.667999019063172605e-01 1.016826501867607035e+00 -4.916798409465091280e-01
2.981416527484462620e+00 9.769373823304143833e-01 1.270843708324447263e+00 -4.439482814675514977e-01
3.006956633005216872e+00 9.526481422170671731e-01 8.470760782749541251e-01 -7.018948039794503657e-01
2.923943869088563741e+00 1.013550950792516447e+00 7.756077001072545496e-01 -9.003970938115793965e-01
2.982263607758171897e+00 1.019483410735452011e+00 7.010463446568284684e-01 -9.459276837765855372e-01
3.029122941299346117e+00 1.020920340250883074e+00 1.144609729834890732e+00 -6.052402023864978942e-01
3.139964679243343326e+00 1.132258098174954375e+00 1.545377647853715786e+00 -4.062922843157760200e-01
2.967592369090436666e+00 9.380225834618628467e-01 1.044952883985323933e+00 -7.272801074793575626e-01
3.048179215342425419e+00 9.981373801319791683e-01 8.374859956194244948e-01 -8.341570013159265162e-01
3.069275584725984718e+00 9.405033300721353795e-01 1.088593694229411657e+00 -5.933817527306295414e-01
2.905765215628330456e+00 9.277791286381585900e-01 7.346093603313649245e-01 -9.205841765755455874e-01
2.955231375785178471e+00 8.988234966200847609e-01 9.220005544065760228e-01 -5.803768619474265478e-01
3.009386697408139799e+00 9.153281237376325041e-01 1.062788665957928202e+00 -3.729153923660546432e-01
2.929164182253958248e+00 9.375894489615997918e-01 7.230176347106977985e-01 -8.635830496670475753e-01
2.969478300056509479e+00 9.372356850286177599e-01 1.004520895503579370e+00 -5.629057825445974439e-01
2.932261099043960595e+00 8.572758973881228206e-01 1.056088598302014736e+00 -6.223733050036202030e-01
2.898107337556189655e+00 9.407458363891213482e-01 9.272884867239081785e-01 -6.649599657027355226e-01
2.972759168962189058e+00 9.349513916158650462e-01 6.985529867107864721e-01 -1.035083951597593366e+00
3.030018057553231170e+00 9.908526902071397302e-01 1.015200117279276393e+00 -7.358395979593795877e-01
3.091842748363609505e+00 1.039577952949054529e+00 1.302491402392591313e+00 -6.311447314900480166e-01
2.970040126951828174e+00 9.898433759425524503e-01 7.015744084254814661e-01 -8.794822554838884754e-01
2.905971573465243818e+00 9.422937072068411357e-01 1.184556488562276799e+00 -3.165524769387508264e-01
3.016672601660936870e+00 1.027432457642945662e+00 1.141711735015553231e+00 -4.984629405360799792e-01
2.967525343955734751e+00 1.010763512996575741e+00 1.035701645332953724e+00 -6.768259964436461606e-01
2.925544916148913543e+00 9.536264441389071811e-01 9.265327412555000031e-01 -4.987351680397498210e-01
2.983302886602486215e+00 9.609597040380107869e-01 7.777210145281553411e-01 -7.338508365045652848e-01
3.045016236314432856e+00 9.447250273720811942e-01 1.036521441073193550e+00 -5.918270463129313708e-01
2.941993883424991019e+00 9.605237453015357252e-01 8.210944107441590090e-01 -7.880843251643485647e-01
2.855362258647562435e+00 9.670010001518057896e-01 8.425361987740760394e-01 -9.236954733173551313e-01
2.986878323361397580e+00 9.353664359640293524e-01 8.856681561354846632e-01 -5.763141450304556379e-01
2.954872724094887548e+00 9.742340655366491520e-01 8.496549974481547585e-01 -7.701856941761074937e-01
2.911224082320360562e+00 9.622910164350473305e-01 7.446836546850050809e-01 -9.045341231856056652e-01
2.971077064670449186e+00 9.558875185560261611e-01 1.118006394565383088e+00 -4.568853631348740452e-01
2.978384062700238921e+00 9.408898950369487535e-01 9.113171670435769034e-01 -6.417089581057706660e-01
2.941833317998714392e+00 9.018136761633680498e-01 1.026887719583398306e+00 -6.683639318587536460e-01
2.919950073026770010e+00 9.012020099977667842e-01 1.067068589175314219e+00 -5.737675105527312303e-01
3.008058712462235551e+00 1.035947728924814459e+00 1.083844764642478697e+00 -6.443869853513389812e-01
2.990682653808716562e+00 9.084859851064276404e-01 1.028031796548996013e+00 -5.268696373748730233e-01
2.937508920101801646e+00 8.949792846611439590e-01 1.092378843334435023e+00 -5.951733253322569750e-01
3.051276555980863670e+00 1.110298441760739996e+00 1.131574004705635295e+00 -7.002383326461075752e-01
2.925289595037229962e+00 9.624743110126775525e-01 7.994349307073380650e-01 -9.824253628842689601e-01
3.144181656914614376e+00 1.187223408566864702e+00 1.357100562967844537e+00 -5.458817049559354651e-01
2.933535251961556511e+00 9.251735657870618912e-01 8.868310084910330238e-01 -8.021543216864545078e-01
2.938097126227262379e+00 9.672596033325746578e-01 8.902854698719606663e-01 -8.064897248697965315e-01
2.965626064401690520e+00 9.045903665555267148e-01 1.161753676975265659e+00 -4.951972134695045713e-01
2.957083403043549108e+00 8.795509869782540679e-01 8.679241856998418658e-01 -6.995180635320931151e-01
2.937960037710375616e+00 8.851008858786844069e-01 6.821506799036207713e-01 -7.093616707136136679e-01
2.931071006486394737e+00 9.345954148560934316e-01 7.665676946190463914e-01 -6.567663419165808980e-01
3.024691606211249439e+00 9.634322156076683408e-01 1.069191487561582887e+00 -7.151384637717963511e-01
3.137351517416686608e+00 1.205896537303446703e+00 1.378959228832301154e+00 -5.765684594098955396e-01
3.097260760656026513e+00 9.850651375617791583e-01 1.185695061206132328e+00 -5.070948225002097631e-01
2.876223283126332575e+00 8.973666009313433500e-01 8.237051308195356691e-01 -6.368422196644906164e-01
2.889505916300377564e+00 9.112062823577408155e-01 8.258252243158699102e-01 -8.339432643045158189e-01
3.022321355068220861e+00 9.408497081340974066e-01 1.000071658765395943e+00 -6.205758931535338974e-01
3.020638144069976772e+00 9.737705682235795468e-01 1.068284696415631618e+00 -5.522772671959846891e-01
3.081939400523228123e+00 1.111691338493207448e+00 1.273512743569933825e+00 -6.102129634936865887e-01
3.031663768867526088e+00 9.916955942826541914e-01 1.225169687016285369e+00 -4.657564753706011085e-01
2.939172493309595069e+00 9.502719025818774368e-01 1.027318130142404806e+00 -5.575645720638497949e-01
2.901475521548271264e+00 9.620563481351197543e-01 7.031590098776820952e-01 -8.310093818375959840e-01
3.130135483473761138e+00 1.205687560465981134e+00 1.510144908646235740e+00 -5.244371372064212666e-01
2.953894148397096409e+00 9.724512143348189586e-01 9.881284277583692877e-01 -5.867241994442246034e-01
2.957264837563756910e+00 9.545236254138810272e-01 9.741777689964579157e-01 -6.885762441482508045e-01
3.014973826114667688e+00 1.055151478409513732e+00 1.205020647128369982e+00 -5.973011536070567118e-01
2.968949401539399346e+00 1.035409099711351866e+00 9.819879292720237185e-01 -5.075280885296373778e-01
2.937467613251894871e+00 8.928063821117850907e-01 6.362237720309903422e-01 -8.014911962995756589e-01
3.092046757449674388e+00 1.116890898600277016e+00 1.211381028898745660e+00 -5.118921487444368923e-01
2.977587547422248182e+00 1.037788447149894377e+00 1.049394103716739357e+00 -5.356976104669660677e-01
2.973825579512914707e+00 9.131224877903907355e-01 9.070593871990213497e-01 -7.903355407172356628e-01
2.998499731536365953e+00 1.020403434466856218e+00 1.346467860676539896e+00 -5.585913474485444397e-01
3.042059399803255459e+00 1.001235505341564691e+00 8.821472569059957136e-01 -7.751520973508891910e-01
2.890339736614193189e+00 1.043164754015511342e+00 7.909687784431689295e-01 -1.024530149133498380e+00
2.989093955113585999e+00 9.182160040868885265e-01 1.087794471274957431e+00 -5.268376712853168886e-01
2.986003749046132416e+00 9.554894230315976733e-01 1.153087707902174630e+00 -4.506337661780970283e-01
3.034152838777816275e+00 9.282855982157428576e-01 1.243903105913694906e+00 -3.891645211337158017e-01
2.913368785818857276e+00 9.310846699900832135e-01 8.188736771166046369e-01 -6.302649616211305483e-01
2.906877877538676103e+00 8.721263677181418927e-01 9.923081999050041846e-01 -5.248616114645899833e-01
2.984191758996741939e+00 1.009651579407919275e+00 1.174295440883110997e+00 -4.786801553595114167e-01
3.007488557763549064e+00 9.541164422832414393e-01 1.075831398589383925e+00 -4.339147984523207824e-01
3.048253188336743413e+00 9.311708455659886141e-01 1.245080482199217409e+00 -3.148352556198906749e-01
2.981219843360340072e+00 9.611641132621709938e-01 1.061694241060405108e+00 -4.121047078605180047e-01
2.899817150304325963e+00 9.626085772531517426e-01 9.536392544795717630e-01 -6.382053370955972360e-01
2.934825947001838742e+00 9.179216914544495731e-01 1.127184149834132176e+00 -4.112258031556637050e-01
3.017235725775790467e+00 9.138511914263209857e-01 1.157125933135444429e+00 -5.224515964658325018e-01
2.925967294094914184e+00 8.199279320503722879e-01 1.020407592287283727e+00 -4.459239045390045453e-01
2.963530197840213543e+00 8.924961061046197131e-01 1.045889809099100898e+00 -4.774666875999456495e-01
3.122021039427805178e+00 1.006050931171385887e+00 1.502318960928622493e+00 -2.828806463071488753e-01
3.160335451436987242e+00 1.281452720195668249e+00 1.402435406366114856e+00 -6.145909926351700303e-01
2.966965509438953319e+00 1.031109120968779047e+00 1.208708976481314368e+00 -5.177286981355028184e-01
2.864773447124600025e+00 1.007461710330114224e+00 8.326993361916713576e-01 -5.782506368835416133e-01
2.962939890705969415e+00 9.215484979780346197e-01 1.176901510516752847e+00 -4.908859932242652380e-01
2.965936009592077482e+00 9.907209823818101668e-01 9.301262268658213594e-01 -6.432079313885137317e-01
3.038286560894624344e+00 9.678543182726523364e-01 1.061804714655385951e+00 -5.421385153244986377e-01
3.108759106739031441e+00 1.059962657130508745e+00 1.052827540324861255e+00 -7.066849775277895818e-01
3.021221284670631224e+00 9.502233992711803801e-01 6.979553218930047986e-01 -9.963903874935476912e-01
3.066418667941137599e+00 9.905937888331264318e-01 1.345371422694019659e+00 -3.225650528537651329e-01
3.109965564825412976e+00 1.191615262079972037e+00 1.512028303644148863e+00 -4.594794556406646691e-01
3.039283227364109052e+00 9.747761947556763396e-01 8.200909919019534478e-01 -8.643561813662602455e-01
3.193089582156881434e+00 1.241253916443316951e+00 1.410821273178802127e+00 -5.859010380243607763e-01
2.942090878935827103e+00 9.721221020304569027e-01 1.038016450525580003e+00 -6.300277120687223231e-01
2.922830720077684852e+00 1.038234092744822146e+00 1.240741413367030921e+00 -4.783963462995757809e-01
2.995799410847680200e+00 9.569789377874187153e-01 1.147602020662104039e+00 -6.283002368940394655e-01
3.023926520922099570e+00 9.749237648382725885e-01 9.006094929854217002e-01 -6.147342097393611038e-01
2.915745791394380504e+00 9.419949004623519029e-01 1.023773159449240300e+00 -5.307959719970662960e-01
3.082206767048353058e+00 1.236509526629317124e+00 1.413073644275440577e+00 -4.767257014267752280e-01
2.997560248962298335e+00 1.035887874397889430e+00 1.148406378568177733e+00 -7.747770479735358595e-01
3.081089160100387137e+00 1.015508700768086747e+00 9.844865324706769671e-01 -6.322527481186351883e-01
2.945149374103047002e+00 9.283315687640629754e-01 7.799126795728931194e-01 -7.825176818429984138e-01
2.984083912498589175e+00 1.016982294731411551e+00 8.236557996474487275e-01 -9.950107169295432374e-01
3.079958871738806891e+00 9.825584503412823079e-01 1.016433647557794862e+00 -5.908343480473751130e-01
2.947305299809403145e+00 9.211174764594947106e-01 6.544789578421491560e-01 -8.117601600994549527e-01
2.981462570694983327e+00 1.000418027986565317e+00 7.556723997653498337e-01 -9.872115124819246246e-01
2.944328218361226046e+00 9.872318931525733143e-01 1.084210219468070280e+00 -4.772027284860387852e-01
2.955374509764178814e+00 8.698260455955552084e-01 1.183064183745211162e+00 -4.420952834493420691e-01
2.950252321353947327e+00 8.667869211222439807e-01 7.911707369117494393e-01 -7.524838626739401848e-01
2.936465689729407025e+00 9.671058661943050527e-01 7.782710755088413368e-01 -7.209587098900291924e-01
2.888045229146898318e+00 9.332754319946159338e-01 1.128944608191189358e+00 -3.862067026685617188e-01
3.053580577232009929e+00 9.003767299008607061e-01 1.216300935977273845e+00 -3.423955550168967799e-01
3.019680874906463419e+00 9.296062282258258369e-01 8.406483624591261083e-01 -9.719915206816909237e-01
2.956189070612078140e+00 9.977016640092514210e-01 8.286101356421841091e-01 -7.570376174011828052e-01
3.036817434855116904e+00 9.460365492418072453e-01 1.132395180177508953e+00 -6.344734423523989975e-01
2.857142261484225010e+00 9.268167125456316935e-01 8.291846233509254649e-01 -7.067825991482952208e-01
2.896970737263957041e+00 8.875244593494650003e-01 9.327627650759744427e-01 -5.808737898397107191e-01
2.951045756184595081e+00 9.935676158025886773e-01 1.403846782590257192e+00 -4.869969473165259299e-01
2.929761842386775506e+00 9.587568851924551661e-01 1.155479897051648441e+00 -4.276702062718821806e-01
3.039192519381465729e+00 1.025290069659725134e+00 1.063115727943865885e+00 -6.142166229524366194e-01
2.977677678096833258e+00 9.906951500071963235e-01 8.372133344828606161e-01 -7.541292007808907405e-01
3.025184179554857966e+00 9.581759722735686546e-01 1.022713758063675371e+00 -6.303848109082892393e-01
2.997630732616269000e+00 1.031552537457452789e+00 1.126241660384369903e+00 -5.887966248911367106e-01
3.001130528740038272e+00 9.047473662039854370e-01 1.205418740033437519e+00 -4.538809686698289658e-01
2.990027802877594620e+00 9.739076744922827711e-01 1.046573845291260518e+00 -6.077209476296208113e-01
2.968481764089240027e+00 1.038943204674361187e+00 1.018554731204575958e+00 -7.032568386107048708e-01
2.967583864338441568e+00 9.120958912692251896e-01 1.164455245632637137e+00 -4.060265983557094227e-01
3.007132288473516102e+00 9.759648359725148214e-01 8.836656321205662579e-01 -7.645025426099777421e-01
3.027188790618140501e+00 1.021096804355146492e+00 1.089766464073306018e+00 -6.216528993753062116e-01
2.936649983496052219e+00 9.665912636160318705e-01 7.370782372505131352e-01 -9.059168779927424531e-01
3.062424096805901996e+00 9.857903950329561793e-01 1.340056914254470710e+00 -3.072298788313407858e-01
2.961043721256586547e+00 9.417273214714515506e-01 8.881803703031482256e-01 -6.786454013635122573e-01
2.927774954523945983e+00 9.937277864223061918e-01 1.099900465732505550e+00 -5.434219390534847927e-01
2.998867128560687156e+00 9.857489060563636718e-01 1.066218114599239097e+00 -5.374132204937503987e-01
2.960125861594594454e+00 9.426928611995999407e-01 1.074965313608679418e+00 -4.523668786029236832e-01
2.848969425554591872e+00 9.090127359769747395e-01 7.238028476947767631e-01 -6.809630240700159653e-01
3.028072583670984308e+00 9.624911811990014554e-01 9.586718216790883762e-01 -5.121676508617334367e-01
2.926787164785606521e+00 9.939181356213273588e-01 8.852422938070955150e-01 -7.604888089710626353e-01
2.987982842588297938e+00 9.674743579248791248e-01 7.393100730563522127e-01 -8.745820871353204851e-01
2.925502694520372593e+00 9.122500671768153380e-01 9.721109447467969344e-01 -5.373325928685790398e-01
3.148901245258914905e+00 1.155787724138332306e+00 1.502055527689968528e+00 -4.738805973477137057e-01
3.019834127321123329e+00 9.719082555153973901e-01 9.250303912402524364e-01 -6.611287583138879542e-01
3.017590380171230269e+00 9.976841981887111244e-01 1.101139453562400616e+00 -5.312295062600621565e-01
2.916353206979056534e+00 9.773345740029248940e-01 8.023025788973376926e-01 -8.813201040515750151e-01
2.925941023387930162e+00 1.005473791691446239e+00 8.442714845994688799e-01 -8.367628163536893204e-01
2.956555602930935223e+00 9.986427135906740249e-01 1.116201139945649956e+00 -4.859880383858690145e-01
2.921998083332590035e+00 9.727011303407377962e-01 8.106906749067712692e-01 -8.115733513033154267e-01
3.106861810639921284e+00 1.228357266297988692e+00 1.454221573299896209e+00 -4.518370463209175347e-01
2.944126049278999346e+00 9.413088403914953162e-01 1.004983627773742505e+00 -5.123831459416414713e-01
2.981467772675891137e+00 9.202916217591557979e-01 1.110552176973150784e+00 -5.364089119245858406e-01
2.971927504131826936e+00 8.889406518782958511e-01 7.725269960517539003e-01 -7.520593098834322809e-01
2.979237892329015924e+00 9.441507622238899389e-01 1.200681475833589529e+00 -5.095650475526831702e-01
2.935654616295668262e+00 9.255279069239306100e-01 1.044526714000554968e+00 -5.274021505007085997e-01
3.141638737540750625e+00 1.175271880296755223e+00 1.573261268986479999e+00 -3.721613738426703399e-01
3.007070772614700349e+00 9.402258586541497598e-01 8.855802409556290389e-01 -7.550645694709708922e-01
2.900485506834758365e+00 9.568745924180159790e-01 9.524249201329482162e-01 -7.525548034172094836e-01
2.921997896546814744e+00 8.674517774621187671e-01 7.854766558300591006e-01 -7.413884552641408776e-01
2.930909620501119583e+00 9.976228725613013326e-01 1.129462676271058230e+00 -6.479490202272868427e-01
3.004719542931924003e+00 9.794321177524063504e-01 8.197143030839880717e-01 -8.042661325209258250e-01
3.008134051534783637e+00 8.795915551595252513e-01 9.488510127572765684e-01 -4.506404927072871214e-01
3.059987102146809246e+00 1.056678766264044000e+00 1.203389206227252872e+00 -6.343467890958608413e-01
3.035362195461457357e+00 9.457508208413519801e-01 1.029094403366995092e+00 -4.375841228597552313e-01
2.920352441109952846e+00 9.930958103432728779e-01 1.032793031426130215e+00 -5.344268250647128404e-01
2.947197866782775844e+00 9.156829711941645300e-01 8.396040771728191521e-01 -7.196096607884717722e-01
3.053756998633696984e+00 1.044688798760282866e+00 1.080999158258103110e+00 -6.569749221246808935e-01
2.955764154508226937e+00 9.839904507430389247e-01 8.930402848518373959e-01 -6.707711126535454982e-01
2.897894427237124759e+00 1.000246873524405666e+00 9.533319791864632853e-01 -5.655927823249069508e-01
2.905850522881959552e+00 1.012340806870666299e+00 7.186697115666000890e-01 -9.509559723453898661e-01
2.998803885075197240e+00 9.920976654136867134e-01 1.177517313701511581e+00 -4.558730088289357774e-01
2.966910744940154387e+00 9.680674626775415126e-01 6.500329363526216042e-01 -8.605426439522243509e-01
2.923464729292807540e+00 1.020663420992374171e+00 9.714209534986737449e-01 -5.930189116761575008e-01
3.155282638379181215e+00 1.224240995355680095e+00 1.686774602442930648e+00 -4.673048120418333840e-01
3.015503090122204188e+00 8.939322942973370045e-01 1.099116430302621517e+00 -4.791228319588128337e-01
3.060552421140450008e+00 1.072915085667633495e+00 1.134302120708458039e+00 -5.864366158608680379e-01
2.982446343568438074e+00 1.020709458527539804e+00 1.019935154927368748e+00 -6.588991470339528034e-01
3.130925471778883917e+00 1.224882794425532717e+00 1.620670217361429799e+00 -5.555684563502952811e-01
3.044644538574318826e+00 9.147822406428567366e-01 1.121567736710667784e+00 -4.988545545818584559e-01
2.941078005868350775e+00 1.055843877866331937e+00 9.519730996989689276e-01 -7.497795063965234652e-01
2.915614825115309561e+00 9.590731494947274394e-01 1.017868388378271094e+00 -5.305295298185321862e-01
2.894657648457706234e+00 9.166633442288685263e-01 8.826875921136048131e-01 -6.755582709862508750e-01
2.931539513423496945e+00 1.014045250269904441e+00 9.220118330230541170e-01 -8.508236308390576541e-01
2.913532344986103695e+00 9.783051502591265658e-01 9.874664486617815706e-01 -6.420194756646141476e-01
2.988966203979429803e+00 1.014401396155783841e+00 8.672315048551194616e-01 -8.527555467093856922e-01
2.999588691815645358e+00 9.943148774823404867e-01 8.259115755735911835e-01 -7.043093973726917145e-01
3.020192848165500710e+00 9.639061348966588838e-01 1.159377404199849693e+00 -6.252672944672998945e-01
3.042563492425689020e+00 8.453306341195677698e-01 1.212148339097808059e+00 -3.083164199106688264e-01
2.987499756873033263e+00 9.159002752963173455e-01 1.181255574367027661e+00 -4.608268131997602102e-01
2.994187402759815431e+00 9.252781873551538805e-01 1.118328558943054274e+00 -5.657211175008395321e-01
2.997584659778693261e+00 9.896056081492585754e-01 8.392894093767780950e-01 -7.790755613370998756e-01
2.978415053980874028e+00 9.399974280329602694e-01 1.147255501952712420e+00 -3.865787997837383805e-01
3.032844859608102794e+00 9.658551461157078855e-01 1.163124743739335720e+00 -4.348252437841723106e-01
2.975668604547763163e+00 9.922295186193762495e-01 1.020547607893616426e+00 -5.511849701980769956e-01
2.893728466911637209e+00 9.403973712592053058e-01 9.929919428840251472e-01 -6.154611667598561819e-01
2.952357563793957418e+00 1.026893351218256090e+00 8.839534715000539888e-01 -8.914578643154470461e-01
3.021281327622231228e+00 9.082434767807435749e-01 7.865770474451579952e-01 -6.702809990292013520e-01
2.975722797315624391e+00 9.386004200410000831e-01 1.117286316196487883e+00 -5.041925383920738968e-01
2.950460387947511975e+00 9.074734911698613127e-01 1.087113812924598300e+00 -4.779091313468354918e-01
2.901661705015746051e+00 9.515852168901635100e-01 8.884173765093443809e-01 -7.458968941159301869e-01
2.898509007861831854e+00 9.508428730999675116e-01 9.678200087389674522e-01 -6.130119895679954078e-01
2.965800467055918155e+00 8.783029186888577922e-01 1.223236954767224827e+00 -4.109118516724048487e-01
2.975910154365176474e+00 9.500821670655416051e-01 1.378785277245259122e+00 -5.184388730132571954e-01
2.955453197408107968e+00 9.777449145016711141e-01 8.108456606308214187e-01 -7.750858357243676222e-01
2.881125463938551068e+00 8.578904619190563796e-01 1.033375968487044272e+00 -4.863336840090751179e-01
2.916659906183118434e+00 9.426313545832039065e-01 7.394316261924416267e-01 -8.840642641259147672e-01
2.890957843119422499e+00 8.311288253531413650e-01 8.406943482337625451e-01 -4.364772093441621759e-01
3.141336781410200008e+00 1.094340908225480025e+00 1.348852707664189188e+00 -5.042680554873568699e-01
2.922688565151842166e+00 9.265250733144131390e-01 1.158778281916558406e+00 -3.775425635935860669e-01
2.951851148822485005e+00 9.903695895185822273e-01 7.750287297578266621e-01 -9.490000228748042277e-01
2.960329206492577026e+00 9.647443663539626568e-01 1.101883247543062216e+00 -4.822958208197515306e-01
2.999505100360840171e+00 9.509214881980823098e-01 1.003349598862243619e+00 -5.315914224208754257e-01
3.034774379279133960e+00 9.772163971844336494e-01 9.827105102609006160e-01 -5.536460218747446538e-01
2.816035207624884240e+00 8.484383400603281444e-01 1.033734077084332625e+00 -4.193467834030390473e-01
3.082399434111329661e+00 1.172460157308347073e+00 1.451075196417197066e+00 -4.520309890323201962e-01
2.879224547181217897e+00 9.105952212894596887e-01 7.598133855776898482e-01 -7.587911575678928378e-01
3.007062244553927233e+00 9.261445201458737841e-01 9.499588035280759346e-01 -6.176166879774984686e-01
2.992594962423002158e+00 8.750645091399542608e-01 1.162595073780172683e+00 -5.087817828486644878e-01
