2.997791704068585084e+00 1.094010781382709574e+00 1.435317484082585748e+00 -4.932833168229739385e-01
2.992417957141177975e+00 1.142416697699968564e+00 1.304666803297074518e+00 -4.568001501433717193e-01
2.562791491114426279e+00 1.052281168310528203e+00 -1.159727081468694854e+00 -5.513656697128854062e-02
2.959080320227326144e+00 9.690956633021240441e-01 1.026217952585314785e+00 -7.015405268838439401e-01
3.007121668895027078e+00 1.114105396802043790e+00 9.597807653829100172e-01 -7.430904730871535913e-01
3.091522118566297994e+00 1.321545420107869573e+00 1.431542087437281063e+00 -9.019728976379782770e-01
3.008665352859449360e+00 1.140843068593346610e+00 1.073927921621369519e+00 -6.945710781773057896e-01
2.587949170843243163e+00 1.040660978606437581e+00 -8.159317335841015373e-01 -1.593493759483542715e-01
2.904123284298382401e+00 9.440637124079942488e-01 1.002964267967208611e+00 -7.479562877686604105e-01
2.928181840497961819e+00 9.862399283251628290e-01 8.535416485721519786e-01 -8.175731440695610530e-01
3.127861147470468506e+00 1.319161374384572483e+00 1.378251102197281197e+00 -5.412550649022940252e-01
2.575516595265794351e+00 1.069922076941367983e+00 -1.327910980673959962e+00 1.663853267045368178e-01
3.144851543111314207e+00 1.243173367023472142e+00 1.365115467410431771e+00 -5.513450741510090847e-01
2.973569548738689505e+00 1.020653483464854405e+00 1.154502086219004742e+00 -6.262710891647178535e-01
3.054658719847243464e+00 1.231411512409251063e+00 1.183448878817298766e+00 -6.444011562420556283e-01
3.087123578921754596e+00 1.186155700703039662e+00 1.224060535109984249e+00 -6.074742753547861529e-01
3.063588602901370361e+00 1.131785077982400800e+00 1.271686913362368054e+00 -3.643899392907327672e-01
3.000091209672865133e+00 1.096042624031128287e+00 1.045605743685430022e+00 -7.440568803232481265e-01
3.022601540668587994e+00 1.162875738215016330e+00 1.516964719600860878e+00 -3.783061007824742861e-01
2.992978462583755217e+00 1.164688787754170729e+00 1.469050139128511123e+00 -3.059904308185417143e-01
3.062575594729563644e+00 1.230510058065066747e+00 9.273553975420079087e-01 -9.674583137137157118e-01
3.017645262125335570e+00 1.102142149788842174e+00 9.243093434281505205e-01 -9.837321659094095949e-01
2.520024641591105841e+00 9.732618227539112654e-01 -7.796321380206703289e-01 -1.542955861024678799e-01
3.164192064432861162e+00 1.323057431079770252e+00 1.357695501879596645e+00 -7.048025127510834098e-01
2.925119563581812354e+00 9.705594903190093437e-01 9.723167202631066708e-01 -5.436436353130942312e-01
3.032701025571935105e+00 1.192135430541700680e+00 1.241977977814733292e+00 -7.770981659445518330e-01
2.975742710896333243e+00 1.033357912022279557e+00 1.281462254054121175e+00 -4.243387250443385050e-01
3.001748512844015782e+00 1.076605620065836710e+00 1.412338957977215204e+00 -2.516940307104326147e-01
3.025829164216761846e+00 1.260728903203859774e+00 1.602704131834883805e+00 -4.580884515338626839e-01
3.027536452272506562e+00 1.089474802979424117e+00 1.528922188871908672e+00 -2.700675274219279665e-01
3.000207225953248180e+00 1.163374116763047139e+00 1.589493553731648134e+00 -4.170116964630364298e-01
3.074595126987166527e+00 1.245850172378591525e+00 1.370632060786517670e+00 -6.839375578823663204e-01
3.018564034403443230e+00 1.129947434589463784e+00 1.503711354428408642e+00 -4.221212100930236133e-01
2.967518372909563773e+00 1.061426273244662655e+00 1.061158358665279744e+00 -6.081185145812955106e-01
3.044911159541950685e+00 1.058664457430725792e+00 1.217249900134319551e+00 -6.779627361844543509e-01
2.585650378890548939e+00 1.023473782749341865e+00 -1.267335650780374801e+00 1.811239553719750095e-01
2.556704022126502718e+00 9.516786619399204561e-01 -9.695502113596553562e-01 -1.639005600462884737e-01
3.048978521916213769e+00 1.057142196716779559e+00 1.243254971380773677e+00 -4.310698684465384956e-01
2.922360111282248596e+00 1.001250022224338343e+00 8.900162661584395396e-01 -7.885607862528811740e-01
2.972074142870071878e+00 1.071684659590749655e+00 1.588005268956248939e+00 -1.926866872321269242e-01
3.021434077219369740e+00 1.154101360815393829e+00 1.227579142434450654e+00 -5.689998473374818788e-01
2.960531687183656668e+00 1.022298923119495884e+00 8.512557403665897970e-01 -8.045321070116000506e-01
2.899972809645941840e+00 1.001924627763617792e+00 1.013392031068722998e+00 -5.269451695386294654e-01
3.071941901224666260e+00 1.197503282692281568e+00 1.290509684933430323e+00 -5.189865899895537149e-01
2.970492066325852054e+00 1.134678159947881682e+00 1.663383194051292202e+00 -2.876888755537501674e-01
2.921191237530988083e+00 1.023654464314532664e+00 1.270362321025328090e+00 -2.897898101336124355e-01
2.538652837170249477e+00 1.068723957158933535e+00 -1.182120498126416619e+00 -1.031090221556839742e-01
2.894064328315643753e+00 9.932837104158775965e-01 1.002741574457406859e+00 -6.397742857172504793e-01
3.061828049366566162e+00 1.065812889691348353e+00 1.412124112854510338e+00 -3.300580474501665917e-01
3.036364879601604283e+00 1.253420393513611897e+00 1.478165780909115545e+00 -2.578130482687860936e-01
3.014135067477079488e+00 9.999843891201505297e-01 1.215431822866329004e+00 -5.846280765075454466e-01
3.135481045155783519e+00 1.295626798926256873e+00 1.441621054996102602e+00 -5.022745319901792405e-01
2.970985583787475903e+00 1.010788092269909733e+00 1.623456589496002467e+00 -1.674948982830716526e-01
2.559804894443728163e+00 9.079461221821530925e-01 -1.216473834563939871e+00 8.281252800017278870e-02
2.956392399729583786e+00 1.170290354353492157e+00 1.428104316820226538e+00 -4.200171139992607272e-01
2.978655255168475069e+00 1.124690632175301186e+00 1.192430446243436970e+00 -7.871329814745716691e-01
2.962272205245699119e+00 1.081236968255863573e+00 1.460205320612128155e+00 -3.076950955697599910e-01
2.988608207741425993e+00 1.150850798711426037e+00 1.438455945368046773e+00 -4.503350644703358330e-01
3.155639572941151272e+00 1.195545941043081539e+00 9.027848893445467038e-01 -1.186809930774004984e+00
2.916280503917346500e+00 1.078711205934147488e+00 9.988953140946403852e-01 -8.595026738079251105e-01
2.936689067898169192e+00 1.093413406516690722e+00 9.679045620997202004e-01 -7.664721855402901740e-01
2.981411227212333870e+00 1.075163537589304719e+00 1.246821347142079262e+00 -5.529885909878831107e-01
2.930791626293004715e+00 1.079656171141267995e+00 9.716068781382996011e-01 -7.553359391126847067e-01
3.074920298836179899e+00 1.119932482642074234e+00 1.007081761339517545e+00 -8.206867727492830333e-01
2.999806044721773812e+00 1.100882211076430250e+00 1.482893355081325470e+00 -2.307096667242997390e-01
2.546754099500996293e+00 1.062889337191126771e+00 -1.211902207817916466e+00 1.290165161788779102e-01
2.578881537745623120e+00 1.033898275025270319e+00 -9.356906216538619647e-01 -2.509878978869970467e-01
2.994421352994181440e+00 1.132203169028576095e+00 1.196769834308210267e+00 -5.915892135343733260e-01
3.001942691147792885e+00 1.071559065154531032e+00 8.896713211586212422e-01 -7.574563675102625737e-01
3.011791645122339212e+00 1.094047165277389100e+00 1.248981331116441940e+00 -6.248581061781791623e-01
3.025646042925998813e+00 1.110781464276651809e+00 1.374579793494673519e+00 -3.918163121242576596e-01
3.134785678956507837e+00 1.315146453128189119e+00 1.565449797074313754e+00 -4.845301776599677535e-01
2.508825782770179647e+00 1.126893776126399294e+00 -1.250838972001428573e+00 -9.237794983157683604e-02
3.026062983817483065e+00 1.111449228897731345e+00 1.433508535331729172e+00 -3.211713420459421653e-01
3.011341401747661628e+00 1.184578493109910813e+00 1.529246444662321069e+00 -3.174338063293640211e-01
3.017401100760815247e+00 1.179797549402194168e+00 1.232040648733201404e+00 -5.096136377916797855e-01
3.098305982990105623e+00 1.165700042850114970e+00 1.311573796336515940e+00 -4.765129321334853896e-01
2.565352764313590939e+00 9.770945677736744273e-01 -6.624782321971480759e-01 -8.338139782530694377e-02
2.971343237789453084e+00 9.390262130431713539e-01 8.384679504906299430e-01 -5.955615155893601020e-01
2.923243963519546629e+00 1.142267511576747552e+00 9.362632697190853559e-01 -9.868463463135705993e-01
2.989517130958001090e+00 1.184133131919085313e+00 1.546299515832768590e+00 -4.178497541113501135e-01
3.266815059407575106e+00 1.616164091338241793e+00 1.844621056394947001e+00 -4.775564888436652500e-01
2.976684955989340242e+00 1.109908503590943951e+00 1.095636462141143408e+00 -7.454279500803963066e-01
2.968683299829042443e+00 1.138084774596176851e+00 1.502633894299556516e+00 -2.950362568488592574e-01
3.038209697414080424e+00 1.038000451423927384e+00 1.323806292432945897e+00 -2.835850477586667195e-01
3.049147331529495464e+00 1.118665971005679216e+00 1.136001848068704190e+00 -5.121719737286680729e-01
2.962779988416917920e+00 1.135970123882199312e+00 1.206879222298288923e+00 -5.885986747725507895e-01
2.915399754737853399e+00 1.138672515204167901e+00 1.402991061042468734e+00 -5.001445964687205592e-01
2.532221482018420122e+00 1.111616754018220243e+00 -1.732865531957906047e+00 3.210761918388926883e-01
2.933041327111190810e+00 1.101450360078219726e+00 1.108592419323278122e+00 -8.326454972221112305e-01
3.094020244290012656e+00 1.113352229435473628e+00 1.168622920217174288e+00 -5.525566725883210850e-01
2.876128936222476895e+00 9.960449311232040248e-01 1.060183728479402232e+00 -6.270731449871200791e-01
3.021280446212354143e+00 1.187185998608053517e+00 1.265279764299263920e+00 -7.140773113403923178e-01
3.056054445378794782e+00 1.058761595776876563e+00 1.131498314265662719e+00 -5.243702246486705576e-01
3.111069935518405938e+00 1.212678192767889573e+00 1.367689006369457339e+00 -6.244687786563918319e-01
2.951540460822686729e+00 9.415817221556017635e-01 1.122967528835375095e+00 -3.396197458656609602e-01
3.002563184210847780e+00 1.072075571256533966e+00 1.091447195431989758e+00 -7.217237291138520749e-01
3.000465259460692646e+00 1.217138210962295020e+00 1.541180306695507207e+00 -2.859071007443342305e-01
3.048356466307854618e+00 1.162750426077643784e+00 1.214401628362943519e+00 -8.031736122930696054e-01
3.012994868447570695e+00 1.153048778664556240e+00 9.873511193654764817e-01 -9.037325843110546320e-01
2.972127981432970412e+00 9.871523649140048207e-01 1.049525116642216815e+00 -6.301855172105997882e-01
2.997492275342100498e+00 1.134335157939324157e+00 1.265839921729297934e+00 -5.507651375001219041e-01
3.034887459177704194e+00 1.101679419411845995e+00 1.511672116589299231e+00 -2.319513302387163078e-01
3.096390705124743015e+00 1.295559382983883401e+00 1.538654773592291081e+00 -5.160682955148823137e-01
2.933522468024147845e+00 1.063372299442675084e+00 8.447943256621559538e-01 -6.967412633820010415e-01
2.982835360291263171e+00 1.120702538203851573e+00 1.115105980658900542e+00 -7.224616448803345969e-01
2.981096576158082545e+00 1.146103432605749983e+00 1.024138466366372180e+00 -8.076658662967294289e-01
2.959775346492192760e+00 1.037839655270984096e+00 1.032936200044593411e+00 -8.414103744580437860e-01
2.537748656586219287e+00 1.031021627789107109e+00 -9.729335147191949806e-01 -2.433127512728309183e-01
2.542441791178989163e+00 1.008934279829627911e+00 -4.982514715556420892e-01 -2.581376744888838615e-01
2.977764794825149330e+00 1.006266091684776987e+00 9.166418940256050307e-01 -7.138704605789226720e-01
3.190753745578723599e+00 1.371934580707817597e+00 1.314464017291401499e+00 -8.379363707031698416e-01
2.996758845866937637e+00 1.169852820225917300e+00 1.527263245796081526e+00 -4.136815293199482824e-01
2.959958924608398156e+00 1.149506365605176716e+00 1.354887946813431832e+00 -6.312708324968278051e-01
3.027563523437256432e+00 1.161586153757058870e+00 1.196775130888517280e+00 -6.699469131741834227e-01
2.580566089936362495e+00 1.057201688274264528e+00 -9.886066813538170184e-01 -3.133427412976790699e-02
3.094231207817142337e+00 1.451820663397420219e+00 1.566932181480517716e+00 -5.205275040011602128e-01
2.561948515532057602e+00 1.090795056851168177e+00 -7.425823942454743420e-01 -3.021561883720604857e-01
2.966880700045476882e+00 9.766326839974034391e-01 1.516573641848031562e+00 -2.205375776016263722e-01
2.946931905280576025e+00 9.785077157163856176e-01 9.892931052379037027e-01 -7.448253611171283817e-01
2.559183320266751327e+00 9.975631827743166591e-01 -1.350799470542621394e+00 1.647726740702085968e-01
3.067819858224408058e+00 1.101664731641039952e+00 1.100144714789777156e+00 -5.184652722773470668e-01
2.958505542856957771e+00 9.591561776277032214e-01 9.799301167073113383e-01 -5.991636727312100730e-01
3.015530431818775892e+00 1.186898107654956958e+00 1.546073939490347771e+00 -2.921809694845402539e-01
2.972365670113866098e+00 1.078139232925565238e+00 1.361215863662179837e+00 -2.947393836657297150e-01
2.508779138992699220e+00 1.028363202631278117e+00 -1.013257828238420588e+00 -7.324948444680332016e-02
3.179380705652774974e+00 1.381545681120063707e+00 1.443933699427579986e+00 -6.910648453798219348e-01
2.859144160016789282e+00 1.016686856191894694e+00 1.081168132754344091e+00 -5.388553901975476901e-01
2.956764973804649088e+00 1.118520682601359617e+00 1.385944573995343987e+00 -4.807718052534640796e-01
3.047141597044825456e+00 1.194586221666376513e+00 1.353124506377916925e+00 -4.960131917370256827e-01
3.059684008918782450e+00 1.197325849508586559e+00 1.570324246002079427e+00 -4.337988776928605739e-01
2.897509124922010404e+00 9.925725512661996985e-01 1.001645463228072241e+00 -5.888253487276092768e-01
3.162022008237016735e+00 1.221737993487806540e+00 1.312469305100821382e+00 -4.408554958672455393e-01
2.942929947075746178e+00 1.168604386162307218e+00 1.566795153169178612e+00 -3.225864636565533572e-01
2.627016762958123586e+00 9.304486812662076112e-01 -1.329289374062093021e+00 2.291112834291014200e-01
2.928011147003906078e+00 1.053019513387927875e+00 1.061775708588954092e+00 -6.254408505586576128e-01
3.001362538374515498e+00 1.071594330516439486e+00 1.100997793003945846e+00 -6.640705340765857834e-01
2.940806412811716619e+00 1.178983729379946555e+00 1.310004515150652527e+00 -3.547435748232917740e-01
3.016092649710254481e+00 1.178131467383262132e+00 1.054705801627327855e+00 -6.768525022014968417e-01
3.110801728311575420e+00 1.310459918155888470e+00 1.375387270834435460e+00 -7.804130862420749493e-01
3.029912828159086580e+00 1.089699238763689459e+00 1.424833232173876585e+00 -5.398499089171340248e-01
2.940274393468046199e+00 1.113762290716477699e+00 1.322105738635821925e+00 -5.361988652275384570e-01
3.064062067471363449e+00 1.270622847292687485e+00 1.446862507115683094e+00 -4.953414809518790762e-01
2.963875206151422859e+00 1.016635105248123283e+00 8.674362217712940915e-01 -9.877592618152887249e-01
2.949171533055680250e+00 1.052067319738253515e+00 9.856636759148591498e-01 -8.925294196115004519e-01
2.982855218227991934e+00 1.096794916563064382e+00 1.127031775904207667e+00 -7.652373729704040617e-01
2.991710130303320003e+00 1.106589605198566861e+00 1.063820316799801047e+00 -7.752619130711294604e-01
2.969581792612453697e+00 1.110499654214688769e+00 1.134929259793942657e+00 -6.123914516646273842e-01
2.922908584740630644e+00 1.050071346681887174e+00 1.334074221832509677e+00 -3.688910134125594764e-01
2.958530921950039083e+00 9.832856543604390209e-01 1.138475489713314248e+00 -6.943007478419023215e-01
3.020889428546528421e+00 1.092263985736262155e+00 1.477338143152991057e+00 -3.038174426813048390e-01
2.514992151298538037e+00 9.677649802463601514e-01 -2.107571485582107051e+00 3.939266084860210126e-01
2.915320959077726481e+00 9.230086064261572298e-01 9.967015873167504036e-01 -5.263552152180962507e-01
2.978015933453241892e+00 1.088746634989414597e+00 1.262512595693922268e+00 -5.815771990186574536e-01
2.953236087783213115e+00 1.031083863259929512e+00 9.463912018021263250e-01 -7.712609204405731500e-01
3.154541340229796376e+00 1.349167508029974316e+00 1.367904960025680738e+00 -8.344115070774207332e-01
3.041985970482617319e+00 1.070382902808332481e+00 1.262488504315961935e+00 -4.485945312189130729e-01
3.013802746551249356e+00 1.096431655013402562e+00 1.511890603525134047e+00 -2.376032069125702251e-01
3.185053664960599384e+00 1.289511099494034641e+00 1.515062503966554841e+00 -4.577537404605232507e-01
2.923280635560222773e+00 1.030008327626235509e+00 1.380569278676900158e+00 -3.043978696449198273e-01
2.829724842369186533e+00 1.159618945144426982e+00 8.930876955420321561e-01 -7.483276511734002767e-01
3.025555900588464020e+00 1.005143365097043606e+00 1.215158795593493490e+00 -5.266128259351294805e-01
3.026637802771727337e+00 1.268586157096762257e+00 1.475994975047951741e+00 -4.138838743067889125e-01
2.585175769809505031e+00 1.050132347263022625e+00 -1.133034883141350813e+00 -1.506983173171647095e-01
3.018033574590883283e+00 1.150330561997887191e+00 1.187368364613877736e+00 -6.779118834449388009e-01
2.958498376949601827e+00 1.002426629462341179e+00 9.957274786312584336e-01 -6.822144228351731954e-01
3.044548623280448396e+00 1.157601317985383460e+00 1.121011531996773281e+00 -8.247013114131198641e-01
2.567777226495695064e+00 1.055026062711783785e+00 -6.750327917917209319e-01 -4.798372315572324021e-01
3.103621328948243274e+00 1.068812582989461246e+00 1.102260430181324358e+00 -6.410221585815657486e-01
3.011127919470741876e+00 1.092811038701404502e+00 1.298669067350566086e+00 -4.826056520652370341e-01
2.969359223270141346e+00 1.134460744981520275e+00 9.231944947719175065e-01 -9.485179068681411918e-01
2.921461588943800702e+00 9.913581701298618265e-01 1.166062331507374816e+00 -5.663128552959495465e-01
2.996107130129452401e+00 1.135685930700733870e+00 1.186416448328865059e+00 -6.865056533939191130e-01
2.951825220950197615e+00 1.038334243904275533e+00 7.906358137335075531e-01 -1.101430670620970220e+00
3.098563355864218494e+00 1.451502435538372771e+00 2.033340935911982950e+00 -1.498331549798482265e-01
3.039449296759918706e+00 1.190878722364501430e+00 1.200459988220125451e+00 -7.808220285485436563e-01
3.042534739144040046e+00 1.136816172696089922e+00 1.199019487779423132e+00 -8.445910532259066628e-01
2.958780054167843954e+00 1.058712662605472365e+00 1.494698847954084364e+00 -3.516750725270085254e-01
2.976492685132463123e+00 1.132263233637813560e+00 1.259212744381542182e+00 -3.446189335831374434e-01
3.066666248383793203e+00 1.156653902626109121e+00 1.285537007745006788e+00 -5.284504317410925189e-01
3.160652527930723821e+00 1.361919799382566243e+00 1.410624980408081486e+00 -4.768018859888299432e-01
2.939160475234142034e+00 1.014068697683443654e+00 1.250312328960623498e+00 -4.795360070320453527e-01
2.985056425363965094e+00 1.155822262733753769e+00 1.422543904833110995e+00 -4.513304605080969978e-01
2.989070137053058129e+00 1.065871397061552317e+00 1.029342342588078996e+00 -7.331403469591751820e-01
2.953088568730242169e+00 1.119012519401520800e+00 1.554367835508301710e+00 -1.708239067807198752e-01
3.071213870671837487e+00 1.143619146061613190e+00 1.619018285685475345e+00 -3.202398836154659034e-01
2.964478211140875175e+00 1.096191226638140614e+00 1.245908496701952251e+00 -5.362903111781028853e-01
3.158527530014456186e+00 1.291706575484626418e+00 1.362439400501092246e+00 -5.583351459805027117e-01
2.981245461230634497e+00 1.063965963435432149e+00 1.584449732652367437e+00 -1.577285124441675235e-01
2.956260523355886072e+00 1.050409833336577670e+00 9.754769587461377123e-01 -8.058807097235296535e-01
2.995981020338536638e+00 1.020659099805104608e+00 9.769090858321091142e-01 -6.545069358857040775e-01
3.024391092202371567e+00 1.044780912900150849e+00 1.349916137742235733e+00 -4.650128762582009245e-01
3.041517912551778391e+00 1.093050482715249405e+00 9.072763327241979425e-01 -7.059940732465017632e-01
2.993134892187452767e+00 1.110808747217672643e+00 1.470332177548134611e+00 -4.777896504338203232e-01
3.054101548892332207e+00 1.290155429860790459e+00 1.433836369307536440e+00 -4.604521845486970744e-01
2.970735120841514476e+00 1.062743203972044359e+00 1.085020690618536010e+00 -7.632635186059677501e-01
2.978873410473579675e+00 1.011361766584144117e+00 8.532743801801241368e-01 -8.356464353520667299e-01
3.106816889279211402e+00 1.213911455479135482e+00 1.359786316908715875e+00 -5.363854841210164981e-01
3.022018880059798018e+00 1.028768904260758843e+00 8.248573662034026643e-01 -8.707461609816641301e-01
2.965990973866425406e+00 1.160977693313123726e+00 1.175545166856669654e+00 -7.575756333629212191e-01
3.004112656521265468e+00 1.088069459618709267e+00 1.035866832138660154e+00 -7.278222226409840623e-01
3.032922310807464328e+00 1.086638095577096452e+00 1.296425059767220000e+00 -5.203422948068776588e-01
3.019338955037089267e+00 1.093814115854426117e+00 1.239903113814661229e+00 -5.483888275393949963e-01
3.092828441294899644e+00 1.106728868315907111e+00 1.204675884880527459e+00 -6.947982400120760182e-01
2.997268039473789614e+00 1.020042958905578390e+00 8.870727880639431850e-01 -8.540316450213992772e-01
3.101882038523021023e+00 1.106504541005931319e+00 1.502516780155895404e+00 -2.912103698565760568e-01
3.185048292038560103e+00 1.296531549349576151e+00 1.275369731736945678e+00 -7.281469403021402220e-01
2.559756653633055379e+00 9.615295047212225610e-01 -9.519658906243859686e-01 -5.056356385655723373e-02
3.013203120724962325e+00 1.181861764777446533e+00 1.146158870072414571e+00 -7.934944808546796624e-01
3.045147012095711148e+00 1.054589005417551739e+00 1.315011738734429558e+00 -4.303112278001779978e-01
3.022599855154361581e+00 1.198222278950652253e+00 1.483055015933813614e+00 -4.630897509242707932e-01
3.211379551594743642e+00 1.312050113264037643e+00 1.194813943057687400e+00 -8.502751484919408576e-01
3.025973655598537260e+00 1.118760227179100619e+00 1.181833900362073919e+00 -5.398709413236782995e-01
3.109117965284888818e+00 1.166431433216096325e+00 9.883340182941312557e-01 -1.054280318300728991e+00
3.080526151914162458e+00 1.134441106680066369e+00 1.444284841101235672e+00 -4.335181456252993892e-01
3.072298048886878075e+00 1.232275076932824120e+00 9.400554022809491928e-01 -1.242934781615012474e+00
2.986524539601304262e+00 1.161540011804024664e+00 1.142967800406254231e+00 -7.271710094388397216e-01
3.015530488024396050e+00 1.102448554214704224e+00 1.141009825874807815e+00 -5.520130562823616360e-01
2.953656756059733990e+00 9.428930833087214580e-01 9.776495207115871722e-01 -5.523007231884277113e-01
2.952089745722803027e+00 1.070413666496415228e+00 1.040745686569180428e+00 -6.863011280049612362e-01
2.935358484811411817e+00 1.068563633012529657e+00 1.518519731786905469e+00 -2.820407594199071388e-01
3.053072548978838618e+00 1.230562244602811051e+00 1.544020244024710831e+00 -5.399614922815384466e-01
3.007076933001561425e+00 1.082605930393964799e+00 1.410033099797033396e+00 -4.723736298474980888e-01
2.599035448174551455e+00 9.984641524386268507e-01 -8.417166084267683202e-01 -2.229116114327777676e-01
2.979643165500265312e+00 1.163622701511809909e+00 1.487874292430481971e+00 -2.360967604784151574e-01
3.114006453535164809e+00 1.305138047512720556e+00 1.455462385451088192e+00 -6.786519113185891516e-01
3.086191733605955001e+00 1.203415877881654605e+00 1.205483919947706761e+00 -7.505424515059649915e-01
2.536971259499325893e+00 9.473773460405452429e-01 -1.560930062699150467e+00 2.544290091912686513e-01
2.538508795082316194e+00 1.004113655102458535e+00 -9.917818251385923656e-01 -4.909003147999914385e-02
3.132746816055026695e+00 1.302674053248389363e+00 1.390278857471222818e+00 -7.918744642813368984e-01
3.000982293856734096e+00 1.143352711245302578e+00 1.055313137083059294e+00 -8.665432561566421832e-01
3.014927546598356489e+00 1.119463981579660095e+00 1.348710569909916668e+00 -3.436165521970129810e-01
3.050387951416461352e+00 1.069323522709935359e+00 1.392118766956751186e+00 -2.350415108772290207e-01
2.563605179441509563e+00 9.730768687666530026e-01 -9.613477568343650193e-01 -1.470879378658005582e-02
2.979696938954054186e+00 1.040940684505411662e+00 1.285963430279556619e+00 -4.288987780461770427e-01
3.025669699609248919e+00 1.155843595202100449e+00 1.253636141619284050e+00 -5.869506027487694233e-01
2.515545710877424401e+00 1.036120010150419768e+00 -1.404056235926264273e+00 1.261389568467578270e-01
3.047650200218973815e+00 1.046346171695490934e+00 9.630022914757463415e-01 -8.431405784541213810e-01
2.607187422985300707e+00 1.065559866455954241e+00 -1.032524011320892221e+00 2.555526128991819634e-04
3.001001172810143114e+00 1.088310444464051452e+00 1.537177442562919882e+00 -3.627279392862802765e-01
2.937869849718643067e+00 1.135615516466281338e+00 1.117917371037276952e+00 -7.545044188712773936e-01
3.122561645074685366e+00 1.274207152613746397e+00 1.256342827397839867e+00 -6.713095285441037507e-01
3.080771969928019605e+00 1.092981951066025026e+00 1.529110066635023468e+00 -2.656136824599105717e-01
3.097654277713406401e+00 1.260570886402477608e+00 1.267394348255071135e+00 -6.767289580608982780e-01
2.973270696788923750e+00 1.116093051526724667e+00 1.000396902698252211e+00 -7.847181739944653067e-01
3.170754460825763399e+00 1.312243025347581415e+00 1.250716821698196313e+00 -7.800511500758776640e-01
3.012914778908406532e+00 1.072124530466440628e+00 1.470195964701070057e+00 -2.731239081944583091e-01
2.954400822063278031e+00 1.086578500624366672e+00 1.234430738610192035e+00 -5.926079065509451960e-01
2.904426397833671736e+00 1.049964543257779104e+00 9.613607454417998355e-01 -6.592676106618265974e-01
2.572729391095332829e+00 1.072915342530712302e+00 -9.604197593797633159e-01 -4.411083732778398742e-02
2.955833047492642862e+00 9.953188406924825538e-01 9.070718431896340750e-01 -8.646028129505455295e-01
3.034138015693789825e+00 1.240044406215430106e+00 1.419598961899903866e+00 -5.821590849661797407e-01
2.941517360752821997e+00 1.013254208633533882e+00 1.240528257135384393e+00 -3.735278636365091942e-01
3.113470309106014078e+00 1.301887771223799284e+00 1.314637783007699845e+00 -5.563401476860945216e-01
3.035010659946642875e+00 1.153170104352742253e+00 1.388264330811650460e+00 -4.333337876503798314e-01
2.567021569999353936e+00 1.007873533010951617e+00 -1.067049677349211745e+00 -1.764782831274983865e-01
3.010807478657079095e+00 9.997307016032038751e-01 1.011941432121905349e+00 -4.780732338163868334e-01
2.874298704755455347e+00 1.071499713406548038e+00 9.226932498738695809e-01 -8.790086618743718772e-01
2.940662470175733567e+00 1.133238804022317359e+00 1.073382977522304937e+00 -8.034632094387723633e-01
3.025505640749607039e+00 1.046658371826238998e+00 9.978805571075903824e-01 -8.208896682079369622e-01
3.003453603623249979e+00 1.125270621892352940e+00 1.217632676797298696e+00 -6.083500243507673488e-01
3.060029140348802468e+00 1.221278894088122735e+00 1.580380097887291946e+00 -3.911854664313672014e-01
3.054293009163091099e+00 1.138473232418353520e+00 1.078848801912873911e+00 -8.824535945127882641e-01
3.026976320555577971e+00 1.091914139247462279e+00 1.297413461215338515e+00 -4.183042631675435441e-01
3.006998279407395724e+00 1.165330451124151789e+00 1.178775610053166334e+00 -5.702925902979691930e-01
3.024716417609015107e+00 1.166116875803114850e+00 1.206152254234098553e+00 -6.971197478242340262e-01
2.964254590228529107e+00 1.066229067867859648e+00 1.330071669786941024e+00 -5.198174764387982760e-01
2.953679370087750833e+00 1.063778029814607562e+00 1.320337344377870537e+00 -1.994162763105086222e-01
2.977305555521824854e+00 1.039851184056142186e+00 1.002086572327691938e+00 -6.858821642771957272e-01
3.056541568080725746e+00 1.176272195708840007e+00 1.495105161396501403e+00 -3.545233068849188984e-01
3.017996995082931733e+00 1.070234709255903471e+00 1.001899201153752195e+00 -8.762557302710727303e-01
3.087170947503237173e+00 1.101699995231573137e+00 1.148307347446635429e+00 -7.260753987809984711e-01
3.066856647907605815e+00 1.078568508311923635e+00 9.531558030640828738e-01 -6.128336865396520894e-01
2.977442158157993291e+00 1.009440416055303436e+00 9.139754108645767872e-01 -7.832483930378884018e-01
3.009201360745068943e+00 1.149106512843306449e+00 1.046480404869120528e+00 -8.263388310592287844e-01
2.996409519509009911e+00 1.118930377374443674e+00 1.458126424829507384e+00 -4.000497461369039720e-01
3.045981530038108787e+00 1.250569309406138752e+00 1.412192293892807093e+00 -3.452394332225181550e-01
2.968061745033493182e+00 1.126268173005458673e+00 1.230815332217079172e+00 -7.379120177301078387e-01
2.965496327789962194e+00 9.882366466479377554e-01 9.867198423004739372e-01 -6.973140254225419499e-01
2.988629534660127263e+00 1.047618277415491406e+00 1.443311840247940125e+00 -1.145153941476536041e-01
2.934184275042468037e+00 9.728711953758025777e-01 9.899885932847587444e-01 -6.508347587120514310e-01
3.094939938128948409e+00 1.311457902501797612e+00 1.446926246713348796e+00 -5.213561980696465037e-01
3.042226457966451303e+00 1.275971339567909091e+00 1.370187065803435411e+00 -5.397433583796160672e-01
3.031332669306464389e+00 1.156557037262930798e+00 1.054598248026910490e+00 -9.897961433853348368e-01
2.983139259659699505e+00 1.088027456942110005e+00 8.516798734228674395e-01 -9.413750838049479430e-01
3.048041751435329960e+00 1.092855704011435947e+00 9.577355083994977258e-01 -8.317217457535084346e-01
2.971830492581966077e+00 1.043342902471795952e+00 1.286895804601416060e+00 -4.724278600051654009e-01
2.586470481632882290e+00 1.083945816857270206e+00 -8.505910867589009383e-01 -1.064969397706934939e-01
2.963440763135868128e+00 1.030874858884573309e+00 1.555009779154579164e+00 -2.923029739976488184e-01
3.065645121419735109e+00 1.084606963463233154e+00 9.283805091317264280e-01 -9.051391235548102987e-01
3.003471524341637000e+00 1.244418595751031864e+00 1.439638303827962318e+00 -6.561256930050690661e-01
3.005371067314662525e+00 1.027807676287821215e+00 9.098563692824414018e-01 -1.009405991214825882e+00
3.084707901975413336e+00 1.261983649468573665e+00 1.267756218344613828e+00 -4.814859142415056081e-01
2.967855938557133921e+00 1.071408967519118294e+00 1.004443238699140206e+00 -8.056629865588880168e-01
3.059440021480322347e+00 1.107536211915839397e+00 1.119018801131171026e+00 -8.297829488958343713e-01
2.946749740312340382e+00 1.129649421191196490e+00 1.039907199253807146e+00 -8.439267536430219430e-01
3.147327716525238017e+00 1.242445889273829263e+00 1.291337787846745133e+00 -7.832175847326916518e-01
3.016569402404999600e+00 1.094078547762019848e+00 1.567216942977069483e+00 -4.214764419643749482e-01
2.920100688760880026e+00 9.491580035051860875e-01 8.225539467525361248e-01 -6.899906753957478767e-01
2.989426931377819230e+00 1.191381804850166093e+00 1.274077713014631685e+00 -6.480249168662756132e-01
3.028602034184267655e+00 1.116603025210326283e+00 1.328777982235080035e+00 -5.662773351503881392e-01
3.068550206594944374e+00 1.079503829004552662e+00 1.502752166951963231e+00 -3.064027601418125579e-01
3.026131077475290532e+00 1.108435789621867951e+00 1.418663350620177566e+00 -5.302086283315732285e-01
2.999676030402421922e+00 1.083775789615782026e+00 1.327501058793385758e+00 -5.274958444784993983e-01
2.520474756335773225e+00 1.036950696852280362e+00 -1.203051521704027182e+00 6.719053643498351658e-02
2.998708750758216635e+00 1.104224077949029992e+00 1.064237385330874641e+00 -7.932669892818522417e-01
3.051391771982209455e+00 1.016038480893672435e+00 9.354792688412730817e-01 -7.701241911035410226e-01
3.085237916407964409e+00 1.126821605960288242e+00 1.389674994679931830e+00 -2.682955491768854728e-01
2.897372676037059502e+00 1.038220214489811832e+00 1.021852104966929575e+00 -7.597992963581984283e-01
2.951493184427746552e+00 9.774316847330108970e-01 8.120334929814081448e-01 -1.003273471594744892e+00
2.908674991448152003e+00 1.089361211828612230e+00 9.191262045599848385e-01 -9.896491570997429932e-01
3.011134804670330567e+00 1.079993721223173830e+00 1.039962878540318991e+00 -8.342705032362088824e-01
3.009034191871481134e+00 1.025249146258858213e+00 9.774240059440767459e-01 -7.495561232478760161e-01
2.993441255015183433e+00 1.098147020462274082e+00 1.472401973355829119e+00 -4.528456827855705802e-01
2.979061143487398144e+00 1.092190685232255598e+00 1.049062725242972061e+00 -6.683778060577330038e-01
2.631590371922154947e+00 1.019732777650501854e+00 -1.326368301245586245e+00 1.627521100835224721e-01
2.969826816567657790e+00 1.101946758701186857e+00 1.275155031985024223e+00 -4.145128455473556794e-01
2.935034156164971542e+00 1.087488936028829345e+00 7.742932559592405894e-01 -1.304659021401058494e+00
2.995874217657876759e+00 1.104019035991218978e+00 1.537396344341452004e+00 -2.501052005094204223e-01
2.946231325734913309e+00 1.040504073042147315e+00 8.628169722870855374e-01 -7.693879888524105537e-01
2.594270982264885728e+00 9.646220768615407781e-01 -8.634084085841321476e-01 -2.096551455207026904e-01
3.037942851829042112e+00 1.025580240333958226e+00 7.717816401599097986e-01 -8.069840942687801499e-01
3.088030001913629974e+00 1.116080880917517781e+00 9.993450903618750214e-01 -8.245075065208566922e-01
2.535812196381628247e+00 1.038606489144261902e+00 -7.711478742517134943e-01 -1.163221722566186722e-01
3.085036326659396977e+00 1.116226974289105556e+00 1.332649115541784113e+00 -5.421729999567920233e-01
2.965910369954782855e+00 9.987028436280063204e-01 1.156298562743695690e+00 -5.534973077139678788e-01
3.170686334982677934e+00 1.421012290880050877e+00 1.251377642853573668e+00 -8.185971182485931585e-01
2.521396573126433616e+00 1.029632528820110693e+00 -5.922763456182550401e-01 -3.089351155947239191e-01
2.968988413239729063e+00 1.006519397518169212e+00 9.880106525201308720e-01 -6.384877153294644669e-01
3.033621694316125605e+00 1.102019668993973633e+00 1.101138573542966848e+00 -6.568858312868455229e-01
3.050661525956559483e+00 1.099490266256348603e+00 1.530150613071557197e+00 -3.553133529915549760e-01
2.969898959468145971e+00 1.135553591136143181e+00 1.356316505171381026e+00 -4.750667386449679563e-01
2.974450974951498239e+00 1.133301987678640543e+00 1.402169028905565717e+00 -5.030412211072092799e-01
2.971992944203250442e+00 1.185210311325034960e+00 9.981073980509632682e-01 -7.101324711551678659e-01
2.973630358465870316e+00 1.012464876600422947e+00 1.013915157478114226e+00 -7.007470551789866109e-01
3.031143149070829157e+00 1.172102802727555293e+00 1.186668170495680741e+00 -7.109472179762296173e-01
2.925261018604992547e+00 9.963329900986455101e-01 1.209772559920333945e+00 -5.159296623109711488e-01
2.440852458227210420e+00 1.045113436289759612e+00 -1.467899259451570293e+00 1.272840869061090535e-02
2.950561522194499187e+00 1.054820363743102396e+00 1.014302949886098038e+00 -8.249370081704158197e-01
2.558316284857175660e+00 9.516951294856877963e-01 -1.428108772632955992e+00 1.579081799418133591e-01
2.933140404587463834e+00 9.559374881088459341e-01 9.366368037969869942e-01 -7.583634641266937537e-01
2.990540998472443590e+00 1.142211393556988197e+00 1.318896466915634669e+00 -7.057367704806587483e-01
2.920519718255900621e+00 9.881988692642925676e-01 7.757837046486336652e-01 -8.524403667387480121e-01
3.046102504853054782e+00 1.162875488139600844e+00 1.615156224778316663e+00 -2.442249996871944384e-01
3.018640325849791139e+00 1.112451409178842221e+00 1.028128586970519898e+00 -1.020192596953394482e+00
2.995149124017889353e+00 1.096886012679457068e+00 1.335970605042544612e+00 -4.348864845504251675e-01
3.032112834163038340e+00 1.119402841933095027e+00 1.288797469515976957e+00 -4.465705415095690967e-01
2.963684976692087414e+00 1.141186788950701470e+00 1.065897231664197697e+00 -8.728228936513188208e-01
2.996795912206300372e+00 1.080242285532609925e+00 1.059820931543537403e+00 -7.285679098789520358e-01
3.098927158938003856e+00 1.278182346123731383e+00 1.668108292317225017e+00 -3.130446196192065433e-01
2.604711289845259348e+00 9.492665956100070357e-01 -1.014691664170722651e+00 2.073058431729535855e-01
3.023109509962955244e+00 1.096871766021825678e+00 9.922170132055365688e-01 -8.103056987837747860e-01
2.949605865528503568e+00 1.079571285435341421e+00 1.082155716825978109e+00 -5.789259333251562945e-01
3.057629642212962295e+00 1.209010923305897212e+00 1.413335476465120255e+00 -5.125673376796394676e-01
2.995611145201417802e+00 1.042546779872590479e+00 1.070827382479510037e+00 -8.512924855609835806e-01
3.008583768339249342e+00 1.042332695747851146e+00 1.236570538578478207e+00 -4.506475289072218726e-01
3.019297021572625805e+00 1.179686500820118722e+00 1.290228551450066208e+00 -4.951002538979240031e-01
2.485256672964586411e+00 1.102865868329587107e+00 -1.144961119240679892e+00 -1.100108228767028989e-01
2.487618089045090297e+00 1.066530022962745461e+00 -8.660067592754709942e-01 -2.757781565048038619e-01
2.989327620684103959e+00 1.093780314485172322e+00 1.299849474873656208e+00 -5.120359891372130434e-01
2.905954615934779550e+00 1.025265630425400420e+00 7.200406367601859259e-01 -1.079629108362871959e+00
2.465629513609230550e+00 1.085242548225349601e+00 -1.369441551638396648e+00 -8.838939783654654880e-02
2.972215531142509359e+00 1.071201439516995091e+00 1.370776282570283167e+00 -4.539951118867221469e-01
2.992882128533448149e+00 1.123667483732639916e+00 1.512203641949219746e+00 -2.929340028113835426e-01
2.904876706177383472e+00 9.472358755562849675e-01 1.009872658453828898e+00 -4.191241526092533976e-01
2.889249508450046022e+00 1.032013103142875421e+00 1.107907606122084276e+00 -8.068992151092700960e-01
2.953694308682368153e+00 1.012230099711002973e+00 9.292252939859106942e-01 -7.724296098089663554e-01
3.018084981115952914e+00 1.048578630042876769e+00 1.261702736698292693e+00 -4.242195905955963853e-01
2.935661785932817569e+00 1.183285479727778311e+00 1.328039632244896184e+00 -5.560737243645513805e-01
3.003650742241303906e+00 1.156053639804682565e+00 8.382271962786010944e-01 -9.454628143745056335e-01
3.071918074056371850e+00 1.264557755082748258e+00 1.280956638681554516e+00 -6.848663957883098785e-01
2.996979409582239740e+00 1.158459630262893114e+00 1.207860402418111212e+00 -5.048711507792931208e-01
2.946902674300569291e+00 1.111834901621962191e+00 9.655053376717034341e-01 -8.086882217765199998e-01
2.925450475171031073e+00 9.800985780410806925e-01 1.079105555952376561e+00 -5.396031711614357462e-01
3.043747753349307139e+00 1.193147356524217217e+00 1.659617790899980738e+00 -3.857173575049973047e-01
3.148344069602728723e+00 1.248438028919067078e+00 1.397169196165614080e+00 -5.358277626753866762e-01
2.552718572504351968e+00 9.927982962976243941e-01 -1.106222837027974748e+00 1.666859824672917156e-02
3.009016704298810296e+00 1.115098199481157737e+00 1.214048332432548394e+00 -6.476510985204629867e-01
2.911781100028419722e+00 1.004340182460410125e+00 9.842653006861890042e-01 -6.412166131989894824e-01
2.522187299261506421e+00 1.091616433000017761e+00 -1.003188202745324276e+00 -2.396161434226915798e-01
2.952660241544817321e+00 1.081122729067772292e+00 1.009736087760791934e+00 -7.984081121382790025e-01
2.912626680361877440e+00 1.139030898710138962e+00 9.856432932887385645e-01 -8.190885649964675386e-01
3.007246524506351548e+00 1.126629028663767906e+00 1.216353495429141951e+00 -5.248666560640558032e-01
2.994204363965509152e+00 9.943157324706647371e-01 9.721969764100159006e-01 -7.005128108934866038e-01
3.017745602970726804e+00 1.199973210312276661e+00 1.132245733829609913e+00 -7.811579459293487293e-01
3.186890754006539872e+00 1.302263000177458663e+00 1.608066758573195365e+00 -6.125795269844823698e-01
3.000916870202228193e+00 1.034012502861257232e+00 9.358348353632600647e-01 -7.244069298035452631e-01
3.053427053197665497e+00 1.214650662734482855e+00 1.485263727395050637e+00 -3.872955124369443225e-01
2.941049737283163434e+00 1.015608897619326267e+00 9.807867137848779171e-01 -6.441953324994768026e-01
3.015654716220794285e+00 1.108433746160736977e+00 8.863406109281122269e-01 -1.027112015291269609e+00
2.996253823939243333e+00 1.076843283764437276e+00 1.020528355742622573e+00 -8.756078667274623806e-01
2.584262978038724956e+00 1.052157845894722499e+00 -6.786716357910579367e-01 -3.080658327003606423e-01
2.924092627129568189e+00 1.007607072868316855e+00 1.055795920799404319e+00 -6.258680169497082835e-01
2.578998812219796655e+00 9.648673069728900265e-01 -1.181809692139765611e+00 -1.626863929052443924e-02
2.974425763194364247e+00 1.033884699794852979e+00 9.588628206371662133e-01 -7.561314228280321403e-01
3.019835698409338853e+00 1.149087258855520988e+00 1.242875864218774939e+00 -5.177123578431591655e-01
3.004277688344441977e+00 1.037040954711906604e+00 7.924229485041826004e-01 -9.629387088493370772e-01
3.048885872736997182e+00 1.233446802694479594e+00 1.124499858530094043e+00 -8.387291708029291915e-01
2.566089072948915195e+00 9.748087284753297332e-01 -7.304437174757760776e-01 -1.045616269841457696e-01
2.986987305864072351e+00 1.117529409154815134e+00 1.413518976251312953e+00 -4.741871294465547781e-01
2.543181568385996183e+00 9.921756872049446452e-01 -6.295057704372700735e-01 -9.797001283806705541e-02
3.001679320825885178e+00 1.105029463080574592e+00 1.258678767814510602e+00 -5.658323563992474492e-01
3.042950607965523968e+00 1.110735606260119246e+00 1.262457676125819717e+00 -6.853478579517273683e-01
2.984583346822015315e+00 1.010111342107871568e+00 9.780201743018682725e-01 -6.403663998072564034e-01
2.992463741187665338e+00 1.079237706260049112e+00 1.176545031630126248e+00 -5.157777554516110863e-01
3.004853081928140490e+00 1.058649310966167434e+00 1.094538031756217888e+00 -7.423617196640357463e-01
2.934210598491897581e+00 1.078364707034464631e+00 1.009045956648268794e+00 -8.082604236536532483e-01
2.558341129207743148e+00 1.124969621326583180e+00 -1.200065442013421357e+00 6.504176310474027445e-02
3.089241543518516320e+00 1.175532684002915884e+00 1.541801515912063270e+00 -4.364514144136789064e-01
3.001412895049850427e+00 1.080673689077926936e+00 1.085800900693078885e+00 -6.353698703739748543e-01
2.976396157446654644e+00 1.163105263353724883e+00 1.399596101169001017e+00 -5.584086484992009103e-01
3.008329110894043534e+00 1.077330083403772232e+00 1.246088026468215038e+00 -3.468809060317270543e-01
2.961115908796304819e+00 1.033223091328438592e+00 1.103664626698501960e+00 -6.493823589785295836e-01
2.921542404627766043e+00 1.075534827012381234e+00 9.404825881227260043e-01 -8.594192696742475324e-01
2.566634762454762964e+00 1.050443252132154948e+00 -1.077294496722658756e+00 -4.737902251157366518e-02
3.035443474731016611e+00 1.095335536829764589e+00 1.552809439704267991e+00 -2.575697750516077189e-01
3.034947695388271693e+00 1.140114567923072642e+00 1.283443987486342586e+00 -6.002172233956758474e-01
2.926488792861315247e+00 9.872809793196354322e-01 1.007266067380944596e+00 -7.235236086516295684e-01
3.076370326160659641e+00 1.174308025662455623e+00 1.560098533533796017e+00 -4.036899602244458651e-01
3.140589069391548804e+00 1.296986885539255452e+00 1.575438814721631164e+00 -4.183923538142405030e-01
2.939765548319966726e+00 9.788349929246330516e-01 9.288242264157019479e-01 -6.960382987130497856e-01
3.004216432570184114e+00 1.114943141654275882e+00 1.024312751049368586e+00 -7.704673721465998826e-01
2.995114427226397869e+00 1.072097216532492236e+00 1.393541909389345301e+00 -2.360630671904343503e-01
3.084834628058190642e+00 1.089184448818248718e+00 1.205234260404066893e+00 -5.981227853723182220e-01
3.044111729853955062e+00 1.094353248474946305e+00 1.219705909914089670e+00 -5.758140623012742987e-01
2.896485905505952640e+00 1.126798381454431786e+00 1.335462994202344822e+00 -4.724201736896805337e-01
2.925852131804182577e+00 9.834907128737138127e-01 9.173644345570699521e-01 -7.444462247113816655e-01
3.035397464023323444e+00 1.184453774532855386e+00 1.321707400840182345e+00 -4.272567706722887881e-01
2.948448445684908936e+00 1.079633671837160414e+00 1.024068756844458639e+00 -1.000650872801552405e+00
3.024958378360799394e+00 1.058162085299936717e+00 1.144514741347980369e+00 -5.950494415084647271e-01
2.915867961741089864e+00 9.782107918853638617e-01 8.001106886597940671e-01 -1.020915473517028271e+00
3.247957123279901825e+00 1.490368201294130390e+00 1.930065228412876754e+00 -3.135867639431518805e-01
2.933020684876036288e+00 1.021762762068900710e+00 1.041225482554508419e+00 -7.454688767818977713e-01
2.978762580053093245e+00 1.198872623232623669e+00 1.569005167317944816e+00 -4.199195895505283271e-01
2.563579505946950388e+00 1.025545850205469511e+00 -5.041351015943621450e-01 -3.071486783056935899e-01
2.861376459523295335e+00 9.891299296793021334e-01 9.506308073903172451e-01 -7.319684864884938857e-01
2.498078340453589785e+00 1.087276997951122981e+00 -9.650492461080695250e-01 -3.659361464877922687e-01
2.984934427460286699e+00 1.139456261887195732e+00 1.105775663852957669e+00 -8.587473000937959622e-01
2.937461229356957304e+00 1.119675345088942064e+00 1.393044507487429806e+00 -5.583523668151644248e-01
3.178775004218298950e+00 1.348015920620502683e+00 1.523792444932912327e+00 -4.813330587360214463e-01
3.147860973419712494e+00 1.226474575626377073e+00 1.315603906623750152e+00 -7.530617712873357572e-01
2.934870713417621069e+00 1.089825367897897523e+00 9.521607854320619513e-01 -8.264612229783768749e-01
2.964895808462523430e+00 1.095042134983821303e+00 1.174603351702623977e+00 -6.888311449191882874e-01
2.911315650261145471e+00 1.085451553931975788e+00 7.999455299078777060e-01 -9.943868291506421375e-01
2.953248848922852776e+00 9.627898612670833245e-01 1.109902058633947419e+00 -7.453031589879997032e-01
3.078624243747388967e+00 1.078500516477328475e+00 1.192333690187553197e+00 -6.282726191539156346e-01
2.960553908864480110e+00 1.030041618651285296e+00 6.824948814032689715e-01 -9.710421590375293288e-01
2.964399529404668332e+00 1.050210189892266444e+00 1.275150873458872569e+00 -5.200655871387209750e-01
3.046498853738975221e+00 1.209712502653453425e+00 1.558201546069130305e+00 -4.458125244211215144e-01
3.080745797140819864e+00 1.157190926042154233e+00 1.458723664180350710e+00 -3.455631523421314188e-01
3.182034983361034186e+00 1.265367332923153620e+00 1.291886464493855913e+00 -7.070159696156039786e-01
2.998794872711528559e+00 1.067872717821209072e+00 9.351381657794080038e-01 -8.073177409250457126e-01
2.953678317211752447e+00 1.125980066568665672e+00 1.075140848474191557e+00 -8.679220918030090548e-01
3.048187725392232927e+00 1.160451542689447724e+00 1.232639241169912525e+00 -5.408783385416067180e-01
3.080340293806186569e+00 1.126245856714616966e+00 1.167173632282205720e+00 -5.695864300395220292e-01
2.952279205931607198e+00 1.106874265791846002e+00 1.135273163993906875e+00 -5.872411384515590083e-01
2.498633186395441186e+00 1.047646065440605900e+00 -9.680023112877234048e-01 -1.532375142274899071e-01
3.015220078862149045e+00 1.050334884950734571e+00 1.125380552188317562e+00 -6.645246381578849837e-01
2.586940471685239551e+00 9.999246084386292921e-01 -1.241829787997918544e+00 3.591214226536636883e-02
3.032242034879812032e+00 1.127628569629549826e+00 1.485501581891366163e+00 -2.914780813499384116e-01
3.046358481082458880e+00 1.170352754484610847e+00 1.529507635004144772e+00 -1.935707261570280835e-01
3.017389111625361497e+00 1.093427108880084875e+00 1.189186147856797326e+00 -5.603262463090217249e-01
3.001434408859468661e+00 1.123489387944904605e+00 1.012016690397657293e+00 -8.731768955273645494e-01
2.962568130242977826e+00 9.964695834443626499e-01 1.055459516315804036e+00 -5.112555636236247869e-01
2.950106744669155123e+00 9.851313704691777584e-01 1.092828890255333141e+00 -5.638568922688856899e-01
3.001268561657935319e+00 1.146466708225938991e+00 1.264608127934038873e+00 -4.601734299532236339e-01
2.978929504292617381e+00 1.048099244840527300e+00 1.053963967125045587e+00 -6.854257353466198799e-01
2.927327748605543345e+00 1.124342799413762473e+00 1.604468164918802842e+00 -2.398851276656159548e-01
3.001253669223100662e+00 1.038838271977166716e+00 1.007144891023162181e+00 -6.155860411723221848e-01
2.977480390657050169e+00 1.037402831217847154e+00 1.076195542265314442e+00 -8.091395182064980984e-01
2.996237524265356278e+00 1.112578911341862042e+00 1.229687783876464602e+00 -5.351742095888314399e-01
2.939535681269546341e+00 9.695327966570236322e-01 1.083026560877374145e+00 -4.522501589949879386e-01
2.945373594848180510e+00 9.649241107890673685e-01 1.027801414281697800e+00 -7.122089893368603875e-01
3.035985442216021735e+00 1.100754076455536801e+00 1.521908618649793876e+00 -3.959275484872490369e-01
3.047665078773546643e+00 1.162916166980890509e+00 1.203296950187100256e+00 -7.574853551034524957e-01
3.194518327837263527e+00 1.291957837550586241e+00 1.488873222514760064e+00 -5.166751924039767463e-01
2.974280463660537333e+00 1.106777149547218286e+00 1.560062312197942447e+00 -3.195787800669245837e-01
3.074195643088551755e+00 1.093218708196589839e+00 1.117271898198761049e+00 -5.966534986099560900e-01
3.154814324953703952e+00 1.320433216037965263e+00 1.520963622389658543e+00 -5.535385277819195871e-01
3.045942887002941912e+00 1.046231538304265740e+00 1.566789301744334617e+00 -2.901421476094976359e-01
2.989497738908543312e+00 1.057671951319711035e+00 1.666758344386626511e+00 -1.756770995545680891e-01
3.013944249787498642e+00 1.021319024053852109e+00 9.510477515947257654e-01 -7.649086179152111420e-01
2.996742585505536738e+00 1.138130180049631290e+00 9.101843902251893770e-01 -9.929920102583376096e-01
3.013135985237282100e+00 1.137090430144499065e+00 1.533038346547174413e+00 -2.432406552961151602e-01
2.982554330902031925e+00 9.747343857049464155e-01 8.116918064689854218e-01 -8.369025991394449804e-01
3.045404249377591910e+00 1.133192541149906196e+00 1.287724122959798434e+00 -6.287703106259998620e-01
2.999912716509731236e+00 1.070130534171187753e+00 1.416331020029574450e+00 -5.542768644348199381e-01
3.059623992555704053e+00 1.125108825237429722e+00 1.002473668524229033e+00 -1.008344617344464345e+00
3.072558947386299533e+00 1.213647073601824333e+00 1.679566098227008863e+00 -2.495353904183740534e-01
2.966391676979567293e+00 1.023578286483810551e+00 9.757242925514290066e-01 -7.496327717558336490e-01
3.007771464391978622e+00 1.123557895127870410e+00 1.379511943934276230e+00 -5.526898929137540328e-01
3.003486679001943216e+00 1.023472310219582404e+00 1.545209950296210666e+00 -3.616718978074964230e-01
2.941766419100567909e+00 1.019258695446587204e+00 9.624700069009228809e-01 -8.301627192762631724e-01
3.124087727561650318e+00 1.313111401054098959e+00 1.537157343442513868e+00 -4.890427603542179535e-01
3.074289953488603011e+00 1.130606526805919998e+00 1.386103768777579015e+00 -4.010614866473292683e-01
3.140450761443352778e+00 1.262580232680987402e+00 1.466646896030588731e+00 -5.408488538106960286e-01
2.640976792422640607e+00 1.004921048288757612e+00 -9.866615925901334183e-01 -1.161132798057258608e-02
2.540594087713649252e+00 1.178088608291845141e+00 -1.143906879096497242e+00 -3.926029036999975630e-02
3.011964227068706368e+00 1.134260272750306608e+00 1.320173122778542707e+00 -6.268019067150332191e-01
3.216686695034035370e+00 1.718822230612827351e+00 1.903920819330722214e+00 -4.124821152857113260e-01
3.052457985303461019e+00 1.109459619665079444e+00 9.922458080877165632e-01 -7.244635791814691972e-01
3.192769912118634146e+00 1.278956927342580041e+00 1.372351324841317277e+00 -5.968503136435590051e-01
2.927691621194066229e+00 1.056821864683244794e+00 1.100792817477511454e+00 -7.748799173705920307e-01
3.023093733670282113e+00 1.150565567572339187e+00 9.837565332108577643e-01 -8.799576993781715872e-01
2.963327344830711585e+00 1.022973937544782164e+00 7.692762514680544506e-01 -7.191938543634264214e-01
2.943529325514480988e+00 1.013534172324263016e+00 1.026050427744303661e+00 -7.524589949981451698e-01
3.046434953333760465e+00 1.331868990624384796e+00 1.488780680967455972e+00 -5.381677591916140813e-01
3.011504734138659156e+00 1.100112475401872292e+00 1.230727274400719606e+00 -5.186473273762465253e-01
2.965171459745519655e+00 9.567489978624992286e-01 9.692835364808711773e-01 -7.215454831446940220e-01
3.007891340423360926e+00 1.257862314462290021e+00 1.354342963557713775e+00 -5.690064982336383581e-01
2.966045934104654780e+00 9.887951388631301963e-01 8.217824207159788452e-01 -7.797105446024762410e-01
2.547921424785649425e+00 1.038908026896430137e+00 -8.103694018065620286e-01 -1.369100348886101715e-01
