2.689163580623316729e+00 1.174659113146909739e+00 -9.866925751777155806e-01 -8.799837491564656625e-03
3.102764202447053421e+00 1.477047568956508572e+00 1.480451988227250881e+00 -4.495022838770642015e-01
3.133918463742269900e+00 1.246321115149104930e+00 1.571686692032527866e+00 -3.718980833515158069e-01
3.116454148441837990e+00 1.331932254088453060e+00 1.337086643079860249e+00 -4.104090518012794564e-01
2.554004959715291623e+00 1.245126627861323998e+00 -1.234973346132155259e+00 7.839422790510984507e-02
3.049482279802401496e+00 1.206795706269810919e+00 9.952625305359944496e-01 -6.565770841615932163e-01
3.121459343600289760e+00 1.325727992187742288e+00 1.717561002537849379e+00 -2.936569856100957332e-01
3.071475124933072731e+00 1.188495361301680875e+00 1.154301694166198766e+00 -5.038582810442002735e-01
3.056789144076928810e+00 1.349960503824767066e+00 1.455997062014527943e+00 -3.286213649212290089e-01
3.159362609990451265e+00 1.218517133013131248e+00 1.465054847290433448e+00 -2.611746985379617136e-01
3.128426860954214295e+00 1.470475163287156439e+00 1.373890522917399215e+00 -4.582133051129209655e-01
3.154221160119628831e+00 1.386142060451400093e+00 1.451768388597494353e+00 -4.069667178640238858e-01
2.596440630736547295e+00 1.226595938422721854e+00 -9.242744478434309352e-01 1.035046190895822088e-01
3.178778242336627535e+00 1.214306424528969641e+00 1.011703505655624058e+00 -5.476970229741618956e-01
3.090385215379366723e+00 1.311529234159199531e+00 1.152543025163078383e+00 -4.523911894182544580e-01
3.115606804294059007e+00 1.389417013965361436e+00 1.439374385810520351e+00 -3.242067246842459949e-01
3.224646007057240471e+00 1.301397982901932204e+00 1.396814116167058195e+00 -2.823554463414268967e-01
3.128701049614835306e+00 1.259127376014793631e+00 1.416449939810751957e+00 -2.896924819681169772e-01
3.026375326668602650e+00 1.294404767820532154e+00 1.469382881369386773e+00 -3.130719166762502281e-01
3.198817190516562992e+00 1.308037359955336321e+00 1.162632606757348031e+00 -5.113638813209484546e-01
2.962493383432929228e+00 1.215834976400705703e+00 1.035627559800942787e+00 -7.748483918076095600e-01
3.180811446550311228e+00 1.209605555880278294e+00 1.485310978782662827e+00 -3.178459777505487915e-01
2.975081503196752575e+00 1.233516277173724474e+00 1.267766411622933020e+00 -4.544917107757577845e-01
3.207718632847567530e+00 1.237045236796723735e+00 1.171425227968557081e+00 -5.578607032028405355e-01
2.503876257794744209e+00 1.162404724689011681e+00 -1.289041307408046677e+00 9.478971846542280644e-02
3.037440096886342644e+00 1.098452202091916075e+00 9.143802849547595368e-01 -4.983089204549035478e-01
2.973937217559129653e+00 1.174422887204169763e+00 1.026602696958939021e+00 -5.424925145420882444e-01
3.157938638717705082e+00 1.274585334911167100e+00 1.455615161762992216e+00 -2.711977337165744073e-01
3.169463029847380042e+00 1.379385471740655289e+00 1.555366165201094386e+00 -2.404837020459724972e-01
2.888120325583009240e+00 1.084831653391330697e+00 8.258531968075341068e-01 -6.535261499690306897e-01
2.979509768452332175e+00 1.143200546882958024e+00 1.133372941709745341e+00 -5.127713974703258515e-01
2.624310498493003241e+00 1.156855246448022845e+00 -1.457184850420770950e+00 1.218394691338712948e-01
3.142724540495742236e+00 1.341005255393743489e+00 1.299831707586221352e+00 -4.890295753824149272e-01
3.109848085214972357e+00 1.214379909896786680e+00 1.091186288185296505e+00 -4.759098836233773278e-01
3.078140593884900245e+00 1.273901316855455601e+00 1.506933481235251948e+00 -2.903664854195532330e-01
3.170133751459591309e+00 1.211196830160318427e+00 1.356951860423257994e+00 -2.228679559742905159e-01
3.018318306533931850e+00 1.199074792092530650e+00 1.078628307348627580e+00 -5.558765105534938522e-01
3.081083884316435650e+00 1.149004772025099541e+00 9.775365192304323880e-01 -5.452946694706808373e-01
3.057521354457378937e+00 1.195324823323886232e+00 9.572472439298937985e-01 -4.422191580713172865e-01
3.081326073051361636e+00 1.280456841003029034e+00 1.582414592221631278e+00 -4.447261259331315442e-01
2.954977803979497608e+00 1.202540365308700787e+00 6.863071029453974292e-01 -1.020933761879382562e+00
3.038731259202644086e+00 1.121465712852694585e+00 9.539974859735091961e-01 -4.601720978198944323e-01
3.177980997773776739e+00 1.278937454102829996e+00 1.290542082350913944e+00 -5.001978744057761217e-01
3.210312184832094129e+00 1.378712521165658345e+00 1.533419194495576621e+00 -3.214142434905377654e-01
3.073873232401301614e+00 1.163134469106270386e+00 9.736121586088172242e-01 -5.973913169698387149e-01
2.607268391763658322e+00 1.163757002660590345e+00 -1.130907352419759260e+00 8.943374106174074856e-02
3.188775885623865491e+00 1.275868768193718639e+00 1.286559035144094976e+00 -5.900282525584672477e-01
3.090985351667236980e+00 1.439266081346932902e+00 1.251979666751736220e+00 -5.610990212602320337e-01
3.194841543548991414e+00 1.375750017785183354e+00 1.742112374507779338e+00 -2.219485124441869794e-01
3.048914766057507109e+00 1.169527013470775811e+00 1.138618208287263345e+00 -5.481719293135645099e-01
3.075759776650436539e+00 1.262389718339725686e+00 1.084310182304008219e+00 -7.363752542787155297e-01
2.957337933911928118e+00 1.175674347586880275e+00 1.053952609140411889e+00 -6.042276572392406564e-01
3.206436258570233289e+00 1.289749288757252144e+00 1.351844226200827004e+00 -6.686673578519684025e-01
3.027161545446866331e+00 1.186061254652714059e+00 1.098576098344709484e+00 -4.276336712695089082e-01
3.104075917528824391e+00 1.296413053003689697e+00 9.553942180620202951e-01 -7.569418494754633908e-01
3.054773602525233223e+00 1.254772987512467353e+00 1.021871456036651526e+00 -8.102176904408437963e-01
3.149320208571295243e+00 1.345705317776423549e+00 1.608933086074718855e+00 -4.235981004872305666e-01
3.127422063917349337e+00 1.296558593263310355e+00 1.225329230201927633e+00 -5.267600485516006348e-01
2.620200302513003621e+00 1.245746465017788518e+00 -1.626545252974055389e+00 2.887639336579216898e-01
3.247099491145937655e+00 1.215669306455273935e+00 1.245843368989677957e+00 -4.096887178998452339e-01
3.111553827993053023e+00 1.247782451447293051e+00 9.368125606742921940e-01 -6.919051432753544617e-01
3.168902425245593069e+00 1.263342754671967105e+00 1.269193343550329978e+00 -3.832015014057067459e-01
3.179721297329050067e+00 1.299212958250022920e+00 1.590098434999256627e+00 -2.239610777982248835e-01
3.148680106090932185e+00 1.220411996601460825e+00 1.030304923788982530e+00 -7.270807654921098706e-01
3.171246910237632388e+00 1.402027272496275456e+00 1.610502252518903221e+00 -4.079870936217083188e-01
3.143325485709540068e+00 1.326668584627943570e+00 1.436570457810759427e+00 -2.898369560578170079e-01
2.918947530961554016e+00 1.161182940975512334e+00 1.109933570074133291e+00 -5.265104798292171706e-01
3.283011036733620713e+00 1.467657208449570705e+00 1.621868904750469298e+00 -3.433304765061844788e-01
3.138739797497034356e+00 1.225781777020072738e+00 1.382276096662742759e+00 -3.853732756159148343e-01
3.187547691561842811e+00 1.349270239881975142e+00 1.406360947578221054e+00 -5.567182658494658209e-01
2.937412388345348457e+00 1.197832577423769918e+00 1.180655919440142254e+00 -4.065720293668893537e-01
3.118555300466733460e+00 1.264241667661395008e+00 1.117546901964958872e+00 -7.348410974720637201e-01
2.954434106639908464e+00 1.190503620515833028e+00 9.870840442330730546e-01 -5.737827087559216332e-01
3.036888447282075632e+00 1.251685806792276257e+00 1.030696929503741588e+00 -7.578568905433904490e-01
3.063069253197706399e+00 1.368648936598967580e+00 1.421903228727986024e+00 -2.447746342859339341e-01
3.029528353670560392e+00 1.349818710611472516e+00 1.571211333601943760e+00 -3.621161890094672930e-01
3.203661074103729689e+00 1.370628901444907344e+00 1.605909310026759407e+00 -2.686417404019454946e-01
3.158902490701767984e+00 1.278332303362871958e+00 1.490924904733019751e+00 -3.726767210330688695e-01
3.044762442508166522e+00 1.222469540977369151e+00 1.509288369365845428e+00 -3.361790435473419603e-01
3.011540493105597349e+00 1.176424905736453530e+00 7.021242721841717271e-01 -7.637660420273953976e-01
3.048990797336828873e+00 1.294574197240855096e+00 1.584775673266777485e+00 -3.075581159413087184e-01
3.050036573374492743e+00 1.188815165255741269e+00 9.391526866295719644e-01 -6.471652917584229670e-01
3.149676674429466416e+00 1.328423484727471404e+00 1.484309905831965093e+00 -3.653730411905440900e-01
3.051594640857170582e+00 1.178449499430841874e+00 9.749484839057418473e-01 -6.186761677607348631e-01
3.135790705995400440e+00 1.349001978424467563e+00 1.407588663424449660e+00 -5.706926056992016605e-01
3.066051332107219807e+00 1.169677475373963160e+00 1.027228738169735589e+00 -6.266681916382857986e-01
3.115846890803374958e+00 1.294766198668855228e+00 1.309233540626447478e+00 -4.182116582494360135e-01
2.924344215677419978e+00 1.007196040910805834e+00 7.535982040423218065e-01 -5.743774235745872092e-01
2.996434095695911015e+00 1.158901489414887465e+00 9.674262759124668820e-01 -4.892941836647450859e-01
2.628820541091898555e+00 1.134606163592361217e+00 -1.334833972557049275e+00 1.339305005518310054e-01
3.197357263529434501e+00 1.333455660558399591e+00 1.239555857006818140e+00 -5.427374379932163873e-01
3.011602703735746012e+00 1.305912210282293540e+00 1.196389212338155428e+00 -5.168307670085323657e-01
3.084463348320167331e+00 1.198934329594931958e+00 9.611911464246156722e-01 -6.283579443814323318e-01
3.023188671456396914e+00 1.144924748551514826e+00 9.732497818009741009e-01 -5.873482988330707144e-01
3.062451221801304690e+00 1.281415393260778801e+00 1.498880421150909470e+00 -2.087828445531697275e-01
3.147849340718687827e+00 1.220865187351605874e+00 1.577136528078266320e+00 -2.576938952939316629e-01
3.180240749237618569e+00 1.253099683903301065e+00 1.133021480366269040e+00 -5.274607846498189367e-01
2.946194015584350012e+00 1.188340230147935106e+00 1.096907937137780786e+00 -5.465229263052298059e-01
3.150066707918574238e+00 1.354296309667519793e+00 1.513086633407475512e+00 -3.148579726933676270e-01
3.119325110604848739e+00 1.405543212904383443e+00 1.429208072234263049e+00 -3.574512666314810239e-01
3.117323925937816931e+00 1.273227116329752162e+00 1.347630658374346480e+00 -4.802946385378534244e-01
3.084214142978368489e+00 1.247762523424052805e+00 1.183206825987469291e+00 -3.292659804988001815e-01
3.080543019522567150e+00 1.238524042360110933e+00 1.003200669394054723e+00 -7.597628075015376847e-01
2.945593699283158617e+00 1.045730554026710335e+00 8.609098444806143613e-01 -5.476077174214595278e-01
3.091435569303740749e+00 1.269510053372793434e+00 1.382780003036938155e+00 -3.041390550585604813e-01
3.098317583994956603e+00 1.218325231186289992e+00 1.080367342191405289e+00 -6.747880557815877367e-01
3.097548481588104252e+00 1.309700167765788681e+00 1.464185741035956889e+00 -3.451293205431887334e-01
3.036778959550678447e+00 1.185115898034487802e+00 1.059575752368012047e+00 -6.272571893273226618e-01
3.057334211934701340e+00 1.117707799691712856e+00 1.093769715245967111e+00 -5.382447305168007734e-01
3.141613970992220395e+00 1.239733493473277548e+00 1.505126973262829182e+00 -2.568128844731324967e-01
3.097914525800988805e+00 1.249548446320084105e+00 1.092263027892823590e+00 -5.541882575487886431e-01
3.186908312900565310e+00 1.318933109219762922e+00 1.717002882934677066e+00 -2.630669502384045955e-01
3.129095440015249974e+00 1.341178745009265150e+00 1.323542339806139889e+00 -3.813052230259329489e-01
3.121677671507296914e+00 1.203444204071907331e+00 9.644593181486192934e-01 -8.048609907819092024e-01
3.134761895174550173e+00 1.314355833450638222e+00 1.313300359063454881e+00 -4.743606592831359214e-01
3.250465425376432904e+00 1.396203573591847213e+00 1.673003536022086291e+00 -3.878741914340658181e-01
3.077730105076227130e+00 1.366993167676963772e+00 1.618383273199505812e+00 -4.137907169969816112e-01
2.543704960227905154e+00 1.118588051917804638e+00 -1.133842233372047925e+00 -1.631951156884095533e-02
3.021753425168484330e+00 1.186193178599947329e+00 9.762435136878440112e-01 -4.881042636364798515e-01
3.216670922021683587e+00 1.386109840150738570e+00 1.438352720111987448e+00 -3.810832158471288422e-01
2.911806960755708662e+00 1.175263437753987228e+00 9.616252016035432559e-01 -4.607339621536215568e-01
3.065662844823374034e+00 1.290502752593776892e+00 1.308263908153618260e+00 -4.419285509405487256e-01
3.256753884092565610e+00 1.349718390800950907e+00 1.582135836628937531e+00 -4.348375155278421667e-01
3.141431305046446631e+00 1.217209109084464114e+00 1.023146992666013499e+00 -8.249952199314555257e-01
3.120888892242510870e+00 1.340273625946674763e+00 1.555043899315060596e+00 -2.803941469043860768e-01
3.116428836016579940e+00 1.284555161347771035e+00 1.580634267168817830e+00 -2.003355530390700801e-01
3.102248657485478400e+00 1.208954874187994744e+00 1.035246666711413521e+00 -7.230338196544128238e-01
2.992818317362613723e+00 1.231301352234874802e+00 1.321205691626309520e+00 -3.993213270466373088e-01
3.035470349514558297e+00 1.113175252048524300e+00 1.010237156513328349e+00 -5.290914472799993495e-01
3.132315521396856095e+00 1.224235964414524425e+00 9.906300100472630321e-01 -6.261609493996888043e-01
3.127340013630306448e+00 1.336443407564737562e+00 1.524893816057777629e+00 -2.376039114697258148e-01
3.015599106782497429e+00 1.185027982793267043e+00 1.011055933869747570e+00 -6.274882551086269356e-01
3.181584930103441788e+00 1.415759312170416395e+00 1.724773135389416678e+00 -3.089534803363653270e-01
3.052915467012737860e+00 1.272731976480664162e+00 1.544601128610549212e+00 -3.062645903600692554e-01
3.250883426657960928e+00 1.489354889968136364e+00 1.433418751603770414e+00 -7.561730264209191033e-01
2.946927141948426421e+00 1.145019286264704395e+00 5.760080731198736759e-01 -8.545817901538649286e-01
2.939756566508222591e+00 1.250182229315600191e+00 1.232857807301661612e+00 -4.600262993081286056e-01
3.012870558557449119e+00 1.263652916977413554e+00 1.442474755744588055e+00 -1.973918503347198983e-01
3.118828407785458001e+00 1.371018199612570543e+00 1.506616269401656716e+00 -3.225198408699316288e-01
3.142283117238025891e+00 1.390119727861524268e+00 1.431851354896280570e+00 -4.258223314746395483e-01
3.001293772991268760e+00 1.261332286609442077e+00 1.273884331337345355e+00 -4.355993154933261446e-01
2.990967776955966606e+00 1.217412236358772937e+00 1.172068671472943135e+00 -5.883520263760924074e-01
2.985627916948522920e+00 1.234325808354675535e+00 1.491484222159950246e+00 -2.888770861861835182e-01
3.228839704574997693e+00 1.370698722409001480e+00 1.627090640667448129e+00 -3.706714039651929915e-01
3.190652755023429599e+00 1.510554632262418373e+00 1.643958323006338818e+00 -3.848860508833055749e-01
3.067388116135609799e+00 1.358066668767494489e+00 1.134090001989829011e+00 -5.214661219998180108e-01
3.223281483703415606e+00 1.432145542985249875e+00 1.540800049649591941e+00 -4.905859253380613905e-01
3.102662145986517128e+00 1.335733754743903212e+00 1.409605718458420753e+00 -3.453728226261691403e-01
3.145073200233456046e+00 1.245448637266732383e+00 1.055656131500346095e+00 -6.325065985327257279e-01
2.982064567931185906e+00 1.182265301862627904e+00 1.153217719664966223e+00 -5.852754193788818338e-01
3.054117352065552904e+00 1.247078795292997810e+00 1.018781226303003606e+00 -5.964292548045695419e-01
3.271079940646535622e+00 1.319352440507423729e+00 1.720174315729038783e+00 -3.629459948156559257e-01
3.092277972574065892e+00 1.184652469928688223e+00 1.043935447106442149e+00 -6.472724682359900505e-01
3.145288180997534155e+00 1.345534052139069070e+00 1.375163699692932173e+00 -3.469935573833961562e-01
3.309016238746883332e+00 1.456342260496443997e+00 1.372822983561340360e+00 -6.574142366094333223e-01
2.986939843086687141e+00 1.180800604708176271e+00 9.029386016628824230e-01 -6.156035166985555085e-01
3.187111837776954282e+00 1.379420234398074818e+00 1.506634637428584833e+00 -3.024770945281703427e-01
3.059576572145657813e+00 1.130084674131659028e+00 1.170426630857124728e+00 -3.193445898650443260e-01
2.550034212721132398e+00 1.326323806337816880e+00 -1.934105798466931869e+00 2.555602247651911352e-01
3.127738518573494719e+00 1.424783347679117851e+00 1.313059706751356082e+00 -5.592053532311019870e-01
3.090317427846996257e+00 1.276431782732856846e+00 1.493052974701952751e+00 -3.249961643085574892e-01
3.156875318320837565e+00 1.472512455256373309e+00 1.145016342101033979e+00 -7.292421445598749052e-01
3.056265378832636159e+00 1.432157215405666095e+00 1.632610939425108709e+00 -2.524856410174219912e-01
3.042314142712277292e+00 1.196317841191238074e+00 1.122065117137981405e+00 -4.807075131973485016e-01
3.385582546255260450e+00 1.609012967346385992e+00 1.837038529934254871e+00 -2.811189377065123618e-01
2.987353498981085487e+00 1.162210047551068159e+00 1.145869649823756165e+00 -6.257205822497522441e-01
3.152265123892940668e+00 1.277848745959164534e+00 1.404450535884305573e+00 -5.360631847042054421e-01
3.105538639184917571e+00 1.236170097692669056e+00 1.471596532107965150e+00 -2.764458070417982194e-01
3.108756776294286261e+00 1.308219599569461655e+00 1.505158681981100477e+00 -2.773351560542756666e-01
3.136943427793679628e+00 1.285953739257313044e+00 1.579065351013265284e+00 -2.020150550802647937e-01
3.069094596050627288e+00 1.279434004742782793e+00 1.357578745721078173e+00 -2.961954284048765595e-01
3.139200984256131921e+00 1.326824126162827078e+00 1.456173974441089980e+00 -3.476568375719358839e-01
2.968931920935330204e+00 1.225347341185817118e+00 1.006464824138427083e+00 -7.771274836549544318e-01
3.119742256187743035e+00 1.254563250881225223e+00 1.346054059508943190e+00 -4.218378856195700299e-01
3.161577583988818940e+00 1.224810692565525327e+00 1.248411324158148927e+00 -3.896577842341710785e-01
2.628975519358745405e+00 1.172713420366659598e+00 -9.429458955579071988e-01 1.389927428356033112e-01
3.259645577129626215e+00 1.412608870568243358e+00 1.539043771132736715e+00 -3.809905405278850576e-01
2.684060163362831819e+00 1.181690843253061063e+00 -1.327545964531685163e+00 3.955849242003692257e-01
3.230150632073236050e+00 1.325596906865948998e+00 1.640088565789100450e+00 -4.059888080162344370e-01
3.088673860801413262e+00 1.315113479981172118e+00 1.393368389198955670e+00 -4.674587559197252995e-01
2.961065306207168568e+00 1.122810806038154086e+00 1.108927146901432348e+00 -4.215686602190638621e-01
3.194041221967667710e+00 1.333659722997064145e+00 1.461042231064333397e+00 -4.441030125496480130e-01
3.078111850344962708e+00 1.360118551824176958e+00 1.595332566339928704e+00 -3.256830093317086283e-01
2.946354371415161211e+00 1.099071111773917364e+00 7.926951074918058282e-01 -4.673089763960648346e-01
3.232041868672804075e+00 1.300626245922851698e+00 1.470484367770754197e+00 -3.271959163475173793e-01
3.066650288617584152e+00 1.258319531168686556e+00 1.284175100342090259e+00 -4.680462918126729321e-01
3.076142801466022814e+00 1.390714307228956059e+00 1.484281652388905970e+00 -3.806763182461990191e-01
3.076070950131670756e+00 1.163398545260209138e+00 1.106746612047486256e+00 -4.529913603900086461e-01
3.123634344135333585e+00 1.245055050632494886e+00 1.393328218661281204e+00 -2.899893007639948728e-01
3.193204449121407329e+00 1.331019319490372999e+00 1.514823580776575751e+00 -5.092484095843902159e-01
3.114361157280344461e+00 1.392149037173071591e+00 1.641658902414526722e+00 -3.259425340084676770e-01
3.162992112584567028e+00 1.287649164007405256e+00 1.422597775770405137e+00 -3.211940603353641843e-01
3.277790690181337396e+00 1.346193951419172086e+00 1.609304861424148081e+00 -3.064148001852503578e-01
3.011963622188535972e+00 1.178650591016858762e+00 1.069428766682872789e+00 -5.334885722482723969e-01
3.160284436442117872e+00 1.282916763836410290e+00 1.695675645349639105e+00 -2.128707427466435542e-01
3.148911446489918831e+00 1.250391396600359695e+00 1.415546053188450060e+00 -2.545164813306627360e-01
3.075427362828867750e+00 1.223941481959133881e+00 1.076411854190783890e+00 -7.011207438146388471e-01
3.188704426621324917e+00 1.272269170775933489e+00 1.425754318798260645e+00 -2.818303272356588174e-01
2.542181976494752860e+00 1.224369433548512687e+00 -1.372458108712487634e+00 9.126453860689866249e-02
2.986037882858493475e+00 1.152165084192298128e+00 1.040221434895891806e+00 -5.551245267103110947e-01
3.240537567996736978e+00 1.587121954867337426e+00 2.192273529335312166e+00 -1.904858931699987268e-01
3.081708722614784790e+00 1.289419803548907728e+00 1.526899759597266870e+00 -2.124354078209790553e-01
3.102454530627057228e+00 1.273520968286312227e+00 1.225301489322482729e+00 -4.160321241188809638e-01
3.127647427396260227e+00 1.332134825140153023e+00 1.589827896721034861e+00 -1.623256391608856319e-01
2.582703338366330037e+00 1.182216882465494834e+00 -1.381157066753681217e+00 1.786219172489392770e-01
3.125746477435318749e+00 1.297254050228395794e+00 1.450602309619128283e+00 -3.283224525280931672e-01
3.072715921084265833e+00 1.450713634809663199e+00 1.754257530070365334e+00 -3.245617162175392645e-01
2.903673250904460712e+00 1.065770314670100749e+00 7.902028502193552129e-01 -5.757727057999700859e-01
3.101576650970953697e+00 1.082397495945949473e+00 1.044654283259205396e+00 -4.767003646332924061e-01
3.177552562468796804e+00 1.299475144885212652e+00 1.630349476920075036e+00 -3.346000243798806784e-01
3.076336590805641702e+00 1.370472014939193128e+00 1.305825660934732735e+00 -5.861939535157885128e-01
3.121955150088890019e+00 1.273224255653380599e+00 1.486819643904083055e+00 -2.762756080642452261e-01
3.033636195777800637e+00 1.282655104391185352e+00 1.280535875966181791e+00 -6.006863531496864361e-01
2.984232725151586330e+00 1.162092201290021665e+00 1.034460269016188816e+00 -5.629761094016809686e-01
3.028097083944156775e+00 1.220411327295755743e+00 1.161798728510188283e+00 -6.267197156026358407e-01
3.047431585957834255e+00 1.282572452852145606e+00 1.305060641118204634e+00 -4.288168163133841970e-01
3.181452032272307218e+00 1.364660886664543549e+00 1.337093093329450255e+00 -5.490769436028611894e-01
3.129300280595765038e+00 1.126761941899526276e+00 1.068118954642875096e+00 -6.763129292777231294e-01
3.117403712390001136e+00 1.315575697802353172e+00 1.725615956214170854e+00 -3.092939129638850870e-01
3.151716715376126743e+00 1.393347978085266892e+00 1.412441227083714113e+00 -4.277272047456781578e-01
2.941213659520212964e+00 1.263380732624369562e+00 1.750060877955336602e+00 -1.395536248216495689e-01
3.076467878244924847e+00 1.356284260564197597e+00 1.281356239919876128e+00 -4.224690729936791955e-01
3.099062804043171582e+00 1.323723330923548325e+00 1.204279018658282352e+00 -5.181732583801703651e-01
3.058981159385107063e+00 1.322013285120560377e+00 1.378932142626899893e+00 -4.563717330903883651e-01
3.035046549590110665e+00 1.134088006551556171e+00 1.020767620721347191e+00 -5.634054383552101752e-01
2.995619375288876896e+00 1.227189208954279742e+00 9.458252121379124855e-01 -8.174051562794905079e-01
3.105455353596330514e+00 1.196716236356029084e+00 1.565007551350777515e+00 -2.700815633482959721e-01
3.113981916758135959e+00 1.291216412618448439e+00 1.427075920239308404e+00 -3.683109121340247816e-01
3.073231341228851221e+00 1.394814756797044586e+00 1.539914271248475020e+00 -3.975108451993188963e-01
3.123174314297288756e+00 1.328415118578082366e+00 1.250199547662676602e+00 -4.759500952771743565e-01
3.215925409367152543e+00 1.420852630038852205e+00 1.433132559025962260e+00 -3.501806917318058820e-01
3.185608947827487825e+00 1.349210931219098741e+00 1.434318863983995884e+00 -5.188311470078875720e-01
3.235101759142819944e+00 1.426558278306824690e+00 1.466756205189595930e+00 -3.783997531101391809e-01
3.117735054013835772e+00 1.281596764485550821e+00 1.601948807138250830e+00 -1.964700826172167958e-01
3.139685733554024250e+00 1.308655048705122059e+00 1.267964764838222402e+00 -5.160614131632204060e-01
3.178769016309912043e+00 1.421342918016152979e+00 1.725010506821301970e+00 -5.817371265127213587e-02
3.134684066108457401e+00 1.264369434757000255e+00 1.194895299612377393e+00 -4.709662434621869620e-01
3.047140254208525079e+00 1.083126071290716697e+00 1.053768552656605628e+00 -5.426253736237384162e-01
3.149945970766227177e+00 1.356334694530867413e+00 1.306443837575106182e+00 -5.210135030756217756e-01
3.218363550369632620e+00 1.328083303835325468e+00 1.351495708033682019e+00 -3.989362667889634895e-01
3.017150540997991737e+00 1.194035918680068642e+00 1.076381212618826355e+00 -6.278352576824609566e-01
3.079979312424027782e+00 1.229289458518744382e+00 1.587423681286822763e+00 -2.572638761490327886e-01
3.047808318202314570e+00 1.258172921948741640e+00 9.927238487458348581e-01 -7.358698686921443244e-01
3.050013429108316299e+00 1.213747310682620872e+00 9.764838194579273933e-01 -5.969994057126539744e-01
3.050037649928730055e+00 1.236278900571617267e+00 1.020227353495870792e+00 -7.115726452159525373e-01
3.190786049132510183e+00 1.406655795172730095e+00 1.375430063678184656e+00 -5.062474088554979046e-01
3.004232875512297785e+00 1.239782296919204718e+00 1.062536757428087508e+00 -5.440157203200510772e-01
3.099119345774325129e+00 1.264756513409943661e+00 1.731213076574462884e+00 -2.072093648709349423e-01
3.076747779818577833e+00 1.167429698858073683e+00 9.574139078204630948e-01 -6.050342217894064678e-01
3.085136033103873299e+00 1.475504689132122182e+00 1.452061948483963416e+00 -3.809331567294675924e-01
3.119541740795165552e+00 1.254787987018769924e+00 1.236551994098501028e+00 -4.916314861218652466e-01
3.080389661140015889e+00 1.225364679493333497e+00 1.306560558695169183e+00 -3.206898349927769787e-01
2.631909528964651024e+00 1.113303059325293054e+00 -1.361909211480642812e+00 1.981546490306302366e-01
3.084345792026264910e+00 1.210182809437293283e+00 1.019070696881270166e+00 -6.185280221890767649e-01
3.083728580391769114e+00 1.182159063068855431e+00 1.570682823817692642e+00 -1.788041283815779980e-01
3.025160618758830022e+00 1.135079568300371822e+00 9.816070633247140353e-01 -5.338265899035744555e-01
2.609816272667204728e+00 1.290313998672905305e+00 -1.225407278396374089e+00 2.035437031542961517e-01
2.603897307933828120e+00 1.232785972938112540e+00 -1.120366890085328526e+00 -1.076036116996060416e-01
3.183581011419801765e+00 1.243504028199131639e+00 1.308585389783751163e+00 -4.801403775125491213e-01
3.144398690428642951e+00 1.561560357476920347e+00 2.090695127700247902e+00 -1.907871885171439630e-01
3.079745871511348376e+00 1.287727553083254817e+00 1.433359887380049491e+00 -3.287380134159109679e-01
3.118712378013063002e+00 1.283582747133727997e+00 1.439071281596665752e+00 -4.698864216111615089e-01
3.154695591571746949e+00 1.257927564011614319e+00 1.491144997394503902e+00 -3.323850361805220088e-01
3.071532726187555795e+00 1.236498005298667380e+00 1.322394090729143379e+00 -4.404504479113451887e-01
3.015634247603734330e+00 1.154216541443289445e+00 1.223928773642434908e+00 -4.675402339725459044e-01
3.110845912223828780e+00 1.337610217353528030e+00 1.296080362677049180e+00 -4.756760959624188323e-01
3.147508913103929995e+00 1.447152237598108959e+00 1.535394684821822953e+00 -3.383107285422585209e-01
3.154678225862020735e+00 1.312266317495740298e+00 1.596526778672568758e+00 -4.341421166717983060e-01
2.646600125185688768e+00 1.084014054575509034e+00 -1.313670298449220564e+00 1.715289441723261143e-01
3.119251451696343658e+00 1.342106390011650996e+00 1.524829965120370279e+00 -3.464104009084020830e-01
2.587254836346990050e+00 1.125534561589101035e+00 -1.253270709181331322e+00 1.384143372428274510e-01
3.084521414939827011e+00 1.190856863079711392e+00 1.041394165675948225e+00 -6.315697852612484064e-01
3.036319005508717694e+00 1.297377249743847161e+00 1.190386908479485806e+00 -4.308548840328426111e-01
3.075948550221847544e+00 1.238013975882527040e+00 1.430940990234468746e+00 -1.414074813421493104e-01
3.240882815270518247e+00 1.336629695841856869e+00 1.489051577786281388e+00 -3.709259050421566672e-01
3.008356531125177646e+00 1.341201072100015379e+00 1.652893678341918360e+00 -2.219559541319467699e-01
3.095436456320420415e+00 1.227752835438681078e+00 9.663725147505822788e-01 -6.185693710337518691e-01
3.101795737453528989e+00 1.252818453003634591e+00 1.150417960758985947e+00 -4.435631484423108173e-01
3.154312936944743573e+00 1.340577341582163351e+00 1.724179057378305568e+00 -3.002366751634834019e-01
2.600970893229164638e+00 1.241972408611948353e+00 -1.296953667632144258e+00 7.433347408691343139e-02
3.148859090345295542e+00 1.149285769019116277e+00 1.517247145504871941e+00 -3.787126945993747329e-01
3.020229417769052294e+00 1.138705652693813741e+00 1.045879936075258643e+00 -5.661648545217075057e-01
3.165640307056886371e+00 1.272331516794100503e+00 1.498541222256436489e+00 -3.848012158152921969e-01
3.179832964550766583e+00 1.424061543863089474e+00 1.519868443563691995e+00 -3.719549111230389671e-01
3.124788531492790788e+00 1.356314358434429490e+00 1.600478907083371150e+00 -3.318859612692567906e-01
3.158308873079449075e+00 1.391051457446916384e+00 1.601649243662910616e+00 -4.683134210938358355e-01
3.220014750000010029e+00 1.335248308785500937e+00 1.633424098351914378e+00 -3.217681123552754152e-01
3.126840932293919462e+00 1.239634013842966676e+00 1.123050032056818415e+00 -5.363011041395973066e-01
2.997903672642243222e+00 1.161257365045657908e+00 1.052327509449055398e+00 -4.428924904183524913e-01
3.082709612750587080e+00 1.196556733361781033e+00 9.906232069452024502e-01 -6.980274216930746345e-01
3.174131454813833297e+00 1.330286740450141281e+00 1.502580216443978545e+00 -3.329274851947340297e-01
2.638490048385128350e+00 1.323320795076737610e+00 -9.235431229786500440e-01 -2.170844908306807375e-01
3.141298049654520419e+00 1.335674083927450351e+00 1.541571724081835848e+00 -2.956035874829110455e-01
2.955475159952625663e+00 1.168413767518089008e+00 9.867184397933930207e-01 -4.891615748481150661e-01
3.059786807317864010e+00 1.092136963262617888e+00 1.089270380332073573e+00 -4.245333486830463188e-01
2.913646218003107524e+00 1.167170341196113403e+00 1.266200300477427376e+00 -2.907662493912878121e-01
3.110386731478669287e+00 1.187617370432578090e+00 9.058822434230964227e-01 -6.578460007797337639e-01
3.145157171347214398e+00 1.392647884290566962e+00 1.575480995172664045e+00 -2.112005789802719469e-01
3.108071604323213943e+00 1.240378715634938844e+00 1.309270128586629722e+00 -3.735194607995060423e-01
3.202444681619752043e+00 1.449241809691376837e+00 1.416872710675328717e+00 -5.864993312176706164e-01
3.078139003741200863e+00 1.271579927530744003e+00 1.522071504946360454e+00 -3.629374595891330380e-01
3.103553984744357841e+00 1.248109343702018315e+00 1.665683932152923541e+00 -1.762778101874616365e-01
2.614678109269928274e+00 1.155953043410630432e+00 -1.278061764126237509e+00 2.331796120029476071e-03
3.123759315077255572e+00 1.322853768271427866e+00 1.559675655058085031e+00 -4.529686848761357298e-01
2.739162814321284500e+00 1.170178275592774098e+00 -1.053835408343649638e+00 6.627568634844865914e-02
3.104757340758022899e+00 1.291940396362690979e+00 1.125358478464399736e+00 -4.829315286138179952e-01
3.108507301922438071e+00 1.301315937347612639e+00 1.385473542605577313e+00 -4.951374400968019396e-01
3.112861713027657018e+00 1.351194784563613860e+00 1.455774332046293917e+00 -3.227308781631632595e-01
3.070826408476753588e+00 1.239373428028820667e+00 1.145881658911153567e+00 -4.960073303771202480e-01
3.112698250203898898e+00 1.288926393144008031e+00 1.525612091333318654e+00 -3.108945759699392464e-01
3.237638747969293629e+00 1.339434793504667320e+00 1.505055793174995049e+00 -3.328586309598577375e-01
3.190089767975193169e+00 1.426214776012497021e+00 1.538431448317664874e+00 -4.383938896848383338e-01
3.015590905200945748e+00 1.195108315188289527e+00 1.043302718762508574e+00 -8.194491810848335556e-01
3.210126739776038018e+00 1.264739894432079126e+00 1.482448263892958140e+00 -3.126781430323598565e-01
3.084124003092666211e+00 1.261008787917490492e+00 1.500126647353609233e+00 -3.539148174902307931e-01
3.070045833483558528e+00 1.196101251813151078e+00 1.548964179479290770e+00 -6.266990100750674531e-02
3.215261914216445582e+00 1.296854282272215109e+00 1.382183115284294495e+00 -5.132662804986691807e-01
3.218004469903371856e+00 1.390015748249486371e+00 1.744185940590245787e+00 -2.674671744991592437e-01
3.085298047111300512e+00 1.251281569509637315e+00 1.525592859400599854e+00 -2.764901072677121152e-01
3.022348932217629791e+00 1.176303669053138545e+00 1.067424825577760306e+00 -6.033078995814628032e-01
2.959692015239382634e+00 1.225771462822716096e+00 1.031702480989987292e+00 -6.121891976991827855e-01
3.130190401515912324e+00 1.233781736782126881e+00 1.373329611979656084e+00 -3.524478095352197582e-01
3.021018475604124731e+00 1.200397986734827782e+00 1.081569112365017515e+00 -6.857951151220939012e-01
3.069217987548189530e+00 1.252513230449537440e+00 1.014785627716299876e+00 -6.990431489456256919e-01
3.008965893108316969e+00 1.276373813715567795e+00 9.935085526965088398e-01 -7.525711647738042576e-01
3.046978812622878063e+00 1.218831930458008195e+00 1.105401245206372174e+00 -5.349677175487307368e-01
3.093242306426327470e+00 1.251049527921040738e+00 9.648712482169681248e-01 -7.187549500935076496e-01
3.080700090060318086e+00 1.161225573682965528e+00 1.035881247407411498e+00 -5.783492432681547335e-01
3.086750380697902418e+00 1.274920419230501922e+00 1.566911786945786478e+00 -1.622356620340830169e-01
3.041284535495269559e+00 1.303917253399929033e+00 1.244771814077045180e+00 -6.062982770822998857e-01
3.121696587030946102e+00 1.317419577511222961e+00 1.609991896857720040e+00 -8.969800126207277957e-02
3.106290061689143567e+00 1.252765699432946356e+00 9.673169203309199826e-01 -6.911535630020516630e-01
3.127572526108882922e+00 1.341644029404320593e+00 1.668511118703883689e+00 -3.263153511545973107e-01
2.651794030269587932e+00 1.198187382339825913e+00 -1.083531884494030706e+00 5.759434519699001276e-02
3.184037911591226067e+00 1.398492739683599106e+00 1.563461944270580162e+00 -3.581077740035230605e-01
3.057228183454245851e+00 1.096240259019354513e+00 9.665309725961650500e-01 -6.175259967590958077e-01
3.199160781908495732e+00 1.314610672133846192e+00 1.728777408842685714e+00 -3.235561239984806048e-01
3.010907676140658129e+00 1.338229326548804776e+00 1.471793113818435250e+00 -2.985087500996495002e-01
3.130770740978935596e+00 1.181376517424877148e+00 1.471168795898577963e+00 -3.269210493935648665e-01
3.104532383943963136e+00 1.305543047419168490e+00 1.213434771667902368e+00 -6.485495401706125040e-01
2.570012343536995925e+00 1.156474998504124496e+00 -1.208537331703213313e+00 1.262442750232884714e-01
2.993839102690267318e+00 1.322683805287850900e+00 1.630050777999530354e+00 -1.567016831738465565e-01
3.074401118407087630e+00 1.298472205951072933e+00 1.110606784477360387e+00 -7.248717175394915335e-01
3.138055978181674366e+00 1.324002113791135971e+00 1.460557027681050890e+00 -3.378452769975051617e-01
2.995210236003575943e+00 1.189439419503018458e+00 1.016397474648797150e+00 -6.414187368698033298e-01
3.000377082681004115e+00 1.210296009975341924e+00 1.330829492315723783e+00 -2.634751867399248160e-01
3.120319652717693959e+00 1.258642685172832065e+00 1.539095166551519123e+00 -2.620195020667064334e-01
3.087208964462017313e+00 1.294625278338336516e+00 1.650699134645483568e+00 -2.547913410957068914e-01
3.071579548483952760e+00 1.339324101949682655e+00 1.666297409950998842e+00 -2.906071383458276869e-01
3.088251335273916709e+00 1.085940592529754056e+00 1.101957094543168258e+00 -4.062213504740491143e-01
3.168445362194327597e+00 1.332345874166403377e+00 1.941475121715996011e+00 -1.915253651504816856e-01
3.129158135940441454e+00 1.216079238251853489e+00 1.353514078162860956e+00 -3.206155904479847663e-01
3.189283366808775444e+00 1.369989323169940709e+00 1.606196942012941831e+00 -2.899375422863308405e-01
3.161754233039060669e+00 1.127012953356191227e+00 9.697151565100025072e-01 -5.722389534594819471e-01
3.042923380407812850e+00 1.290863060681257002e+00 1.410121112293014178e+00 -2.826196554090688040e-01
3.184944592162852306e+00 1.321246573423579873e+00 1.442066256394558099e+00 -2.365323349722240343e-01
2.949095152015654087e+00 1.092653944854273584e+00 1.036331897363753418e+00 -4.740787274077749580e-01
3.150825809652037179e+00 1.253179492781055338e+00 9.681512957022342380e-01 -6.796369998437561399e-01
3.078272022717239320e+00 1.278787666931189282e+00 1.181889858210179334e+00 -6.738680350908903272e-01
3.065652163654148055e+00 1.218477347421773604e+00 1.219290306850002059e+00 -5.614629359271412490e-01
3.110495494812629325e+00 1.303516062545342802e+00 1.449534717983914422e+00 -2.659491395865856700e-01
3.125361226444646867e+00 1.207723627826673862e+00 1.720866029377462914e+00 -2.388638842113761374e-01
3.109977572990692885e+00 1.223795115883349105e+00 1.202505407339421239e+00 -4.778803215780237368e-01
3.098059682957453820e+00 1.229173584144409581e+00 1.310217630040530157e+00 -4.767513459618842320e-01
3.286326300364182718e+00 1.494446715024764893e+00 1.629073296367772539e+00 -3.971530847566315248e-01
2.958524293165689212e+00 1.147592753853204028e+00 9.209722696522820717e-01 -4.978884014586911766e-01
3.078847293876475266e+00 1.250823600770233357e+00 1.232788508616210921e+00 -6.013876314126398448e-01
3.181233855075299211e+00 1.291975565758333611e+00 1.343871088936363645e+00 -3.735896856315612524e-01
3.066302081809408886e+00 1.186687227131910660e+00 1.473606357929605704e+00 -1.288677011411450135e-01
3.014016254908170378e+00 1.193861663050904909e+00 1.005513999173057504e+00 -5.456452667041670201e-01
3.050245339512211995e+00 1.226733837150843831e+00 8.700434521188228354e-01 -7.208753243865131388e-01
3.109715736123459084e+00 1.374720136564742123e+00 1.659144564559526414e+00 -2.538597355115791432e-01
3.114179095399695729e+00 1.209623367760643609e+00 1.309709194491415429e+00 -3.588963842237082313e-01
3.116591152309213353e+00 1.408891953093649230e+00 1.534616103635549900e+00 -3.206405611668000089e-01
3.117391206286058036e+00 1.294274283594166963e+00 1.086198951597407092e+00 -6.254308853535708312e-01
3.119597624956622184e+00 1.209419470935040541e+00 1.079795142050508083e+00 -6.602958073565283748e-01
3.164016896341874219e+00 1.360066575596320604e+00 1.717027832251686537e+00 -2.009827568194714753e-01
3.040455606239055530e+00 1.190160521961864726e+00 8.561356815290147582e-01 -5.116883433365803091e-01
3.075939562284101481e+00 1.268485348313464156e+00 1.217309677063894258e+00 -4.165941128569272678e-01
3.128116715178488771e+00 1.335733784765481547e+00 1.301122881014729504e+00 -4.757987319909089963e-01
3.084355141568887682e+00 1.227309980905029185e+00 1.110552309367992319e+00 -5.443216972889182159e-01
3.205465209773287860e+00 1.433602215204345942e+00 1.512460479380290934e+00 -3.858008884950918094e-01
3.089303012653727532e+00 1.073677057348146446e+00 1.028335228350950592e+00 -5.096663612280273314e-01
3.224505745714786098e+00 1.290808186673232383e+00 1.329548850491120371e+00 -5.807811013176787940e-01
3.035751810179050381e+00 1.259158019765145742e+00 1.296650762473360530e+00 -5.113634815059523442e-01
3.044183706389210542e+00 1.223973073146031210e+00 9.737740611727289108e-01 -6.492365458140337831e-01
3.083752228786674987e+00 1.216386408387019946e+00 9.934642625787424297e-01 -5.868404670458070571e-01
3.081553961763516369e+00 1.205974802893594822e+00 1.229239096353914817e+00 -4.534999595622947188e-01
3.056782686966280416e+00 1.264975328986150060e+00 1.433533205099308372e+00 -2.806670547979075447e-01
3.031990671043466534e+00 1.081253042715872192e+00 1.137230646084395058e+00 -3.715056845216761494e-01
3.194430569467009651e+00 1.284590626411522996e+00 1.241131964046918945e+00 -5.703708037339978443e-01
3.142146104440030729e+00 1.257586110379991684e+00 1.409243776066728682e+00 -4.023375408317843016e-01
2.995805194428593055e+00 1.193347506229029964e+00 9.684182032913681848e-01 -6.361098645700725696e-01
3.091136186389202845e+00 1.248938595713285693e+00 1.494543736227995634e+00 -3.651631663956907969e-01
3.163005920302615070e+00 1.420805083601235586e+00 2.025532679351889076e+00 -3.254745474926100390e-02
3.161640296945370743e+00 1.401547654160337331e+00 1.560913889841208713e+00 -3.972360198644044882e-01
3.085498148725643208e+00 1.371454723321878122e+00 1.320892538662453264e+00 -4.243518447016778050e-01
3.126961710197027067e+00 1.290584954138398688e+00 1.415601869807572299e+00 -4.425172819661764012e-01
3.073726731915163768e+00 1.158001050028291123e+00 1.045785936347015666e+00 -5.534338619635267298e-01
3.060527400301175316e+00 1.247956388006467687e+00 1.180023764069555892e+00 -6.818698275030069533e-01
3.134333356477238652e+00 1.262106044864375498e+00 1.372594383562601772e+00 -3.780818996346420047e-01
2.584159218118932788e+00 1.215957187051385668e+00 -1.386376088302015086e+00 1.444112648472702654e-01
3.168667195308814577e+00 1.259976762686209506e+00 1.390619372790329988e+00 -4.586662155317489109e-01
3.123231930443684856e+00 1.400595834891967817e+00 1.327409863273775859e+00 -4.323808398535699538e-01
3.052807540248571261e+00 1.150096909047024551e+00 1.026296107676719194e+00 -5.987674425947626666e-01
3.041488527449851986e+00 1.223012950562356371e+00 9.239930650634545772e-01 -5.576660252372246385e-01
3.040133270707914281e+00 1.181992646120849200e+00 9.971237590193432476e-01 -6.119775463070866728e-01
3.138033379291353064e+00 1.210896066358695844e+00 1.468378115174514553e+00 -2.083583443252180201e-01
3.065805702252107245e+00 1.282952955808806417e+00 9.873569267592272602e-01 -5.759520569781338972e-01
3.034252298878956200e+00 1.170149726989580863e+00 1.074957603790378968e+00 -6.044203095460901620e-01
3.097318368457972593e+00 1.110978086222029537e+00 1.390504441791178714e+00 -3.405511725889960872e-01
3.096528916923855679e+00 1.191329593595275682e+00 1.063830965712035281e+00 -6.284387224003016303e-01
3.160991016031260870e+00 1.410507164008726111e+00 1.549647268359876540e+00 -3.528438905899637934e-01
3.124770213045238609e+00 1.318107802660028582e+00 1.678220411774747678e+00 -2.313493653544683448e-01
3.147908539208038370e+00 1.271256785291281055e+00 1.275789491023638034e+00 -5.300420524304915171e-01
2.964128560445796090e+00 1.099577862154744734e+00 9.476091138250238854e-01 -5.922063444616568750e-01
3.141333272710181479e+00 1.347041976477119096e+00 1.360136276207519312e+00 -5.392811241740250727e-01
3.052797502803738627e+00 1.254664396152919581e+00 1.149468872003142961e+00 -8.172696840524680262e-01
3.053699926196129955e+00 1.178814672614600711e+00 1.027390399228710560e+00 -6.242142127351605341e-01
3.134586831933474205e+00 1.213291048100207492e+00 1.323410091405383460e+00 -5.064299858478981120e-01
2.940576413260968192e+00 1.092850051865107863e+00 1.038799642686019542e+00 -4.679101889960367577e-01
3.092491289830411993e+00 1.349159498462359830e+00 1.465198681149593618e+00 -2.526179148596658375e-01
3.114564070308245114e+00 1.327906098693696357e+00 1.411652225746547584e+00 -3.870273141111025827e-01
3.073794898085578708e+00 1.358248194002401155e+00 1.734332742520501069e+00 -2.417998155717130948e-01
2.560918432709481163e+00 1.281437787778545667e+00 -1.324074041340753904e+00 1.020774968608534755e-01
3.297450783511336247e+00 1.411299260037144565e+00 1.715481083592180100e+00 -4.238639247374703101e-01
3.082980024508267025e+00 1.228330312461395346e+00 1.144316374151532090e+00 -3.847591746340988661e-01
3.190153113499388571e+00 1.360913924627601634e+00 1.632687743054625384e+00 -2.299445663652059102e-01
3.164946266197341540e+00 1.356765613848613272e+00 1.738955827969870693e+00 -2.172049094784925249e-01
3.053665371459758582e+00 1.222449940075543307e+00 8.862843374867559465e-01 -6.672792664071536262e-01
3.136199623215187415e+00 1.376959135553485591e+00 1.535773690349228726e+00 -4.019741480719061788e-01
3.056597711507444526e+00 1.220315280823586868e+00 1.032743191401500171e+00 -6.347694986683861673e-01
3.125176593838665084e+00 1.169679701627097446e+00 1.139255511201880067e+00 -5.853296107260519410e-01
3.181408608228197821e+00 1.314140893190870241e+00 1.496481495178106025e+00 -3.863000675123210437e-01
3.135566858060540696e+00 1.222608458206144055e+00 1.119356919404944195e+00 -6.911791465807197721e-01
3.080336074652791911e+00 1.151584461384148605e+00 9.521840326250081699e-01 -6.063469831161772960e-01
3.106808572777053801e+00 1.185305681172857728e+00 1.128578415908486177e+00 -7.127701479897986525e-01
3.020581014195772962e+00 1.319790248929419096e+00 1.216947568770725407e+00 -5.849975211360226579e-01
3.109366639665970045e+00 1.335353434714149579e+00 1.519087384298377863e+00 -2.533448772933527549e-01
3.054987077595324951e+00 1.272494375783155940e+00 1.075222704257549511e+00 -7.721194360140789525e-01
3.083543047507834700e+00 1.335433933614797786e+00 1.042577676443153356e+00 -8.547683643216908989e-01
3.052804696852654764e+00 1.171450048452174819e+00 1.009418315786448916e+00 -6.628800805334889024e-01
2.732632465609482253e+00 1.054666351698845039e+00 -1.429773077139431692e+00 4.597595572839481282e-01
3.113063691890826767e+00 1.276997029152207253e+00 1.654369755239935458e+00 -1.968267323387436762e-01
3.087848393515190359e+00 1.212983900955195038e+00 1.070366229489537746e+00 -7.200172763896593997e-01
3.072402963137086829e+00 1.402580448138277980e+00 1.466323695273032524e+00 -4.917907700020067718e-01
3.141156148888867516e+00 1.231445934176794488e+00 1.524213857133653649e+00 -2.268243548857334646e-01
3.064274256912531413e+00 1.249836200911909057e+00 1.558962569503671736e+00 -1.832013665747179998e-01
3.059719388955378427e+00 1.289597017333657947e+00 1.464932602626635827e+00 -2.812133383134352016e-01
3.155330862737696584e+00 1.262853381884414983e+00 1.315512609235872210e+00 -4.545166000933447692e-01
3.091085962463115067e+00 1.325979958546641191e+00 1.197647680995907571e+00 -5.698675879163441760e-01
3.050854823625729573e+00 1.244996914401814481e+00 1.274671904970963165e+00 -4.439371348616699131e-01
3.118470689844944133e+00 1.348900484608654970e+00 1.161674160197323058e+00 -4.478550868874593971e-01
3.098975579864236440e+00 1.207932144038773803e+00 1.232702211492179956e+00 -4.470313971391428054e-01
3.206440641752875464e+00 1.360420630111020657e+00 1.532484353786730091e+00 -2.868657370483279623e-01
3.139484298472454693e+00 1.344673711971050345e+00 1.298440137658192439e+00 -5.734960897290782844e-01
3.254597662069306452e+00 1.615110068660176701e+00 1.955408502550070038e+00 -2.850879786147125783e-01
3.163062094223046739e+00 1.294715370559481826e+00 1.555887880462691220e+00 -2.896096882260092986e-01
3.164313894156566498e+00 1.306770244950079762e+00 1.719964807307602372e+00 -2.116240762981882739e-01
3.116352670463041985e+00 1.226430279544961310e+00 1.482234278281140405e+00 -2.356752813560404058e-01
3.084677490746408512e+00 1.321512871243661680e+00 1.517471275773424777e+00 -4.030083429661210914e-01
3.021882970229791798e+00 1.116519654613189472e+00 1.017619795879113331e+00 -6.035608968281112041e-01
3.144832067668572151e+00 1.300777369168169439e+00 1.283994487616094915e+00 -3.413376373249302764e-01
3.043687307471401926e+00 1.208273219088700001e+00 1.493206741678936300e+00 -2.403896462914713872e-01
2.590011381872189045e+00 1.201763664368642459e+00 -1.013329701227041024e+00 -3.428170764617163163e-02
3.077912881399742506e+00 1.148409958863289226e+00 1.377593149820292906e+00 -3.226025885281061933e-01
3.089027664564408138e+00 1.184237886479855284e+00 1.452301247906966575e+00 -1.914318989904004176e-01
3.144985670258896526e+00 1.277510936021362120e+00 1.313194921329519094e+00 -4.389628306682184511e-01
3.040996706117351511e+00 1.156989678411810996e+00 9.613774712427592961e-01 -6.188858015977116711e-01
3.155840046287432976e+00 1.318628075624920459e+00 1.531949127237221431e+00 -2.779786903280325738e-01
3.185825048609673082e+00 1.249078219436589032e+00 1.285404512554588319e+00 -5.246241471955772617e-01
3.057393396107392469e+00 1.314344420330304297e+00 1.291335306078417400e+00 -3.617867050373684834e-01
2.868928629216675574e+00 1.164445333133034000e+00 6.408169991951033762e-01 -5.820360511541124993e-01
2.987822284867561518e+00 1.146812356843530445e+00 9.265829269861485251e-01 -6.324560309150055737e-01
3.015804974152735074e+00 1.225882848033566397e+00 1.473306374305218824e+00 -2.679712076976707991e-01
3.050610292234682053e+00 1.150633982982669501e+00 1.189817053497685739e+00 -3.592780556568851424e-01
3.070317221636567506e+00 1.268282924087087871e+00 1.085295469639674826e+00 -6.884014939772765684e-01
2.632264775869352924e+00 1.166593925473749627e+00 -1.306800972815959083e+00 7.973790809274870772e-03
3.087532886242081442e+00 1.146703686175536641e+00 1.113240911489436380e+00 -5.648930458258166754e-01
3.113758912262680756e+00 1.279303711909777430e+00 1.518804573579096484e+00 -2.256842451683334083e-01
3.111874860842035240e+00 1.310613287611531508e+00 1.442016080067659356e+00 -3.960226023526400296e-01
3.023116227022664582e+00 1.118453993404283198e+00 1.116701356199779172e+00 -5.000317422973629133e-01
3.071452739335557514e+00 1.226492446475814901e+00 1.031611734747342357e+00 -7.220184263416751236e-01
3.029024044536253513e+00 1.261504517326196728e+00 1.191552280492158777e+00 -5.548836604478493140e-01
2.591274812240960124e+00 1.147908458099982543e+00 -1.323546774749274180e+00 1.087616028925877110e-01
2.617096490827737210e+00 1.252933683338172566e+00 -1.061345465254491360e+00 1.188316525227550019e-01
3.068786791148707671e+00 1.132329574494353341e+00 1.005143854244282098e+00 -5.536530770712676519e-01
3.013630041773277313e+00 1.187363004348880091e+00 1.142561079998275719e+00 -6.199934482056440599e-01
2.996119967338513490e+00 1.204665877185896017e+00 1.052873690438686838e+00 -6.287082812044250124e-01
2.975456837852972214e+00 1.101160237700740563e+00 1.195241214453877987e+00 -3.300099847649831664e-01
3.192061293606733852e+00 1.380784177299234416e+00 1.629686874462473956e+00 -2.821658640390630191e-01
3.094547870245620391e+00 1.291621202398373525e+00 1.391379666905801393e+00 -3.951990344497885999e-01
2.623980254773206067e+00 1.231758447465171047e+00 -1.068357317450243649e+00 1.523169840934857078e-01
3.133105015034222784e+00 1.309882516319965884e+00 1.495293318241816660e+00 -3.557167228248149793e-01
3.161878914115178407e+00 1.448139415729093438e+00 1.601256143539314225e+00 -3.651896277211298392e-01
3.177190799749388006e+00 1.353413605581814450e+00 1.620725625355893262e+00 -2.489524882728834931e-01
3.048671103416460415e+00 1.202725399258576022e+00 1.006005084476538469e+00 -6.070056815907822756e-01
3.027955386299244545e+00 1.306851593427647895e+00 1.611721510414536374e+00 -4.215511415242738091e-01
3.024623654871157363e+00 1.114876461007829000e+00 7.643019975246360120e-01 -7.709660070624926309e-01
3.134129380957338284e+00 1.164175230651913306e+00 1.696565289046623626e+00 -7.861473987021157239e-02
