3.030809491897418440e+00 1.035667195477535163e+00 1.107604163925725915e+00 -6.677015856701030705e-01
3.142038734682465861e+00 1.279651812664085009e+00 1.676145520059181715e+00 -4.627295831596235365e-01
3.111044030714399611e+00 1.123826696675591430e+00 1.251467905601730823e+00 -6.082786663210751898e-01
3.082503914058335681e+00 1.151439482355945509e+00 1.165572946866070270e+00 -7.111565788458804604e-01
3.018408823459461043e+00 1.027562610416887789e+00 1.132301409357877153e+00 -3.880851265285362173e-01
3.011977764511238664e+00 1.050016583199577580e+00 1.349350988252442596e+00 -4.626922102746449661e-01
3.115695168483406885e+00 1.115363603002186732e+00 1.123432829075688533e+00 -7.499585522496347023e-01
3.038464147251732417e+00 1.082631534329014267e+00 1.041272942547031954e+00 -4.436216988942749406e-01
3.081161577005284702e+00 1.214665143612360332e+00 1.370047155513707704e+00 -4.386384762366574708e-01
3.121084680330856287e+00 1.124868136839756172e+00 1.535747836043271031e+00 -2.331181458623136915e-01
2.960727477383823469e+00 1.192711885127107685e+00 1.320627927810543722e+00 -6.238129578674954656e-01
3.082163634565174615e+00 1.220898701849191692e+00 1.334708661182890665e+00 -5.703998798101227452e-01
2.995448752846601614e+00 1.054203988136517278e+00 1.338088754019444160e+00 -4.054140900151216864e-01
3.011091311154835193e+00 1.043931474637749712e+00 1.231354040309216691e+00 -5.359737908729317324e-01
2.982995520337818451e+00 1.008683992995446976e+00 1.170642597326262857e+00 -4.126887618111154121e-01
3.114353610645597126e+00 1.000809406414890690e+00 1.668483178478386453e+00 -8.021123423390594254e-02
3.027210683574621530e+00 1.181514478323237638e+00 1.322310643656129825e+00 -6.450496527546415448e-01
3.048181173074202999e+00 1.058414560798709880e+00 1.214526863500407172e+00 -3.713915293614418744e-01
3.137096328933915768e+00 1.296020934320421869e+00 1.662275341532966744e+00 -3.310895646009546778e-01
3.045772738663907298e+00 1.177550164610099204e+00 1.436046114229791559e+00 -4.211937187038062302e-01
3.044470851339343032e+00 9.642520929939767393e-01 1.189412637512334614e+00 -5.082153089640389920e-01
3.016799530447393796e+00 1.148222819765145175e+00 1.050301250500545791e+00 -5.768835444883740893e-01
2.960987074735957680e+00 1.073929206345642484e+00 1.110506590826330520e+00 -5.093320346850909175e-01
3.052841888511593105e+00 1.109058113725348127e+00 1.132189448077206118e+00 -7.056060881891140779e-01
3.100781641920570486e+00 1.091504508258911432e+00 1.316402121331267994e+00 -5.561430822593623757e-01
3.045385684332051479e+00 1.128079848248922712e+00 1.109479072675020772e+00 -7.406846880470314698e-01
3.012369044657979167e+00 1.135411624046900547e+00 1.621430140116547847e+00 -2.262430094254012092e-01
3.033976220098694387e+00 1.034648030747148617e+00 1.146491272557683017e+00 -5.662756215967492679e-01
3.138090874278526510e+00 1.266159615186498444e+00 1.393065620824326167e+00 -6.582561938558981751e-01
3.138211569392204581e+00 1.074276410709836371e+00 1.075139566657997925e+00 -6.989265667327465570e-01
3.100961742056534298e+00 1.101599877591139753e+00 1.396889359669320374e+00 -3.595497539377963681e-01
2.964894371520819139e+00 9.949356091927971102e-01 1.105508121559569235e+00 -5.548353494231661465e-01
2.973089794813565057e+00 9.648822743777549782e-01 1.188125383026956694e+00 -4.865083095826381876e-01
3.106246461684114113e+00 1.084085477616187454e+00 1.364033267230369884e+00 -3.185781959772787109e-01
3.159458907579989262e+00 1.139584763111170407e+00 1.366862786199356750e+00 -5.596486090072755326e-01
3.099112919260155863e+00 1.160511330589760970e+00 1.190093907337228307e+00 -6.667810883663398691e-01
3.006428823134004613e+00 1.196854047517451836e+00 1.454909611284036064e+00 -4.976913885713000196e-01
3.162516373657168867e+00 1.331326981679081811e+00 1.438713481613632883e+00 -6.019934655398090362e-01
3.111474757808809777e+00 1.049150202289537370e+00 1.356741169733028940e+00 -3.862745937950959330e-01
3.039818885834121076e+00 1.187918342234094204e+00 1.338774235969576232e+00 -6.249648121404687284e-01
3.046402228006400037e+00 1.089090348993412061e+00 1.101726204042827284e+00 -6.556778461568490979e-01
3.076957092380970593e+00 1.154592068887141609e+00 1.304037319068447331e+00 -4.891445012384291191e-01
3.105180538132464196e+00 1.093527290410629016e+00 1.603730405846782059e+00 -4.023904303170475760e-01
3.142175332865507986e+00 1.236216138181263968e+00 1.423402035659127485e+00 -5.518669707297247928e-01
3.030703924612523803e+00 1.024920237878961471e+00 1.154231741275500989e+00 -5.709936185677163545e-01
3.107895926235376471e+00 1.114278049516909341e+00 1.520620406331744334e+00 -4.100568717555134746e-01
3.031438318837697210e+00 1.025025004394785055e+00 1.252392443112527509e+00 -3.305864444140459990e-01
3.106626915464060890e+00 1.142285017648105416e+00 1.098625091419315636e+00 -7.158154237992906399e-01
3.045828255986315014e+00 1.104490099074214582e+00 1.060331273952888287e+00 -6.380155215674949698e-01
3.107211898316453613e+00 1.169032886374574032e+00 1.269683455496849245e+00 -5.539113743379553423e-01
3.038735727066231185e+00 1.044071735835277570e+00 1.631895909943023026e+00 -1.138014061956618417e-01
3.028502185372416111e+00 1.104823992834071955e+00 1.320160248939202141e+00 -4.373969648980430835e-01
3.062967106010666019e+00 1.096902301979926664e+00 1.234621524584349483e+00 -5.197481356591412416e-01
3.040552805607040998e+00 1.045658076196607889e+00 9.423929373533070919e-01 -5.801792074158909074e-01
2.969819150507928551e+00 1.014941916906485941e+00 1.152406231215582499e+00 -4.144123254473948137e-01
3.038605529928583682e+00 1.039972415364391223e+00 1.008291971908780615e+00 -7.247549626936613532e-01
3.042518316758852315e+00 1.161913406024149609e+00 1.612792862572992370e+00 -2.860851302052848100e-01
3.174300232792866439e+00 1.345310353610769560e+00 1.509831221195113926e+00 -5.163460855340390454e-01
3.169506290168784712e+00 1.209645688820427889e+00 1.696574167496747387e+00 -3.925768654736973007e-01
3.176584748814732517e+00 1.297309212073783691e+00 1.592488616118237665e+00 -3.680218828481761073e-01
3.108127585162726803e+00 1.277528345491200312e+00 1.664064454038578944e+00 -2.098716257867681012e-01
3.086036039371351514e+00 1.123902809268041647e+00 1.157763443638198497e+00 -6.546071391755433622e-01
3.187738003614705384e+00 1.265491627404348840e+00 1.545859461523755085e+00 -4.195091704156247991e-01
3.032456190483989289e+00 1.069552745812622385e+00 1.090054915814952619e+00 -5.968946836759321251e-01
2.946989635948897401e+00 1.080119574767242074e+00 1.101281132562419218e+00 -4.280665627917744076e-01
3.079625216095343454e+00 1.049557016454129466e+00 1.194135364798984966e+00 -6.065047489978311335e-01
3.087299987833271864e+00 1.084560406173713742e+00 1.211192216354497697e+00 -5.699998475664052044e-01
3.031352231215313608e+00 1.040971449634217283e+00 1.164872198190890051e+00 -5.595983766005006022e-01
2.973616118082410331e+00 9.434762947510592079e-01 1.059384161598397434e+00 -4.599952705145260445e-01
3.074025423955843994e+00 1.088727461816369146e+00 1.179998743461319277e+00 -6.085528763073421166e-01
3.005899530503059136e+00 1.000291957013278665e+00 1.150955098892994188e+00 -5.042106152759909810e-01
3.011381210056852442e+00 1.055735608007209558e+00 1.097364332894305683e+00 -6.065812905899490293e-01
3.077323734641573161e+00 1.047493667034108400e+00 1.169872247596746240e+00 -5.459236137808410882e-01
3.087158725138931192e+00 1.201067494410521297e+00 1.584481901113492519e+00 -3.827042270927345502e-01
2.988244295103041459e+00 1.041411655488062360e+00 1.225080789036529172e+00 -5.359852188667985073e-01
3.064824183845285432e+00 1.036739331966118449e+00 1.534097751829724299e+00 -3.220206578473467918e-01
3.089447970852191361e+00 1.056708068194387451e+00 1.559111946481871236e+00 -1.612810294971100955e-01
3.013129600079520909e+00 1.101224548521392066e+00 1.162512284731287426e+00 -6.557625241953063400e-01
3.062547074569378580e+00 1.171487761213879208e+00 1.342730327853658645e+00 -5.019187711451480460e-01
3.077683777969102419e+00 1.055144898436378043e+00 9.597791794257728437e-01 -6.670941877153852007e-01
3.057870172513999396e+00 1.139822603577704374e+00 1.396037351226067313e+00 -4.581546057326059129e-01
2.965405902426502482e+00 1.071515237334473847e+00 1.232683593729901661e+00 -4.758616861994716674e-01
3.131134467661293552e+00 1.147649405664229239e+00 1.399972794082685601e+00 -3.453751857836968031e-01
3.007169894067942106e+00 1.011241119332427996e+00 1.156519774035541515e+00 -5.853466117267338564e-01
3.097306822911332969e+00 1.221616863358453431e+00 1.128489891650424237e+00 -5.822598243601414536e-01
2.991398278575220004e+00 1.070877139873046557e+00 1.464280769580651453e+00 -2.957237049311258748e-01
2.994360274350125639e+00 1.021659077347578659e+00 1.010637109346497864e+00 -5.059350868080729757e-01
3.048878543620389348e+00 1.057272061680324393e+00 1.091725190543078039e+00 -6.047790374244583766e-01
3.077269866672214249e+00 1.052040347054254754e+00 1.241035424040112689e+00 -4.961374174862565045e-01
2.988089731932957793e+00 9.769321830909319937e-01 1.208391238580539762e+00 -3.175761162212735744e-01
3.013697668361931203e+00 1.199315142461772732e+00 1.461447364680533489e+00 -4.325246601756256859e-01
3.059163828308583355e+00 1.131000962793283326e+00 1.473383666314882490e+00 -2.173337635084065800e-01
3.100112435457166526e+00 1.138782363925398666e+00 1.406458173606875972e+00 -3.925424894438606649e-01
3.064792401314690107e+00 1.134477152665356980e+00 1.125937361280701765e+00 -5.828769873792586376e-01
3.082500606647604169e+00 1.082462292120037972e+00 1.049026466576920447e+00 -6.987345019816575409e-01
3.101562377081635624e+00 1.086965990208107025e+00 1.352666713050002967e+00 -3.198137409025210709e-01
2.966019752916763785e+00 9.546538491491933787e-01 1.067939516990934035e+00 -5.370798239803239449e-01
3.031363565703710794e+00 1.022430031820591445e+00 1.323245958443913795e+00 -3.848112992965251888e-01
2.988825310806938695e+00 1.101917975171531783e+00 1.240558654914838188e+00 -5.300303744557802732e-01
3.027190302661566523e+00 1.091928038335563400e+00 1.292049812993352198e+00 -5.162192831379993629e-01
3.067322855049379182e+00 1.187464736477766847e+00 1.327852746978213760e+00 -5.368564448678890821e-01
3.105622324893743347e+00 1.136382104121832715e+00 1.766759642640117534e+00 -2.497381831599638502e-01
3.068125713591947967e+00 1.098729010623496372e+00 1.191701655501817614e+00 -6.191803213703633846e-01
3.069312415403488981e+00 1.099412792935796634e+00 1.092148805611393714e+00 -5.150801114037997230e-01
3.022340085456235670e+00 1.069485461670957260e+00 9.850938914874908248e-01 -7.796672580260662899e-01
3.124638924782813909e+00 1.142093048405812938e+00 1.063316154165953042e+00 -8.756071655738628667e-01
3.115027255872242495e+00 1.092004391541250730e+00 1.358108488972035177e+00 -3.079806030603265965e-01
3.052257646226581134e+00 9.756304701501232746e-01 1.115461540154765396e+00 -4.549105235295332617e-01
3.149591176220802868e+00 1.199481787809626887e+00 1.444773448885616984e+00 -4.143843152603233215e-01
3.095190012569462912e+00 1.122583459365126268e+00 1.142109140371414977e+00 -6.674426244064592950e-01
3.127893224687866347e+00 1.279300773817214854e+00 1.584656741204315544e+00 -5.457060545240903782e-01
3.138107171882070112e+00 1.104821446076643676e+00 1.387510823856983544e+00 -3.543106677091077961e-01
3.173241451373150834e+00 1.185725981450856947e+00 1.332063517544164633e+00 -7.533636035898261252e-01
2.980857069175280927e+00 1.139660099314019570e+00 1.156819910408518171e+00 -5.291373778261024841e-01
3.046460169206555602e+00 9.919004839743775781e-01 1.311453717919440543e+00 -4.980601966122589208e-01
3.084866639522478859e+00 1.071383480925461873e+00 1.419124425200627648e+00 -5.065822544667828442e-01
3.093839217126391539e+00 1.125090717005034824e+00 1.085840432382914500e+00 -6.372627904118024489e-01
3.050413683872638337e+00 1.069245668417213579e+00 9.949811203110648927e-01 -7.422701237467185242e-01
3.082995583989015298e+00 1.225614914162863167e+00 1.797540548951204187e+00 -2.963881750805440474e-01
3.105319529539756207e+00 1.208446966678518253e+00 1.401569674142299604e+00 -3.292293407523602666e-01
3.119374284767094441e+00 1.141127291837691793e+00 1.278311219994666015e+00 -4.941467553585907058e-01
2.951850716641416739e+00 1.046263739354976741e+00 1.117647597136615989e+00 -4.672841142921063673e-01
3.047458022970435554e+00 1.113942235244044010e+00 1.108567404849434945e+00 -7.422741763614644217e-01
3.003496346429815667e+00 1.099153749693415172e+00 1.129660321131153555e+00 -7.803615416381766146e-01
3.105569047649958669e+00 1.108986962113589936e+00 1.089701749902107997e+00 -7.520746471154733381e-01
2.990680384791344792e+00 1.075416400034332920e+00 1.452208156669925421e+00 -2.909146761755596611e-01
3.092436778491510996e+00 1.041830680189741676e+00 1.306075081010371619e+00 -4.934358626325610064e-01
3.154559585307635583e+00 1.141773564460403678e+00 1.420913384764045828e+00 -2.192019600312603567e-01
3.001872374308332425e+00 1.137919281134891270e+00 1.347540946986391708e+00 -4.703787579354808401e-01
3.079676934100429975e+00 1.047255402154788406e+00 1.456292029100724417e+00 -2.319601291445809454e-01
3.090784535771124997e+00 1.110562164114826222e+00 1.428694165555109752e+00 -3.211519765193603382e-01
3.115023448426572639e+00 1.067028419507373371e+00 1.141183609647356878e+00 -7.566935822907799869e-01
3.151312562963573871e+00 1.261584472155679038e+00 1.594547913689207119e+00 -4.360291439431177585e-01
3.075177267175224216e+00 1.079033973206100727e+00 1.251793412603784850e+00 -6.989571845662637672e-01
2.830126112397502336e+00 9.169864407524034311e-01 6.147049009256059238e-01 -7.219008099221507768e-01
3.116063197833274234e+00 1.071385559574660196e+00 1.112552556954986338e+00 -4.468937525392324139e-01
3.079933463428550233e+00 1.175725875385307928e+00 1.271509941091156115e+00 -6.730223167987200439e-01
2.948715793069633495e+00 1.073332749251192153e+00 1.168676845036903167e+00 -5.224704176899964692e-01
2.970411458818322803e+00 1.052258218880389284e+00 8.904334825567714606e-01 -6.998410666037745420e-01
3.000222229766590143e+00 9.178540327591210302e-01 8.736900048969291621e-01 -7.137179866183639421e-01
3.053377722730058252e+00 1.049802790153613774e+00 1.169665953802956793e+00 -5.543401363962623396e-01
3.146717892120840077e+00 1.170856803707931437e+00 1.687263572594748018e+00 -1.362627161134387643e-01
3.049291840355553340e+00 1.114608995083519183e+00 1.124766579757300988e+00 -5.762598188965585289e-01
3.075071536263479288e+00 1.043272376189090744e+00 1.227271285895223718e+00 -5.923295442871200356e-01
3.032090399221034183e+00 8.902015215023112438e-01 1.334441752866123210e+00 -2.529462915015657232e-01
3.091794608248859433e+00 1.078474268966092664e+00 9.833901958722527370e-01 -5.605091498118186522e-01
3.055169464414790426e+00 9.592860023176166262e-01 1.461380986147994943e+00 -1.188633245768014324e-01
2.989567413609948154e+00 1.006079854792929940e+00 1.141754359652475515e+00 -5.175417508282726953e-01
3.117802346036309569e+00 1.143080224202863926e+00 1.302943333055057273e+00 -5.818805619949012353e-01
3.124125492311804919e+00 1.149428130099825918e+00 1.390927170700774873e+00 -5.549530660703768659e-01
3.043562183235542395e+00 1.023980671267417097e+00 1.213749918246291859e+00 -5.720346290862817762e-01
3.066817078565682309e+00 1.110494241319814224e+00 1.420527924503709460e+00 -4.814372738611897851e-01
3.029995058669958219e+00 1.085324155224335785e+00 1.150302721662619598e+00 -6.737118076184998028e-01
3.127323034808603630e+00 1.156233306001221317e+00 1.287797791934812253e+00 -5.313435267890960212e-01
3.010334018162653447e+00 9.818897202525330714e-01 1.261871557960996926e+00 -4.241296050127975614e-01
3.067451106014690509e+00 1.057170066650927831e+00 1.405551043765437269e+00 -2.547010806831621621e-01
2.996100552366426584e+00 1.134908099846716700e+00 1.081587258427321840e+00 -6.333959672033792065e-01
2.993204963016548259e+00 9.925554994845416923e-01 9.377288986946892280e-01 -5.466417925741228201e-01
3.096491528690703099e+00 1.192030918418157670e+00 1.693390887459210070e+00 -1.640432845417163499e-01
3.130254849566641351e+00 1.152169824223849171e+00 1.103597698057876775e+00 -7.782146371920424244e-01
3.081572889143730176e+00 1.199237311701838671e+00 1.458818411541949578e+00 -4.852369150887849147e-01
3.063542429783920884e+00 1.170148541878450965e+00 1.431649359507478181e+00 -4.670001496326156576e-01
2.993049672695505148e+00 1.181508085782856599e+00 1.467076403339179658e+00 -4.008293477839647845e-01
3.002208768138076245e+00 1.097863264621813384e+00 1.609460948764094734e+00 -2.107078682021042704e-01
2.941515190805085833e+00 9.141987655146974756e-01 9.744533896638064574e-01 -4.246401852495590434e-01
3.104416731136168561e+00 1.093218973780748948e+00 1.487657482814818577e+00 -3.335930122618892546e-01
3.080878343899092986e+00 1.172175598013343922e+00 1.109784957622940160e+00 -7.189371728979117027e-01
3.080182991982444829e+00 1.094328853705469839e+00 1.256847745267236416e+00 -5.730656241567615439e-01
3.134246289796743135e+00 1.119818804519476130e+00 1.193674915653963220e+00 -7.066380613161514779e-01
3.005970948923788022e+00 1.073741348187217559e+00 1.364909154610152831e+00 -1.949500475236751462e-01
3.043831351642194871e+00 1.093257579999119100e+00 1.205297859181107656e+00 -3.501321458680259902e-01
3.098390545991760003e+00 1.241928590477898720e+00 1.607907750968240013e+00 -3.128596499309022061e-01
3.065834771170736328e+00 1.076477949758140706e+00 1.337777494045488957e+00 -6.138263528264435998e-01
2.896988124197711123e+00 9.157248466020522226e-01 7.969034571526663058e-01 -7.396943680063737814e-01
3.130325264813159869e+00 1.259934151493856458e+00 1.626905540832342068e+00 -3.768182315155455542e-01
3.048748622659259944e+00 1.001353847772573413e+00 1.141771703303988694e+00 -5.727289102347015159e-01
3.138646018856983133e+00 1.107319066195840307e+00 1.571415260632638145e+00 -3.786237873706008172e-01
3.104620408306463020e+00 1.215742042439813320e+00 1.685134036386452649e+00 -3.581279716770225385e-01
3.042139685459139820e+00 1.003993325380821311e+00 1.271427247328983601e+00 -4.414770802784497294e-01
3.023698366593704723e+00 1.001939717810970576e+00 1.430540882223478416e+00 -3.881166511674160047e-01
3.047546511671430647e+00 1.077755557218141202e+00 1.143550207867959578e+00 -5.816708938809249663e-01
3.090377988086698835e+00 1.106753534838720521e+00 1.016453189552037895e+00 -7.252629462762871793e-01
3.068435360376351007e+00 1.132167132079646477e+00 1.228721741314700688e+00 -4.954132375723362958e-01
3.193803380165327610e+00 1.233790647257376083e+00 1.325761770828251418e+00 -6.721788141755189461e-01
3.029560927542209292e+00 1.003838043555020709e+00 1.248447179133034934e+00 -3.854842875966122961e-01
2.988216941485113409e+00 1.116729811365156699e+00 1.122776269490961987e+00 -8.174773946730854446e-01
3.110711202169280210e+00 1.160946782608818229e+00 1.323265792825730092e+00 -6.157321740820653755e-01
3.199983609108265625e+00 1.148188333982201215e+00 1.431389153293383121e+00 -4.231031445980937278e-01
3.068717916163729686e+00 1.047035286292156586e+00 1.429732072635436557e+00 -3.502591772726437180e-01
3.116101777748722768e+00 1.110601097087872136e+00 1.318532253355958028e+00 -5.135305900531060841e-01
3.126462129156466485e+00 1.038159097267536968e+00 1.510212445574265594e+00 -3.418219066771489567e-01
3.013312319375633042e+00 1.028026112594794705e+00 1.204903544169484642e+00 -4.008124966029558700e-01
3.039868122664791006e+00 9.528184225444176203e-01 1.480370551253574751e+00 -1.259515109102543884e-01
2.906286964946838580e+00 1.059454148091164560e+00 9.798776322964397600e-01 -5.690611140909472843e-01
3.151977282519960788e+00 1.167588571226801708e+00 1.436952288123375610e+00 -4.851798415853528779e-01
3.205333270476978580e+00 1.294961875209313051e+00 1.551943609625059395e+00 -3.816077073139295117e-01
3.081815935447433041e+00 1.080258450511583979e+00 1.118752975112669246e+00 -6.940891963293299716e-01
3.063393520816271476e+00 1.194227907839737757e+00 1.662802969263145858e+00 -2.792587584416266755e-01
2.961529881074660420e+00 1.021001855171972839e+00 1.115026987045833140e+00 -5.446429732176506500e-01
3.067057764916379270e+00 1.207559790458825777e+00 1.598324727684914404e+00 -3.130416143083032399e-01
3.019043293946117146e+00 1.065310391480291052e+00 1.402150550672372598e+00 -4.981720983815977055e-01
3.072344660365160074e+00 1.109717178718034658e+00 1.359140246458590440e+00 -4.869026726315263676e-01
3.035804373961937586e+00 9.873177939662993730e-01 9.465825150279812972e-01 -5.161791234801370587e-01
3.042075731164554764e+00 1.107327249018032589e+00 1.373577474398044895e+00 -4.407222010214860153e-01
3.037501288230835872e+00 1.084668926369564135e+00 1.251741767194846977e+00 -4.336750417786842671e-01
3.049931012017895959e+00 1.030538742259426543e+00 1.297934555758744501e+00 -3.246051362473486579e-01
3.000899277799787601e+00 1.004308494769643456e+00 1.115620965077560145e+00 -4.645607148094972882e-01
2.958589343328031696e+00 9.231281649518657817e-01 7.946376847712969260e-01 -7.062262229220608312e-01
3.039098867155613171e+00 1.078272708227403509e+00 1.043363818338089777e+00 -5.800975523179883186e-01
3.068731805089913056e+00 1.221606426681085322e+00 1.751408784435236843e+00 -1.399706015939947978e-01
2.968448673113581737e+00 1.040647994216417960e+00 7.586419925924792196e-01 -7.098505139450754786e-01
3.061423757901786669e+00 1.036116595425143450e+00 1.138466031787951582e+00 -5.396795213371096134e-01
3.046049463097761478e+00 1.119104791704275348e+00 1.203237239290087413e+00 -5.435667850897214493e-01
3.076397018234739544e+00 1.084151504548809930e+00 1.383972098998244471e+00 -6.078030148258317666e-01
3.013795425578577714e+00 1.124327990056925408e+00 1.183057843659481412e+00 -6.046077461488325033e-01
3.112936893869716393e+00 1.257463907806758430e+00 1.399086092229639533e+00 -6.386171655163915828e-01
3.025960615548576094e+00 1.115755144238505192e+00 1.083265332125543212e+00 -7.620581827874500780e-01
3.101710826583128799e+00 1.190556687727316820e+00 1.382428812589308720e+00 -3.024468849368906476e-01
3.083870638123658914e+00 1.085597676845444282e+00 1.335330666948620681e+00 -4.000210222855739572e-01
3.091836297542914558e+00 1.165350860049940263e+00 1.487068250483093212e+00 -3.599874774341182970e-01
2.984944003273612534e+00 9.797343607672145405e-01 1.174701682957110194e+00 -4.648250169212958527e-01
2.964178091767056156e+00 1.067302784374734248e+00 1.159011778780707047e+00 -5.804726306166366756e-01
3.084384758721311570e+00 1.172643242930523355e+00 1.125712375020264000e+00 -9.331709682828546182e-01
3.050639909767488334e+00 1.029746508503065705e+00 1.129126285533709417e+00 -5.463621170985147879e-01
3.037892804750965681e+00 1.050600233216123724e+00 1.303836108083484602e+00 -4.398012017958127240e-01
3.092892047651556897e+00 1.129825606554557327e+00 1.270811379180483813e+00 -6.123655100186272682e-01
3.109212223204836700e+00 1.080148959609880555e+00 1.580753049363287976e+00 -3.979638108270302510e-01
3.164199959450922250e+00 1.343510575207274460e+00 1.468933624281113071e+00 -3.509065252969119642e-01
2.998085394818663652e+00 1.135965476923012085e+00 9.212826380603038601e-01 -7.865466593828012165e-01
3.037860166463775879e+00 1.028565831172097766e+00 1.346501872275596590e+00 -6.253503814861819388e-01
3.020329336191630354e+00 1.105265089792764277e+00 1.154194065698755489e+00 -6.910226043385643280e-01
3.098240332246009476e+00 1.041457820779735366e+00 1.433722369163060728e+00 -2.298889325049798815e-01
2.919416171833943974e+00 9.416472292695207136e-01 5.650688534440833077e-01 -5.528681811294404724e-01
3.034942109868851823e+00 1.062204234082915866e+00 1.101704548960058316e+00 -5.905251683098143856e-01
2.995932739248466703e+00 9.398687166116110880e-01 1.112796471625423722e+00 -5.888637634728904890e-01
3.035589098430452992e+00 1.170167264357228953e+00 1.339655557640493599e+00 -3.756149569607526995e-01
3.125091142124814869e+00 1.051220423741560106e+00 1.314799928353935998e+00 -3.980747639700156215e-01
3.040482480256193387e+00 1.054167849582984706e+00 9.076797120066555369e-01 -8.100308977144299316e-01
3.038097267689225500e+00 1.033063764733241463e+00 1.141138611123839963e+00 -5.085477222225969207e-01
3.031156169825086177e+00 1.077101162740178752e+00 1.326833449391662256e+00 -4.294110021632370211e-01
3.076647859058598389e+00 1.054245908668606457e+00 1.166729260290205517e+00 -6.627783357233490991e-01
3.036285626848408636e+00 1.116803168033551508e+00 1.362573102717088869e+00 -4.461265152757571406e-01
3.102214059640579613e+00 1.108772693581310920e+00 1.156816217834187421e+00 -5.753304414344319051e-01
3.120343047216427301e+00 1.116063039270360324e+00 1.159270233016457929e+00 -6.432670948636979302e-01
3.111955219570712305e+00 1.096852176285749714e+00 1.278168493782529058e+00 -5.264183655339804702e-01
3.099912085570510012e+00 1.162391016529621623e+00 1.458891595828886389e+00 -3.966552778067611307e-01
3.138153659037686172e+00 1.122520754205826643e+00 1.154754585755740193e+00 -7.924631382871961671e-01
3.069626999220544050e+00 1.103373473655884007e+00 1.273977146066840316e+00 -6.526352929657064372e-01
3.035153893740951236e+00 1.064495044972926241e+00 1.171733977669361604e+00 -5.809583955802944955e-01
3.001733818487555272e+00 1.087139389130733713e+00 1.044827205568278572e+00 -7.656414586313038395e-01
3.025470324608035888e+00 9.646152890763364240e-01 1.182370448057049162e+00 -3.159619468880628945e-01
3.098510262023037587e+00 1.142135853829800762e+00 1.443450640378610705e+00 -2.160284974049166140e-01
3.137015095229665818e+00 1.172773596749702829e+00 1.392485480066550929e+00 -3.784704239118137359e-01
2.938233414275027044e+00 1.029859865055019030e+00 9.340283503024372491e-01 -6.388799894152203951e-01
3.047276936433795491e+00 1.022272634876843167e+00 1.384412665075504201e+00 -4.537866377157941389e-01
3.140078025057083000e+00 1.110536171975546438e+00 1.157581130164977212e+00 -5.923650804215316867e-01
3.028347526989781713e+00 1.102256618182247516e+00 1.448755892902706233e+00 -3.320762125576616208e-01
3.025108431456380753e+00 1.018500468272335535e+00 1.110533950326349384e+00 -4.566993666448544986e-01
3.119232162595452884e+00 1.156480901525023919e+00 1.239904254418836116e+00 -3.751345686066922536e-01
3.109642308117672727e+00 1.186425494792580748e+00 1.376161648944333793e+00 -6.016224982831350765e-01
2.969852386907705810e+00 1.028909366669245928e+00 1.118535245357870522e+00 -4.558974999253960214e-01
3.135213244317937242e+00 1.179331015596151611e+00 1.560603169494423792e+00 -4.448669312480493798e-01
3.026179679189172411e+00 1.018824448551338691e+00 1.288746714446196151e+00 -2.322060275839078203e-01
3.057239684005852887e+00 1.125734423158594399e+00 1.246030408890581809e+00 -6.123451391944981781e-01
3.040103967115010519e+00 1.181151984335823801e+00 1.558169526994025889e+00 -2.009842736357173865e-01
3.022212240926585025e+00 1.097208080671177699e+00 1.396919668012113647e+00 -3.808171573578932323e-01
3.085578867651496804e+00 1.257545343236703861e+00 1.600009492964487690e+00 -2.589187087277329824e-01
3.020570670793347734e+00 1.076481421050798915e+00 1.149733931178128943e+00 -6.243959548420136008e-01
3.113749884467897466e+00 1.135148984356094459e+00 1.379272066515578210e+00 -4.621535684563860547e-01
2.992257916233442394e+00 1.184633264754042070e+00 1.288338672976945487e+00 -4.979852644813880236e-01
3.091806217126136680e+00 1.128869168330747685e+00 1.503551049795165628e+00 -4.891732857119644451e-01
3.018305435936836201e+00 1.058817560110714373e+00 1.177193473776710242e+00 -4.369090045503700726e-01
3.091327427693669527e+00 1.081965667385426988e+00 1.345245310793491411e+00 -4.893293635221043769e-01
3.039198957492208475e+00 1.000820440455227001e+00 1.193332854722725100e+00 -4.373247087583964077e-01
3.093573645314557918e+00 1.082428373011021572e+00 1.334115211897110687e+00 -5.521197390618550749e-01
2.922203074721124949e+00 1.107609065265345416e+00 1.074699899363029232e+00 -6.817927028157125813e-01
3.118352523262254650e+00 1.142517585891216436e+00 1.456234989643538924e+00 -3.987668780849902284e-01
2.992708671255595920e+00 1.006356586329491654e+00 1.325748511734007096e+00 -3.541852074276090057e-01
3.048483782857774216e+00 1.028368034376740514e+00 1.239372005878305538e+00 -6.189365576980550010e-01
3.172759639911765017e+00 1.341149721279864648e+00 1.511328061937688316e+00 -6.206786275699602839e-01
3.015295759874919934e+00 1.099183159507204133e+00 1.275945241519035100e+00 -5.360171418394693577e-01
3.104092226092800111e+00 1.104466667726825335e+00 1.347844186559839841e+00 -6.538126301012741060e-01
3.064324319478684444e+00 1.136037555943306465e+00 1.042043305231184158e+00 -8.156208919482896835e-01
3.137689814647142139e+00 1.262512153335722420e+00 1.535569630285383180e+00 -4.213031016141529084e-01
3.043767185059184310e+00 1.080267731658621999e+00 1.237975768094569773e+00 -4.400639923808299936e-01
3.142776064472543762e+00 1.111655417647084754e+00 1.459531214080126649e+00 -4.127130686432393669e-01
3.192339089686657694e+00 1.187432124326806226e+00 1.363207160529859463e+00 -6.607744084253941441e-01
3.030018186111423706e+00 9.880098375416598300e-01 1.104861695876867778e+00 -6.585444605917546435e-01
3.108200561736728762e+00 1.249805396092674270e+00 1.673519432631108472e+00 -4.959255615595460354e-01
3.118956883819379300e+00 1.060142093944357322e+00 1.238880775033141868e+00 -4.556232273904956553e-01
3.027607336477595723e+00 1.103089188884979865e+00 1.064468047286069030e+00 -5.832721818951378534e-01
3.001998314361962183e+00 1.081170768183631781e+00 1.470495739063731211e+00 -4.114291443798204218e-01
3.060203196884395904e+00 1.036071278694860931e+00 1.256730185046875725e+00 -4.193205690070243019e-01
3.217287067922099286e+00 1.259055298202773621e+00 1.492994567749790003e+00 -5.533871746033031114e-01
3.037099480792257999e+00 1.170401411193981112e+00 1.574971424527545016e+00 -3.467892986112878773e-01
3.117784466670638466e+00 1.243347092119371444e+00 1.295119303776454789e+00 -6.433598969357209318e-01
2.923094390751916904e+00 1.022155581607736785e+00 9.562941132158483404e-01 -6.280514516837357730e-01
3.087565304811228373e+00 1.104715147470368697e+00 1.403630086067947813e+00 -4.495896658528725776e-01
3.048186696285411390e+00 1.070589463117533890e+00 1.575953854633106888e+00 -2.345589893030506912e-01
3.020405915067241320e+00 1.201054597994763551e+00 1.713497668817002495e+00 -2.471008488953997384e-01
3.010822754605298357e+00 1.093903009584780595e+00 1.152126675371192066e+00 -6.923819215545025108e-01
3.029604177555464961e+00 1.049991306385297918e+00 1.171488550032266041e+00 -6.994312916547662518e-01
3.047815651273809934e+00 1.074179215569250445e+00 1.224208289710855269e+00 -5.945072265202836492e-01
3.043897156462554321e+00 1.056501087149633422e+00 1.288029354035323149e+00 -3.648249966738625893e-01
2.909651399050179776e+00 9.787748834267440134e-01 9.608255550395613520e-01 -7.486768337058978817e-01
2.952822820901152223e+00 9.338699096548027656e-01 1.227037195674440584e+00 -3.843141360619608538e-01
3.130413109810840755e+00 1.008836336796335775e+00 1.171559544258401697e+00 -5.595340424165747839e-01
3.009601117380098945e+00 1.133440439421274482e+00 1.489951957884906752e+00 -3.915651000492891276e-01
3.082988203777434766e+00 1.105917916910887255e+00 1.277184225304996090e+00 -4.100506707125032846e-01
3.071125219892251401e+00 1.223455434715471357e+00 1.451660446214114053e+00 -3.706926968239991349e-01
3.052718803664570935e+00 1.182550538557612940e+00 1.160240842490801505e+00 -8.029856812328152182e-01
3.065246020520348669e+00 1.162377296036942287e+00 1.251356619149131655e+00 -4.703167108812687514e-01
3.039381247034340205e+00 1.084952149682619993e+00 1.294585051851371738e+00 -4.836842157659040353e-01
3.023559690849581649e+00 1.052077872571258954e+00 1.094343933576895633e+00 -5.152428851842271174e-01
3.080496085128315187e+00 1.126408943983346678e+00 1.161648347737437748e+00 -6.553698043838833698e-01
3.049142472067032372e+00 1.089876102252964163e+00 1.430533309712215040e+00 -4.653494194293861241e-01
3.061049224895648901e+00 1.176883481479516824e+00 1.286542422165880328e+00 -4.507105325041097510e-01
3.127392954227838029e+00 1.144244945651799794e+00 1.412069167533096081e+00 -3.037831986603518608e-01
3.160143041557039290e+00 1.305168984906417640e+00 1.843446501804442361e+00 -4.223415857411122465e-01
3.047707223457120307e+00 1.067170852746705423e+00 1.196755678385168054e+00 -4.056391597829477891e-01
3.141598577854791685e+00 1.102600749343445985e+00 1.138523097288723473e+00 -5.116034003474084768e-01
3.108760385982516805e+00 1.065035364026435616e+00 1.619252169485340787e+00 -2.819554862884369184e-01
3.091165947926391766e+00 1.133276636113332847e+00 1.041953782667057071e+00 -7.323653264650340500e-01
3.052642904732841611e+00 1.104312564455306456e+00 1.230409483971170115e+00 -5.745749112535648573e-01
3.104707857024014306e+00 1.092550282830991426e+00 1.234057792799638120e+00 -6.813313502286852952e-01
3.045969375349698804e+00 1.069962009695975214e+00 1.186076442948008847e+00 -6.366590859843309635e-01
3.118477225658458973e+00 1.098683129684090654e+00 1.220918286454699242e+00 -4.686425591988276906e-01
3.042325737843522671e+00 1.086920434380776568e+00 1.042389741440849171e+00 -5.259990587234100179e-01
3.092067683619205809e+00 1.080928168949263801e+00 1.329834289043743123e+00 -3.020084204736632194e-01
3.151165957486817160e+00 1.248044251178420661e+00 1.370896968104398761e+00 -4.370501604314202537e-01
3.098012565372749272e+00 1.104714385079656358e+00 1.670012360629137493e+00 -3.139676652790732714e-01
3.037435846710301757e+00 1.124908900412779467e+00 1.578727020041885476e+00 -3.649000124027872993e-01
3.089390687904416843e+00 1.157222651782898515e+00 1.422538980512682238e+00 -3.929750021350191802e-01
2.941413128510675712e+00 1.050432509007664494e+00 9.939625518323103037e-01 -5.102385038593828526e-01
3.107047534436650160e+00 1.109568069642571819e+00 1.122642643919319783e+00 -7.404183708789850993e-01
2.937584443357414088e+00 9.695381877534871018e-01 1.345067926890511911e+00 -3.180924905229400301e-01
3.140870082819627207e+00 1.055871140067340397e+00 1.236724195829824957e+00 -4.577096756142588485e-01
3.095003509573305944e+00 1.109278615665087120e+00 1.112528418290378074e+00 -7.695284264373345451e-01
3.077657446504193484e+00 1.041603974656390763e+00 1.301150712819584720e+00 -4.350064989512186231e-01
3.132383024112615377e+00 1.134668014982826545e+00 1.282596593795002349e+00 -4.484044144898223228e-01
3.116313286460754561e+00 1.145820401476348005e+00 1.296208092601125461e+00 -4.776467071966083444e-01
3.036552607597156950e+00 1.033560891606777776e+00 1.077570018653243755e+00 -6.073939459064762181e-01
3.063066509978062957e+00 1.141282061143972237e+00 1.149755703549155239e+00 -5.985410347559874111e-01
3.034589859153401736e+00 1.047054605732180788e+00 1.364464262640399550e+00 -2.832681924488064662e-01
3.135139809880166162e+00 1.178996226271246117e+00 1.477377242425049086e+00 -2.640793857087390673e-01
3.094956938408359282e+00 1.199350921572328810e+00 1.543071678160723437e+00 -3.677512987801253574e-01
3.190675906873051026e+00 1.302255706541346703e+00 1.549008436835730418e+00 -5.828312569586628911e-01
3.055086534704251289e+00 1.113391687827617549e+00 1.511498971785315781e+00 -3.591305903058946702e-01
3.022597410660640360e+00 1.094275100597578154e+00 1.485462358847636777e+00 -2.123715467284802705e-01
3.022246480471288965e+00 1.028713866929817922e+00 9.109995562123015533e-01 -8.142504462381433550e-01
3.019939516758279208e+00 1.029335041644373838e+00 1.276258124216324674e+00 -4.369150277728811593e-01
3.094882377445561605e+00 1.145596871399017891e+00 1.507831069891179210e+00 -4.404326859640274594e-01
3.174874855521947481e+00 1.319429953509371423e+00 1.632452224531361518e+00 -2.603915677520030614e-01
3.200772901699095119e+00 1.233892480294402683e+00 1.526024783529840168e+00 -2.876323716570499123e-01
3.039505395093007767e+00 1.130149853668816817e+00 1.078141519586001129e+00 -6.966777401263749558e-01
3.083382239962316529e+00 1.037777748071551764e+00 1.251248809238282078e+00 -5.730407721313590663e-01
3.053013071807719303e+00 1.118168062656081041e+00 1.178480486368973956e+00 -6.402216623927854400e-01
2.887197097548058977e+00 9.490351805297132515e-01 7.124081079808570749e-01 -8.797708159366386393e-01
3.066117878566886112e+00 1.014753652113989268e+00 1.179769699148995432e+00 -7.085000649206129042e-01
3.015467392054130613e+00 1.045100442103093386e+00 1.367572791406021837e+00 -2.540153092517262734e-01
3.022563247062690195e+00 1.025951819124909070e+00 1.211098189835092542e+00 -4.250023408991496776e-01
3.053941860589242996e+00 1.034823686974999379e+00 1.168339411460175725e+00 -5.073919668636149849e-01
3.106881399415461154e+00 1.112494108236701473e+00 1.459843145431571232e+00 -2.021906298253846879e-01
3.115989377708389796e+00 1.089712823052566781e+00 1.464781254399230681e+00 -3.752230196275224139e-01
3.036811797927462919e+00 1.076272840165760192e+00 1.191000265353886922e+00 -5.694078354648819396e-01
3.060415507081593489e+00 1.042868844347229373e+00 1.580882185717954469e+00 -2.729824867338449534e-01
2.978774813793927834e+00 9.536669163943969352e-01 9.920515773943763271e-01 -4.536176928078067827e-01
2.988921822211499268e+00 9.745327639840648537e-01 1.048888986372852772e+00 -4.936301840100015270e-01
2.933642266345639626e+00 1.027533986754418649e+00 1.092385499883665956e+00 -5.115702878394028374e-01
2.899509281441374320e+00 1.024235115665389495e+00 1.215126267853232633e+00 -4.312691048207776268e-01
2.955916181498650097e+00 1.160789883433741787e+00 1.061680656764078412e+00 -6.411711759369201902e-01
3.114214683159080899e+00 1.115533371109611593e+00 1.186720565737985567e+00 -5.077660028763262279e-01
3.026781418138282831e+00 1.050990240381485474e+00 1.047397497111503206e+00 -4.743421553744419650e-01
3.064358122626472891e+00 1.082592883701646969e+00 1.196617821342156551e+00 -5.623821495269789583e-01
3.049817301873926301e+00 1.163836012589257729e+00 1.482983147870270413e+00 -4.007014723882211804e-01
3.058645384013580326e+00 9.951977527761461939e-01 1.095221895929014977e+00 -6.397214420166190685e-01
3.108458006346580316e+00 1.130348404641124294e+00 1.080207534389222346e+00 -7.353693088794321930e-01
3.043122820991139399e+00 9.266472000759689021e-01 1.123375509286389518e+00 -3.642081948859684504e-01
3.072131510370640139e+00 1.146394548129989310e+00 1.454546752710684565e+00 -3.841082590496469606e-01
2.994309490846081001e+00 1.012504465448027302e+00 1.020253454199391951e+00 -4.281193823478652294e-01
3.085643303602930931e+00 1.067440351899812789e+00 9.857376044535439696e-01 -6.110800758854730841e-01
2.993231270101494701e+00 1.133840347777316238e+00 1.193250099681743892e+00 -6.125944155954063941e-01
3.132093052793834431e+00 1.168907638652202596e+00 1.369649464412952655e+00 -6.555916118306223117e-01
3.010534261363830844e+00 1.058645528029795502e+00 1.149179739281974033e+00 -5.905121573494682696e-01
3.074362836041754754e+00 1.048585322714363999e+00 1.130011151823457460e+00 -6.436624615385309056e-01
3.083674152259744616e+00 1.131249229881663654e+00 1.323569566619716031e+00 -6.620610670218773919e-01
3.126344593448081355e+00 1.101944687791472699e+00 1.096232668472272298e+00 -6.531159673988058412e-01
3.165275173054345803e+00 1.210323353426299375e+00 1.354917015123008550e+00 -5.586465826112183564e-01
3.033151914307217201e+00 1.155032211620499405e+00 1.602483631388870178e+00 -2.444578162769233676e-01
3.006187075756488802e+00 9.990983580605415915e-01 1.171475769546034718e+00 -4.728441942172179613e-01
3.029354219321963360e+00 1.042039127192528225e+00 1.343651596047199304e+00 -4.080375466128225437e-01
2.997579028644452581e+00 1.071682307425928293e+00 1.093550653424742114e+00 -6.065470375475898734e-01
3.076223545374657142e+00 1.097933200860059078e+00 1.158370220618733404e+00 -7.559982681271921745e-01
3.118139391506453251e+00 1.106125577746119859e+00 1.379886558678998343e+00 -3.744121984278423465e-01
3.036713791344787694e+00 1.075073221043012950e+00 1.544893126110461035e+00 -2.538024794857354216e-01
2.962782453597726740e+00 1.090257035766192040e+00 1.253650943863212630e+00 -5.996815603032968900e-01
2.989014336700820618e+00 1.121257403439038125e+00 1.200177436495162731e+00 -4.926182896942842837e-01
3.150138943725802054e+00 1.244483352259283304e+00 1.592942429514799363e+00 -3.406386816138152751e-01
3.180942327763900845e+00 1.149932519416370535e+00 1.472918395607032638e+00 -4.311317219381046173e-01
2.920552607274267132e+00 1.038081452247444636e+00 9.378309212046719301e-01 -6.706179179317156569e-01
2.991243064393559248e+00 9.288628022053815325e-01 9.321968519625212224e-01 -4.763144725250250122e-01
3.056433826788366837e+00 1.074395358355810126e+00 1.471215617490113869e+00 -2.984757019539972522e-01
3.051320591570641838e+00 1.115080512162108795e+00 1.323319599740921282e+00 -4.974306802168512731e-01
3.007474846586631223e+00 1.109245873719487907e+00 1.222907674236212383e+00 -5.504943626785409050e-01
3.103997095575247833e+00 1.160866680763962933e+00 1.389750128562261322e+00 -5.391975835404254624e-01
3.153190570151961136e+00 1.210416437023766889e+00 1.687774554540955707e+00 -3.048217409390669430e-01
2.993994656009367095e+00 1.014374358105327723e+00 1.222464837383877345e+00 -4.500643458235050742e-01
3.031638646020831551e+00 9.740891373468233416e-01 1.250132960502808643e+00 -5.305805818638872351e-01
3.053239238170563308e+00 1.066252987061337754e+00 1.310626538414738196e+00 -3.410488503737907906e-01
3.055205595094010906e+00 1.170726654148107171e+00 1.106187168401348009e+00 -6.833223480750955092e-01
3.077548719790903942e+00 1.081589577229000732e+00 1.450955310353933436e+00 -3.437095803900133695e-01
3.053183548134971392e+00 1.005532446753351072e+00 1.067476676470827224e+00 -6.523517189746877998e-01
2.938854951618128819e+00 1.034702755843773803e+00 1.091135449479763153e+00 -7.269916894762028514e-01
3.161784009736003487e+00 1.156911243205155371e+00 1.482901398228931633e+00 -2.531718341964852015e-01
3.097728889563642340e+00 1.165534107954182774e+00 1.306793899818867954e+00 -4.905821593540134473e-01
3.027722508879596930e+00 1.023683966157850733e+00 1.147807180234615032e+00 -4.753550441434337692e-01
3.039388898330884103e+00 1.074885337719197143e+00 1.217452257241134372e+00 -6.798544779964201812e-01
3.072947086502772152e+00 1.136871573560291671e+00 1.278587556353333099e+00 -6.845444034443096681e-01
3.040757293225169189e+00 1.034573698461069391e+00 1.266499951081610398e+00 -4.883390550068121838e-01
2.984837477147312512e+00 1.019400004410170535e+00 1.145791668828548993e+00 -5.966613751505819296e-01
3.158475094745720746e+00 1.200089294435948695e+00 1.065623291945400286e+00 -8.693272269429094257e-01
3.088832024733339843e+00 1.113541391539133896e+00 1.158085823748458809e+00 -8.025748622032323754e-01
2.961302360510021270e+00 1.010267313831048508e+00 1.242144041051959302e+00 -4.303503314836407689e-01
3.121453843486299284e+00 1.071372961665901347e+00 9.766898306672217034e-01 -8.377763214083454590e-01
3.080141664863378814e+00 1.200926619288648967e+00 1.484577708551300335e+00 -4.315521064531629425e-01
3.080393892241216403e+00 1.110427032239340139e+00 1.387319512475705841e+00 -5.411740487945115863e-01
3.035374989388209155e+00 1.056776345687729490e+00 1.091325453187625971e+00 -4.942211428192836431e-01
3.008088400136210705e+00 1.083096604141705832e+00 1.207524486472817626e+00 -7.059382295805012308e-01
3.059620664301049509e+00 1.206356451728300083e+00 1.672255461122413855e+00 -2.829326859243203041e-01
3.047632367765735317e+00 1.141604771468626378e+00 1.168180485530030399e+00 -8.600489546852797540e-01
3.062417995821092198e+00 1.179535259309446138e+00 1.050680527933824049e+00 -8.621835516279154898e-01
3.010329248714429085e+00 1.015538343920513453e+00 1.086638122719197241e+00 -4.962002947943406350e-01
3.037844072538276929e+00 1.157895025656459520e+00 1.608597477308462143e+00 -2.682408855359374455e-01
3.063706218216819543e+00 1.169318475315084704e+00 1.659740504949569262e+00 -3.188399303716994981e-01
3.078991559196747385e+00 1.082886691730165163e+00 1.453868051922333704e+00 -3.715525799986246214e-01
2.985599486951637793e+00 9.782192921610154412e-01 1.296369828507823119e+00 -3.610204314289566785e-01
2.977569764833357446e+00 1.142509691646740988e+00 1.120903153374121386e+00 -6.091005571045583489e-01
3.116980456829816060e+00 1.153032131530414839e+00 1.302155375860426290e+00 -4.973488926781792219e-01
3.019406455256223420e+00 1.111673852750244995e+00 1.687494365888638992e+00 -2.234800175400256106e-01
3.042869184503651958e+00 1.169605600576028692e+00 1.413540543384117720e+00 -3.345309948805445521e-01
3.079668075291290386e+00 1.216586201888572916e+00 1.521090819944128425e+00 -3.641670791492168102e-01
2.977890977256896221e+00 9.844888567752537734e-01 1.135991735678122172e+00 -4.529128897110691332e-01
3.036660219956907714e+00 9.663026284483001715e-01 1.246336774851362739e+00 -3.233542039339316054e-01
3.067868506923248528e+00 1.253491761699215612e+00 1.698578332845208871e+00 -3.551493726447558230e-01
3.083327494847106109e+00 1.128488860632975266e+00 1.119967086238904397e+00 -6.546739881631663538e-01
2.939485915762416468e+00 1.076208097536399233e+00 1.050258453563786665e+00 -5.475994896642911725e-01
2.980505153998927792e+00 1.119454699725627167e+00 1.179297205696139050e+00 -5.470626206493151011e-01
3.047642903012654170e+00 1.030191246696038343e+00 1.082283924510830664e+00 -5.226962310575915538e-01
3.100654053846477076e+00 1.151234664948243669e+00 1.422679818799815532e+00 -4.379984733679775366e-01
2.975453379200263981e+00 1.105287838115906585e+00 1.238291135615823713e+00 -6.148456548045726500e-01
3.087174910619447932e+00 1.112129206879677756e+00 1.177184376444562863e+00 -4.685380938054594102e-01
3.094920871944890628e+00 1.143161397857181960e+00 1.530025586987277864e+00 -3.717816517883842931e-01
3.144045278642384478e+00 1.104288014244203087e+00 1.189699170431552711e+00 -5.354922110375686106e-01
3.000377047537226893e+00 9.178816175045532155e-01 1.343458870562949103e+00 -3.058923479070263518e-01
3.070012222734986196e+00 1.111269940617495289e+00 1.068485364811893268e+00 -6.899616563002859415e-01
3.042135934309250445e+00 1.068098672842159313e+00 1.088453364074865259e+00 -6.097120663656390160e-01
3.028966415994030825e+00 1.054581153585821163e+00 1.274989289523825953e+00 -4.616320944888219202e-01
3.044000951818794043e+00 1.192289961046744118e+00 1.552642731808027587e+00 -2.628794783775516564e-01
3.067700068584793716e+00 1.085610729515482875e+00 1.216777831226996565e+00 -6.079277387014799805e-01
3.133792337829532038e+00 1.179365712704687708e+00 1.338914802706571594e+00 -4.386213767737686675e-01
3.060022283935860621e+00 1.184328191344452108e+00 1.456529478117972509e+00 -5.455936425701295445e-01
3.087340076819757861e+00 1.147796607441716521e+00 1.484110899333007660e+00 -5.620563675765549716e-01
3.075607471932574999e+00 1.173795356938465595e+00 1.135179061739748141e+00 -5.826022422422476588e-01
2.982136055721032797e+00 1.013877457749437605e+00 1.165116525481032728e+00 -3.126785173007535779e-01
3.010340800650590065e+00 1.040396217173992000e+00 1.131560521698494082e+00 -6.419349513680330244e-01
3.112726904202278710e+00 9.587885711844188474e-01 1.132707136551314164e+00 -5.207774723923692672e-01
3.112907818679561345e+00 1.104119538837176062e+00 1.268400706161033176e+00 -2.845393354387581453e-01
3.094834043493925435e+00 1.082942112298484361e+00 1.165439381039317102e+00 -5.276751101891088425e-01
3.002085891365705361e+00 9.574643786303376203e-01 1.306239854549793744e+00 -3.806473387604674130e-01
3.124215797464209743e+00 1.115781547205370705e+00 1.042324537189805334e+00 -7.527961809273029381e-01
3.026403013374454609e+00 1.068669525143327359e+00 1.152960413921140459e+00 -5.252707940710682477e-01
3.030443509873737451e+00 1.120829604148623426e+00 1.115915097008981061e+00 -6.868356435691113093e-01
3.015836528508698766e+00 1.130208202286144381e+00 1.061092311843735647e+00 -8.493598281078504897e-01
3.105929501194081066e+00 1.190788407421700557e+00 1.445198246900635919e+00 -4.095757640330012217e-01
3.055248435518223449e+00 1.119670101594396838e+00 1.388177783874067650e+00 -3.258147022616986743e-01
3.067001665785108244e+00 1.075162935391827279e+00 1.109445107326181956e+00 -4.640801233926929448e-01
2.917328074206430699e+00 9.294495233762115616e-01 9.677989443169028316e-01 -7.510114037365823725e-01
3.158418571457769719e+00 1.251472979229020011e+00 1.420613888437861183e+00 -5.228674830424543396e-01
3.069634998610375476e+00 1.145735439313692927e+00 1.225257279019477563e+00 -7.541430857020401390e-01
3.110508522998426173e+00 1.074815497752610094e+00 1.337159886925339602e+00 -2.485669900766994678e-01
3.047063034934224035e+00 1.133037779327076722e+00 1.267198369859515283e+00 -6.350672305151144892e-01
3.074148202206534286e+00 1.193845483628559023e+00 1.384602577376512045e+00 -6.101947960293488959e-01
3.036798824266671915e+00 1.060930442892337400e+00 1.083575476441112517e+00 -6.616433624261227608e-01
3.110486603615702617e+00 1.177142325805425882e+00 1.063180458448362620e+00 -8.067062702816996111e-01
3.105721404000238106e+00 1.153950818635979259e+00 1.561883500967252925e+00 -2.488469755350210255e-01
3.129574692850926709e+00 1.168801415275907640e+00 1.369667122454875319e+00 -6.058497107130808024e-01
3.000294374073916082e+00 1.104203982438513920e+00 1.181161162849433399e+00 -7.023350273086975681e-01
2.961511572681270188e+00 1.015552157604432182e+00 1.356695173851412806e+00 -5.380570456258358947e-01
3.061472300395080115e+00 1.070597612099922769e+00 1.212977092944729218e+00 -4.245117417408076355e-01
3.119497153175639692e+00 1.090379930620795523e+00 1.127270053270366779e+00 -5.546861128057998247e-01
3.029193437404440026e+00 9.410670821017671495e-01 1.100624170420109627e+00 -5.944677871143557724e-01
3.013303502706258019e+00 1.054774872101724492e+00 1.475356449670524261e+00 -4.149303597706225921e-01
3.145871908416387086e+00 1.276645114410051240e+00 1.512540779992772810e+00 -6.645633116210777347e-01
3.054607918589866689e+00 1.068088042397056903e+00 1.317790614921196424e+00 -4.131744035185376807e-01
3.053251577789914961e+00 1.115660176554681193e+00 1.298514221190923523e+00 -3.369158965378483694e-01
3.139942122739761032e+00 1.187497018184872299e+00 1.462764067447350769e+00 -4.202497675961158197e-01
3.107202585396675598e+00 1.182682122624295395e+00 1.370795734404242738e+00 -4.451266184888307831e-01
3.065649554173199398e+00 1.099522458381855916e+00 1.269857071064411258e+00 -5.678828545267833317e-01
2.960585722682316234e+00 1.032210387146693220e+00 1.134438310699140695e+00 -4.828090504327465782e-01
2.989233565704027207e+00 9.364148070222174658e-01 1.111167963170635931e+00 -4.536509639307599318e-01
