2.909213018725380628e+00 1.029914294875875491e+00 8.881856375481536059e-01 -1.089220603519450936e+00
2.854550010829433937e+00 9.828978592933489411e-01 8.558949655153569314e-01 -8.661327325398512356e-01
2.878042347139855739e+00 9.609049285387522010e-01 8.556848510301848787e-01 -7.536888626691747861e-01
2.951917596442471314e+00 9.994474093329168696e-01 9.788611484830098686e-01 -7.924797858140906204e-01
2.945909672822323078e+00 9.957854697542708466e-01 9.321411310721617882e-01 -7.474199175978079035e-01
2.900370932883038488e+00 1.014161548570302163e+00 8.052186308675475246e-01 -8.794495905166862526e-01
3.003702343098750838e+00 1.004850936644955839e+00 7.885233668719975331e-01 -8.594721151741574472e-01
2.917468689723642594e+00 1.020066000262367156e+00 7.382855986282763627e-01 -1.116569047165454576e+00
2.908874754974127619e+00 1.028587567400400360e+00 5.835468270596716467e-01 -9.394184324753287463e-01
2.919346018616944427e+00 9.571407102370511621e-01 9.882721138995773646e-01 -7.721397111517364076e-01
2.946651807257946842e+00 1.006849472678511770e+00 1.035992775450859105e+00 -5.175769515918602348e-01
3.097596065803960297e+00 1.141926638436115304e+00 1.079746749087021396e+00 -7.424117868750489402e-01
2.931167818789004897e+00 9.834287558691694464e-01 7.628507579785919201e-01 -9.550582663861082455e-01
3.014433135799825969e+00 9.838849249800766250e-01 1.002840762443115707e+00 -6.315370453129959261e-01
2.993246133339498627e+00 1.178110853074606057e+00 1.020529721203450091e+00 -7.347533772144702047e-01
2.940695542962814546e+00 9.636321318903059430e-01 8.906599441401034101e-01 -6.079490411229629965e-01
2.893215877982362905e+00 1.008430170011659355e+00 8.069792103817323703e-01 -8.166666430225952844e-01
2.914532865410138562e+00 9.752191156577431075e-01 6.906854484268670769e-01 -9.660520146159108368e-01
2.965313930329187109e+00 1.007849975713680735e+00 8.153977325574708335e-01 -6.379402369040051424e-01
2.859972327757859922e+00 9.030602582613916907e-01 9.210250456511996919e-01 -5.299465948742876353e-01
2.965723564393996092e+00 9.863745399954587656e-01 9.244944369575854859e-01 -6.587208146616376769e-01
2.997873172056783275e+00 9.458418176274400180e-01 8.643156280846320261e-01 -8.267266451724947229e-01
2.915513629339787194e+00 9.798277253575641277e-01 8.605042426982980608e-01 -7.995012616696086649e-01
2.897484310575419997e+00 1.035618547960873048e+00 1.243788279203374758e+00 -5.273176153160370472e-01
2.889979892320715837e+00 9.768897681571210301e-01 7.221270116351387047e-01 -9.403505934749698536e-01
2.883001493623655875e+00 9.236080326552494890e-01 9.367686868303671810e-01 -4.773945665573521291e-01
2.909749629508843416e+00 9.330901285644811471e-01 1.095411523966527634e+00 -4.372417113195624649e-01
2.979088637315869814e+00 9.403486113781185374e-01 9.384858268986084884e-01 -4.982308660700321412e-01
2.902882118834258396e+00 1.081711638395099984e+00 7.409620734544092313e-01 -1.007443288634662926e+00
2.937257542190113035e+00 1.013528734958194066e+00 8.746180367068266959e-01 -9.088919235366008653e-01
2.889776156469705537e+00 1.024945181340152667e+00 8.838908670713716553e-01 -8.559844744723128507e-01
3.001169337273170701e+00 1.025249468695730082e+00 1.161981911395019162e+00 -5.635709303708443807e-01
2.929578662152696467e+00 9.944157929472771107e-01 8.560466186753681317e-01 -6.986084984405304121e-01
2.946197253934530469e+00 1.021104192361304674e+00 1.152272046951202444e+00 -5.475208229607304578e-01
2.951717804763219988e+00 9.678921280705866659e-01 8.238576349527455545e-01 -6.196643995791233372e-01
2.988035523107551494e+00 1.062706219741267111e+00 1.067496886806168277e+00 -5.937496734241165530e-01
2.966144794136191809e+00 1.074546877325920136e+00 1.096185347242174757e+00 -6.720268645115409223e-01
2.832038202763722978e+00 9.879144557791926795e-01 8.769551864970162036e-01 -7.205775370541702696e-01
2.894611750113976534e+00 8.929342247063609683e-01 8.326372915781951045e-01 -6.789504820935176044e-01
2.973258874370153571e+00 1.027965230467582591e+00 8.019751194970433650e-01 -9.819640268748561773e-01
2.949816664118561249e+00 1.003886606250870006e+00 9.360614182036721687e-01 -7.675740285483165781e-01
2.926295833479040098e+00 1.038718481506222258e+00 7.939881350374405899e-01 -1.112310427990382378e+00
2.950430832088470900e+00 8.865850923743683332e-01 8.344648885625497448e-01 -5.330743216435023246e-01
2.964983988246292945e+00 9.886642624153366699e-01 8.887807621574362882e-01 -7.223372671199552730e-01
2.970191657781130257e+00 9.719893880869499014e-01 9.776461944192927911e-01 -6.666108788861091483e-01
2.890151119991224871e+00 9.482933573011516071e-01 7.831190026230674395e-01 -9.781465092711959519e-01
2.850142774126638745e+00 1.024001018592991308e+00 9.835817484504494335e-01 -8.139792445298806856e-01
2.872701120053210655e+00 9.534149336920116902e-01 9.431247637813746643e-01 -6.527075164891203984e-01
2.930138037027123943e+00 1.026310031677470702e+00 9.205773123305340810e-01 -8.225618812217587728e-01
3.037233793788438163e+00 1.025480074002722564e+00 8.854745863764886815e-01 -7.427573692368621971e-01
2.913157153513213249e+00 9.053893797866688908e-01 9.578204721926977250e-01 -5.682981336346906165e-01
2.900598026051389056e+00 9.613705935939197422e-01 8.225749901791005181e-01 -6.946590631632567625e-01
2.848544757073713907e+00 8.879404222837217198e-01 7.022790436237447143e-01 -5.114568815666014068e-01
2.914204577076414893e+00 1.070145357135314779e+00 6.904609752014657653e-01 -8.921256702915703052e-01
3.068501009821634984e+00 1.043079259573063355e+00 1.164196197427658230e+00 -5.025874237507667042e-01
2.983887456393767845e+00 9.952787829750955328e-01 1.021895004657253470e+00 -7.288886347568859225e-01
3.014545720427185049e+00 1.191437978308293122e+00 1.173944672792135879e+00 -6.626849028173288358e-01
2.879565020712691048e+00 9.015131363066660741e-01 9.775499293612930352e-01 -5.127060135945253894e-01
2.931261973347394800e+00 9.706824562485286689e-01 1.025144252869440553e+00 -5.963113442549439203e-01
2.869969173945646990e+00 9.434301315519687536e-01 8.843270217122479737e-01 -6.087993179479651573e-01
3.005483443147454636e+00 1.039826787465814695e+00 8.281133229475150515e-01 -6.652819777701347581e-01
3.013852520874668262e+00 9.548333039592443727e-01 6.732184812318893208e-01 -1.081288427005504094e+00
2.918365423105599543e+00 9.674528567785163347e-01 7.843121055162290967e-01 -7.018426398315736892e-01
2.982569001801085307e+00 1.086151264804060990e+00 1.407802474551340000e+00 -3.991385840196916002e-01
3.028299627010767825e+00 1.029547584627582335e+00 1.220715869630804029e+00 -4.816438728551935000e-01
2.942023254453447034e+00 1.012292759316530066e+00 1.013566043104396686e+00 -7.259135845875432924e-01
2.883831245631785389e+00 9.475602683378713254e-01 9.048818241588830746e-01 -6.023502401644347248e-01
2.919630264271638520e+00 9.988297377682959777e-01 7.838908853833396195e-01 -8.464777034442581005e-01
2.951537836379955149e+00 9.493746818072344995e-01 8.191541471977070721e-01 -7.743937503370041942e-01
2.931480675710200767e+00 1.032635065673849661e+00 6.097728300068391283e-01 -9.484270924953274173e-01
3.041770416083773299e+00 1.143752657101795300e+00 1.252249841430580268e+00 -7.058792918754654977e-01
2.960002348943202577e+00 1.019711461856679158e+00 8.836458070337862569e-01 -9.888138764133266312e-01
2.906691393181844330e+00 9.539410518464837008e-01 8.164873389205489218e-01 -1.056091224377712079e+00
2.950074243252424733e+00 1.040847269486196103e+00 1.034052726934501454e+00 -5.643474353797355292e-01
2.925927325650929056e+00 1.019379689864200689e+00 8.734138328746603452e-01 -6.914070923860325957e-01
2.931909230235873576e+00 1.049745510334714638e+00 1.028711809331247506e+00 -5.466046284081498285e-01
2.929920305311504602e+00 9.705232121710625215e-01 6.996109676582337178e-01 -9.320676737852983118e-01
2.997779354203579327e+00 9.909827557096003714e-01 1.039271971727230293e+00 -6.595746345382396125e-01
2.980366854053378756e+00 9.603343146402910646e-01 1.220544980311050853e+00 -4.111917457363086781e-01
2.992839946004379748e+00 1.097461209348227218e+00 1.289958796067435909e+00 -3.448734758503083087e-01
2.985729763366519407e+00 1.098115811938997322e+00 9.336868152238396723e-01 -8.762097796315658771e-01
2.877313742826496767e+00 9.813259980844984964e-01 9.292455535368900899e-01 -7.143907709509069726e-01
2.894120780476225896e+00 1.015396829893866482e+00 9.189716933755832651e-01 -6.573495232572180713e-01
2.986656913268680213e+00 1.010474907783799114e+00 1.037138892776344745e+00 -7.246331184239598322e-01
2.890511126189535762e+00 9.499546406779288965e-01 8.031230143508867325e-01 -8.458611598639848017e-01
2.874105254283724875e+00 9.098938777943075262e-01 9.003337914397637753e-01 -5.424761559321796822e-01
3.029292177011007059e+00 9.473239903102024240e-01 9.198280073566348358e-01 -5.679344842111920810e-01
2.904103042586154260e+00 1.009304071678738035e+00 9.608387664907883652e-01 -8.674839420864075556e-01
3.051126231841712499e+00 1.088395660809372334e+00 1.231756005828137823e+00 -5.020988027446917634e-01
2.902277107796047861e+00 1.002755449904243923e+00 7.703455500650864263e-01 -8.087121053996381148e-01
2.924983654109253983e+00 9.121375256037012047e-01 7.938941231078227023e-01 -6.287495142077267340e-01
2.872932642487448174e+00 1.020647420426779695e+00 9.911161921985728318e-01 -8.501304275462797655e-01
2.923301159111497682e+00 9.847731738787487421e-01 8.551332882510251920e-01 -8.369316588091226805e-01
2.877813465315233632e+00 9.851022920156647933e-01 9.927079311001290041e-01 -7.160596668194196823e-01
2.921700670212446393e+00 9.402216600506947408e-01 9.748238442268537529e-01 -8.657834813511010585e-01
2.917657655113920612e+00 9.161256794261315450e-01 7.819803270719595245e-01 -7.332474005090967584e-01
2.907957369153440830e+00 9.815351857917585798e-01 8.984518525281340873e-01 -6.640261038213042255e-01
2.939660926414650266e+00 9.907597141102488791e-01 8.388199263955585794e-01 -8.745954880852206959e-01
2.872428624974700195e+00 1.033530647430795923e+00 9.497241368401823092e-01 -7.798638919124262214e-01
3.019017021038898019e+00 1.102268014415585862e+00 1.153927867982633915e+00 -6.473146938060738709e-01
3.028123847076138020e+00 9.929947193062113042e-01 1.043675472434171692e+00 -7.251505501309922774e-01
2.896618187868435612e+00 9.097374092102493703e-01 7.529783576002677670e-01 -6.931409891263519141e-01
2.957045656386591670e+00 9.940341810177643067e-01 9.782934940902535681e-01 -8.229062415379404527e-01
2.889170418476639135e+00 9.342023017168477050e-01 8.225945406339284505e-01 -5.521012726581790986e-01
2.924942198635979818e+00 1.024634727086390029e+00 8.933659036396250919e-01 -7.540599896413053838e-01
2.954417266466791592e+00 1.016199240714938501e+00 9.904262035658444319e-01 -4.810462918656370213e-01
2.890960215950409751e+00 1.013507457717981231e+00 8.263190565953146827e-01 -7.633819795641229033e-01
2.916272181148714893e+00 9.318197501481627620e-01 8.271537874826824233e-01 -9.229278092576186365e-01
3.022220567481920472e+00 1.106232772220012928e+00 1.149571258536868479e+00 -7.052119437255600642e-01
3.016346523964280379e+00 9.588358568581045738e-01 9.301441037236521936e-01 -6.069739383160727142e-01
2.896600316668819008e+00 9.817195059475676278e-01 8.154820674306438866e-01 -7.178796255737339704e-01
2.917881254769717714e+00 9.667585607668026659e-01 8.711353714409040272e-01 -8.440076572123698107e-01
2.971387938212725732e+00 1.031680734884708794e+00 9.817352841261210994e-01 -8.160562347296591579e-01
2.837760078062708580e+00 9.734745760393709313e-01 8.505469688846775123e-01 -7.262417853855218652e-01
2.997365759515513872e+00 1.036552559511469074e+00 9.171017440217585914e-01 -6.704929472403047264e-01
2.904839830183351346e+00 9.468236136871746034e-01 8.763564125294636131e-01 -8.118513532914012343e-01
2.911223555545606967e+00 1.001068911722198251e+00 8.275407145135482700e-01 -7.378443101349022593e-01
2.913740552759626290e+00 9.969840488200023554e-01 8.669381898607733117e-01 -7.743866597928834583e-01
2.898541869041175278e+00 9.374284739764573438e-01 9.402408682399912010e-01 -7.525929822268728753e-01
2.932830360059984542e+00 9.617235270045908502e-01 8.875673435563786740e-01 -8.744739245953211393e-01
2.945299521638425233e+00 9.569448195287736381e-01 8.581010011320883146e-01 -6.382939893355888961e-01
2.953424268253019402e+00 9.997828635733414515e-01 8.704035471177331562e-01 -7.454472174523051331e-01
2.786768712745807175e+00 9.022157008762283770e-01 2.155777894004401174e-01 -8.682913765261541794e-01
3.037431106339128828e+00 1.133021895148946356e+00 1.270974046874224106e+00 -5.952291344743660950e-01
2.949659666350417098e+00 1.025935439316569608e+00 9.218276283418900263e-01 -8.073125749117198158e-01
2.877208914935852846e+00 9.590900268588301580e-01 7.751878990123095559e-01 -1.015323200069978560e+00
2.947367024092713450e+00 9.700175664443968504e-01 8.958715134756649601e-01 -8.194713108626434650e-01
2.922351163925734685e+00 1.040207239667390260e+00 9.523347016944501142e-01 -6.944188800137478523e-01
2.861144166758724960e+00 1.037531288602206336e+00 8.993169611705006394e-01 -8.691267047907612620e-01
2.860004337068724922e+00 1.061674061337116282e+00 7.281543829489484088e-01 -8.017914888802852857e-01
2.945284095354827159e+00 1.067505284654288067e+00 1.109836719423223039e+00 -4.768239897759611323e-01
2.910672068763678233e+00 9.288961179359493947e-01 9.371647152681086279e-01 -6.714657251242946989e-01
3.022703889575258707e+00 1.038274048404627559e+00 6.000831655321294811e-01 -1.098186759473418483e+00
2.989575361318289382e+00 1.029161585197237327e+00 9.191709834022753212e-01 -7.920867327047369510e-01
2.989562335993258824e+00 1.111532605069904145e+00 1.021990558082406908e+00 -8.945526001387168469e-01
2.922413176423497738e+00 9.905834304260262568e-01 6.998115280414903827e-01 -7.747406489567488785e-01
2.961201993825593348e+00 1.004955865447509034e+00 9.934928661902817648e-01 -6.473914130254156962e-01
2.900091306196872942e+00 9.920330636815603009e-01 8.490649400099330446e-01 -6.667040703558463344e-01
2.867435719551336692e+00 1.025943123066165974e+00 7.034482604809825235e-01 -9.550341994585022087e-01
2.971845717470869896e+00 1.044298355318239890e+00 9.599597880380358328e-01 -8.012122728204391642e-01
2.947905224850658978e+00 1.001377291337718800e+00 8.485214985985924940e-01 -5.549867365233779326e-01
3.022175604345595623e+00 1.104215497748632702e+00 9.137433164915912398e-01 -8.959739841084990442e-01
3.079346798927256046e+00 1.124387521678533730e+00 1.293485474273458280e+00 -6.628229512485726005e-01
2.925574467361565567e+00 9.751558614804538561e-01 9.044346990325485836e-01 -6.740331343053272972e-01
2.866192462742362501e+00 9.282199177378898103e-01 9.647997542168739171e-01 -6.602604671891885157e-01
2.906036839705040897e+00 8.823770114952759203e-01 8.553894457107819038e-01 -7.447089482659295934e-01
2.932380574459010347e+00 9.485807887038472108e-01 7.838447542103388344e-01 -9.334828010566156298e-01
2.888197856026493593e+00 1.047791870954048132e+00 8.628722502264242200e-01 -7.349341649630096729e-01
2.926700363733595101e+00 9.422671742420634100e-01 1.094314286606475450e+00 -6.405581745694436391e-01
2.990470938233067422e+00 1.099834614934189103e+00 1.245404021573176978e+00 -5.536871168797228293e-01
2.967404413890235126e+00 9.680004194748819124e-01 8.007114116047169272e-01 -1.065946592354208633e+00
2.929244370760465621e+00 1.001523690570711889e+00 8.922571111264581134e-01 -7.597684641363049440e-01
3.043414161465045620e+00 1.176278798198439279e+00 1.165209623379302117e+00 -6.578408127842334530e-01
2.938454511799943880e+00 9.522554368847662154e-01 9.581232837547815073e-01 -7.655249462790960635e-01
3.024949881416069353e+00 1.108822815692549701e+00 1.012701596638694745e+00 -7.939928623492225057e-01
2.898742446938264106e+00 1.000949490440332657e+00 7.462006513315508904e-01 -9.785882134290719847e-01
2.903376663841645389e+00 9.425277547804491451e-01 8.410448002101661436e-01 -6.725641701766580383e-01
2.941429529320478853e+00 9.830879186364254174e-01 8.648901047693006161e-01 -7.609346939358959672e-01
2.973121342805928435e+00 1.019855483291823184e+00 1.008393442554710306e+00 -7.487217898114822967e-01
2.955596559257241740e+00 9.568108262126213681e-01 9.971218419810946587e-01 -6.744869253448250168e-01
2.929057882766322063e+00 1.003434759647895858e+00 9.469774983292698067e-01 -9.310306906505765312e-01
2.862999821978131187e+00 9.125553119903442312e-01 8.712109087461149537e-01 -6.477447422909443642e-01
2.913690878597217537e+00 9.249073546802596413e-01 6.832451826019888541e-01 -7.056848458580960992e-01
2.879017087866162061e+00 9.257039355804825842e-01 8.301177421060749184e-01 -6.098299920791711015e-01
2.996208843794385679e+00 1.142261596598336704e+00 1.305755805565528505e+00 -5.399317054516497016e-01
2.928816674699933564e+00 9.696636727313880932e-01 9.083454982940065703e-01 -7.499911389749672752e-01
2.926819219246347803e+00 9.124088301284301039e-01 7.854496073385875965e-01 -5.672334057998575929e-01
3.033805179790435513e+00 1.075413580661094270e+00 1.057819362271857022e+00 -7.544893349157393292e-01
2.992331801504188427e+00 1.100969367502994345e+00 1.040946146608394018e+00 -8.681883241938013196e-01
2.870933876966824450e+00 8.589288561665662236e-01 7.659391170872895671e-01 -6.420415429196343338e-01
2.954781939068473751e+00 9.456207941823192575e-01 8.164064946910718490e-01 -9.818880565239319624e-01
2.973774842110179506e+00 1.058587425811174265e+00 9.160552479773024226e-01 -1.035974611092115971e+00
2.951964704833399900e+00 1.031012730241128050e+00 9.622368811824725254e-01 -8.238888359744215295e-01
3.048756936593626676e+00 1.084377229296604517e+00 1.084747341717841262e+00 -6.079293113413174465e-01
2.861890294805688129e+00 9.473006705428577146e-01 9.688135217165200208e-01 -7.081189434504036040e-01
2.980725525400579556e+00 1.151791019887547840e+00 1.163602184986920030e+00 -7.431015679847619015e-01
2.913766842810127322e+00 9.924208583009603846e-01 9.644257270541467530e-01 -6.168287460407417822e-01
2.925772693680364966e+00 9.412450683032370646e-01 8.898124225975118096e-01 -8.037581274022952416e-01
2.908647634682913541e+00 9.320294315318300438e-01 1.012719736262416070e+00 -4.890333253772809474e-01
2.981636622211426779e+00 1.038855268452665293e+00 9.832420870419826819e-01 -8.321398188554036679e-01
2.887421552845877759e+00 9.882776810094962006e-01 6.136256894323487421e-01 -7.231008426855546345e-01
2.946971718970106568e+00 1.005962886118737520e+00 1.003828080211623952e+00 -6.969107019043309093e-01
2.900033502849857836e+00 8.572156092221265844e-01 6.984724250917879740e-01 -6.483511845295787390e-01
2.908218332217414659e+00 9.666169694293964554e-01 7.205154963295318238e-01 -8.496525448375907841e-01
2.877972648810573464e+00 9.159157824404403625e-01 8.460359576670049009e-01 -5.662464901966184350e-01
2.881954164222064740e+00 9.091166073648284662e-01 9.892450865524750059e-01 -7.181271638707861227e-01
3.015895690145550034e+00 1.193063728843170024e+00 1.136307097349112727e+00 -7.630725213777090898e-01
2.910830998911089651e+00 9.516965451372841889e-01 1.018849481668582246e+00 -5.753968213298075174e-01
2.881288238046340044e+00 1.029337688000129702e+00 9.389871923169217371e-01 -8.864981271363742144e-01
2.951662786045048836e+00 9.769707433430301347e-01 8.173842094394151436e-01 -8.403035885310369268e-01
2.990553297802542421e+00 9.877457064673484943e-01 8.355046307893269075e-01 -8.568638215045122353e-01
2.941334472016654100e+00 9.783489737000204967e-01 8.836455255133596198e-01 -7.748878345106192667e-01
2.908726059554436638e+00 9.475391994887946145e-01 7.717739441778594944e-01 -7.464956763976229315e-01
3.017016936868410326e+00 1.046253445931317305e+00 1.200102514078099425e+00 -5.687589682973167582e-01
2.929560675456244212e+00 9.607208173787330496e-01 7.995966351749208556e-01 -7.004423936585852939e-01
2.876919170935769987e+00 9.703379181815192656e-01 9.923182298061326012e-01 -6.369964028663930300e-01
2.909779821724168603e+00 9.192998775865746097e-01 8.570367076112729299e-01 -6.730824753502270275e-01
2.911782254352112798e+00 9.863535015543691831e-01 7.009673151478993391e-01 -9.074081668290833180e-01
3.006897229757166556e+00 1.021019486093862616e+00 9.997954952472517531e-01 -6.721771278359871538e-01
2.933283668602743699e+00 1.001686350400790682e+00 8.463810547244645655e-01 -7.118390417140283422e-01
2.937337741150731762e+00 1.056482246323417140e+00 7.573286188870634872e-01 -8.579913118689339591e-01
2.917364946024508132e+00 9.485770069210981426e-01 1.084902007109183497e+00 -4.061951093897541165e-01
2.865059608731979512e+00 1.074177743560086995e+00 7.849119789661007651e-01 -1.066014189112276522e+00
3.016591408864916612e+00 1.005244484241776259e+00 1.474762031588671585e+00 -3.877563971807993504e-01
2.988057835794108108e+00 9.624251636918850217e-01 8.381014290758639351e-01 -8.224715959619520733e-01
2.891224705301432607e+00 1.014313995829669190e+00 9.478486682016503684e-01 -6.450167537688350494e-01
2.946360600071060265e+00 9.090069627579122624e-01 9.422612404237231676e-01 -6.429378467870237035e-01
2.937139725305733862e+00 1.065296010355553324e+00 9.048342455713397348e-01 -9.345914449650424283e-01
2.967399693485742951e+00 9.342124523592025831e-01 8.474189564097116545e-01 -5.532195581219199187e-01
2.959237206190168834e+00 1.019053203768277571e+00 9.802778814353904080e-01 -7.330140344159191690e-01
2.879094742778116167e+00 9.339510808536536368e-01 8.435755695746390836e-01 -6.804929712179452750e-01
2.913437264526951065e+00 9.583561292941272791e-01 1.131262635335386513e+00 -5.617196627611356075e-01
3.059839417495743508e+00 1.086808987512280389e+00 1.075679873985105894e+00 -6.980482649790582528e-01
2.955233271155472075e+00 9.487090917682302615e-01 7.853912165171117454e-01 -6.856986626052217204e-01
2.927687377147325520e+00 9.743286717895207616e-01 1.035909030921578156e+00 -7.039422048407454335e-01
2.965579017034409848e+00 9.608608355290898517e-01 9.671018157916928537e-01 -7.577962071141254308e-01
3.009261877531151264e+00 1.102390666756445148e+00 1.206264502646301029e+00 -5.918974900884116375e-01
2.918529921685309336e+00 9.423081141308179420e-01 8.502605754793292059e-01 -7.943251367328669765e-01
2.973129879742903992e+00 1.008590685635256667e+00 8.053872376727195803e-01 -7.555649911863315804e-01
3.035143932482438967e+00 1.161250690015376064e+00 1.132620720088455268e+00 -5.540845473148237055e-01
2.887437285793539310e+00 1.047711553764960168e+00 8.357576172001608406e-01 -9.517093402320284667e-01
2.939883567138203535e+00 9.426404406502142397e-01 7.293191531087672708e-01 -8.918403460881439981e-01
2.901560102433470512e+00 1.009330656603859788e+00 9.255983622013348455e-01 -7.565568485143400190e-01
2.969635956584383507e+00 9.392306350788054425e-01 8.270079246269423923e-01 -7.090635194934219454e-01
2.929737247545197487e+00 9.785142592482789503e-01 7.489760326262555612e-01 -9.508290083277829430e-01
2.978149398358937550e+00 1.076990351645067179e+00 1.088095290881450961e+00 -8.351507532059272432e-01
3.003630372205867705e+00 1.046184562821918629e+00 1.029305744465751848e+00 -6.127576510791979958e-01
2.871710164394973841e+00 1.054639982254840680e+00 1.028011853722849311e+00 -7.700197526058223385e-01
2.930373939606258471e+00 1.042260758737792337e+00 1.017191448907226681e+00 -7.735833415800635882e-01
2.968847701613059886e+00 1.001644913723901187e+00 9.523306584373771866e-01 -6.220374252886996524e-01
2.937849735363626369e+00 1.018561943441450346e+00 7.826944897616097130e-01 -9.335878128292118827e-01
2.964624901240793253e+00 1.009905479712713827e+00 1.117847005186539233e+00 -6.092207466057936172e-01
2.970430666853915991e+00 9.996531511164103989e-01 7.353784863932756322e-01 -1.028593367841887929e+00
2.935887912019868207e+00 9.449530069282171540e-01 8.019090181928850702e-01 -7.748409811689537241e-01
2.885577104675451476e+00 9.202816746486053301e-01 9.360550786905457166e-01 -5.758307716685033828e-01
2.956435987554146827e+00 9.061448647845484761e-01 1.252849474095688143e+00 -3.422306789466457166e-01
2.884470851273714054e+00 9.944881173489481530e-01 7.902286762343898596e-01 -1.019906372354138613e+00
2.940299132779117031e+00 1.037046037083294792e+00 8.633761510903072978e-01 -7.161599563593048501e-01
2.925221678360766298e+00 8.802156998240812102e-01 9.693799556828084363e-01 -6.881101564309132224e-01
2.974441973033489450e+00 1.030132034918405992e+00 8.736078287660296038e-01 -8.312341973232513226e-01
2.953791869192446296e+00 1.008856875836132705e+00 7.518338304264080563e-01 -1.082393617669237695e+00
3.033623030647765617e+00 1.131711434013451756e+00 1.206386920189522760e+00 -6.703236901165841033e-01
2.929842745235004653e+00 9.839048032521918730e-01 9.605784041164927567e-01 -5.755933460667518320e-01
2.963073562651774129e+00 1.064450005874459260e+00 7.795913349280186866e-01 -1.055936460819676403e+00
2.977829952146397563e+00 9.690945438617668550e-01 7.079003523934367381e-01 -9.679755404838067401e-01
2.901190306719353185e+00 9.569799221371558806e-01 7.194407048046622677e-01 -8.927029814511129313e-01
2.991884129639030387e+00 1.031375279409515677e+00 1.072946732007250548e+00 -7.620566296137101236e-01
2.907966062340977320e+00 9.927045790525169666e-01 7.918940900866572319e-01 -8.296150891178961650e-01
2.887689202348349582e+00 9.817196712370327427e-01 9.065254401809518248e-01 -7.143094555738676021e-01
2.938710267606594595e+00 9.115877017633269297e-01 1.084493553583970149e+00 -3.292673661260951956e-01
2.898070723304040364e+00 1.030689883069845658e+00 8.919885833881991966e-01 -7.253786772049816145e-01
2.959283282580145613e+00 1.021964883954149084e+00 7.364247643310176672e-01 -1.046908857519395664e+00
2.912946795450878756e+00 1.021277900424264251e+00 1.102929378397083271e+00 -7.834451884495950980e-01
2.907847398230038127e+00 9.356848916002131755e-01 6.865466020323207630e-01 -9.499488415034301747e-01
2.967631062530756925e+00 1.011184731575177853e+00 7.763310002022852929e-01 -8.316282179747397363e-01
2.877374821200331834e+00 9.510317453437415747e-01 8.898873894481749147e-01 -7.800504902808234053e-01
2.910901243262019378e+00 9.515596116964577522e-01 8.027449852695195398e-01 -8.884026923974032153e-01
2.920640479732769634e+00 1.017368835469491417e+00 8.171164919501429091e-01 -8.442468681949735210e-01
2.911542779810675885e+00 1.029588336129953374e+00 9.687105334186544292e-01 -1.000118888332979461e+00
2.948068978725496780e+00 1.037983096397685046e+00 7.642747487972616494e-01 -1.092219669234223201e+00
2.918880337897124644e+00 9.093337730498352034e-01 8.792781662658626374e-01 -6.011297340423599200e-01
2.911147015484615075e+00 9.617384948620942842e-01 9.638505012618961976e-01 -6.091823859073193237e-01
2.900528235706655522e+00 9.888353752537250019e-01 6.849007793600104810e-01 -9.125974496587784257e-01
2.889344664202732726e+00 9.753164557464933937e-01 7.532309863369022196e-01 -9.798345638225448573e-01
3.071085565482721602e+00 1.116070456331726746e+00 1.026864137113365549e+00 -8.833779308084910298e-01
2.966568282919604727e+00 9.662965934688618752e-01 9.306596174965551249e-01 -6.093470426208266177e-01
2.852599919881531942e+00 9.421758472609775836e-01 7.138660439313555539e-01 -8.238987132157316040e-01
2.955948034013471837e+00 1.136046683930501011e+00 9.393566184153143706e-01 -9.252101544212758544e-01
3.028869459235821182e+00 1.084544148249875439e+00 9.771285275369840928e-01 -6.938182166271857909e-01
2.860431861945928578e+00 9.864999104953255937e-01 8.499717524590910678e-01 -6.047207786679018593e-01
2.987623181741174694e+00 1.031801989345247694e+00 9.935926157913593793e-01 -8.751444164340248522e-01
2.868145817319548208e+00 9.339238853778490945e-01 9.842918139109894105e-01 -4.020768879594521228e-01
2.945412584744009798e+00 9.180558764431085983e-01 8.536653167518708507e-01 -6.483362706187393298e-01
2.906550493321642836e+00 9.654231403906371467e-01 1.151214267616070375e+00 -7.129699165910972081e-01
2.913040721779324382e+00 9.638470084148559325e-01 7.083611276546508684e-01 -9.499729808848625945e-01
2.870802399545640426e+00 9.265797085876723571e-01 7.949034221760968855e-01 -6.791443894763785627e-01
2.961865915359414458e+00 1.065865470282968186e+00 1.223419319650774106e+00 -6.118501757450851564e-01
2.993861686828789725e+00 1.020806910745235996e+00 1.009675696374565446e+00 -5.935687756240203283e-01
2.955940478445744368e+00 9.191105836268620433e-01 8.454635032786136373e-01 -7.415740846137690578e-01
3.004420023718650246e+00 1.012097830351464500e+00 8.515637731820416834e-01 -8.825546722180285242e-01
2.973061671446613818e+00 1.069844275391743649e+00 1.208676239114753859e+00 -4.137761740454082848e-01
2.899508600496025323e+00 1.034137340660710835e+00 9.767209021578238115e-01 -7.670217883124084146e-01
2.929155884726376780e+00 9.800576589936257355e-01 7.622662078792193929e-01 -8.753860924217998773e-01
2.925525034539037783e+00 9.308701172101055965e-01 1.013720603550647859e+00 -6.197591907928896582e-01
3.053564748167198584e+00 1.029761825541318343e+00 1.003047086788820597e+00 -7.652725709334067261e-01
3.025777261259876560e+00 1.139218994871272317e+00 1.175751006768832152e+00 -8.331571236546394532e-01
2.948722207140381801e+00 9.158886450363687981e-01 8.227513348059205534e-01 -7.284848896039662902e-01
2.925961049315430884e+00 9.965057676165558487e-01 8.724243933665791761e-01 -7.778231084635209847e-01
2.888381652438533731e+00 9.882972786284347499e-01 7.212549459301605959e-01 -8.931632702524311407e-01
2.998443824183866901e+00 9.489168355637702668e-01 8.633766449019755207e-01 -5.889304093737877110e-01
2.924815853956961309e+00 1.011302782899222930e+00 1.065772512673656580e+00 -5.796349655846373405e-01
2.931533052882830059e+00 1.074024431527316636e+00 1.118098010871636072e+00 -8.094397550872017844e-01
2.995294942960061491e+00 1.040507644808687626e+00 1.163629009460884989e+00 -6.935527343229807018e-01
2.924337726420167538e+00 9.950741735892034701e-01 7.699194500599854107e-01 -7.847024885104906256e-01
2.920180506276875754e+00 9.484431271927711293e-01 9.000676702990958455e-01 -8.031194378387145338e-01
2.921320769116594995e+00 1.009146304017553453e+00 8.732899691059128333e-01 -8.222491420286232033e-01
3.041777858752737096e+00 1.063396525386734570e+00 1.010715274357460558e+00 -9.345431109759061439e-01
3.068494775910446393e+00 1.136302613581702037e+00 1.184412724639668069e+00 -7.914755012292040703e-01
2.927049520880443012e+00 1.000830026121650507e+00 9.836530001835966930e-01 -7.298352507167847891e-01
3.016020062722946982e+00 1.177301852141147576e+00 1.068633401393245030e+00 -7.847641385210917253e-01
2.970371541366090273e+00 1.070986522931067775e+00 1.459279019616309236e+00 -3.325957065319504191e-01
3.044347828260183242e+00 1.088366937700455006e+00 1.226493841414980857e+00 -5.377425801788724424e-01
3.036198160346548658e+00 1.229397018459822188e+00 1.103975336119459749e+00 -6.600860790588478633e-01
2.910329990790287535e+00 9.202522712509234593e-01 8.348503430029473593e-01 -6.566049809581897545e-01
2.879434173361882010e+00 9.513082417642315658e-01 7.735281215728090354e-01 -9.439108785727476914e-01
2.958287035269753673e+00 9.126744314579713357e-01 9.618508340301625825e-01 -6.543615142818917096e-01
2.930331725845110924e+00 1.025950795986755759e+00 1.006960944791466028e+00 -7.246153959502317221e-01
2.955083395236524968e+00 9.672163223493138728e-01 9.728683067252456018e-01 -7.208722607968265361e-01
2.929389355300539233e+00 1.039499265264644645e+00 9.836497387525904301e-01 -7.376781869700811400e-01
3.024417894039813870e+00 1.129340747315503268e+00 1.041288818641932012e+00 -6.602683751681150959e-01
2.962077411149318884e+00 1.003303906411843416e+00 9.851574748959376349e-01 -5.820436547170600994e-01
2.925694119911936841e+00 9.476358727660005865e-01 7.617223679427215233e-01 -8.837316810758203411e-01
2.973472854256407061e+00 1.013798986556206483e+00 9.490507368702814084e-01 -8.185212044205957271e-01
2.872001440784930804e+00 9.390979986843392968e-01 8.432095692490961802e-01 -8.059699914066938975e-01
2.994239091045754364e+00 1.039048631017301272e+00 8.631124399978551409e-01 -1.219716799087831927e+00
3.011250132851924111e+00 1.070457727330838882e+00 9.680281269944654987e-01 -8.533335244582727075e-01
2.965245374406856094e+00 1.110056420346226425e+00 9.376137249459685075e-01 -8.821886951781667818e-01
2.894267909850327669e+00 9.193559256084904430e-01 9.633092870472064195e-01 -7.004333394330084506e-01
2.923760801923909636e+00 9.398092970246787470e-01 9.214322814992763622e-01 -5.933024807116676902e-01
3.005280318491856395e+00 1.022441552694673295e+00 9.825374612314012879e-01 -7.404487057412466600e-01
3.024669486879466351e+00 1.122511221613702537e+00 8.885386133800768915e-01 -7.522500541950951636e-01
2.884877326347436099e+00 9.158466810241523426e-01 1.009904124545195181e+00 -5.046506880595377220e-01
2.897113349544436556e+00 1.072311557491113065e+00 1.046251683966370249e+00 -6.537449533316581629e-01
2.950951947976383494e+00 1.104839739946484212e+00 1.217907083279297309e+00 -4.680076386163553037e-01
2.927494793833311348e+00 9.852572159082373382e-01 9.175979980248024637e-01 -8.701185320934416989e-01
2.888884307744292279e+00 1.008889887035386401e+00 8.710035209253720323e-01 -8.836103531750149065e-01
2.922497094018909891e+00 9.940251282447994940e-01 8.712904553743234803e-01 -8.096923397484819818e-01
2.990852993029502471e+00 1.096056301546270317e+00 1.068546657040205128e+00 -7.639513946073426265e-01
2.873174943362196476e+00 8.959240281885694213e-01 9.464794039198993758e-01 -5.821175304964140151e-01
2.984474374594779267e+00 1.017326761213514175e+00 9.037313730469461737e-01 -1.098400542856652340e+00
2.866894328952294568e+00 1.063363232763819166e+00 9.197705409226758499e-01 -9.433111767966908534e-01
2.883096991757806649e+00 9.648214833872724716e-01 8.253884478579752715e-01 -1.005844428835808380e+00
2.989329596742626549e+00 1.051281475020625189e+00 9.279446525521068967e-01 -7.955412521096763001e-01
3.034730565397769197e+00 1.066710454558526866e+00 1.023104122748093481e+00 -8.386438432578069424e-01
2.959970332919585445e+00 9.271220066934217074e-01 8.926666137782184318e-01 -6.772696987857237394e-01
3.006318020817890790e+00 1.121068741704361438e+00 9.966983413970690320e-01 -9.396123220816270383e-01
2.997945803932524189e+00 9.974085235741906308e-01 1.078875134694267768e+00 -7.433149571894818175e-01
2.840036054014095424e+00 9.387044770720981424e-01 7.695764746956239577e-01 -6.720309168282980750e-01
2.953207864924182413e+00 9.742239896369601082e-01 8.720272569492405479e-01 -8.680680992869322932e-01
2.842727962260037433e+00 8.456843050044807741e-01 6.611237620521726033e-01 -8.555216081663199468e-01
2.907421674745072959e+00 1.070323925421772460e+00 1.005945530344311223e+00 -6.124934069616988497e-01
2.989596509166097871e+00 1.146923479771333909e+00 1.250671237427672722e+00 -6.333824727204808713e-01
2.994228014573608210e+00 9.858974773730095897e-01 1.052362555725826931e+00 -8.078992837361034240e-01
2.927284859368797676e+00 1.047662312300898568e+00 1.072463927784464088e+00 -6.238109873828125984e-01
3.029701576110986672e+00 1.118844863690345415e+00 1.201411169812966362e+00 -5.711468531619015021e-01
2.889570054443897362e+00 8.961821633112925234e-01 8.997873011938445353e-01 -6.299532110178891475e-01
2.931402080137442745e+00 1.056527829320784484e+00 7.224919834044800648e-01 -8.661209251779318219e-01
2.915517049295857976e+00 9.528907179703701713e-01 8.957726493632177656e-01 -6.267460460194714811e-01
2.970686192674145243e+00 9.734270319377908987e-01 1.053443029275219489e+00 -4.963306388850143858e-01
2.921069363295193178e+00 1.014852266894483712e+00 8.834535574559823079e-01 -7.997847653620997477e-01
2.886223756190005485e+00 9.431436234429719789e-01 7.457871158236992759e-01 -9.606688198466620809e-01
2.895517626144158640e+00 1.011676413420095066e+00 9.307693970898628377e-01 -6.750849289519443852e-01
2.930172525712029241e+00 9.672770431367545552e-01 8.847727508000741148e-01 -7.779485945014220638e-01
2.965398525323527323e+00 9.968493867444739864e-01 1.099061354707677740e+00 -6.727701319604928454e-01
2.917098565532192378e+00 1.040882784658479165e+00 7.887781176656157855e-01 -9.656008156655581098e-01
2.904997552934877270e+00 8.772630787259868557e-01 9.976050796891677841e-01 -5.558666932051324894e-01
2.936484630643724003e+00 9.811618717158033798e-01 9.439074064072168202e-01 -8.558602863866513477e-01
3.000989668029062862e+00 1.048669988263747355e+00 1.203097400076838186e+00 -4.410647256060132859e-01
2.946180212066532800e+00 1.052896156873098343e+00 9.690915012842562515e-01 -8.523662419515080080e-01
2.853644310858984845e+00 9.763862399541480830e-01 6.645389423628303982e-01 -8.481255366747728619e-01
2.895618766551348422e+00 9.739911354487782447e-01 9.766598514880826531e-01 -7.878525770637151426e-01
2.910733946433810893e+00 9.356488365843005361e-01 9.420337896970710778e-01 -5.864111028088192512e-01
2.939078321807556016e+00 8.461846011552264235e-01 8.786986316181204515e-01 -5.444508010020662203e-01
2.940266501657364362e+00 9.981279584080188227e-01 8.550024752822356078e-01 -6.551867497004747465e-01
2.878339480271559836e+00 1.015410631437905664e+00 9.976259716498681041e-01 -6.187497497101379640e-01
2.964630073663402587e+00 1.119597733655715910e+00 1.206511914918909634e+00 -5.816176950327309747e-01
3.007035124004351800e+00 1.166813780770306508e+00 9.775328933689185762e-01 -8.406362844043333560e-01
2.858278421091691168e+00 1.007960329942919397e+00 8.254925752765559510e-01 -5.936232506750828142e-01
2.893760215286237614e+00 9.370037434485993799e-01 8.589501969556438965e-01 -5.489682061385274814e-01
2.991264749823845381e+00 1.100683931860996223e+00 1.295368076573120142e+00 -6.904356669441035210e-01
2.934414751426293932e+00 9.937577328896786133e-01 8.674887171495478944e-01 -6.594618390132320762e-01
2.883883913580143954e+00 9.092311690745115138e-01 1.098933822147361461e+00 -4.138612947765983319e-01
2.936875098369720050e+00 1.079336646190755644e+00 8.820410671294329763e-01 -7.457886028414907331e-01
2.860083087580903349e+00 8.532654536458832428e-01 7.393774993860555700e-01 -6.377799934436997331e-01
2.936795679664939485e+00 9.688936767731618493e-01 9.197239411002348097e-01 -9.584457315657642917e-01
2.945587094515723869e+00 1.004134521786997913e+00 9.110435227065342145e-01 -6.822961558921923908e-01
2.865395880850910793e+00 9.033832336251678141e-01 7.032616827589525110e-01 -9.508469590098542756e-01
2.986091441936157498e+00 1.003821772283807867e+00 1.186203736136718812e+00 -5.440377776490723516e-01
2.947659248383873276e+00 9.447863173762801603e-01 9.755953025648920196e-01 -5.866752144008799963e-01
2.881328158435159104e+00 9.328605683099252532e-01 7.245953991284977969e-01 -1.144074073462507224e+00
3.005548411801969522e+00 1.077216226318562953e+00 1.071944346424082983e+00 -5.927671323575477436e-01
2.981369021161862420e+00 9.615457250103434106e-01 9.726837054575295793e-01 -7.449421088448140438e-01
2.965892876348986906e+00 1.086855528925421810e+00 9.393771746941276257e-01 -8.817417009302953579e-01
2.965748540774705511e+00 1.012998040187761406e+00 9.616318381191225617e-01 -8.572761486182948198e-01
2.903766348596664937e+00 9.729760513610088424e-01 1.027302819672494483e+00 -6.136302605584224024e-01
2.914936005239856076e+00 1.002388759407168095e+00 8.002407609537923738e-01 -1.111072849220081205e+00
2.922740363958559850e+00 9.751102135422344830e-01 6.672533174674243339e-01 -9.358234590209474346e-01
2.988858077903632449e+00 9.676590920540166785e-01 1.004941021882763019e+00 -6.018284334311775341e-01
2.929659775293667501e+00 9.470711182757655111e-01 9.369191990362818467e-01 -7.301587174141056513e-01
2.905885038299084844e+00 9.110528970780137348e-01 8.900724928789041090e-01 -6.810135074304936031e-01
2.926612367157011896e+00 9.700784229767015487e-01 7.199740860745973414e-01 -7.123561240609813661e-01
2.922096766789438860e+00 1.083823498621529380e+00 9.511780780729170992e-01 -9.926968763551096142e-01
2.844566107970790014e+00 9.505911655836359886e-01 1.006937400326275212e+00 -7.348732242553077665e-01
2.916094380878532455e+00 9.623559565773305291e-01 7.415439701138215600e-01 -9.876516408739591801e-01
2.859917144011087764e+00 9.779459511249821713e-01 7.698521904326243170e-01 -9.581372642816110563e-01
2.931056042404400319e+00 1.026756985346798379e+00 7.124641905835943367e-01 -1.115392966784211959e+00
3.026100071166510030e+00 1.051451448136099254e+00 9.044527499325064612e-01 -9.749237583280901953e-01
3.017245089042921879e+00 1.007740487917091254e+00 9.369191029476313659e-01 -9.194334742672485294e-01
2.900378130249398279e+00 8.987119870674539213e-01 7.846822116957051785e-01 -8.557756865996006823e-01
2.901745141078233559e+00 9.711758386590845227e-01 1.087362713014933480e+00 -5.639789088037273634e-01
2.916577525248857938e+00 1.002836815078899768e+00 8.520931635107490409e-01 -8.031390473856797607e-01
2.947671654869759905e+00 9.848016200714243551e-01 1.387897320066021400e+00 -3.222499211965219046e-01
2.931833015806826204e+00 9.379486082756157694e-01 9.091890225693277650e-01 -5.006640164550738570e-01
3.002507841495329011e+00 9.996693540753882612e-01 1.191254608429318518e+00 -4.479288343127489358e-01
2.908237928674959782e+00 1.028340346975267661e+00 1.033920288463484827e+00 -8.372552671133430824e-01
2.919604784973890865e+00 9.789154286204885258e-01 7.135452012891796425e-01 -1.053197249521186984e+00
2.877313148649785823e+00 9.012892891703848663e-01 8.550543905995975358e-01 -6.459714930838857949e-01
2.947384094735889803e+00 1.023587165162358037e+00 1.007258421039390894e+00 -8.655947547891923444e-01
2.895588696302920706e+00 9.261892068996784300e-01 8.915411129936510193e-01 -6.359392174125760855e-01
2.998629154143406694e+00 1.038505787136943415e+00 8.566533791300657841e-01 -9.475890139337426188e-01
2.928225612332153283e+00 1.012218011345119795e+00 1.059974213597658865e+00 -6.039402918160651224e-01
2.910077941823360437e+00 1.046330768312668802e+00 8.584773791744371163e-01 -7.293269538308354560e-01
2.904970632395939223e+00 1.013318277954769142e+00 9.658816726560970345e-01 -5.210640229955618707e-01
3.007082016450766560e+00 9.936577023182938673e-01 1.121728710617041491e+00 -4.851504538510542641e-01
3.030923352649381286e+00 1.166583917924169267e+00 1.200652842223574490e+00 -6.668964105329356906e-01
2.924494674440557773e+00 1.011096225771843216e+00 9.617544956790358146e-01 -7.616852769039508253e-01
2.924291831228691851e+00 1.006546766265395743e+00 5.966203835749176454e-01 -1.044151387907667150e+00
2.943271227558779568e+00 1.008899714457516250e+00 9.427725683141914281e-01 -8.675830902292115399e-01
3.001267328096958842e+00 1.018621674726092552e+00 1.060640267981322715e+00 -5.740208045359750377e-01
2.945991267448688333e+00 9.270136945227747116e-01 1.004848899343121493e+00 -5.983696276776317990e-01
2.923282067804397588e+00 9.841958284311516092e-01 7.709137996049859609e-01 -7.973452267730000154e-01
2.991479884085161078e+00 1.042088576574205838e+00 8.848143623732104279e-01 -6.330188330581254519e-01
2.922614797434913481e+00 9.690655153766813967e-01 8.603585598198617568e-01 -7.209404839282590460e-01
2.966070685346578806e+00 1.048647926161753396e+00 9.699098838791860855e-01 -8.641587604524197941e-01
2.949113199715500677e+00 8.949334741588436115e-01 1.100976985375915707e+00 -4.085665384569306391e-01
2.890302065096072237e+00 9.987381095720362367e-01 1.013519084326225173e+00 -5.884826778932107372e-01
2.871243907213883784e+00 9.789281290578926154e-01 7.981939369036324949e-01 -8.801238448846928630e-01
2.958752016831264875e+00 1.062791324338355770e+00 1.198004921727213734e+00 -5.204034309139574654e-01
2.984191211643773212e+00 9.426911836450981852e-01 6.376870181315978936e-01 -9.012144862714115412e-01
2.885446458179270923e+00 9.416200646262280483e-01 6.883841708777238555e-01 -9.930298584804164719e-01
3.044159749597047160e+00 1.129193787986285669e+00 1.530305036548882835e+00 -4.948758832465640078e-01
2.974437144714896508e+00 1.024472246804548181e+00 9.199968341628267376e-01 -7.937089399334059658e-01
2.963911482337953540e+00 9.522673335346524270e-01 9.134931030828281617e-01 -7.344106951028670505e-01
3.080463154540430182e+00 1.133197418623436148e+00 1.008882110737589821e+00 -7.165471399283966925e-01
2.899307068922289066e+00 9.158992805791726921e-01 7.711147775446448582e-01 -7.196429369541119669e-01
2.910386138637508058e+00 1.032842407293800502e+00 8.544644717043605731e-01 -7.489286408255165783e-01
2.894726262273080053e+00 9.137985784035588255e-01 7.291583912476751195e-01 -9.550449020730831240e-01
2.867265530578604338e+00 1.009930569335239614e+00 1.298039209052280318e+00 -3.967191619861701879e-01
2.981374386309633806e+00 1.089129748484046756e+00 9.550755830428364623e-01 -7.710130888266609750e-01
3.071875490847356893e+00 1.160625381750928220e+00 1.178949944314819920e+00 -6.865554633799646478e-01
2.970984186960798468e+00 1.039458814955295241e+00 1.038933999688747223e+00 -8.799597311815676726e-01
2.968643970440146163e+00 9.320576846858610320e-01 1.137705579045401150e+00 -4.673925760383823569e-01
2.939935297255895197e+00 9.762551552706250080e-01 8.503641116624842677e-01 -8.913890908652010170e-01
2.900113245712166776e+00 9.231700705571264098e-01 9.661116741070377989e-01 -6.078549749503405764e-01
2.884952398417744757e+00 9.417410587173022929e-01 9.831968726102721101e-01 -6.529761678083699783e-01
2.952273067907166038e+00 9.606338415937116793e-01 9.967065875908950323e-01 -7.220909211078839762e-01
2.986831239521889891e+00 1.058983772440597049e+00 9.078174117641041319e-01 -6.566210077074396967e-01
2.931837654694930517e+00 1.064865539232440428e+00 9.573771080362545316e-01 -1.021482069188336617e+00
2.970519680150475850e+00 1.033612494890602918e+00 9.864167141738133804e-01 -7.829074499921084840e-01
2.923358596102018314e+00 9.348120269324572407e-01 6.985848322220955531e-01 -7.417514846766158909e-01
2.950106063536490186e+00 1.027374038108769261e+00 8.434374200179798331e-01 -1.115816638583302156e+00
2.971406524196949839e+00 1.041640144166415594e+00 7.541872675668045423e-01 -1.117191987962061761e+00
2.978159196030001343e+00 1.053536890584900299e+00 9.628863135610792323e-01 -7.221040056574499211e-01
2.923750382141752535e+00 9.737277075686090466e-01 1.029166854091728700e+00 -7.729351275164009216e-01
2.979913169355834057e+00 1.006417378054212275e+00 1.049384921077422872e+00 -5.265098294573082871e-01
2.894961943204802601e+00 9.801277522276825582e-01 6.701506494395825797e-01 -9.709606499689735770e-01
2.902695081909803854e+00 9.908412521721893240e-01 8.069029517652176464e-01 -9.228106460340366191e-01
2.979174023939130223e+00 1.005366494214939177e+00 1.019696727102313405e+00 -6.558842743518127349e-01
3.026348008081798824e+00 1.065725394702264017e+00 1.228293772485762769e+00 -5.544765419877533130e-01
2.950488607238833882e+00 1.002950945663347637e+00 8.403357461404948880e-01 -7.620159413477277655e-01
2.927630868127200525e+00 1.048819889865686195e+00 7.173020455306235998e-01 -8.012043752449432565e-01
2.931212904527281449e+00 9.980060984694616444e-01 9.683937182355180084e-01 -6.858744772526761402e-01
2.994177186634365828e+00 1.061076230080004734e+00 8.711981454083286280e-01 -9.431003627786634924e-01
2.903419875395279792e+00 1.079348825390912037e+00 9.589242613381107061e-01 -8.791263338138054495e-01
2.991705352812954022e+00 9.671736867550860817e-01 9.844946723938230448e-01 -8.052561007614579269e-01
2.950996588449893654e+00 9.723693363966990910e-01 8.247838339630220172e-01 -6.946212998406688932e-01
2.901424519330300988e+00 9.799075928848028916e-01 8.168797518256248891e-01 -8.028551058663467854e-01
2.910467627138256130e+00 1.002766273328315805e+00 8.265980951374987118e-01 -9.828772640374479064e-01
2.946807591219871902e+00 1.014765301264940911e+00 9.503197449450299095e-01 -7.246388541571718855e-01
2.943123616134431408e+00 9.737090307662602529e-01 9.971185103551470919e-01 -8.411471791874742809e-01
2.938450923376895840e+00 9.638843944087743809e-01 8.715290790524705677e-01 -7.541268257115241180e-01
2.967798637668500383e+00 9.924006190116643200e-01 9.413272538337307260e-01 -6.910082244200576040e-01
3.060253141728254800e+00 1.206201833199647133e+00 1.263919336007669036e+00 -6.126896730858273354e-01
2.927716616683448070e+00 9.789804262552523895e-01 9.122751720096139438e-01 -7.273788926575733838e-01
2.994783516372572230e+00 1.147853362892810036e+00 1.176447925191348887e+00 -6.182957070317328663e-01
3.014892875363418323e+00 9.743763062025835309e-01 9.278898792347910485e-01 -7.044877851474047326e-01
2.893682476520054614e+00 9.355911023320333531e-01 7.984308048167005900e-01 -6.727277026997042775e-01
2.951286221063199378e+00 1.068916817826090826e+00 8.043296001167787868e-01 -5.987916443650694864e-01
2.896984866197478858e+00 9.116362868157168453e-01 1.047682902775043390e+00 -4.001032875380444165e-01
3.036568708781576920e+00 1.118288189832186363e+00 1.114389426141821682e+00 -5.942483068492923071e-01
2.976780117631431910e+00 1.102684962437203930e+00 1.081741034295531367e+00 -8.058480992856047465e-01
2.916013723854990580e+00 9.728858334110418449e-01 1.100614778173050645e+00 -6.906960015365350980e-01
2.866715163391876153e+00 9.100876090482410419e-01 8.358975358085191099e-01 -8.136744220397846838e-01
2.857900113438679668e+00 8.890341599559153929e-01 5.702522136069919645e-01 -9.625370814011532383e-01
2.911607876851389332e+00 9.405775642334982534e-01 9.137496697013681723e-01 -7.721493503148814108e-01
3.052387169878830964e+00 1.076884213227758735e+00 1.232180688507500399e+00 -5.891057433108431995e-01
2.837465605846468453e+00 1.057229042258251095e+00 9.975806960002729928e-01 -9.792510412961903388e-01
2.950137059800313377e+00 1.027868880111018957e+00 7.828486598229184024e-01 -8.985773860149587344e-01
2.937591087162617409e+00 1.073660892554539004e+00 1.091193022246913058e+00 -6.416138405223011931e-01
2.973946434689256790e+00 9.323570869093316116e-01 8.533517412345050790e-01 -7.694416204714256136e-01
3.072738296776907241e+00 1.196153160912243996e+00 1.183003273127951394e+00 -7.835492313054791547e-01
2.856396610782656165e+00 9.129437354915790337e-01 6.016398607516506569e-01 -9.001737336497437347e-01
2.949154388473835375e+00 9.671944107370703536e-01 8.898472076285945942e-01 -8.430902817913868974e-01
3.043168035067512101e+00 1.068158920280656732e+00 1.279713842892218789e+00 -4.912609272777137548e-01
2.987726880387467254e+00 1.029832710777391913e+00 6.761828540128821396e-01 -8.311558884914145295e-01
2.877199060985094814e+00 1.035019118104398839e+00 9.549809018619147549e-01 -8.754270394066709926e-01
2.963376449675886537e+00 9.204094286257855639e-01 9.969659511759880743e-01 -6.036619638574621804e-01
2.906683541476585475e+00 9.826000426695513656e-01 6.184271430509707956e-01 -6.777975846673457427e-01
2.942783996932327284e+00 1.013169208654284503e+00 1.140855558348440546e+00 -5.258229139376734418e-01
2.921750563203225681e+00 1.014150898621856811e+00 7.787234823412605422e-01 -1.021959369449545463e+00
