3.044430346229519468e+00 9.739579480180141635e-01 1.281669202441515276e+00 -4.051829607732301830e-01
3.075668479223386598e+00 1.038730748149693461e+00 1.150228915528571427e+00 -6.938819088479146746e-01
3.044604137822356282e+00 1.073820757334714049e+00 1.056446203368399450e+00 -7.100413993105626487e-01
3.049580117345502828e+00 1.043402234134018780e+00 1.163532585716736678e+00 -4.603602930565520723e-01
3.013765065909137952e+00 9.797718083800969202e-01 1.401384458059270699e+00 -3.855965743909740562e-01
2.909373692167779968e+00 9.990058635179639435e-01 6.665646684837204239e-01 -9.480928179559638957e-01
3.072038574833047875e+00 1.138723670703798208e+00 1.126512323445759689e+00 -7.480732306648615326e-01
2.928132927659289564e+00 1.075614891825740216e+00 1.398581213299195047e+00 -4.892084611366008251e-01
3.044291869410564289e+00 1.078699533855260295e+00 1.143067616431096001e+00 -6.174548195747625590e-01
3.051489758082856163e+00 1.023418224802563170e+00 1.237445638442497664e+00 -5.088360367738333778e-01
3.063759164876318941e+00 1.033040829736650013e+00 1.165108491034035021e+00 -5.976161739221077518e-01
2.990006237872379291e+00 9.270036520655090539e-01 7.157283903486232335e-01 -7.843979472315868451e-01
2.983988907125254553e+00 9.320991187687343027e-01 9.127017025715284948e-01 -9.075930708710626682e-01
2.990506577672646493e+00 9.251543870268125191e-01 8.886631060423310080e-01 -9.544674286789670559e-01
2.995190567212214550e+00 1.032347452734997839e+00 1.168141473649429773e+00 -4.187115677187888685e-01
3.026492889592998115e+00 9.922709365680552063e-01 8.420761295696445048e-01 -1.070990643348054050e+00
3.057148671834423403e+00 1.080836322754039180e+00 1.199710944517792033e+00 -5.449477828380845379e-01
2.978871473388112090e+00 1.157381137883067179e+00 1.129557864770308617e+00 -6.416720499590000681e-01
2.948708496455135109e+00 9.245082712153672722e-01 8.783531350986316655e-01 -9.711542562465426132e-01
3.080724370469861917e+00 1.041613411634411790e+00 1.353356426628210540e+00 -6.393085613954332391e-01
3.017539126485325518e+00 1.086932364741788337e+00 1.196557935377087656e+00 -7.364240488715161348e-01
3.000745859451893427e+00 1.069972270803752679e+00 1.319972894127882102e+00 -4.830730999838370732e-01
3.053574733814307329e+00 1.024396949471238161e+00 1.240915338200707652e+00 -5.118230699352169788e-01
2.962546461793474695e+00 9.955252204007986050e-01 1.379835051061022666e+00 -3.381517054675185485e-01
3.138211575351665061e+00 1.040897704714223382e+00 1.048196002092529611e+00 -6.227005953227805479e-01
3.024683040044584104e+00 1.036571082508174646e+00 1.227019672620091484e+00 -5.172223005909106774e-01
3.074254937970914980e+00 1.004831449085759054e+00 1.206553856067306363e+00 -6.149313763058278370e-01
3.014601258549786333e+00 1.000979538727495788e+00 8.803706130005930497e-01 -1.054309313847593188e+00
3.136168821818856145e+00 1.068497534124505988e+00 1.067799773365102567e+00 -7.448801335970861581e-01
3.036200584559383131e+00 1.035216061551802458e+00 1.281068178575531125e+00 -5.228309007742394376e-01
3.076099790738588968e+00 1.081406222898325664e+00 1.196105095651106565e+00 -5.650920672139153611e-01
2.927383638422253576e+00 9.579424494894520636e-01 9.369575938084070410e-01 -8.879606825444922302e-01
3.033483884880566084e+00 8.785448315000617958e-01 8.208194630173708539e-01 -7.447973265178264857e-01
3.035962035126390290e+00 1.006897987410352746e+00 1.282360591395153682e+00 -4.065606033829405330e-01
3.093644074264352284e+00 1.016005096723954004e+00 1.222713647154348271e+00 -7.069686671563937264e-01
3.083153521805130914e+00 1.151610556249809125e+00 1.189347146023621127e+00 -5.806420447449484046e-01
3.012397876082385739e+00 1.071750970045519891e+00 1.289821645617828194e+00 -4.771542962323262471e-01
2.977195810438816981e+00 9.881243020768878393e-01 8.459493265305310095e-01 -8.607291925363195206e-01
3.037845166600579905e+00 1.058383605475474720e+00 1.193923429033792782e+00 -7.503035052288792306e-01
3.008149413671517891e+00 1.003902563690568295e+00 1.143476289622812114e+00 -4.405884598663951102e-01
3.005207460228447758e+00 1.086395117044371750e+00 1.216226977055808511e+00 -4.651685079297294689e-01
2.993475464555855226e+00 1.046717311713993404e+00 1.287772260593274654e+00 -5.342704394308572802e-01
3.021906776658141780e+00 1.049342909726449058e+00 1.093144537938128380e+00 -5.963249755194598434e-01
3.057365424549857824e+00 1.013612753088539931e+00 1.145814623442794611e+00 -6.201820516491739488e-01
3.020017420120505669e+00 1.044577822365933661e+00 1.358766204470720051e+00 -4.088601707765650572e-01
3.114461666017510399e+00 1.056015813249821411e+00 1.373780593468102884e+00 -3.867209786122894344e-01
2.998412610244693965e+00 1.006601169919395966e+00 1.352343230124056550e+00 -4.613554555144196434e-01
2.865750120350898378e+00 8.443729020616228542e-01 8.999667568668086037e-01 -5.348312636645777829e-01
3.020120564566449506e+00 9.468198113399065585e-01 7.600845260323392250e-01 -8.922159281717674251e-01
2.999547574474182632e+00 1.061083313216131696e+00 1.176900317130343598e+00 -4.906408389218514521e-01
3.043133467304974804e+00 1.120194079606930293e+00 1.079863747077237202e+00 -6.135148644355988834e-01
3.074213584388424625e+00 1.102078046149732149e+00 1.234747396880837123e+00 -5.874225519932049222e-01
2.876143296213749867e+00 9.314463744351942909e-01 7.641782221835135003e-01 -7.782332634689642648e-01
2.989502156445896563e+00 1.010003979314023637e+00 1.164300930259017042e+00 -5.976266467450456199e-01
2.862589849766843386e+00 9.399722365424101334e-01 7.791410073151506799e-01 -7.260085928674124833e-01
2.975819374359734759e+00 1.057230280201276074e+00 7.104693132046633330e-01 -9.752211136748312192e-01
2.989526743749181037e+00 1.060704241400399761e+00 1.181713546101456735e+00 -5.846693852768839461e-01
3.073748474079715631e+00 1.134321739219481762e+00 1.181555161150474875e+00 -6.714969731914302020e-01
3.028004578630965060e+00 9.973061694892790818e-01 1.232205965018724925e+00 -6.530564414005149976e-01
3.057526275327135945e+00 1.125103638033696507e+00 1.280960295770766200e+00 -7.602183458515429093e-01
3.000730610908096896e+00 1.078609268547967126e+00 1.170108842559346884e+00 -6.612848886429943951e-01
3.043712023080116236e+00 9.827565070183880147e-01 1.393528628275181980e+00 -4.309368111422225422e-01
2.972177113633678314e+00 9.762293941933508634e-01 8.912473978567498900e-01 -8.923807784041619673e-01
2.961896110146044148e+00 9.850644198712596999e-01 7.874906698046394427e-01 -1.051767901942798122e+00
3.056562777112174611e+00 1.162168048028323408e+00 1.011255011525683756e+00 -6.812965670812316521e-01
3.019706059429117406e+00 9.237044311786741790e-01 7.046779557567477426e-01 -8.339263594343354624e-01
3.054371295592838820e+00 1.047174330511040807e+00 1.189540930280531317e+00 -6.811616547666710098e-01
3.116565225069950262e+00 1.035900946255419841e+00 1.140543497536162576e+00 -7.441346381829968548e-01
2.998022772799403768e+00 9.474082891114693483e-01 7.898103812759088571e-01 -8.632941693322451204e-01
2.912508822266509423e+00 9.576098534902934833e-01 7.135507218863225143e-01 -7.497394979886821131e-01
2.944049015458685581e+00 9.679557012464593546e-01 7.662669691674779404e-01 -9.384904417433718171e-01
3.094946198196652176e+00 1.063752080522910592e+00 1.423813026676040261e+00 -4.721350925874874260e-01
3.099963448918017228e+00 1.075310739078564781e+00 1.152230715078509160e+00 -6.702011639206192362e-01
2.965195598957032441e+00 9.387856863803905050e-01 8.611919719839725706e-01 -8.683338670601847831e-01
3.058910833172009625e+00 1.044924862476832805e+00 1.166036430661432810e+00 -4.423071034976622795e-01
2.966370403185453863e+00 9.084944247470200240e-01 8.125614513872011502e-01 -1.019205774660521424e+00
2.904607706731358263e+00 8.891795301502827265e-01 8.402670689738698240e-01 -5.889656024737688345e-01
2.946448403070098365e+00 1.021419213800733639e+00 1.200602868836200043e+00 -3.288095102989526675e-01
2.987162838072962234e+00 9.608007728023894023e-01 7.838592828939894286e-01 -8.676134846603579254e-01
2.961592887111490047e+00 9.056635684853585611e-01 9.395673441979746077e-01 -8.319550197494225419e-01
3.014371457692313072e+00 1.067564852912686213e+00 1.355053593203780160e+00 -5.548052339208898731e-01
2.951108002752234061e+00 9.099320228216103423e-01 7.756595667151385820e-01 -8.215853316323187272e-01
3.064888537977102700e+00 1.027638528671442009e+00 1.370363444828476274e+00 -3.376521814338261929e-01
2.963904775523926727e+00 9.661159849945388789e-01 1.272584746194706184e+00 -4.516251800637850478e-01
2.992487197980862046e+00 9.618183086069561627e-01 7.948105726726791831e-01 -9.310198780021773368e-01
3.002091965937363049e+00 9.993987614463839542e-01 7.893821891029103588e-01 -9.290638690007985145e-01
3.065145785580341453e+00 9.964095767396186076e-01 1.428098218851400647e+00 -4.622047855885895729e-01
3.015567682000869887e+00 1.087212835586115256e+00 1.259490571541187931e+00 -6.606402314403869713e-01
2.969352237051497756e+00 1.034536993945089911e+00 1.216918874691062413e+00 -4.690541663463140276e-01
3.072033184010080742e+00 1.168912515243913930e+00 1.176965171304861002e+00 -6.221839182501575083e-01
2.962608906522838925e+00 1.032119312518148480e+00 1.326114001913943463e+00 -4.749238618064709483e-01
3.064705088857171411e+00 1.024026441169937129e+00 1.075490089063856125e+00 -6.785721135204112464e-01
3.014935772852980644e+00 1.040073035579536009e+00 1.135649714405355448e+00 -4.902416751096959069e-01
2.897555192399254853e+00 9.193960563560383825e-01 9.425867827188257886e-01 -7.209489237493120761e-01
2.987360889297633548e+00 1.118020432459513991e+00 1.166843680501115088e+00 -4.880352536594765867e-01
3.027484710199270346e+00 1.054784757474083179e+00 1.225707718341906727e+00 -5.520671608235566685e-01
2.985432841915749425e+00 1.050289271630835630e+00 1.185561450325996802e+00 -4.755796635014191698e-01
3.053543835329872280e+00 9.651088628142613368e-01 1.279840664025652330e+00 -4.680781816072684398e-01
2.989380524499776648e+00 1.116101040557663904e+00 1.269906580987114619e+00 -4.375036111615688283e-01
2.934111462287600780e+00 9.598495569980758368e-01 8.678586846665172772e-01 -9.186623696051593457e-01
3.023458578903550631e+00 1.058701346799170384e+00 1.218906041127351569e+00 -4.462817747269134938e-01
2.994904498051507602e+00 1.046755653396127972e+00 1.324927376570899540e+00 -5.559608771248258918e-01
2.945157483505431273e+00 9.633979739239583173e-01 7.847574892485026377e-01 -8.227161620000642550e-01
3.041559048740043458e+00 9.589438710717649306e-01 1.261372482729890221e+00 -5.100831788482496076e-01
2.952565547679294244e+00 8.949943391126069514e-01 8.116773416982948630e-01 -6.917678902278284747e-01
3.053428688258364776e+00 9.839892416674650422e-01 1.194910450728166929e+00 -4.179295598765895292e-01
2.912300421395393357e+00 9.419714102528142785e-01 6.368263831169787004e-01 -8.147972367794014126e-01
3.024029434566492203e+00 9.678540785253427758e-01 1.244801111511696368e+00 -4.415082621581423727e-01
3.063703405021745763e+00 1.010666623322053370e+00 1.319383791307229270e+00 -3.720969891362262971e-01
3.049673925168293831e+00 1.008422604040519976e+00 1.296398754418007115e+00 -3.337884900370578500e-01
2.911940120768197193e+00 8.864872939293275689e-01 7.518124095305812604e-01 -7.225779294729737234e-01
3.041475048443941454e+00 9.697717666448812945e-01 1.385512014986015394e+00 -4.295942932072440712e-01
3.056142261226673540e+00 1.097009769310444582e+00 1.242268366686712255e+00 -6.741692057178734210e-01
3.032632450551171921e+00 1.046100463520237556e+00 1.245115847080414451e+00 -5.713298000900256524e-01
3.074287427730872935e+00 1.029892743511852338e+00 1.266834667244225887e+00 -4.522467352468600987e-01
3.144002788822739980e+00 1.130699176095623759e+00 1.100050723216191795e+00 -8.756036377849560903e-01
2.966181785068878529e+00 9.687875584086399483e-01 1.047413777730669571e+00 -9.039784482573297586e-01
2.873389900299894162e+00 9.836779910822628370e-01 7.437615816990568174e-01 -9.301563837068607121e-01
2.941857172112046115e+00 9.348635109740512927e-01 8.264179992582255663e-01 -9.356530003609280222e-01
2.988243072909218423e+00 9.315300786895821528e-01 1.053467841749101019e+00 -5.935192492106933226e-01
3.079881291590980119e+00 1.000830178911738644e+00 1.160964008240378709e+00 -5.792934120385232477e-01
3.081204488919301543e+00 1.072361409489734907e+00 1.043699407595044981e+00 -7.724834733945242782e-01
3.060581498973572678e+00 1.077030069574150373e+00 1.196923214809471059e+00 -6.733402922671999358e-01
2.990330532853212375e+00 9.285158127895644098e-01 8.714816426921647707e-01 -8.576952921607474689e-01
3.015374744174759591e+00 1.095392876014738004e+00 1.151107331724260163e+00 -5.769141750097697141e-01
3.138316034891134532e+00 1.068456828257761559e+00 1.173318284790018984e+00 -7.521172928509418654e-01
2.930044769166487928e+00 9.181410140878041304e-01 9.298197899792747245e-01 -8.839274106165919687e-01
2.994194331337116655e+00 1.110222742228251791e+00 1.217854956253832333e+00 -6.385023239854459298e-01
2.910193468778270454e+00 1.003246194575919015e+00 6.097411851945383487e-01 -8.068161227971119009e-01
2.966529318396218695e+00 9.252489258105390801e-01 6.314748819791144996e-01 -8.059111916660302022e-01
2.889436359970957824e+00 8.770060038328455487e-01 7.089520986798502067e-01 -7.311356056614606302e-01
3.085894843656818765e+00 1.109063370020574313e+00 1.045589069176236618e+00 -9.030098716522373392e-01
3.024944921197799008e+00 1.008243899904323504e+00 1.381623891664722992e+00 -3.665772751613856073e-01
2.907239848742058541e+00 8.969596242257105168e-01 6.936084943233760125e-01 -8.637522609407227714e-01
2.958319436640072020e+00 1.120277743753852029e+00 1.312614682480510497e+00 -5.158453536159016695e-01
3.065626091365055039e+00 1.069261267808001348e+00 1.074473630190673434e+00 -6.523103068008699879e-01
2.952303582092012491e+00 9.453836405444016044e-01 6.376345811087743565e-01 -7.744829820955856370e-01
3.016867665468247584e+00 1.067008572551663592e+00 1.289251159494292143e+00 -4.879305163303488957e-01
2.961930714556324951e+00 1.175419587775628161e+00 1.189789527295100902e+00 -7.981551008912325385e-01
3.030444883284185931e+00 1.021920311721936869e+00 1.317614509088267605e+00 -3.831796565184989456e-01
3.038600454713396903e+00 1.096293570763885894e+00 1.154743924715270875e+00 -6.974169526509196304e-01
2.986296556425797721e+00 1.038149545463034951e+00 1.239514659060516388e+00 -6.998859242251771473e-01
3.065377017098177337e+00 1.069204086154345701e+00 1.198177757485054507e+00 -7.666608442933955381e-01
2.930854048262775624e+00 9.465555699690146874e-01 8.516442924861694630e-01 -8.554105384986768756e-01
2.977421462097070037e+00 1.066724288664370635e+00 1.326441961354906551e+00 -4.477056158196707214e-01
3.034049643594527446e+00 1.068579493146384340e+00 1.318994532480353366e+00 -7.180526043093722333e-01
3.029792938550257553e+00 1.066009131131135046e+00 1.227821850247765356e+00 -4.562673147652722139e-01
2.955067311750604997e+00 9.892675125029340988e-01 8.649565818156959018e-01 -9.105332501183062144e-01
3.081371227919420086e+00 1.015834710683587883e+00 1.190675879056148467e+00 -6.653150172951333152e-01
2.892217821959340629e+00 1.009318167368547847e+00 8.912601969163914672e-01 -7.964829227779747223e-01
3.036023237762285110e+00 9.637755073362771485e-01 1.351852930377696937e+00 -3.729765141581749543e-01
2.947710502476596606e+00 9.381187354004633105e-01 9.018128165436128940e-01 -8.352238359141235247e-01
3.010198489754964069e+00 9.635941590978495119e-01 8.598321481858605120e-01 -9.118635225253941545e-01
2.953267477313216371e+00 9.404645198732938249e-01 9.464706111004467237e-01 -9.136044560445147900e-01
3.040802353437509264e+00 1.040123871440207459e+00 1.260235896883635132e+00 -5.362844023526620596e-01
2.921661598124066117e+00 9.097984050918552779e-01 6.620394279680535954e-01 -9.360447902350506055e-01
2.901423518771755194e+00 8.605444895473990385e-01 8.354564098735662858e-01 -5.085737241872222425e-01
2.821143344701947608e+00 8.893068377315830331e-01 6.919198964218822301e-01 -7.466945122742730812e-01
3.053725445688592277e+00 9.431802654163137234e-01 1.337607957440531514e+00 -4.165148568157969744e-01
3.073088796887013974e+00 9.985713250303140942e-01 1.308335708058681046e+00 -3.653506448356987346e-01
3.064117703554855687e+00 1.020714816302333849e+00 1.231908085994877444e+00 -5.455083217145837438e-01
2.922968562564705941e+00 9.315110190158920611e-01 1.288467724802583758e+00 -3.625686818830144986e-01
2.976424037504968201e+00 9.925140767346499748e-01 1.143525511144741991e+00 -4.526331405865576807e-01
3.020264727239385216e+00 1.016679315108651060e+00 1.068557328790322281e+00 -7.067293684357075501e-01
3.034412154707986975e+00 9.412051570692117064e-01 1.380117443965023671e+00 -4.797969413478471168e-01
3.126104274507049752e+00 1.051523162348815266e+00 1.284315585466119458e+00 -4.440108530118189178e-01
2.969084185124639674e+00 1.004382173536025213e+00 7.756074009771848354e-01 -9.716497566178057266e-01
3.051754487469063637e+00 1.086872552524209334e+00 1.321677895697111804e+00 -5.888247471633960561e-01
2.985825683828165378e+00 9.744897970738175541e-01 8.178958714486989079e-01 -9.778842424683015233e-01
2.961774941348662260e+00 9.439532104050756267e-01 8.665498736884400532e-01 -9.595306260140901156e-01
2.942028129965903904e+00 9.839715725731248419e-01 8.943916671747126346e-01 -9.843498353402563295e-01
2.975614479114248034e+00 1.002846232055909947e+00 1.317841684368033617e+00 -3.715098683879435315e-01
2.981987080719826100e+00 9.538423708611261098e-01 7.270213359045307744e-01 -8.506755805374925927e-01
3.107345000616581032e+00 1.008851595138295920e+00 1.132247671056587413e+00 -6.135344849346389129e-01
3.100212104684369585e+00 1.076710507199392097e+00 1.097768147543722872e+00 -7.276225158414942884e-01
3.077151391199347774e+00 1.046844637710190540e+00 1.264211922794410414e+00 -5.011568776500382461e-01
2.921230523478063557e+00 1.002585222692090383e+00 8.007349003072193883e-01 -8.989267646270266976e-01
3.012699377306212511e+00 9.410793010391809155e-01 7.929954380122743451e-01 -6.767244086874875109e-01
3.040276680625817463e+00 1.117799219780261533e+00 1.178861477351725418e+00 -6.111975253613040060e-01
3.008910350275179724e+00 1.009833063306757595e+00 1.339111250410837783e+00 -4.257872404315365400e-01
3.041740836951416060e+00 1.016481521341141558e+00 1.321608531570698020e+00 -4.253204831175494971e-01
3.038397958460474779e+00 1.051498163737619729e+00 1.311747241745084835e+00 -4.588855321635214035e-01
3.012346016627900358e+00 9.293522332278733034e-01 1.446834726363177559e+00 -3.753886280512298002e-01
3.056968966635871698e+00 1.037243691599442297e+00 1.206759192743220854e+00 -5.811633730814579346e-01
3.030062316544148704e+00 1.060619320058586945e+00 1.283735067659724338e+00 -6.411117611287883156e-01
2.904720415184108173e+00 9.721630011763910950e-01 8.728738295095842536e-01 -9.590111332179007686e-01
3.023993551994899942e+00 1.073370967411442889e+00 1.203918269204699243e+00 -6.414109988713935229e-01
3.023081686822885583e+00 1.071775443269404882e+00 1.115136741173017976e+00 -8.000728691704565021e-01
3.032109600410579198e+00 1.087939745986544082e+00 1.207754432313390636e+00 -5.796193351978272679e-01
3.042232491394290861e+00 1.003344274562322225e+00 1.268342211616177106e+00 -4.999379135795254392e-01
2.832959005612463166e+00 8.284237788008184111e-01 5.205014775901263269e-01 -8.215119155881842605e-01
2.965268262036493851e+00 9.634111588186672348e-01 8.462975166669548521e-01 -9.777356100074157119e-01
2.990648972940558536e+00 1.056833507602532141e+00 1.281914801882423571e+00 -6.912961855084082119e-01
2.945344015413127625e+00 9.008481373824285265e-01 8.664993603846514736e-01 -9.225611288488851924e-01
3.022823632121313331e+00 1.039919252002390770e+00 1.134886532457726416e+00 -6.681561313929647028e-01
3.024581627113704929e+00 9.850700777651471007e-01 1.310852815505353819e+00 -4.559274962483603755e-01
2.999394467325391833e+00 1.094656688600599059e+00 1.110001932204182307e+00 -6.547340325127485317e-01
3.067021260569753327e+00 1.020902297099079981e+00 1.303767763628897569e+00 -5.186708874161373162e-01
3.006428028398536068e+00 1.005828896034070219e+00 1.188542247120684348e+00 -4.334009078539237114e-01
2.891033724284142181e+00 9.396508842375881354e-01 8.108058778904910779e-01 -9.422953913176744800e-01
2.970161994665708516e+00 8.804535641798044709e-01 8.044071283385443305e-01 -6.242477907226650080e-01
3.022040894969612257e+00 1.090434357331963255e+00 1.151753162317099344e+00 -7.476855884059080415e-01
2.922939180199829234e+00 1.024053427628707880e+00 8.806057081333128478e-01 -9.255992328190977281e-01
2.989292663062128597e+00 9.124429773085894757e-01 8.128276446066619032e-01 -6.524191858081441753e-01
3.067917700641739742e+00 1.025688312705178129e+00 1.346828301658983040e+00 -4.902929389070369570e-01
3.015231804995365028e+00 9.979173083591041937e-01 8.801139762044917214e-01 -1.100216132048978945e+00
2.982995362633749981e+00 9.345570186099774190e-01 8.830243516340303689e-01 -8.958528281986787301e-01
2.968785902928384957e+00 1.050978758113285672e+00 1.157139720623788559e+00 -7.706303885423013700e-01
3.035626595011602369e+00 9.842624761859722904e-01 1.329665214172599530e+00 -2.977257253948626392e-01
3.084325242073881146e+00 1.119080370124397650e+00 1.040850646589237094e+00 -7.448723995582802182e-01
2.958356477173362808e+00 8.839150436702029046e-01 8.496412458769310172e-01 -9.641248102942141518e-01
2.999956385693378635e+00 1.045066672909433780e+00 1.301668022871064201e+00 -5.817590093315319066e-01
3.032541875530404329e+00 1.073186105613706642e+00 1.200161761464798582e+00 -5.969203179171749252e-01
3.077731121812491200e+00 1.049308393982773424e+00 1.202751087528306950e+00 -5.256670233288601723e-01
2.993624825860163430e+00 9.168020206826341667e-01 9.309838568636338296e-01 -7.747366034569382887e-01
3.055535077691667656e+00 9.829216078175189164e-01 1.393356799730086415e+00 -4.065912996915665434e-01
3.029436561264284400e+00 9.870113270208379364e-01 1.228021580286219550e+00 -4.700840907671160473e-01
3.008286337479391559e+00 9.980635935074397835e-01 8.879474382167762414e-01 -9.765667210635724516e-01
3.035623536657571453e+00 1.116854213358843273e+00 1.254235718859717963e+00 -6.213369616594324185e-01
3.093335805031535823e+00 1.020532527141675416e+00 1.204049334280069550e+00 -6.390842194704402512e-01
2.996465466520081389e+00 1.054022673488445916e+00 1.127425678201272818e+00 -4.646418679615297309e-01
2.981541553415782086e+00 1.008206519100526499e+00 1.246850138269822716e+00 -4.023227170879262182e-01
3.118192243628847837e+00 1.113603133781928545e+00 9.134536355555079590e-01 -8.968163907814956648e-01
3.092595335235356568e+00 1.016301201581020441e+00 1.304359857458421423e+00 -6.186877404386387225e-01
3.015650899300908350e+00 9.709887886744940078e-01 8.307180126296658251e-01 -9.109492796384802693e-01
3.005916257371409994e+00 9.272912404099614703e-01 7.594136626198615403e-01 -8.377051583773982291e-01
3.008615575981986812e+00 9.347066476586148864e-01 8.229507230647663540e-01 -8.560466077370205706e-01
2.920228274349130348e+00 9.457109933518921263e-01 8.632702063549876348e-01 -8.980758109851706417e-01
3.054597937588742429e+00 1.047536772786556103e+00 1.272909943922658105e+00 -5.868961504143441754e-01
3.025709058705990717e+00 1.147721165547022304e+00 1.172604751837955206e+00 -6.511105295684073146e-01
3.074732076696257366e+00 1.022133018845599484e+00 1.211038686779956519e+00 -6.255625884838722506e-01
3.068377977218842201e+00 1.050683182245827796e+00 1.204509062606538894e+00 -6.953337135705717209e-01
3.002555244497676856e+00 9.053077824284985198e-01 1.032963662485223200e+00 -6.708100705034479860e-01
2.911830970659222029e+00 8.953656357892949558e-01 7.445364742031506111e-01 -7.118800399727663875e-01
3.075349411302903846e+00 1.089050996154927287e+00 1.219029958752676279e+00 -6.718643914257116379e-01
2.942057064405495304e+00 9.250837717169838603e-01 8.232515995216146409e-01 -6.771746485724482456e-01
3.005706451319079431e+00 1.004927862973057806e+00 7.858641649137912966e-01 -9.632770370859337072e-01
3.017494478925728085e+00 9.795544281184028756e-01 9.085383577964042390e-01 -7.143424616217697309e-01
3.031266264124322873e+00 1.035764307140461860e+00 1.081193051705895414e+00 -6.276919886959679840e-01
3.095858124061880989e+00 1.017149818806398542e+00 1.323224205506168483e+00 -5.316685465633357310e-01
2.981580170496664461e+00 9.162967319581141190e-01 8.519030786860417592e-01 -8.574420452365851819e-01
3.135719810527370033e+00 1.030333651564910413e+00 1.270847898282872146e+00 -6.440944306949341058e-01
2.893513486140921742e+00 9.118340407506286827e-01 5.416571465221171611e-01 -9.431009562441735605e-01
2.986645676262592808e+00 1.049809545674366351e+00 8.762643070019290326e-01 -1.017106313213884450e+00
3.054627738270174309e+00 9.758798561226339485e-01 1.377928315826919992e+00 -4.676118700845231513e-01
2.890169023066409437e+00 1.027875731779159363e+00 6.660235551705773194e-01 -8.757481795599001417e-01
3.023675292516137425e+00 9.945836918659356485e-01 1.324744453954569412e+00 -4.621551199262106668e-01
2.970481454365081486e+00 9.884703699147912026e-01 8.194689976149183153e-01 -8.880085040149909847e-01
2.970673636472120016e+00 1.033266034935679700e+00 1.168667268835851702e+00 -4.442253753234821079e-01
3.033039493256077357e+00 1.040190120168601018e+00 1.297012429496646080e+00 -6.532826940273062100e-01
3.056548652177554448e+00 1.072793500828396640e+00 1.395725249036234406e+00 -5.806968315059524155e-01
2.949592579699236161e+00 9.820141432697806483e-01 8.795359781349226802e-01 -6.726342901740361979e-01
2.977380517800062520e+00 9.696924967606700418e-01 8.169965850365665805e-01 -8.303562426952383335e-01
2.984608910324868969e+00 9.947986831400195129e-01 1.208772968962390726e+00 -3.863833759260604794e-01
3.106917974293101015e+00 1.108035108446004502e+00 1.033244273541416236e+00 -9.231053714807757604e-01
2.988172449783732976e+00 1.045902665494721440e+00 1.301410724729195501e+00 -4.999297041880284009e-01
2.920946872212422107e+00 9.946400759734936869e-01 8.019018786230470708e-01 -9.354659223457467698e-01
2.924998845021970606e+00 1.012796132777697533e+00 7.705407211128308953e-01 -1.078296946936293299e+00
2.948896038355879323e+00 1.010404304530363229e+00 9.440874313458627043e-01 -9.600077589832269886e-01
2.940026399431050930e+00 9.748457948005611051e-01 7.234035313720120763e-01 -9.203995988056544730e-01
3.056779091644509450e+00 1.160704985223770747e+00 1.353118000538422461e+00 -6.220784585186898141e-01
3.084807481996054257e+00 1.037179087479804140e+00 1.313025741957313475e+00 -5.585209919503523190e-01
2.945755058651192915e+00 9.960061840327498750e-01 6.321445682231268126e-01 -9.317078324634942010e-01
3.065674106968400370e+00 1.121622291982338204e+00 1.323764742365856062e+00 -5.182260833949542400e-01
3.004018875321891713e+00 9.937776317176738594e-01 8.490666628019892803e-01 -9.388946538978455436e-01
3.022756462296357416e+00 1.069722871078616855e+00 1.166333634761422822e+00 -6.345604502229150734e-01
2.980542517870734986e+00 9.516688077323216532e-01 8.847185395320299461e-01 -8.161472361517200236e-01
3.026319432720343094e+00 1.130100251353343355e+00 1.138279301539198984e+00 -6.212593457408129849e-01
3.033738198726326996e+00 1.028028279899858788e+00 1.124393169569843254e+00 -6.307548747185354188e-01
2.838054566363346520e+00 1.003803489345040934e+00 8.420994677378604854e-01 -8.578724634039455177e-01
3.074368859363615591e+00 1.002373010899723305e+00 1.264241465017012622e+00 -6.024819658194374705e-01
3.026880404481600007e+00 1.060541224556895923e+00 8.569503891731866663e-01 -1.215291823241380964e+00
3.002055529723809624e+00 9.932831402308573976e-01 1.332843557753478958e+00 -3.455890904704879141e-01
2.771993022297723375e+00 1.039595720332334716e+00 7.529752190494752861e-01 -9.150187357116446041e-01
2.914931566714280553e+00 1.046618991485094963e+00 7.623736952688460189e-01 -9.164585222021774946e-01
2.895599260140007569e+00 9.697534667404982267e-01 6.980398488414487623e-01 -9.975129173232206714e-01
2.982355741812759309e+00 1.029714643594719092e+00 9.038918883307377472e-01 -1.082995666719739125e+00
3.006094789105822063e+00 1.015510236553328616e+00 1.234443439237444151e+00 -5.763584691960204065e-01
2.981019682579860053e+00 9.890380883202170015e-01 1.234091580843173830e+00 -5.144511171520534942e-01
3.016523778550292079e+00 9.746614631204691959e-01 1.200769657445850624e+00 -6.315472423669292734e-01
3.036567836112591401e+00 1.064136108597462327e+00 1.321492590008967127e+00 -6.479566839454056204e-01
3.041466880025780029e+00 1.049877435906272582e+00 1.350136665035177153e+00 -5.219637998100048470e-01
3.029576861992517856e+00 9.456464919128531044e-01 1.259541681936308777e+00 -4.109523373108878164e-01
2.948052784332398257e+00 9.599102843167502952e-01 9.053303807584816010e-01 -1.029246574546230253e+00
3.047582535094414791e+00 1.003138920294797121e+00 1.136221451568055318e+00 -5.192740763905424606e-01
2.987389779994539474e+00 1.017062757815720531e+00 8.054437894260061404e-01 -9.797970041836161492e-01
2.929553512471342103e+00 9.664551712716519249e-01 9.413885597904653180e-01 -8.004992734272496913e-01
2.955882122524478017e+00 1.158807078183816008e+00 1.170753392883221888e+00 -6.412268751880697559e-01
2.979361507834779488e+00 9.739242249310513522e-01 1.208295930743226609e+00 -5.188128163539039717e-01
3.037946192450395877e+00 1.110472767760895874e+00 1.290743783400541300e+00 -6.689188639813670179e-01
3.037115296165438849e+00 9.900426440953514762e-01 1.132927692053192770e+00 -3.774807345164935546e-01
3.009084284780604523e+00 9.977976287881491491e-01 1.337806963576364083e+00 -4.458249729111580240e-01
3.068559285101151168e+00 1.048211654121868897e+00 1.162679021077486885e+00 -6.786659907930353564e-01
2.992451582534265242e+00 1.002074069021865466e+00 1.347694097039932704e+00 -5.720086216626881770e-01
3.039014211937919541e+00 9.689322168840246441e-01 8.564537899954702826e-01 -7.136931630261738047e-01
3.043863537562240484e+00 1.026298220769704006e+00 1.202764128745815508e+00 -5.434121854037728960e-01
3.093178659902900751e+00 1.010385186348181641e+00 1.166896592059690763e+00 -6.227382772997108740e-01
2.980973175365837502e+00 9.719348439585046018e-01 8.653906947531873062e-01 -1.085235101064221608e+00
2.945905868357389323e+00 9.539806548675047182e-01 8.926305701429976258e-01 -6.910885976544169917e-01
3.048273144100225984e+00 1.039307504969921858e+00 1.078346539916444247e+00 -4.872683534568977848e-01
2.940576764083732364e+00 8.796158966766095544e-01 7.398842944778591946e-01 -7.748595391294136325e-01
2.937000144452684314e+00 1.036261322359592008e+00 9.169887394430710215e-01 -8.393701797514092622e-01
3.026062028788608860e+00 1.127883309869445849e+00 1.257779073347757404e+00 -7.759425903899587196e-01
2.901613539587443391e+00 9.141286986104754098e-01 8.318842850448090465e-01 -9.629632283828933881e-01
3.009074304001083888e+00 9.421279648077153235e-01 8.581837491229552528e-01 -9.493860039088675151e-01
2.934391173361600380e+00 9.377856686566770072e-01 7.547341935387709144e-01 -7.914639014399026395e-01
2.919986627404140833e+00 1.011824005722981035e+00 8.538370738535944193e-01 -8.418670627090171221e-01
3.000644505713128130e+00 1.101781083870351452e+00 1.290329950435055606e+00 -6.733385123548188966e-01
3.093566718846202601e+00 1.152832338937826773e+00 1.271051132197109190e+00 -6.531831078946103153e-01
2.961576854624972110e+00 9.998073890579205480e-01 1.253392918887153096e+00 -3.325663911839727982e-01
3.041941533755370575e+00 1.031261694958882869e+00 1.410448209296251365e+00 -4.505070368756018961e-01
2.991843319467608620e+00 1.012242262732628184e+00 1.184675062252174449e+00 -4.832961264744000673e-01
3.030111086456028335e+00 1.051568975503908376e+00 1.352691445547832050e+00 -5.833823815221487186e-01
2.976703929842292595e+00 9.018814095084628502e-01 8.202907936413037504e-01 -7.483127356879367698e-01
3.125340685756346826e+00 1.025188019237263104e+00 1.272018627568809013e+00 -5.443016453223914475e-01
3.133397871199534279e+00 1.137102804865991912e+00 1.264415999723013773e+00 -4.991289493937095534e-01
2.989510901231110296e+00 1.029442049644965218e+00 1.221919611455009713e+00 -3.653605535936518267e-01
3.009254654228640913e+00 9.573331595385058401e-01 8.344772005530806114e-01 -8.368893148140821303e-01
3.043033285573752522e+00 1.083813748367699947e+00 1.338618741542768165e+00 -5.429779924202945418e-01
3.037587171314531709e+00 1.100557647140083750e+00 1.401740406735334288e+00 -4.723379595951797683e-01
3.047746050666265472e+00 1.032713437703990600e+00 1.187117228628843613e+00 -4.574509414278689623e-01
2.926617115258645541e+00 9.573322142422840964e-01 6.944146881273390859e-01 -8.155459122233562619e-01
3.040900283322343967e+00 9.579409595274652744e-01 1.253653711945215132e+00 -5.640019241085025836e-01
2.973537867328910789e+00 1.108383876155832892e+00 1.107615711413160176e+00 -7.348262145678307045e-01
2.941861271445220805e+00 9.224486738763827409e-01 7.150165537635568835e-01 -6.907652001916243512e-01
3.043849137077780931e+00 1.043745373491859585e+00 1.119836843161936546e+00 -5.164126004297182604e-01
3.016455047847032223e+00 1.024198452447489194e+00 1.142062026832200372e+00 -3.888071740205095161e-01
2.975330115654901242e+00 9.903888082196496967e-01 6.387103621919428820e-01 -9.141973835435105444e-01
2.957692431853206294e+00 8.874603881007804285e-01 7.709789409949104888e-01 -7.802147602718745301e-01
2.982329125274117310e+00 1.038069402778077910e+00 7.558213568209484201e-01 -9.871386496698753010e-01
3.116262001990906860e+00 1.047625013635719471e+00 1.313282414331361281e+00 -4.814148907335459304e-01
3.085588871988328208e+00 1.029745503088385084e+00 1.212946575636505875e+00 -6.175130319845761884e-01
3.079147308494896151e+00 1.093590534404896841e+00 1.147420396101270557e+00 -7.750185878064846934e-01
2.995652971496557182e+00 1.011692376961223161e+00 1.212994639186925960e+00 -4.654524826740162879e-01
2.947063931865603337e+00 9.339339200954401843e-01 7.600151430197782387e-01 -9.576977251637331934e-01
3.073438644873223602e+00 1.047886745421305887e+00 1.164314570578246277e+00 -6.198742683603079007e-01
3.006394060043083627e+00 1.069822406918613744e+00 1.116494282798586646e+00 -7.133504381316480014e-01
3.023022357117109316e+00 1.011410665451005331e+00 1.305671980262435916e+00 -3.890630975604512098e-01
3.026606065730235162e+00 1.123362254777241054e+00 1.096850835298031512e+00 -8.308753743114870582e-01
2.997226542558729889e+00 1.041776265878909369e+00 1.392884588733514839e+00 -4.831603533921284277e-01
3.077914768350891173e+00 1.057293939176932263e+00 1.207500225791093840e+00 -6.532921215532205839e-01
3.009334880706379778e+00 1.076848905343776419e+00 1.115228298972221088e+00 -4.602213494076173306e-01
2.974922980858224264e+00 1.006433109467485654e+00 8.504615168697935434e-01 -9.573847065181427807e-01
3.007503052518120334e+00 1.054456696011763173e+00 1.049084673895868347e+00 -6.176961899585249327e-01
2.968329229949485892e+00 9.635371274668550479e-01 1.170982838873606102e+00 -3.741829323728321222e-01
2.971430653953779810e+00 9.827460001900726327e-01 7.728450046015277186e-01 -8.899500693442176091e-01
3.096710300250776093e+00 1.106774449117876813e+00 1.160643285969866323e+00 -7.278465747598489299e-01
2.899746988947425219e+00 9.391338641054461922e-01 5.366237287829453972e-01 -1.009036372506203927e+00
2.998100963165455823e+00 9.969087697642754486e-01 7.675847956961324714e-01 -1.063956328249765715e+00
3.002723845331399577e+00 1.082890973349606822e+00 1.159057689837162952e+00 -5.005542279778109060e-01
3.066694568025910339e+00 1.022660307785070000e+00 1.271675707405776290e+00 -4.131484729232927089e-01
3.024158723022496442e+00 1.009899715035408763e+00 1.199489706287984125e+00 -4.118531995956529745e-01
2.944846640242465785e+00 1.069761781695921288e+00 1.367863810775148625e+00 -5.601983296462412776e-01
3.016486395324951442e+00 1.034101084293724382e+00 1.208813570297556206e+00 -4.818133764857447376e-01
2.991624606772929962e+00 1.042630167644267969e+00 1.005617808822245607e+00 -6.961787192425770154e-01
3.000268641716930418e+00 8.889221489780416707e-01 9.005235004945424393e-01 -7.937658168713507267e-01
2.976715017028312982e+00 9.294920418683758623e-01 9.612981230026307333e-01 -6.451328774141003031e-01
3.068463259466665427e+00 1.066970473752321569e+00 1.246144436618587870e+00 -7.162920462543728162e-01
2.978051905686633916e+00 9.813615800589241545e-01 8.971105035510185122e-01 -8.467372539671592646e-01
2.997215446364856817e+00 1.006273532495776113e+00 7.719621879182878565e-01 -9.721151130841033661e-01
3.106584530061639260e+00 1.091321003882121277e+00 1.154422768053142923e+00 -5.873060948916143387e-01
3.095457000034484540e+00 9.971316215784145065e-01 1.277837540499746183e+00 -3.923153160984031440e-01
3.095783990529588969e+00 1.076625297157935757e+00 1.172313500696275712e+00 -5.942072139027725353e-01
2.992979700090327544e+00 8.897937220168442574e-01 7.553157677757065258e-01 -8.425579130617099066e-01
2.992738908446350710e+00 1.043362017812128117e+00 1.130934892091867372e+00 -7.012152662882247256e-01
2.954642964712207664e+00 1.016540131991055196e+00 8.610453157246769074e-01 -1.017995722268476566e+00
3.072339315301809481e+00 1.070326707375441222e+00 1.114127642232615623e+00 -7.500825653572869012e-01
2.814636962751785543e+00 9.048870484787547852e-01 9.609310647162518926e-01 -5.686699190746984378e-01
2.986281608271471377e+00 9.918033480893285736e-01 1.442482268504746701e+00 -3.848624885307685983e-01
2.958212311060180788e+00 9.532939103961896032e-01 7.403366015511333442e-01 -1.068345318065925698e+00
2.946783836737177253e+00 9.495069220065799342e-01 1.066114429226818761e+00 -5.784303496358874641e-01
3.008925206904959904e+00 1.015245383872020346e+00 8.628673945334184303e-01 -1.054148356016709309e+00
2.947373372832563287e+00 9.057164772942467579e-01 8.350810158899433233e-01 -8.746457248704562204e-01
3.039690148400277181e+00 1.046586448985955320e+00 1.173349913856869708e+00 -6.380254800885488686e-01
2.968356965304543849e+00 1.117721051045857728e+00 1.175695783773774927e+00 -5.420192195064488239e-01
3.029062346592873656e+00 1.078994086793059415e+00 1.150052093754486471e+00 -7.312082328742185444e-01
2.958306332398501493e+00 9.768573147026256009e-01 1.184170686105250114e+00 -5.600085723957176631e-01
3.031111273646563298e+00 9.826206464107181127e-01 1.281533968380496047e+00 -4.551971257431474127e-01
2.943812440135627373e+00 9.524551426619517480e-01 8.681366016869527247e-01 -9.551539481579252033e-01
2.963674439586871490e+00 1.032642141633916433e+00 7.884316411401621760e-01 -9.633221181803912625e-01
2.956544719974671942e+00 9.350907602536768781e-01 8.089516686904433262e-01 -6.687139139518170072e-01
2.914757264964109140e+00 8.822885756319536199e-01 8.429683430357524099e-01 -7.638611562392546572e-01
3.013418605553686014e+00 9.760660950394579594e-01 8.644075454818862525e-01 -8.304983059052887251e-01
2.968504071208485140e+00 9.392655192950981613e-01 7.968896902897006917e-01 -7.595646504347439709e-01
2.945195218351094546e+00 9.287928402954208629e-01 8.058331564878414843e-01 -8.000563390022664700e-01
2.956182256623891558e+00 9.565134293529553577e-01 8.902413370993964570e-01 -1.016512733952257719e+00
3.012160924584359911e+00 1.006715048325358186e+00 8.549774547186959062e-01 -1.043721959907505381e+00
2.901364371414146603e+00 9.720051526192839964e-01 7.452481849421029869e-01 -8.715619951167915547e-01
2.874898842991299830e+00 9.285186422815454588e-01 9.029822997769346715e-01 -6.621166004617681233e-01
2.926873053218718823e+00 9.667027680614690421e-01 7.398445504667722217e-01 -1.023151445484792088e+00
3.045639522852752190e+00 1.039132808407420949e+00 1.274683175606599717e+00 -5.108812413682618514e-01
2.982520721527627927e+00 1.170854487300294844e+00 1.063705709710417002e+00 -8.536151703429004645e-01
3.094560535844497196e+00 1.109564974902675694e+00 1.012511599578050481e+00 -8.631411940973837682e-01
3.016764759378267158e+00 1.044638384157623889e+00 1.292208346496650728e+00 -5.517200334248505422e-01
3.109538442333955821e+00 1.016428036320118800e+00 1.232926790772975734e+00 -5.678007216689380243e-01
3.056515238394263978e+00 1.089369581365322581e+00 1.126307323511026359e+00 -7.013768422562114413e-01
3.063134901016904443e+00 1.012865754672393814e+00 1.297043037757886319e+00 -5.716071070328161419e-01
2.962220546302186452e+00 9.865106042498593686e-01 7.978639647387372191e-01 -9.642132212100189559e-01
2.987444609858431299e+00 9.896175616533597896e-01 1.317890679412856425e+00 -4.360403236845547537e-01
2.997403520216454176e+00 9.735274650216957371e-01 6.491476039461913095e-01 -9.149612369759938524e-01
3.107847409512105585e+00 1.033794074594213352e+00 1.282540399587393853e+00 -7.010862269850736128e-01
3.136864972676833396e+00 1.170130091432025177e+00 1.091406409312057679e+00 -9.133607733893246428e-01
3.086545103483658625e+00 1.122535114170173376e+00 1.248651090129876629e+00 -9.440341406488148568e-01
3.011896662510123335e+00 9.796685140673979664e-01 1.338963567346628913e+00 -3.685356845073398668e-01
2.978402138150058054e+00 9.528616405720266025e-01 8.745758350074459564e-01 -9.068073523562355520e-01
2.974387911261842987e+00 1.000101387673782094e+00 1.386303326351255860e+00 -3.802088246832909801e-01
3.063119351388712719e+00 1.062587455513158474e+00 1.108348702058371105e+00 -6.362996436308323567e-01
3.049346891707874097e+00 9.934913686505959518e-01 8.399894550626587630e-01 -1.036706699378189045e+00
3.047964500677919464e+00 1.044357516227412797e+00 1.191800830081661600e+00 -7.431666960910562336e-01
2.842365592586105549e+00 9.359449625271930584e-01 5.444371752462621172e-01 -9.829673205458706597e-01
2.920632798923074258e+00 8.707661907209647278e-01 7.709455228081658618e-01 -7.307553259688177594e-01
2.980929742350934220e+00 9.123556631983331666e-01 7.754520095965508064e-01 -8.412651281835163974e-01
3.032413446166682292e+00 1.036928750164926694e+00 8.953674491853708117e-01 -1.070169442967834561e+00
3.017874519981816217e+00 1.006808659073547441e+00 1.137369711531044381e+00 -4.898921322933960654e-01
3.068215016917866134e+00 1.043782767231893338e+00 1.350706621373799710e+00 -4.856792458814584434e-01
2.994832334491716708e+00 9.303546715941033440e-01 8.530236262936531366e-01 -9.131491990667895964e-01
3.028899663539221798e+00 9.565651603138572989e-01 9.138097969633731665e-01 -9.827856025468847401e-01
2.919552976286051038e+00 8.628386980403034423e-01 7.554458602026596914e-01 -7.780643091011369972e-01
2.908050825434444597e+00 8.715471613242428139e-01 8.137588314483712448e-01 -8.095621287346017603e-01
3.045772841916288165e+00 9.789680425296625188e-01 1.181714447670921153e+00 -4.076936579824379514e-01
2.983446254451413981e+00 9.982698960655438380e-01 1.285929305051599858e+00 -5.041891672532394786e-01
3.017777282030195796e+00 9.554050536970649654e-01 7.848249971377336820e-01 -8.947267629098690778e-01
3.098470006230979124e+00 1.104175830119169532e+00 1.279821149878383801e+00 -5.505489627726907198e-01
3.034392741736690269e+00 1.098083134490535517e+00 1.110038654953823256e+00 -8.067267824877830673e-01
3.090279731357833182e+00 1.102705425958484309e+00 1.319041839877999056e+00 -6.079838921881093317e-01
3.025353342503013021e+00 1.057657123763256379e+00 1.312139695146021134e+00 -5.335220941589672305e-01
2.989640213692395410e+00 1.172387444144934898e+00 1.175937270209078456e+00 -6.097965056067384815e-01
3.045162160682661767e+00 1.106993432009715450e+00 1.169967591315300037e+00 -7.333323105682089116e-01
2.953764571527908611e+00 1.043831127932927538e+00 8.281686773443053262e-01 -7.007309296809359767e-01
2.964504777183345041e+00 9.114852649081516267e-01 8.841420934667483245e-01 -8.876094929512449161e-01
3.152506334977650315e+00 1.105554134438278435e+00 1.209935167814194301e+00 -5.906486369867678388e-01
3.057451716958087040e+00 1.108259429901684134e+00 1.303614334750605286e+00 -4.731168267141069861e-01
2.997660864979948769e+00 9.853330303478508023e-01 1.249057246750776562e+00 -5.864698097549460032e-01
2.974323832207357299e+00 9.137121778103372005e-01 8.433745985774857568e-01 -8.261022897101309992e-01
3.097100941989123779e+00 1.049677721714046053e+00 1.137315036833648207e+00 -6.704551949967724189e-01
2.976546461706517377e+00 9.080038831343837380e-01 1.358617448720628396e+00 -4.385732171782884548e-01
3.011798947298900408e+00 1.047256453874661153e+00 1.159529919815148302e+00 -7.115573855623490429e-01
2.851788667206109906e+00 9.420728861565552670e-01 4.820509730189383446e-01 -9.204980817196064535e-01
2.934714725561275106e+00 9.221162403083540404e-01 6.297269038217996329e-01 -7.122244383540695667e-01
3.012212351035478353e+00 9.837736739203277736e-01 9.231635122180732456e-01 -9.338019723375732273e-01
3.117300199992418364e+00 1.072748742539883171e+00 1.351544815852866899e+00 -6.028296264642540869e-01
3.114078387790818692e+00 9.641599842840941070e-01 1.282963351703287014e+00 -4.617220540482516178e-01
3.056805230619432656e+00 1.054502824902087577e+00 1.154935281983368922e+00 -8.924750782678814165e-01
3.044275441884882749e+00 1.000718639035727442e+00 1.316001141577880063e+00 -4.487355678603174303e-01
2.806540878269513151e+00 8.990257799057910226e-01 4.140202155814778906e-01 -1.156685215373040920e+00
2.971778676784369022e+00 9.719748161774462991e-01 1.383569608507878579e+00 -3.156682170426994283e-01
2.853203917803893486e+00 9.576703799616846924e-01 7.475018219259847996e-01 -7.592219254326320055e-01
2.961814000170889027e+00 8.462544186282568992e-01 7.624567030413941238e-01 -6.639424191405407516e-01
2.975018771650307148e+00 9.858072217126433445e-01 7.131543505188544518e-01 -8.518859597356694957e-01
2.935522683901404140e+00 9.561956641571247584e-01 7.801532591019125773e-01 -8.663947884748385286e-01
3.028892760199158207e+00 1.124689413018338247e+00 1.216427951780172600e+00 -6.216607111775368510e-01
3.043855458425516414e+00 1.049349796162859061e+00 1.182665799359466474e+00 -4.576567423851952143e-01
3.053137548186903416e+00 1.082774764128275224e+00 1.223539735190117383e+00 -5.303120413024877688e-01
3.020977874378879324e+00 1.009989813194289487e+00 8.471230511760647897e-01 -1.144005212855615294e+00
2.917168505352332630e+00 9.899148120566635400e-01 8.591256351966634064e-01 -9.844122639567192135e-01
2.901908083676988159e+00 9.486791728785913813e-01 7.374861737663364059e-01 -9.216141728456509474e-01
3.050374131717219495e+00 1.052508483477205381e+00 1.146088344667793857e+00 -6.315684112034428699e-01
2.924097482457394648e+00 9.662414025134307138e-01 7.060215972634454884e-01 -8.913487738845325969e-01
2.895736579625429297e+00 9.845259609942113022e-01 8.954942322946662925e-01 -9.487557292000965425e-01
3.087167404054699471e+00 1.002040069553652435e+00 1.232740641432454654e+00 -4.405901534722858059e-01
3.070299840254158585e+00 1.065895522795220707e+00 1.196702139706374401e+00 -6.033781771049462339e-01
2.995467341914750392e+00 9.097017784919845251e-01 6.699816777680321911e-01 -8.349862422066846035e-01
2.992239556365652309e+00 9.828557754637839983e-01 8.823155696812824411e-01 -7.631517449949771770e-01
3.156918737194538416e+00 1.075834792180447641e+00 1.274402579038637073e+00 -7.179825485677221453e-01
2.958513432149878497e+00 9.888020300380415684e-01 8.865897920234603324e-01 -8.860933078516134431e-01
2.972766090100542158e+00 9.991177708822405190e-01 8.298998777323418619e-01 -9.765527623063731122e-01
3.006261149608643102e+00 1.199706083989708461e+00 1.136012234686645472e+00 -8.894299958886165980e-01
3.046198674298347342e+00 1.103242265203640882e+00 1.203662648114129929e+00 -6.669491457936210788e-01
3.026203372473288855e+00 1.037171162684798364e+00 1.283315381563132851e+00 -4.974314629497045281e-01
2.823930828284613170e+00 8.922852359736210826e-01 8.751419611126006748e-01 -5.876806764858629739e-01
2.948103616710556985e+00 8.612189054006494926e-01 7.391115393929493793e-01 -6.243796771585218286e-01
2.937779022569776188e+00 9.704764569833577159e-01 8.437411715501834664e-01 -9.085480855843017789e-01
3.084147538409966582e+00 1.074228939603957711e+00 1.111369119820694307e+00 -7.414784632518333085e-01
3.093694617457183771e+00 1.029936864668948848e+00 1.154230460277052783e+00 -7.849013319447465387e-01
3.029707011658245630e+00 9.692944724351462149e-01 9.541711590626495987e-01 -1.029878296914169322e+00
3.014780813012346350e+00 9.901504611504747810e-01 1.224910468431488875e+00 -4.466160854624880994e-01
2.994301419792148700e+00 1.019195600962545578e+00 1.157326507605182409e+00 -5.084610843463641672e-01
3.048266008551337780e+00 1.043335010733474233e+00 1.176401049522570297e+00 -5.739020096535256688e-01
3.041145348031328410e+00 1.039901230069276705e+00 1.211052594863029963e+00 -6.674325851186097003e-01
3.117711799599366618e+00 1.020061565653130220e+00 1.278970011529917850e+00 -5.110360848009627421e-01
2.957250015961725875e+00 9.954620760409655933e-01 1.115403322511101525e+00 -4.034832784878455980e-01
3.005095882409697605e+00 9.437083928402086874e-01 7.131077126340203964e-01 -9.359945953435263588e-01
3.065902711878073728e+00 1.119876047799519547e+00 1.200531742057426410e+00 -5.356797410517600833e-01
2.980562450978716971e+00 1.143033787572903082e+00 1.160207343675289771e+00 -7.890222353914285724e-01
3.041411486292391775e+00 1.088771229205349078e+00 1.213290683626677691e+00 -6.898421439141803058e-01
3.111579830797613688e+00 1.127020543438135070e+00 1.184991217049003343e+00 -7.452043582525506027e-01
3.006413945153827871e+00 1.036201788909752342e+00 1.278145671727483945e+00 -4.498878723847455352e-01
2.990944529236147620e+00 9.451007970061645613e-01 8.858604916570921306e-01 -9.424381077085391967e-01
3.025959804510672591e+00 9.721586325647091353e-01 1.271292934711436562e+00 -2.787444975189100060e-01
2.980921319146585535e+00 9.422594437647893173e-01 7.048454309179031929e-01 -8.632422337994644090e-01
3.100261505376896487e+00 9.646982911413990447e-01 1.251837130639900098e+00 -3.348062085017700085e-01
2.897060757342065251e+00 8.616689783385063084e-01 7.109599875096913602e-01 -5.560916235768643689e-01
2.994805540422880608e+00 1.017390245518199565e+00 8.022850408379835763e-01 -9.964858954979486372e-01
2.978964520719491027e+00 1.065768751007950765e+00 1.404880923535909654e+00 -5.201387928335370336e-01
3.089763609174810188e+00 1.134693837687063667e+00 1.113026799064029460e+00 -8.319151673260419821e-01
3.034508360569449170e+00 1.090231004727845177e+00 1.161638445735668101e+00 -5.822337280878921995e-01
2.925615159257526354e+00 9.382404372488570843e-01 6.545587329434424673e-01 -8.700943458335975711e-01
3.022304193954862495e+00 1.009481909619345252e+00 9.634662368553572609e-01 -7.703046940255103836e-01
2.948369091221256788e+00 1.020433678581766701e+00 1.175563783166281295e+00 -4.197877147083838301e-01
2.919429629866668652e+00 9.335656709721180668e-01 6.207928098561604768e-01 -8.009011056405216378e-01
