3.057771326808830459e+00 1.140440482440994385e+00 1.044413594304609560e+00 -5.761657513145472809e-01
2.547827650861685722e+00 1.017001435665738640e+00 -1.614975264880129213e+00 3.395850016640860614e-01
2.571128900351593138e+00 1.121455280168005331e+00 -1.058603810806934886e+00 -4.156392250863070320e-02
3.110522394762292642e+00 1.194554322381466305e+00 1.400158107552906372e+00 -4.016624202101510832e-01
3.021338688165736031e+00 1.145811510603718331e+00 1.318537069053880018e+00 -3.089681098275274818e-01
2.631051414590016790e+00 1.020229525391971981e+00 -1.809684292418628049e+00 6.542868353432342854e-01
3.017113625788957254e+00 1.149440994241273550e+00 1.072267920270439046e+00 -6.176896820583209768e-01
3.100145431233444437e+00 1.270682715791351169e+00 1.367874327711056326e+00 -2.698497935732269148e-01
3.047049566342478588e+00 1.149351619591107543e+00 1.266365761108866783e+00 -3.476277901968032880e-01
3.136550404731200725e+00 1.424259270326775351e+00 1.571993025812738143e+00 -4.680204078907638232e-01
3.026751044920970912e+00 1.172900441460596577e+00 1.235500066030333466e+00 -4.262627348789748138e-01
3.102774759208393629e+00 1.301658711762738507e+00 1.633788382757205726e+00 -1.703702791360614532e-01
3.062777190308151543e+00 1.106065450789265325e+00 1.131931569644069491e+00 -5.549965449095058956e-01
3.133546415189320200e+00 1.441926043207174768e+00 1.392226973450039873e+00 -5.230298407117647264e-01
3.113785841563859957e+00 1.376225830672843875e+00 1.677378911068892808e+00 -2.839433866994979794e-01
3.038592890127834956e+00 1.239203776804023605e+00 1.321507957970679659e+00 -5.210096865684418210e-01
3.032191099017236713e+00 1.180885055520975779e+00 1.297201053053748110e+00 -2.269724910646367666e-01
3.013894964842456670e+00 1.290454121504534868e+00 1.196747307165105800e+00 -2.830192730098302634e-01
3.070782584043883379e+00 1.094449861197573926e+00 1.371971026874792887e+00 -1.691131091576541512e-01
3.098015173655991106e+00 1.302942366314150391e+00 1.701559593656739366e+00 -2.502277448060056253e-01
3.112942453847721502e+00 1.396969921484040533e+00 1.571734012688802640e+00 -4.666792040862529634e-01
3.147874225222567102e+00 1.246043414240479263e+00 1.414816994510426085e+00 -3.203799567054138042e-01
2.952657401071944854e+00 1.281391047958360785e+00 1.424698128922120111e+00 -5.018240999313889894e-01
3.153563499404459236e+00 1.342657949913839577e+00 1.682506872966851752e+00 -3.035784536569769432e-01
3.088169120941651080e+00 1.351612261959625139e+00 1.819774264616237813e+00 -2.850686739276825921e-01
3.125208780701568489e+00 1.316356633858884351e+00 1.498943357881298510e+00 -3.659309131749011734e-01
3.206018142633193957e+00 1.458022715540455039e+00 1.672910985933973249e+00 -3.837777769340630085e-01
3.130061331563823046e+00 1.311264112648783842e+00 1.744954446199127762e+00 -2.075562036374880293e-01
3.110911143872530094e+00 1.388546067027049302e+00 1.679877053123654651e+00 -2.705641252323241486e-01
3.115914360621473644e+00 1.370527677589403082e+00 1.726266434560060459e+00 -2.323586469053974535e-01
3.179792707626558190e+00 1.304117133020552988e+00 1.657033773091456164e+00 -1.287125587247254233e-01
2.559471955154058342e+00 1.140089369843196643e+00 -1.383348025651952362e+00 2.721637316639549109e-01
3.090785950612919830e+00 1.184340657291061971e+00 1.399458741620565716e+00 -3.732247856410071951e-01
3.118832525128851341e+00 1.295187022471722793e+00 2.156009604236426735e+00 7.539780441459403848e-02
3.062594457982998009e+00 1.110626604002220352e+00 1.361597727588139461e+00 -3.372624301185965789e-01
3.190193923963683176e+00 1.406244719370588481e+00 1.657862397192301218e+00 -3.712313615507961129e-01
3.012134040915244171e+00 1.169423461138403564e+00 1.505166914993529614e+00 -3.193261607718865247e-01
2.998428474567433444e+00 1.110854065160449045e+00 1.166354529869502832e+00 -5.629988614884530174e-01
3.260788752368119603e+00 1.605591177622148313e+00 1.756833304729888301e+00 -4.064952075742145343e-01
3.106278104169958088e+00 1.131983098294570445e+00 1.339737051710007121e+00 -3.619678501454558495e-01
2.538657677700318693e+00 1.026055036489490924e+00 -1.532991068808721824e+00 3.413587211380543773e-01
3.103650278429478604e+00 1.249121447693843923e+00 1.671745046616500030e+00 -5.207620314456105903e-02
3.043981030647588959e+00 1.229912650168016652e+00 1.480863585149393202e+00 -3.338847298590632562e-01
3.047412559236263085e+00 1.153259284208230095e+00 1.304534401640792485e+00 -4.169060803554695549e-01
3.057054490949997483e+00 1.197505103359731926e+00 1.317894115081103212e+00 -4.668741481615074074e-01
2.961084933311619150e+00 1.139291033271187414e+00 1.265550483577424057e+00 -3.859310652052961865e-01
3.055303673653987584e+00 1.140171147389080319e+00 1.370729772434377880e+00 -3.101337696519003706e-01
3.094757519542357116e+00 1.357255166548666736e+00 1.748568976363507721e+00 -1.422152963850356611e-01
3.137450364179820372e+00 1.329857235258630865e+00 1.691425984401653260e+00 -2.236421055074138686e-01
3.143660137075226402e+00 1.295690214604054091e+00 1.731170215977932969e+00 -2.578464028706498046e-01
3.137933339363696561e+00 1.386197375062318216e+00 1.716650607273397577e+00 -3.626678950667656665e-01
2.997210901637040958e+00 1.107926615380357971e+00 1.150688318196255500e+00 -5.829461226118406447e-01
2.536452230242124628e+00 1.129906966097323551e+00 -1.803456745965026808e+00 3.746038442663842671e-01
3.020114750207721688e+00 1.259639948488256112e+00 1.698982825903803562e+00 -1.128314099655562258e-01
3.059977510768182363e+00 1.214060236728154774e+00 1.431052779720941359e+00 -2.902711885534480230e-01
2.940107919500070999e+00 1.059301924578108345e+00 1.234443611255351625e+00 -3.833865621594368389e-01
3.102201976105215309e+00 1.325270212384450419e+00 1.694583349475095924e+00 -1.809630709943307325e-01
3.030126653879536391e+00 1.237927309359849737e+00 1.317160044734803748e+00 -5.440506536459901454e-01
3.098958129983155008e+00 1.179015137451890238e+00 1.694876279340234770e+00 4.697525006792523106e-02
3.182667521460015081e+00 1.461834856632493462e+00 1.627199357429550908e+00 -4.332748033460487869e-01
3.000188123322594880e+00 1.195040853764712363e+00 1.342579543374210038e+00 -3.380669708815322028e-01
3.103125264911858139e+00 1.164866517536995438e+00 1.362371684576700437e+00 -3.352820152014919231e-01
3.104575388246108680e+00 1.238315137268624966e+00 1.451570907254722043e+00 -3.692805128173557994e-01
3.125170671639753817e+00 1.428142488152222001e+00 1.828016697629971432e+00 -1.689795522103705316e-01
3.082321423599444277e+00 1.156278098373975327e+00 1.254358195281571886e+00 -4.210744318852150947e-01
3.187130286724755290e+00 1.430315460620525281e+00 1.625875291287890656e+00 -3.910154258846188502e-01
2.985918338146076767e+00 1.206228477033348900e+00 1.399903834668512426e+00 -4.206552233042565869e-01
3.168761590849057175e+00 1.352632090784537278e+00 1.573502001895580094e+00 -2.533831017599093016e-01
3.086534792304779007e+00 1.180105837064096663e+00 1.436779911762699591e+00 -4.194171314244107829e-01
3.129634169749802464e+00 1.371359099172702267e+00 1.761778442045616400e+00 -2.893531841136261495e-01
3.119212560580283178e+00 1.378130247194607527e+00 1.549874420551506482e+00 -3.520950627351437934e-01
2.993274474677289021e+00 1.203137808146005794e+00 1.393898809710078845e+00 -2.759642452245189004e-01
3.058587963551875344e+00 1.261414301649067538e+00 1.573551547643821102e+00 -2.734360775108080621e-01
3.089657872504303349e+00 1.124728020326048572e+00 1.699263228391668434e+00 -1.339259921061228265e-01
3.126173229809181997e+00 1.232965339914436242e+00 1.609211399297993728e+00 -2.480371601275801197e-01
3.108803869433856448e+00 1.261475445727591405e+00 1.751106867959950630e+00 -2.529640955402773228e-01
2.499295134309901023e+00 1.101306879354228441e+00 -1.434820290690938860e+00 1.587876208851084492e-01
3.012445783333600691e+00 1.077121445643430819e+00 1.343332934853652239e+00 -2.301043365187984135e-01
3.050947462086024853e+00 1.179018053497996155e+00 1.392689890932876873e+00 -3.333788939229379022e-01
3.114190852339709714e+00 1.414674188311657810e+00 2.282673816034150871e+00 -6.928628262035245455e-02
3.078870853125395435e+00 1.254295752213677284e+00 1.480640126685611735e+00 -3.697454161352888846e-01
3.058351847658532296e+00 1.194420862770303682e+00 1.548482521308830240e+00 -3.285829417230378136e-01
2.557820521907949729e+00 1.066317578497449015e+00 -1.664168710040389021e+00 4.896823512148163471e-01
3.220109308612307597e+00 1.312263457125029564e+00 1.613810775429343147e+00 -2.348119810603202240e-01
3.025613947427976402e+00 1.114307165260043142e+00 1.498992025595815125e+00 -3.512622304904121084e-01
3.040104868453886056e+00 1.225690549273685148e+00 1.062113676213873870e+00 -4.814436234626921496e-01
3.143938434160696183e+00 1.313128601136813955e+00 1.836615698407761732e+00 -1.653771007394083947e-01
3.105973278026678663e+00 1.494390849009475719e+00 1.654124500309958057e+00 -4.061535777873091502e-01
3.134450860465691768e+00 1.121943659567550045e+00 1.398743624263706575e+00 -2.756740934894406636e-01
3.086360674846392538e+00 1.178648741070342343e+00 1.584292804952650346e+00 -2.624400922672217584e-01
3.071344155610590931e+00 1.177333111257262255e+00 1.206085303575613832e+00 -4.365139618500866181e-01
3.078847644248196236e+00 1.133746421967985585e+00 1.278620533416499061e+00 -3.930181963342513907e-01
3.092883749767664447e+00 1.086591167117898271e+00 1.431299642806388661e+00 -3.029319114027647086e-01
2.606732364725763862e+00 1.220282919424295454e+00 -2.303580873553828567e+00 8.332878595154330492e-01
3.088839642634735316e+00 1.287004934947766355e+00 1.587021030041171343e+00 -3.633357751452880868e-01
3.052399023188776539e+00 1.099350145892965980e+00 1.488416310404449439e+00 -1.912638876101147023e-01
3.057160190373166220e+00 1.233808450903472131e+00 1.502927907898094828e+00 -5.398808629461047115e-01
3.011588122982837401e+00 1.110368470649447437e+00 1.181577983552569711e+00 -5.354070180982419824e-01
3.112961205587250646e+00 1.282183993144041523e+00 1.677875913798769991e+00 -1.705456849514045137e-01
3.059297143075456749e+00 1.194647841395587440e+00 1.254393234174518534e+00 -4.801885086123920954e-01
2.979414522998142800e+00 1.115285505413918576e+00 1.240538887921017297e+00 -4.535232184101923858e-01
3.096165162728466758e+00 1.247484177296396046e+00 1.373875902562562423e+00 -5.048746431827834114e-01
3.049479778127487606e+00 1.297366754935986854e+00 1.296299061299270194e+00 -3.852002794206978997e-01
2.559259334592619339e+00 1.110999750140517550e+00 -1.896510377495929989e+00 3.884935310094961847e-01
3.067963008535670166e+00 1.247953508355586161e+00 1.448325568446993339e+00 -4.667092981805248675e-01
3.078482430672771386e+00 1.121167517344999975e+00 1.659244568844773449e+00 -5.535026744403020310e-03
2.564114928504807267e+00 1.123096041582301030e+00 -1.924899987131764911e+00 4.668237142803407513e-01
3.160674188324414491e+00 1.405422005939861219e+00 1.654140484133577615e+00 -2.907755941498086361e-01
3.131226750318774954e+00 1.355230408011233401e+00 1.687217549755861690e+00 -2.969455719372702251e-01
3.121560693180490009e+00 1.324351425547252381e+00 1.695812492679345418e+00 -3.075089984723569647e-01
3.211979397744290754e+00 1.427691952896247507e+00 1.678419460086136850e+00 -3.224961702524173912e-01
3.082239884788026796e+00 1.321395507376772915e+00 1.684402980447871512e+00 -1.589528667485320956e-01
3.139524605460072948e+00 1.363645313659096026e+00 1.451580577015345375e+00 -3.215135475671067611e-01
3.040238563415362805e+00 1.178412517038677665e+00 1.357977270250143143e+00 -4.713853057037635796e-01
3.105485545777582512e+00 1.264517315005260434e+00 1.656413604400865047e+00 -3.043725595532889017e-01
3.092471714036699293e+00 1.155922996334274533e+00 1.287454816904847421e+00 -3.988147839119156601e-01
3.152017489502630720e+00 1.386277501146532254e+00 1.929747369744367225e+00 -1.257620763967569333e-01
3.057563865529815850e+00 1.232445098579706855e+00 1.309682636755087559e+00 -4.429636480124518050e-01
3.057417094660902723e+00 1.225136199960312977e+00 1.746028419614708671e+00 -1.850352739898238619e-01
2.539337715495297410e+00 1.178092767968289767e+00 -1.595890497340388903e+00 3.286073473329317318e-01
3.061082307632570831e+00 1.235709525336617487e+00 1.379363600848628524e+00 -3.839105135471128083e-01
3.076034466281245550e+00 1.218401574525548314e+00 1.510853135098578770e+00 -2.755779513576411821e-01
3.129162895838638381e+00 1.393366299503585592e+00 1.618515448786527644e+00 -3.987275861719212777e-01
2.540523622065087306e+00 1.180466205415064085e+00 -1.904927498039235445e+00 3.451502460174576958e-01
3.057197716734089799e+00 1.162914531931919848e+00 1.116304706762641707e+00 -4.994519000209861614e-01
3.083299687565918656e+00 1.207936270365689069e+00 1.292423273971762931e+00 -5.108502926452970216e-01
3.126428801651651934e+00 1.272387663399903612e+00 1.611968941086558527e+00 -2.310869940456996841e-01
3.067650552358956784e+00 1.237402730620156710e+00 1.964189340145377827e+00 6.122370568558050535e-02
3.005367192427374157e+00 1.088883663086127829e+00 1.182758045388024870e+00 -5.262612906554707815e-01
2.641861408888029672e+00 1.124123704585592520e+00 -9.039381718877848026e-01 1.355859081932874466e-01
3.145912000677977272e+00 1.244831288786789392e+00 1.646203145634235421e+00 -1.392552189416585151e-01
2.582186319535619834e+00 1.096709854507135429e+00 -1.039701955681137990e+00 2.120820908544615579e-02
3.112782342275553837e+00 1.342780688549276347e+00 1.615226040424924348e+00 -2.530777501934694529e-01
2.547211634026984139e+00 1.072852559772145442e+00 -1.094578281900333572e+00 1.457791838056841406e-02
3.094925449971944520e+00 1.324657304601193797e+00 1.596286733868205188e+00 -2.763231336820974327e-01
3.126873292026356665e+00 1.388974970575093115e+00 1.581120953583892375e+00 -2.763546545169053292e-01
3.046439621528296282e+00 1.124731774917967497e+00 1.251374249464471289e+00 -5.088405158486395408e-01
2.969142231300040624e+00 1.052730019150421858e+00 1.391694363573699356e+00 -1.159515331197211868e-01
2.984701324413925327e+00 1.211061600791893733e+00 1.380135850372881556e+00 -4.030013898106202253e-01
3.128508095929550592e+00 1.340856849820433627e+00 1.775491745877577632e+00 -2.323290962287964945e-01
3.160298689245675252e+00 1.375162981082021840e+00 1.651586391078715854e+00 -2.904936002901616354e-01
3.066246653951428147e+00 1.326008500278008650e+00 1.356165278535909291e+00 -4.862528761213408823e-01
3.077303423936877724e+00 1.254084898799410874e+00 1.359568950813281996e+00 -3.375937724703490517e-01
3.072423953118419870e+00 1.249766595592676444e+00 1.734367143945801937e+00 -1.341134413884060295e-01
2.510207976414108089e+00 1.198006651769997433e+00 -1.616985019466100626e+00 2.575624878584605870e-01
3.063543599849514631e+00 1.187713548859505419e+00 1.358049234704712172e+00 -4.096473141802647322e-01
3.076749550676856959e+00 1.188040498297840974e+00 1.095012053808565922e+00 -7.164284459547545225e-01
2.479130064691238200e+00 1.191111112125632809e+00 -1.960670025783301185e+00 2.727134010518628693e-01
3.094510024295436867e+00 1.136356514949788066e+00 1.349742122293740687e+00 -3.971402772248442958e-01
3.101110989003964757e+00 1.162387464444882168e+00 1.416731615059004135e+00 -4.060283115461623127e-01
2.530224164957958877e+00 1.099972388653269073e+00 -1.638922125482909609e+00 3.820771830141022063e-01
3.100744670941125491e+00 1.285346582717101338e+00 1.377970739964632152e+00 -4.083294232951087954e-01
3.032699402115461407e+00 1.191362873319950610e+00 1.349871040337121908e+00 -2.455404465182083329e-01
2.555348197213414885e+00 1.161118552499115220e+00 -1.842242959231020549e+00 3.669011894494881854e-01
3.027800793174356020e+00 1.189515395077497484e+00 1.456441889495790232e+00 -3.097602939355862950e-01
3.100998352321970408e+00 1.235231187372707762e+00 1.681679042819186787e+00 -1.981714268826606229e-01
3.140379482353894414e+00 1.407939230663270314e+00 1.543406992402728717e+00 -3.436504524415374129e-01
3.081409280115148253e+00 1.242856143720696638e+00 1.110299372410633589e+00 -7.106582339051777941e-01
3.204935316829301328e+00 1.254543227378521975e+00 1.647992960318008127e+00 -1.873689068092933563e-01
3.220335728158379762e+00 1.486265075053961437e+00 1.648054188963480993e+00 -4.466375902051241131e-01
3.121887001858528521e+00 1.350100891218877441e+00 1.724530789938724329e+00 -3.612587767084768364e-01
2.948992532308131853e+00 1.099936811080320043e+00 1.472488711882685930e+00 -3.030090405046901303e-01
3.055833332087512400e+00 1.168559069774378179e+00 1.501907300802395318e+00 -3.237023695860343775e-01
3.099697352003772277e+00 1.281970237466000695e+00 1.695070296533484955e+00 -7.475150612093574287e-02
3.128775953407885169e+00 1.423836025196254296e+00 1.820274968211688771e+00 -3.653855398871991289e-01
2.479381780189561457e+00 1.303119680945214576e+00 -1.428287118380505039e+00 1.536682089873409318e-01
3.110281536356397591e+00 1.142081076904633008e+00 1.213338752829260958e+00 -4.636136432376474770e-01
3.150791613493465260e+00 1.451503581228047457e+00 1.654799362296799359e+00 -4.158045879969433645e-01
2.988080305069702458e+00 1.155362077316276492e+00 1.346743480564252415e+00 -2.835523983221082678e-01
3.112097956124947995e+00 1.385352008242765498e+00 1.487762014603355221e+00 -3.576215957860834349e-01
3.014170008122149635e+00 1.146664605751819277e+00 1.657883041690642045e+00 6.149913089471548827e-02
3.118957030222643478e+00 1.290974588033679815e+00 1.761519938872823987e+00 -1.916473971332244008e-01
3.053613091226160314e+00 1.203588342847657255e+00 1.285507643722630489e+00 -3.781815391390452308e-01
3.110337820404922127e+00 1.252983828318269710e+00 1.722738660213891215e+00 -1.608092896489065060e-01
3.093353280197569166e+00 1.344011116766559155e+00 1.660034872428842956e+00 -2.420963815563650090e-01
3.046841532719971823e+00 1.168712802524728867e+00 1.253448669000196025e+00 -3.205239216857116435e-01
2.653786414909002023e+00 1.111606663092809422e+00 -7.426340371491585435e-01 -1.773977896237668161e-01
3.058326144351341647e+00 1.302453923851417450e+00 1.712498574186550826e+00 -1.579936205839320706e-01
3.033746254668258313e+00 1.257065622511143843e+00 1.809514975189504771e+00 -1.591341001311370185e-01
3.054780007714005929e+00 1.143874974277105272e+00 1.336491186590416991e+00 -4.140421026503728341e-01
3.209388927996178698e+00 1.614441700085855524e+00 1.707372548211318453e+00 -5.054997460997469050e-01
2.962668780322806228e+00 1.217230741446165831e+00 1.367709440779802055e+00 -3.546747707124365823e-01
3.151446831386343739e+00 1.472936278477547933e+00 1.660170301646089586e+00 -3.404207626676307163e-01
3.093487741362638932e+00 1.165794895262426634e+00 1.776420516693560492e+00 -2.828143113205833573e-03
3.060765670616005796e+00 1.406358495993876634e+00 1.683425563645644996e+00 -2.773503001718014560e-01
3.248758963274763545e+00 1.378666022280906622e+00 1.307778130474509304e+00 -4.895912153531559730e-01
3.057819901307589294e+00 1.216644074408318676e+00 1.507964548801761895e+00 -3.148889369347618872e-01
3.112019534997463310e+00 1.378015835063011618e+00 1.708176266251529185e+00 -2.032373154648320079e-01
2.543103933394781802e+00 1.255554704928931509e+00 -1.597942322818881378e+00 2.662306677932999577e-01
3.030468266940677946e+00 1.100846637195554312e+00 1.421528508266576951e+00 -2.531194285428059465e-01
3.109614072280308950e+00 1.282550779972605914e+00 1.778107190443967367e+00 -1.781785888552381569e-01
3.069357330687420227e+00 1.014350024917488824e+00 1.286077800618613987e+00 -1.942937201983235274e-01
3.065347397488749959e+00 1.170942843580931481e+00 1.320958835980335255e+00 -3.457893688737866955e-01
3.097222347903291872e+00 1.245110845951296064e+00 1.443781845522946305e+00 -3.532187817361139293e-01
3.056554327349734645e+00 1.172286244520004184e+00 1.208208974369390010e+00 -5.511493789811889865e-01
3.109761006741373013e+00 1.391693997167974706e+00 1.600853263443866803e+00 -3.761737482099729024e-01
3.155802266079195562e+00 1.294752832521732566e+00 1.705761524085994685e+00 -2.346472346134876041e-01
3.113833963592198550e+00 1.260579395147711779e+00 1.399566362425913812e+00 -4.588207669910102093e-01
3.148050451291515284e+00 1.318864829970411545e+00 1.671002606481752695e+00 -2.815112198349996042e-01
3.030969398530222847e+00 1.208959026736118325e+00 1.568820327711600626e+00 -5.890111751476327651e-02
2.547842762531659311e+00 1.099927445828601025e+00 -1.458871326761578491e+00 2.776800735137658349e-01
3.071109716240221665e+00 1.183938342591982051e+00 1.345451110690630170e+00 -3.840689171093599752e-01
3.163718727042656109e+00 1.235463342310940904e+00 1.395134242391072643e+00 -3.747811121335172801e-01
3.063426603888360855e+00 1.317646209293535708e+00 1.655775409849859159e+00 -2.562867671640262635e-01
3.196107934436479781e+00 1.277855392804867041e+00 1.631958442040547519e+00 -2.505903374694755104e-01
3.019749560510990527e+00 1.221414429228734777e+00 1.326676822864954586e+00 -4.002029076863560797e-01
3.157468299797415057e+00 1.302256149384060313e+00 1.684220733104164758e+00 -1.906668442231082283e-01
3.076695604017667396e+00 1.186402627649684627e+00 1.404883887242353913e+00 -3.963940008035569673e-01
3.147921425468983792e+00 1.192963422842584276e+00 1.117733014940408331e+00 -7.145373389365510253e-01
2.499049579272950350e+00 1.191243385824955592e+00 -1.396057803214369564e+00 9.053739242122198216e-02
3.044897444461672542e+00 1.183724238819001906e+00 1.498552419699131999e+00 3.523254361370094234e-02
3.140645854252295255e+00 1.301123074504618948e+00 1.749126374040432808e+00 -1.583976368544492974e-01
3.138954734346322883e+00 1.275244484936740141e+00 1.362388926657658317e+00 -4.464424934094469721e-01
3.088464543355409653e+00 1.405698710787665950e+00 1.644946084088973359e+00 -2.118703860517355264e-01
3.074798357207575439e+00 1.192205296654950120e+00 1.519995600674486358e+00 -3.877912325758703371e-01
3.012362250198512559e+00 1.134642399874427499e+00 1.457703549563501344e+00 -3.547450478893905967e-01
3.076257481548581474e+00 1.173833077609683695e+00 1.463298581530659170e+00 -3.089685626303551591e-01
3.172311755842267100e+00 1.331570316963185396e+00 1.663235217970909563e+00 -3.019779688000245876e-01
3.141188530512143640e+00 1.258974125066737226e+00 1.453368739492300277e+00 -3.700504618076989050e-01
3.155602985553043638e+00 1.280869337091950833e+00 1.584469324102792509e+00 -2.140956643357257716e-01
3.201943642710838756e+00 1.465391483005254347e+00 1.528896767264576573e+00 -3.440367434031165739e-01
3.095021486720075377e+00 1.236789225869300290e+00 1.554711043225478040e+00 -7.429572912013673869e-02
3.074620287753881076e+00 1.135566001231583799e+00 1.303437200554231845e+00 -3.455898282154899470e-01
3.119660326813807227e+00 1.390606543378051452e+00 1.684099996484235584e+00 -3.637836409912410529e-01
2.668083369204769628e+00 1.113629691940297262e+00 -9.984893775832260898e-01 1.316408201426209346e-01
3.209612832930183846e+00 1.407766750709707138e+00 1.679084818868650908e+00 -3.521401430356255746e-01
3.080440429649291989e+00 1.296836206474599962e+00 1.531587307454356894e+00 -3.197062381461617808e-01
3.093866874929312338e+00 1.172061434119639367e+00 1.694225793711881201e+00 -8.983287375714207879e-02
2.609013162154073751e+00 1.200836901334668250e+00 -1.262779511735185878e+00 3.284882464548068426e-01
3.018458261375152052e+00 1.148711313898986841e+00 1.148596706440555115e+00 -5.749264098069416518e-01
3.068943465055442577e+00 1.125947541287766640e+00 1.306649489714843737e+00 -3.205627377477336948e-01
3.069128981733404871e+00 1.137029390207679347e+00 1.468216962600801478e+00 -3.340920298585176029e-01
3.222165409421227977e+00 1.422137898298116765e+00 1.600407280326159754e+00 -3.404031292334391279e-01
3.026028748897358511e+00 1.074941345437176121e+00 1.270609070449276734e+00 -2.446128499798284062e-01
2.997756284970470197e+00 1.175155833778475989e+00 1.300523388569509331e+00 -2.452967228582200176e-01
3.071618660590083483e+00 1.285639313453808219e+00 1.691850560999041742e+00 -1.277842080258717872e-01
3.147015396240671503e+00 1.369677083933292350e+00 1.963496233681920167e+00 4.876170550351374006e-02
3.077107468984205063e+00 1.135764499720232967e+00 1.746105962036449410e+00 -2.632437191070261667e-02
2.605244734323101330e+00 1.279229428476225117e+00 -2.040656001552433096e+00 6.830630927545726649e-01
3.022111338207124742e+00 1.147708197331672952e+00 1.440335127224352307e+00 -3.420708261231196201e-01
3.026907043221555238e+00 1.231633200376827997e+00 1.670909815259195685e+00 -1.092148542217964702e-01
3.129476441357744498e+00 1.267576083937163700e+00 1.756624094851062079e+00 -1.173679687670242389e-01
3.037132854819471373e+00 1.141912595541638709e+00 1.307050706877000756e+00 -3.625741903393052690e-01
3.085060649142588485e+00 1.151942481232271609e+00 1.482863263769796491e+00 -2.815619030800460276e-01
3.079707911544567800e+00 1.265316628949021860e+00 1.681365908137935961e+00 -2.111407925640994276e-01
3.041683514542855349e+00 1.207211257258071324e+00 1.337170771011795267e+00 -4.234015074480630969e-01
3.018948636086519866e+00 1.185750562186054458e+00 1.385937403621141151e+00 -3.577806777409617278e-01
3.097025587655065415e+00 1.289980088309577999e+00 1.646696127818852995e+00 -2.504144534033107550e-01
3.127580559029735419e+00 1.416064341322666564e+00 1.413083626473307985e+00 -5.286034075022943979e-01
2.985978283449532977e+00 1.109345059550612467e+00 1.436576609638720026e+00 -3.117772917818159018e-01
3.182135631871815917e+00 1.372745338741516052e+00 1.568964370247639462e+00 -3.509251793364333016e-01
3.035809678117298738e+00 1.269231770154718220e+00 1.357195320776555691e+00 -4.917740543940226638e-01
3.115490716771932345e+00 1.264541154948107593e+00 1.331304530421720367e+00 -4.459785943644668516e-01
3.105491351842777803e+00 1.333673507999324492e+00 1.698585692866749985e+00 -3.740826457405518890e-01
3.078773081721867477e+00 1.222131554572346346e+00 1.389499097219352830e+00 -4.317159470316381253e-01
3.111001465890806728e+00 1.252659977909047928e+00 1.659623177430889607e+00 -2.546329915940604982e-01
3.090064544530076951e+00 1.216265651822697968e+00 1.396514003873403409e+00 -2.622621844573907457e-01
3.040399959957949427e+00 1.077851520929837381e+00 1.489363227621500974e+00 -1.474354164333659400e-01
2.555089376017372516e+00 1.070424966428644931e+00 -1.688935108913848460e+00 5.226496454074337494e-01
3.045833260143810950e+00 1.125833699595377713e+00 1.450966805200341492e+00 -2.271842792452506699e-01
3.038125799215669165e+00 1.307356081345444565e+00 1.380180136015983994e+00 -4.537074567162468486e-01
3.003653738553797581e+00 1.189361736592086771e+00 1.460244484069064264e+00 -2.432581267525238677e-01
3.024447432210371378e+00 1.384162333879383810e+00 1.689815789259949463e+00 -2.838027322554095289e-01
3.158290565212808598e+00 1.325729943435302927e+00 1.612959493126079558e+00 -1.558788842184483381e-01
3.058297299976987293e+00 1.188745354133548204e+00 1.344065472242395476e+00 -3.817547358269914315e-01
3.081352845183956024e+00 1.179638304217615508e+00 1.353793894109803109e+00 -4.429734638408018843e-01
3.095392013998967684e+00 1.266071313486074157e+00 1.825128357253986033e+00 -1.648618619937114449e-01
2.974004011268490011e+00 1.136164651342360665e+00 1.757799209979951760e+00 1.165071429787955110e-01
3.092568942414080979e+00 1.295338369125241584e+00 2.015109428994844354e+00 1.437600294608726847e-01
3.082318462744847221e+00 1.247187376129048841e+00 1.746244094452515938e+00 -2.004608974982966252e-01
3.025855594110533620e+00 1.171014224393923442e+00 1.437945930784068960e+00 -3.881222237035752420e-01
3.020155266559229279e+00 1.262496235860662619e+00 1.756982215593084096e+00 7.328891515236454768e-02
2.996959978174390749e+00 1.190804155440370993e+00 1.276060974106136392e+00 -3.900422631912526250e-01
3.023372941627206600e+00 1.148469043779948739e+00 1.460969753403394522e+00 -2.862625785318215765e-01
3.159406196580098136e+00 1.215594927194191932e+00 1.280751119944008032e+00 -4.781060205322447687e-01
3.069721449913878963e+00 1.289163948754038724e+00 1.749364231132722436e+00 -6.538100439623673044e-02
3.001484343547316413e+00 1.224070147800169428e+00 1.519308640392712073e+00 -3.983242464739333855e-01
3.121849781332124429e+00 1.129568918715791570e+00 1.368311926824008262e+00 -3.267539176131342149e-01
3.048451890150880583e+00 1.169977797961758936e+00 1.440234048752125018e+00 -2.674209040085766542e-01
3.125575230477618316e+00 1.230861339785506825e+00 1.241552115123577327e+00 -4.949186563941944672e-01
3.104640304348223800e+00 1.299960051467469624e+00 1.626333564017592659e+00 -2.960630940231165908e-01
3.082714960900919010e+00 1.248952223233758207e+00 1.144172620421910702e+00 -6.497945185343176888e-01
3.071195356893983597e+00 1.224236599130804848e+00 1.419872938335827950e+00 -3.908321166435400063e-01
2.657396329106589850e+00 1.164937445112351755e+00 -1.602094562266660915e+00 6.341961383997007928e-01
2.967902550692740338e+00 1.163242039598865851e+00 1.327358739587982672e+00 -2.956132299192510970e-01
3.036760079070347285e+00 1.240574869394600377e+00 1.454085356777455873e+00 -5.012298452236481072e-01
3.168263922337959393e+00 1.246966238605633936e+00 1.700052554236302749e+00 -3.029375280882687371e-01
3.017778862976587817e+00 1.151077326674818879e+00 1.276524813855602014e+00 -3.790760404356549040e-01
3.184972431704791607e+00 1.433851196169571240e+00 1.744020851926549209e+00 -2.886683994009289211e-01
3.068575176785238057e+00 1.145077998799812091e+00 1.360193404217786783e+00 -4.570326479161846422e-01
3.041418182699930473e+00 1.118428634283217038e+00 1.448514407981653429e+00 -2.719354842115978554e-01
3.069266490514048762e+00 1.252242937562942693e+00 1.669988908278406736e+00 -2.461760178390991205e-01
3.106971844071709565e+00 1.313699382155738338e+00 1.612763731788669608e+00 -1.659237246274184729e-01
3.063829652398211145e+00 1.209755448920732723e+00 1.579752488326127580e+00 -3.460896208332573942e-01
3.079786828578814362e+00 1.226075967710707593e+00 1.336462555660708151e+00 -4.103969762344173988e-01
2.967860701007302815e+00 1.294195554113355406e+00 1.334893740088201053e+00 -6.192714583008346318e-01
3.140840101757382374e+00 1.279011960043488161e+00 1.676243278930635405e+00 -2.898213096146030621e-01
2.476138369423011909e+00 1.136715590399306919e+00 -1.728369693832611853e+00 1.513957650109743480e-01
3.103870962458305183e+00 1.332173730033277437e+00 1.721192276464202031e+00 -3.158593910663458626e-01
3.020778825050830285e+00 1.039896441006665118e+00 1.345241053503286377e+00 -2.556182555843683479e-01
3.020335058345035684e+00 1.124015742295207954e+00 1.205051392899783025e+00 -4.492661657831085731e-01
3.044541844621626137e+00 1.173039188666354704e+00 1.468472853466215700e+00 -3.611921641769000324e-01
3.113489418141153653e+00 1.280422613432658618e+00 1.309228465610356995e+00 -3.513568956629977702e-01
2.995727425545471334e+00 1.057029604322361704e+00 1.116200448820816149e+00 -4.573698430471228593e-01
3.057571791647772930e+00 1.169168982935282264e+00 1.311053838556814677e+00 -2.860935289164798778e-01
3.039259510070098536e+00 1.076647260003537721e+00 1.333878675215192766e+00 -2.622849495367833850e-01
3.073354824032016097e+00 1.253779976643919492e+00 1.360489043491662109e+00 -4.118420400948047955e-01
3.018823627067557691e+00 1.364359818083864306e+00 1.753346330815386711e+00 -2.088299600875568873e-01
3.022681278467668431e+00 1.047807488248268193e+00 1.243761389137864937e+00 -1.664455131479463945e-01
3.014782503684922066e+00 1.168695984263498966e+00 1.366159238500606277e+00 -2.919629798231951345e-01
3.077126981035561037e+00 1.223969863981739792e+00 1.406768232405924746e+00 -3.930046772193961369e-01
3.186541431478795428e+00 1.317170651692670447e+00 1.648420473363721994e+00 -2.229363112391888058e-01
3.016120424354787666e+00 1.182970768105348736e+00 1.141390751877191523e+00 -6.689054413606405625e-01
3.161766435393901897e+00 1.368426703655793109e+00 1.773683653662913917e+00 -3.095687074918286319e-01
3.110726026781082343e+00 1.311528367020458274e+00 1.699111923125929069e+00 -1.646783207490696843e-01
3.118614663901891682e+00 1.264318846930556406e+00 1.230872491517967404e+00 -4.446029717375118984e-01
2.556580575027343816e+00 1.052814423155932655e+00 -1.750709005995007894e+00 2.486369763135336253e-01
3.007794252004660329e+00 1.149945087760071205e+00 1.416009991306986571e+00 -2.621471739769414833e-01
3.083764688326640524e+00 1.165375841464550977e+00 1.387742622280136118e+00 -3.497233775674446488e-01
3.166642886329138484e+00 1.296003010223420127e+00 1.684723136459936654e+00 -2.511090009170884874e-01
3.130419053794016193e+00 1.375101485427329129e+00 1.391780361751279615e+00 -5.326509248697746113e-01
3.043708997325907717e+00 1.228090805190361845e+00 1.324584258377689228e+00 -4.064117368837043553e-01
3.143548752313234385e+00 1.247403180883583929e+00 1.832903167781433806e+00 -2.143842877690040616e-01
3.114502186715858656e+00 1.211376591950303894e+00 1.153141148296290330e+00 -6.132335997527657012e-01
2.572674352924122054e+00 1.073394905874515137e+00 -2.002458542932568530e+00 4.359013413540129278e-01
3.108028011958412495e+00 1.367219619589378210e+00 1.616130932953100396e+00 -2.922896542247954144e-01
3.094193162008041842e+00 1.269934248555606882e+00 1.356181674452257013e+00 -4.767557552760910422e-01
2.989299069885598126e+00 1.095840926142473304e+00 1.436774229814585135e+00 -3.183220649662559243e-01
3.091943850891410772e+00 1.225595350380475956e+00 1.641714972806683992e+00 -9.430112618234769151e-02
3.003141640056727457e+00 1.196064684577654802e+00 1.381576274164007634e+00 -1.333366358456098966e-01
3.179989666409511528e+00 1.293350950815501443e+00 1.660109771561512737e+00 -1.833808679747440940e-01
3.166330160392525350e+00 1.418257605297040813e+00 1.725244091631854326e+00 -2.900128131736144921e-01
3.170792485360783619e+00 1.336734490706339207e+00 1.551962629352692247e+00 -3.116541579489467417e-01
3.100179354878029425e+00 1.230940822476022545e+00 1.396240793112135004e+00 -4.609770103449811751e-01
3.163445583212965762e+00 1.217876683490473289e+00 1.569518606676492123e+00 -1.098174562794093229e-01
3.074210292571164960e+00 1.368718160792420369e+00 1.341070575349332605e+00 -5.744605541522053160e-01
3.076304994769170520e+00 1.271429849273778778e+00 1.502273405358432790e+00 -3.342236571521632893e-01
3.063076588779552800e+00 1.113886027054674432e+00 1.580847181245947253e+00 -7.355351704623601383e-02
2.986681715611176902e+00 1.167983310730116520e+00 1.365750709759036008e+00 -4.012068979976087801e-01
3.061857899197832911e+00 1.267233814981199025e+00 1.717588873576248787e+00 -1.302358311560300741e-01
3.124138019242524322e+00 1.419718387570225504e+00 1.695190076648985356e+00 -3.744401518705267051e-01
2.492761400528269888e+00 1.043552675900136339e+00 -1.285010276883325586e+00 3.297501087846224643e-01
3.062606814321809701e+00 1.255981605061103457e+00 1.285868514126010664e+00 -4.097858091887617293e-01
3.161588589312752440e+00 1.412002769701919958e+00 1.713948664562658042e+00 -3.354108540090460222e-01
2.547438261873133492e+00 1.144021227937124685e+00 -1.818182792595573583e+00 3.533436425133199554e-01
2.615394776263833876e+00 1.323040795917823864e+00 -1.420063660038824338e+00 3.191284639506218324e-01
3.128877647006249152e+00 1.343273300397622494e+00 1.536553055987679883e+00 -3.028241497843177088e-01
3.065026586920039264e+00 1.067396285724797833e+00 1.116052755496736104e+00 -2.333537989585021399e-01
3.023888834346812882e+00 1.449393871349849761e+00 1.605203168482753906e+00 -2.506201499580183456e-01
3.214763669384529621e+00 1.414102159986292406e+00 1.790239434815148467e+00 -3.600933325855278921e-01
3.079232505730735259e+00 1.138661130880473937e+00 1.406309783103711020e+00 -3.597736286250223237e-01
3.114559587658126905e+00 1.170028358928002721e+00 1.233641765777162780e+00 -4.738070144468102263e-01
3.122044203452392086e+00 1.383106067971495934e+00 1.567900729187268860e+00 -2.706283924794091744e-01
2.989855432232786381e+00 1.161906366994274409e+00 1.731133753732693181e+00 2.220831623622942369e-02
3.036560428059792205e+00 1.286279597817472364e+00 1.423241372063634547e+00 -4.133120480848206935e-01
3.204574825643791591e+00 1.402749789625239440e+00 1.639093512004429209e+00 -3.213665187803027012e-01
2.978391908780213093e+00 1.121535205207197405e+00 1.902093428473112580e+00 -3.123631670161289287e-02
3.137435516837451477e+00 1.407167725911603107e+00 1.755471835115022250e+00 -2.740548162403949606e-01
2.482759989062662598e+00 1.290864545912403072e+00 -1.432901125812367171e+00 1.782483410633527443e-01
3.092900185272349667e+00 1.292363923731306707e+00 1.424950891888819404e+00 -4.887977483200519058e-01
2.976333016867283465e+00 9.865501002809983211e-01 1.196507682658059402e+00 -1.003732513117715774e-01
3.019203491336217571e+00 1.139332778943239033e+00 1.367860273038149943e+00 -3.749598970884701066e-01
3.083723379315569169e+00 1.373947203849589016e+00 1.617330353155143730e+00 -3.738515361829004013e-01
3.122388755567164775e+00 1.237633056983934221e+00 1.626335338974037814e+00 -1.557822375488350786e-01
2.983374748695847956e+00 1.247488466822131992e+00 1.308183145714264306e+00 -4.323174245277081051e-01
3.100105579097082842e+00 1.201803346264993522e+00 1.373865840122292514e+00 -4.063659249999841405e-01
2.964685780560261108e+00 1.222755190445339757e+00 1.397495646297975069e+00 -3.957419341228818332e-01
3.094854560687841705e+00 1.267803277414153662e+00 1.332931043629379753e+00 -4.208068662945058103e-01
3.167343543300326303e+00 1.360062650962019060e+00 1.750029114465055269e+00 -3.327894302422499950e-01
3.150737929466666198e+00 1.370861348972247873e+00 1.685037024196352595e+00 -2.973131173376623582e-01
3.016722734390302918e+00 1.206431717350963995e+00 1.406334189887633812e+00 -3.929033195378234256e-01
3.154639388913909492e+00 1.268312420980472144e+00 1.592668470673524350e+00 -3.051092928829016171e-01
3.180962620026016374e+00 1.428959661468738318e+00 1.480136413282372665e+00 -3.131923310915830094e-01
3.077063100490274206e+00 1.214917777878900207e+00 1.410919396964233075e+00 -3.765317666441264088e-01
3.029523658133830732e+00 1.140402374420524723e+00 1.530383833203597277e+00 -2.539803194302113765e-01
3.082921578294072873e+00 1.266195091163318631e+00 1.497134891397645884e+00 -4.753663789110616489e-01
3.209631336978102656e+00 1.537671354532670343e+00 1.742844791971112084e+00 -3.889029819526846898e-01
3.095614792642022994e+00 1.411197184633593338e+00 1.606271831765263114e+00 -3.216718656856059622e-01
3.050968935160890627e+00 1.241954334068830823e+00 1.254125430032358990e+00 -3.331070087503160693e-01
3.066518150841285539e+00 1.203271416676646943e+00 1.571242927840340586e+00 -2.172344392086182074e-01
3.155184962372507229e+00 1.170810837228310586e+00 1.699462521914141488e+00 -1.594203960565727385e-01
3.150413709519996441e+00 1.318011945338649182e+00 1.488818310252549404e+00 -4.733672666610464486e-01
3.117535079477251614e+00 1.344872501721704694e+00 1.699638197255636252e+00 -3.147995853180227122e-01
3.096202857469980696e+00 1.265963719430219125e+00 1.270595608049474912e+00 -3.036356624710241370e-01
2.478196783642241385e+00 1.213476363313402917e+00 -1.824273455277712230e+00 2.528665569653669731e-01
3.067027007360635160e+00 1.232109647795297747e+00 1.383635634744933895e+00 -3.898675959128879431e-01
3.145937378156939968e+00 1.413298243016738898e+00 1.830230870156460687e+00 -3.151673273465116498e-01
3.047943891209122569e+00 1.054983140677671960e+00 1.007713958422002065e+00 -5.426837706407539041e-01
3.084415370966000491e+00 1.211636374723918275e+00 1.392611312723720962e+00 -3.739163333184943316e-01
3.130951079252255465e+00 1.339859002452952197e+00 1.633318568581522134e+00 -3.153477193455575533e-01
3.158209305866539918e+00 1.308937481824023141e+00 1.640439663640073320e+00 -3.042752563763673201e-01
3.081477619054267869e+00 1.040638881644434521e+00 1.240542024032028179e+00 -2.567178413608506293e-01
3.166927360662423308e+00 1.229765137945070030e+00 1.715734953627555237e+00 -2.479137183168253489e-01
3.144376546983481902e+00 1.406091171503658366e+00 1.451546178316045932e+00 -5.543359923326363070e-01
3.120826372202111454e+00 1.306929933033780245e+00 1.687615250654459498e+00 -2.033081682025497938e-01
3.109432621234674787e+00 1.358636972361281448e+00 1.714282315537409840e+00 -1.994717825528983801e-01
3.089701805322808248e+00 1.282428254511775778e+00 1.344243200872106581e+00 -3.942733715648400472e-01
3.161182823369860895e+00 1.429258303748345504e+00 1.600594305051111110e+00 -3.236444709631585148e-01
3.040690887118322916e+00 1.121967292394952631e+00 1.423200353787960060e+00 -2.968337882571944752e-01
3.077068154507434095e+00 1.181232941250706325e+00 1.080437801474778192e+00 -6.308909879935713505e-01
3.053570828099061885e+00 1.273116191361848504e+00 1.651417958910519124e+00 -1.486149841730253496e-01
3.064750690466531147e+00 1.174885836092188773e+00 1.502424645590629604e+00 -3.044020810292263346e-01
3.079382384753091895e+00 1.162655527562409974e+00 1.364325852751981483e+00 -2.379735138542267980e-01
3.238587054820342370e+00 1.520662564038725462e+00 1.671065679201945375e+00 -3.954188092407864841e-01
3.081801011966320836e+00 1.270502312613821960e+00 1.566985945512434419e+00 -3.333923679327764344e-01
3.182833546954261905e+00 1.605615074328405889e+00 2.010400770989811736e+00 -3.496239253217406917e-01
3.110647274805829809e+00 1.333327967703904715e+00 1.608350750641895699e+00 -2.748594956740202933e-01
3.023141132033678957e+00 1.199480232709462246e+00 1.486964212348573566e+00 -4.097835038120992701e-01
3.022246112258481610e+00 1.262296224880976148e+00 1.403514123807963365e+00 -4.216094966184684156e-01
3.031918373533974087e+00 1.269788009002288165e+00 1.454967004551259935e+00 -2.936354892637468295e-01
3.045335680435499182e+00 1.290433680790248561e+00 1.419961760612632240e+00 -5.005780646532158595e-01
3.069951312465788895e+00 1.217556558091266838e+00 1.494265578259938332e+00 -3.568012216649349422e-01
3.104190824746495103e+00 1.207678103441072626e+00 1.711085720985840553e+00 -6.210591162549693178e-02
3.255021047647741028e+00 1.599079292140474617e+00 1.909341822374445385e+00 -3.608138542138144556e-01
3.023063979467011109e+00 1.264928160744064778e+00 1.375972127015421487e+00 -4.510203740755069912e-01
3.070474332330475509e+00 1.171343795209651040e+00 1.776048962428764977e+00 -5.168529421842034399e-02
3.143319801328818830e+00 1.396254296459892075e+00 1.696465289656781783e+00 -2.291686467360106727e-01
3.042945836038938534e+00 1.126735175604252737e+00 1.392949680619565589e+00 -2.627867836481481145e-01
2.539318834342740416e+00 1.122073125900765023e+00 -1.751651230649439173e+00 2.562860805180355861e-01
3.065924350693157052e+00 1.219049255548770860e+00 1.627000562666683248e+00 -8.069319166675301136e-02
3.016692099368852631e+00 1.089191903777931625e+00 1.088932253089457625e+00 -5.519372048604246350e-01
3.035020559237501914e+00 1.155402121352308464e+00 1.396524506100680130e+00 -3.564757192115943774e-01
3.092931363453413685e+00 1.143902794179476157e+00 1.226966577223469468e+00 -4.248307725630253162e-01
2.544432322645449052e+00 1.050518505403950309e+00 -1.955995373454550101e+00 5.131303494565937484e-01
2.622201395050050454e+00 1.021611081406887944e+00 -1.755751075939465666e+00 3.956722080124251417e-01
3.070844441633822530e+00 1.193094285796151288e+00 1.437788328282270545e+00 -3.666098230944658254e-01
3.114584934159070340e+00 1.367703180799975105e+00 1.688909758538849726e+00 -3.353742531279215733e-01
3.038910585613256998e+00 1.238512168224632948e+00 1.793954923575027394e+00 -1.564017540127461969e-01
3.127632972680757906e+00 1.179579035756197269e+00 1.486171604611050689e+00 -2.888231240395373600e-01
3.045151392773858046e+00 1.252860104651756012e+00 1.430371680822109193e+00 -3.429591408011647968e-01
3.114811417374352409e+00 1.222849182157074832e+00 1.483683236931093719e+00 -3.259429632900074925e-01
3.162617149236610192e+00 1.305728920451451947e+00 1.498262531969208222e+00 -1.712442490875233370e-01
3.198645313073721130e+00 1.325565523779253851e+00 1.484749093768494843e+00 -2.757718947657680775e-01
3.126544327831778602e+00 1.277416152660038051e+00 1.662905371721809855e+00 -2.706770467131754954e-01
3.099262749958785257e+00 1.580357743121084679e+00 1.985936041439514854e+00 -1.923695352766193467e-01
3.107815694778296223e+00 1.467109536821822102e+00 1.781739159061181965e+00 -3.711019464309887050e-01
3.113670706543252287e+00 1.094365245489252514e+00 1.377111505396285906e+00 -1.657357751436597249e-01
3.076800899589037463e+00 1.108021444735258543e+00 1.251044083391067208e+00 -3.100818864046686052e-01
3.089465179286889018e+00 1.286197031777582822e+00 1.404674929407200956e+00 -5.154821404269641638e-01
3.033511822313649020e+00 1.244574888580893157e+00 1.536785876759364511e+00 -2.287323534055401009e-01
3.099222687763899309e+00 1.155510393911999723e+00 1.275152371871401069e+00 -4.106816229454520184e-01
3.006200341170263357e+00 1.123992465323492063e+00 1.410512415605472025e+00 -3.051559086361881334e-01
3.173934066302857460e+00 1.330331722029333141e+00 1.854208364942161902e+00 -2.873343083474895754e-01
2.534055713398936316e+00 1.191318528459164305e+00 -1.371780835793518616e+00 2.325257333046892028e-01
2.967665559179061496e+00 1.163567792684510493e+00 1.128875994289149309e+00 -4.844221982086530098e-01
3.131978335961977944e+00 1.302608148266837684e+00 1.561971471035621395e+00 -3.389601545593435294e-01
3.024268093089671261e+00 1.132687829346888275e+00 1.161379824799354088e+00 -5.670850985844825276e-01
3.053739336612742328e+00 1.303511174709231168e+00 1.987800600157085595e+00 -7.028367753257856732e-02
2.991007767049457478e+00 1.179402317208529949e+00 1.440237643233216902e+00 -4.120698015781725787e-01
2.495974724242179033e+00 1.168062884636520415e+00 -1.441875533736392656e+00 1.763803474303712870e-01
3.080530532898035023e+00 1.217883520471023662e+00 1.433163215770148602e+00 -4.464807191195368508e-01
3.139831711415911109e+00 1.248848848017768187e+00 1.649780311188087545e+00 -2.496896556896749109e-01
3.179397009723810008e+00 1.328018805794348056e+00 1.426405559146163515e+00 -4.728590002877003928e-01
3.012567026221036226e+00 1.203086896732741939e+00 1.669324142769689878e+00 -2.154261539192635078e-01
3.085067488148691250e+00 1.234886325442646759e+00 1.661042048775920987e+00 -2.081965123529401496e-01
3.085422180991537200e+00 1.337166008623743130e+00 1.561961410289927743e+00 -1.587482686008440114e-01
3.125294183415296079e+00 1.339934381966953136e+00 1.617362985056779445e+00 -3.697427551780151922e-01
3.108679540204559721e+00 1.254409459216343725e+00 1.435344345777353370e+00 -4.515708713092781434e-01
3.085622351257321316e+00 1.124517320624557781e+00 1.283164609953203028e+00 -3.881502976014614692e-01
3.057765669088310823e+00 1.088494551672325450e+00 1.246063090810127116e+00 -2.105560924920393262e-01
3.155636696559965593e+00 1.301397245078845577e+00 1.693967455814380241e+00 -2.209942083404051461e-01
3.065384099308917421e+00 1.166413545597848378e+00 1.438190166796987191e+00 -3.708236772420643867e-01
3.064936291481198616e+00 1.117596684671248619e+00 1.273410320821176001e+00 -4.017102776961752331e-01
3.051377826718428832e+00 1.170113773152165360e+00 1.291498597779192403e+00 -3.931449929263893805e-01
3.056825180851806323e+00 1.383908664125129917e+00 1.491587147508226963e+00 -4.075979827144389223e-01
3.053944459246617615e+00 1.241383067228928549e+00 1.443799587270907292e+00 -4.244312687771901182e-01
3.059817489865999995e+00 1.232264276093126165e+00 1.542513966118887803e+00 -3.440330404578301748e-01
3.078413302412284391e+00 1.248477842150839789e+00 1.329629765556272991e+00 -4.533136317891158229e-01
3.117451077043719820e+00 1.457333842490110110e+00 1.700556264950949137e+00 -3.695855376479172949e-01
2.540994957622382255e+00 1.071501771829927563e+00 -2.117010982642706818e+00 5.132500537066813084e-01
3.052955937408601272e+00 1.165704009211960823e+00 1.450601667849194198e+00 -2.637959903882572399e-01
2.439530613735266584e+00 1.149096131294625955e+00 -1.439703543267786046e+00 6.925138706616475182e-02
2.464761215976886355e+00 1.089423866406807218e+00 -1.572487637204913913e+00 3.696654508088573210e-01
3.141602228696609433e+00 1.258670766437719246e+00 1.437381174279087181e+00 -3.755071576069244910e-01
2.986738269667064127e+00 1.212704407406998808e+00 1.402233870642140667e+00 -4.337964335365315782e-01
2.989185083652405428e+00 1.085380199165578929e+00 1.425281415317330991e+00 -2.870752974588203776e-01
3.139533479254873249e+00 1.386206069241596728e+00 1.599067000639820435e+00 -3.863444835816749467e-01
2.533675287792976683e+00 1.148133989417013945e+00 -1.912541730302656839e+00 2.160679337887513873e-01
3.053007646362048355e+00 1.114061554985514402e+00 1.629844780899676104e+00 -2.097312839317138911e-01
2.603561856326281010e+00 1.202253592428002449e+00 -1.762987903557229785e+00 6.034703749082811486e-01
2.533798143113736856e+00 1.148174157080735114e+00 -1.352791071035393644e+00 2.948055066198286278e-01
3.060151670187026607e+00 1.145807556913041703e+00 1.017125925054102931e+00 -6.408373061600549647e-01
3.200277926982263210e+00 1.494112158033194637e+00 1.793665699112476197e+00 -3.811091106898419900e-01
2.606595804261395255e+00 1.224423321328426351e+00 -1.648824887185071031e+00 1.853031332688160338e-01
2.595597507446080421e+00 1.064091295857416464e+00 -2.135135007847775768e+00 4.626962791570364275e-01
3.102183702528814369e+00 1.194082380949816447e+00 1.371545220238205465e+00 -3.255071174095695019e-01
3.080318236975218671e+00 1.130387503416111716e+00 1.055465260333363631e+00 -6.623336433024999970e-01
3.023386504374444339e+00 1.226279387116189001e+00 1.407387294657360899e+00 -3.015034769821986482e-01
3.008079113039821895e+00 1.181901608601060749e+00 1.460381876119648981e+00 -2.819412601796552620e-01
3.050887669238667055e+00 1.232048600816953554e+00 1.435894014800293439e+00 -4.280216496189126474e-01
3.069246049985296487e+00 1.200215578477997314e+00 1.266806194281819176e+00 -3.822703076421589130e-01
2.951890405120363159e+00 1.208269950380964408e+00 1.434360843411972786e+00 -3.837767681302864942e-01
2.533954249217908572e+00 1.194862357040083589e+00 -1.505867369615108808e+00 1.548417311735824919e-01
3.152716769506690664e+00 1.388898980689483365e+00 1.658201434771667371e+00 -3.370738189952911523e-01
3.090635988505747278e+00 1.318126001758541443e+00 1.343238737344309319e+00 -6.506199906598225668e-01
2.977781506785721621e+00 1.226379038651933984e+00 1.241265101337182708e+00 -3.827121143502338341e-01
3.101489723211392491e+00 1.383432568609191948e+00 1.647802267906056661e+00 -2.779564875041955485e-01
3.127730492686477959e+00 1.217385557941847107e+00 1.575893330331481712e+00 -1.262554014267873725e-01
3.044483242264260703e+00 1.177761837608133799e+00 1.330556417322526164e+00 -4.762990501437249780e-01
3.003197114503426857e+00 1.123484599933251227e+00 1.151591551875360775e+00 -6.650396280041622754e-01
