3.058308329069527431e+00 1.215163521488373810e+00 1.397527912317545029e+00 -6.113426569160091972e-01
3.031842009184784192e+00 1.127155436565697277e+00 1.127960825226341779e+00 -7.670923379340318649e-01
3.029919784095680857e+00 1.171816474522994644e+00 1.420558148732649073e+00 -6.549232202038135497e-01
3.085218489387512530e+00 1.119079681883253130e+00 1.128649414673861928e+00 -7.829793959645076074e-01
2.985927251420924744e+00 1.051726770409992184e+00 1.185044095515546347e+00 -6.983236588628183306e-01
2.938379142137954148e+00 1.116495315618380113e+00 1.234539519663617302e+00 -6.452970400475467327e-01
2.944287625716516033e+00 1.060967360877150822e+00 1.308499002483588969e+00 -7.384116760326722151e-01
3.047385204166358275e+00 1.167050373965630383e+00 1.284196728413348865e+00 -6.679794890340104985e-01
3.125419542551157726e+00 1.231578617146536825e+00 1.538616405848309610e+00 -5.293053400139980935e-01
2.957316183968741186e+00 1.085146076894670797e+00 1.296826692981907225e+00 -6.608928762317183292e-01
2.994094725364974785e+00 1.192993396769099546e+00 1.392760788006441208e+00 -7.779020742199312943e-01
3.052144282691453103e+00 1.153748110723446851e+00 1.207441256618849268e+00 -9.574302130349028328e-01
2.987576346319269049e+00 9.898822772877277076e-01 1.311652178909861632e+00 -5.770289406078977779e-01
2.979437265588445793e+00 1.063420587799543515e+00 1.062323089975477863e+00 -8.875618533656072229e-01
2.972012527453293806e+00 1.009181893982411982e+00 1.206374153670081828e+00 -7.578424858098471439e-01
3.010981386969510343e+00 1.158259258403320890e+00 1.340803155905917698e+00 -6.119979263056645191e-01
3.093886944859451926e+00 1.127133664326303686e+00 1.382456782782506943e+00 -6.946501515777396829e-01
2.993486046804162637e+00 1.147840417045632222e+00 1.138703823948951310e+00 -9.481750958142900476e-01
2.962605584605455977e+00 1.136813317080185293e+00 1.202493558485837832e+00 -7.330114400135993025e-01
2.962301418835644906e+00 9.771718024673029523e-01 9.238075394517529793e-01 -9.008389360941986279e-01
3.048381668523810095e+00 1.104827495216361255e+00 1.309134531201426199e+00 -4.820683596104042845e-01
2.920417995058403715e+00 1.001218996715226295e+00 1.131125780046139839e+00 -7.157199051940554835e-01
2.889284890291997421e+00 1.028488102735458876e+00 1.010280647400279896e+00 -7.142756964244014739e-01
2.936225929835462267e+00 1.064964786651153794e+00 1.321235297537106002e+00 -5.043125360053000161e-01
3.025973901529602994e+00 1.064363622796952624e+00 9.498380333924818508e-01 -1.031515226646215311e+00
2.960546193802131132e+00 1.086565685346715160e+00 1.157296948406161929e+00 -7.300394725586115685e-01
3.039082073807968243e+00 1.168237237670445738e+00 1.267512625766716639e+00 -8.224103141226973834e-01
3.073582395298408265e+00 1.108044504798400887e+00 1.260823767550633301e+00 -7.286759955492368990e-01
3.054120903760980887e+00 1.087775580726019875e+00 1.333175054198253884e+00 -8.426950650237221563e-01
3.130957079334767634e+00 1.135041136616976809e+00 1.329618299442197005e+00 -6.241113232025146118e-01
2.890872967227688939e+00 1.031211430295088993e+00 9.056828941649676112e-01 -8.840868686003431343e-01
2.995431306095244661e+00 1.055170315421553262e+00 1.142294415121118289e+00 -9.461245811782059700e-01
3.046619748791238980e+00 1.256263599972193390e+00 1.331324169128479395e+00 -6.478501798549610724e-01
2.948569936850935491e+00 1.065723764838605314e+00 1.002760131202914629e+00 -8.522520828018602668e-01
2.832920449786578310e+00 9.205337460512122982e-01 8.466873010341681161e-01 -8.988461082189119766e-01
2.957302769269213094e+00 9.416510379840885570e-01 1.073922038168167559e+00 -7.350140816095046548e-01
2.723937288334930429e+00 8.610383727576134127e-01 4.849047540296757552e-01 -9.687331704131592058e-01
2.827305003625869784e+00 9.419131727060504611e-01 6.257833418115622548e-01 -1.224367490189927965e+00
2.977847072880057233e+00 1.124916981471745681e+00 1.177391526790967369e+00 -9.275500107135727923e-01
2.929939516816983502e+00 9.702592937233713855e-01 9.510167633909963891e-01 -8.668505351639146372e-01
3.020426833839851000e+00 1.025654810719546894e+00 1.134985617039786510e+00 -5.757378112641273749e-01
2.833585415451333134e+00 9.390496766574745191e-01 5.109432275667679102e-01 -1.087486689292789022e+00
3.051452996498341452e+00 1.110330914821525905e+00 1.358348758145417667e+00 -6.313307308971578546e-01
2.855237557274083571e+00 1.048911245974388784e+00 7.828138631385724855e-01 -1.238086385092875608e+00
2.997370095260708744e+00 1.152159947703376153e+00 1.166955680027217834e+00 -8.272281963477861044e-01
3.024820435083289905e+00 1.024626762172956340e+00 1.216206399037769836e+00 -6.292382528259821139e-01
3.084964259891957994e+00 1.208220313964916359e+00 1.112811997428602595e+00 -9.952738166092511829e-01
2.901673925713925684e+00 1.097937721257598698e+00 1.042667470055017809e+00 -7.741194095256724861e-01
2.991016566315730429e+00 1.195026101670444874e+00 1.230203648548584106e+00 -8.656511754240935330e-01
2.919436134478377909e+00 1.061872632951712969e+00 1.014732965284931510e+00 -8.172319974854123092e-01
2.932167649638775853e+00 1.079096860493806931e+00 9.906899930447314873e-01 -1.008994027253912407e+00
3.028334765274770302e+00 1.171177935637515377e+00 1.460728558435267388e+00 -6.899462918666653399e-01
3.087725668800339829e+00 1.170462303710123608e+00 1.488751996864729366e+00 -5.577368504153853435e-01
3.005484484403107892e+00 1.039658516190873572e+00 1.031087263725817049e+00 -9.628681961623801744e-01
3.066679744933030527e+00 1.167721690076094720e+00 1.351486984439712158e+00 -7.728981172550228873e-01
3.022437935662197983e+00 1.050856506581222316e+00 1.112936344328665728e+00 -8.260735573966020429e-01
3.011168272318855532e+00 1.082706311262984444e+00 1.240912760394486947e+00 -8.210806425709488154e-01
2.958716533442919072e+00 9.213907389241809964e-01 1.124979330253954801e+00 -5.954277188279361033e-01
2.990394147640103029e+00 1.104483570034960893e+00 9.176392859405045899e-01 -1.024927005945026171e+00
3.062495319251488102e+00 1.200503506441731316e+00 1.283501908628330135e+00 -7.955346521730382037e-01
2.964941530791668001e+00 1.174784153233284112e+00 1.462774245413901220e+00 -7.101108416630196318e-01
3.038482756475258117e+00 1.006396356589234875e+00 1.088923691335897725e+00 -8.501709276302205076e-01
2.914590242610980209e+00 9.930831194073798107e-01 1.070718074766690231e+00 -7.985094799737619820e-01
3.120059305208733758e+00 1.286269592892602454e+00 1.407729581437460631e+00 -6.341204687966339737e-01
3.054813429218844245e+00 1.149620377377232439e+00 1.467814626789233801e+00 -4.902890445594539903e-01
3.102825674896676489e+00 1.163068955601017418e+00 1.154824799337803798e+00 -8.142818220211006652e-01
2.952934912214407515e+00 1.111471377625996571e+00 1.200347049746213424e+00 -6.619958625792410345e-01
3.023183178477963029e+00 1.163610459120406615e+00 1.392443229762608370e+00 -5.604751121618886112e-01
2.958172150438692416e+00 1.052000897668961654e+00 1.191303444922002575e+00 -5.440306936024188467e-01
2.841173227080946440e+00 9.972575390437222742e-01 7.879032348804714259e-01 -1.146689364448953974e+00
2.946953142687740890e+00 1.107293618955575765e+00 1.082897160377159995e+00 -9.026958924008247065e-01
3.024369589752192056e+00 1.181501653212892800e+00 1.221105759287636650e+00 -6.480827222553792177e-01
3.006805229998203099e+00 1.172716358860004471e+00 1.272962578677162560e+00 -9.039949371796025535e-01
3.046254290498480177e+00 1.101114667046681372e+00 1.086628893180290767e+00 -9.104154485319981838e-01
3.022386813560829388e+00 1.093356818433559141e+00 1.178598365923114510e+00 -6.519548997906459142e-01
2.945370380295918356e+00 1.189629106606308717e+00 1.355565730274296499e+00 -7.764991154154801123e-01
3.017118742934634668e+00 1.116640961737206617e+00 1.316609894309363371e+00 -8.171910672235727091e-01
3.092126638977396258e+00 1.108978550428646015e+00 1.387295100163595141e+00 -6.231173533829172939e-01
2.822322045405165181e+00 9.111273041002583284e-01 4.918103189621112481e-01 -1.065714210804117545e+00
2.998246686715694054e+00 1.076781540741035492e+00 9.054508337290663178e-01 -9.961773691513913231e-01
3.024470745798596205e+00 1.097539115427331513e+00 1.183196504195030307e+00 -8.070337417177478878e-01
3.130254199584800112e+00 1.220437097547073302e+00 1.126754515445737237e+00 -7.363663589238997886e-01
3.007989466519559674e+00 1.094997157142505451e+00 1.339777860675307908e+00 -8.751208992080057314e-01
2.997830114812602975e+00 1.053878031760115963e+00 8.838186467102854271e-01 -9.185469555027653277e-01
3.034511845952039710e+00 1.097171813663230688e+00 1.422612611164808083e+00 -5.271354660439538931e-01
3.056956264225886066e+00 1.212215096535775638e+00 1.226967703611450577e+00 -7.760279022832587970e-01
2.985280752519880121e+00 1.047230535453896882e+00 1.128205196719952230e+00 -8.878458840428971044e-01
2.985748509904588843e+00 1.123164756666049424e+00 9.802944463156877397e-01 -1.036500721161184302e+00
2.803330921416914201e+00 9.134146098225013333e-01 9.293501658463303450e-01 -8.009040577419328510e-01
2.942043470427148311e+00 1.190850192173051436e+00 1.174639556756284620e+00 -9.465177082049459623e-01
2.985810818217689899e+00 9.748977306719212033e-01 1.141984010488934054e+00 -6.978860876998999041e-01
3.063509477842201623e+00 1.145945674155119720e+00 1.380151110402013659e+00 -6.884497029202323315e-01
2.903008746535349349e+00 9.533973866864456914e-01 8.684926182236539782e-01 -9.220484256254108946e-01
2.917390311954501492e+00 9.972496761338678350e-01 8.236207689821680722e-01 -6.900548593679477483e-01
3.045526355170409705e+00 1.142893016002237694e+00 1.263184664160628357e+00 -7.993468288170840763e-01
3.030638439209436541e+00 1.144017409861928902e+00 1.368180250824450717e+00 -7.968907609091465671e-01
2.998274740789225845e+00 1.183271768208174812e+00 1.312423679849785252e+00 -7.766725836515433468e-01
2.944129400504899685e+00 9.920572816756844103e-01 1.055047258963563772e+00 -6.094828036799534443e-01
2.815540728200070841e+00 9.388033726520862432e-01 9.810846095365540753e-01 -8.922549270486258566e-01
2.999883991999037214e+00 1.061143334758350765e+00 1.135626357648873652e+00 -8.356384436651028702e-01
3.078338863600129205e+00 1.140809571647978027e+00 1.169297318167169086e+00 -9.451654244426725970e-01
2.986843151872891067e+00 1.081791066981517613e+00 9.620363232057259628e-01 -1.027033808687893401e+00
2.946617786269842831e+00 1.093303198481578864e+00 9.569021848910577166e-01 -1.003410337120984153e+00
2.944611621003580204e+00 1.030694586765135590e+00 1.180935531452156351e+00 -6.194145920027759322e-01
3.072454069279884958e+00 1.129491437282329036e+00 1.492436226910822006e+00 -5.062715915019797563e-01
3.041417367347948542e+00 1.223329290537690683e+00 1.190653352851369640e+00 -9.643590702281840121e-01
3.086724671919422125e+00 1.121170922824278327e+00 1.369066411540406314e+00 -8.324892371424794657e-01
3.134554884483298665e+00 1.217796089093882594e+00 1.429383534286772228e+00 -6.682518125633467587e-01
2.806910322276571446e+00 8.921989637608133128e-01 6.455557565652729757e-01 -1.160686008993248697e+00
2.960460899070408214e+00 1.116076046556512713e+00 1.138049021343256362e+00 -8.364882113999725366e-01
3.074941999194419573e+00 1.281831678646528694e+00 1.451360055299010909e+00 -6.588951535672640247e-01
2.933609219240774557e+00 1.036073261735756867e+00 1.051668103428017753e+00 -8.379218202667843007e-01
3.072154212760282110e+00 1.145143287432867307e+00 1.230275092014976313e+00 -7.985076601213111358e-01
2.938338862965622411e+00 1.105367512032363830e+00 1.283385454764740086e+00 -8.634214010225466085e-01
2.995099587429096211e+00 1.073345420913097259e+00 1.259962509446188594e+00 -6.056875654180838842e-01
2.882409427446499084e+00 1.010267470325613148e+00 1.076280055231185084e+00 -6.165312770821909094e-01
2.960909864316512596e+00 1.173152095521000415e+00 1.604076148613907682e+00 -4.864018210086007987e-01
3.058225100175016031e+00 1.071705383577258308e+00 1.155570324642658520e+00 -7.267606531619120735e-01
2.995034042207109337e+00 1.100624501152846157e+00 1.025858574508101029e+00 -1.067488620730568050e+00
3.010391625117471825e+00 1.169902859536296802e+00 1.361697751729364914e+00 -5.820293483317141581e-01
2.975303659996714423e+00 1.126604465263362442e+00 1.320190167777045342e+00 -5.240024634959283834e-01
2.937773309064910521e+00 1.073607256352053341e+00 1.216599462999425008e+00 -5.697047168226739844e-01
3.075721452135281364e+00 1.132624395061080591e+00 1.129242959897831078e+00 -9.354761665344737409e-01
3.061046693857885970e+00 1.157688194345575461e+00 1.285764047077517791e+00 -8.014829024316993955e-01
2.968214613705348004e+00 1.001478280261829168e+00 1.031424642220922117e+00 -8.494276148428048234e-01
2.999130779276570458e+00 1.074206730625810513e+00 1.095743480304471440e+00 -9.283476553410636711e-01
3.079326922504905806e+00 1.037477434755000205e+00 9.444251329781163662e-01 -8.466986067709717512e-01
3.045494642915417494e+00 1.129179137999438476e+00 1.221236748579710651e+00 -7.493588341842727374e-01
2.983680197696646719e+00 1.054419643078987612e+00 9.613405779771370119e-01 -9.793349359163465717e-01
2.973623519300630402e+00 1.202074187576230413e+00 1.454142041961333565e+00 -6.148867717759581852e-01
2.984811292268700011e+00 9.858295276803690221e-01 1.026895614497233211e+00 -6.305944749226461976e-01
2.976844111618546673e+00 1.115182908177224430e+00 9.946097539826911360e-01 -1.051219464074263588e+00
2.971343268038280971e+00 1.039342165518422512e+00 1.123200130746417003e+00 -5.647434476998741681e-01
3.009844446473106672e+00 1.093372254608492522e+00 1.272924379579129184e+00 -7.574392171625174974e-01
3.119252201525287482e+00 1.134923568301360985e+00 1.315759715745909109e+00 -6.539869140015951432e-01
3.008617283235422768e+00 1.190690614896890986e+00 1.411764961073476154e+00 -6.230648256985688027e-01
2.989377734721400337e+00 1.129878919523744196e+00 1.332705032850949545e+00 -7.324063377948748510e-01
2.995409288714814711e+00 1.008955289718415749e+00 1.209660627193322568e+00 -6.962197470978789271e-01
3.040093987422113120e+00 1.178299714433701961e+00 1.478273855496035072e+00 -5.115843079576752883e-01
3.056564392601555991e+00 1.134046273053967990e+00 1.366246211196186167e+00 -7.293571070696367453e-01
2.933502214810529196e+00 9.707394429327174112e-01 9.497705597840824243e-01 -8.480698645937720936e-01
2.950662160154337688e+00 1.001451258701645308e+00 9.281425291069347328e-01 -8.303748594206433742e-01
3.011044147279517524e+00 1.055791055040173454e+00 1.492629872097718913e+00 -4.984802229623111480e-01
3.020193656506541036e+00 1.036275971790811656e+00 1.231609907660085934e+00 -7.727307253161127543e-01
2.988823551887334951e+00 1.042932371801573499e+00 9.647205635717975847e-01 -9.309403445389903275e-01
3.009780936312519639e+00 1.096578129258265477e+00 9.590801516991563913e-01 -8.340419815215482924e-01
2.944419298239570271e+00 1.055593276673391534e+00 9.366549326685621457e-01 -8.960927573716263028e-01
3.018779289069774219e+00 1.052851018718668374e+00 1.005639936371457210e+00 -8.831346931821189017e-01
2.767185405620694816e+00 9.100191031822295606e-01 6.106300621974305454e-01 -7.462260218477252405e-01
3.033048195258551960e+00 1.127614439612608210e+00 1.283410131917158026e+00 -6.928803918586249333e-01
3.032221208832915238e+00 1.120919680347676195e+00 1.124328282218276076e+00 -7.041993477333541307e-01
3.080587838856287508e+00 1.141767266897379285e+00 1.265575316197240952e+00 -7.732461830324720564e-01
3.089677896585934835e+00 1.129471767117038450e+00 1.225182320839551364e+00 -6.473751577997837181e-01
2.996284731418683123e+00 1.131606338084716112e+00 1.302645398581525615e+00 -7.313862201914126393e-01
2.683087290506736444e+00 8.197239871278508838e-01 2.700652828691292862e-01 -9.076903041048590692e-01
3.143462531811482386e+00 1.162550606347518833e+00 1.280490994669100768e+00 -7.766374957476406271e-01
3.020749346316508266e+00 1.152950672054223746e+00 1.250179203412655538e+00 -6.906831940111783918e-01
2.959915193440957992e+00 1.070230364082939145e+00 1.337057066357488555e+00 -7.763485125906715023e-01
3.010656684383822501e+00 1.142333844948149268e+00 1.304038564301213343e+00 -5.572930441832328885e-01
3.042259664526727914e+00 1.153403730550258022e+00 1.233369223316796770e+00 -9.609996359733647964e-01
3.086380230523517287e+00 1.144367765310390750e+00 1.312414430103904239e+00 -7.853240128026240940e-01
2.952659612768309128e+00 1.032978914603200460e+00 1.158306126309006645e+00 -8.928134240008487321e-01
2.878090937974209229e+00 9.237439458033896988e-01 1.127006808753804545e+00 -5.574890698878287587e-01
3.110402787238916389e+00 1.136460264009389931e+00 1.252615770317362598e+00 -8.188480914102632680e-01
2.995106394083453250e+00 1.149341575299937857e+00 1.399885832934083307e+00 -5.660014610822299286e-01
3.029252634349976159e+00 1.158409027624855758e+00 1.205512229619645437e+00 -8.092366675276120302e-01
3.028855003345340080e+00 1.199008618784639602e+00 1.203374156577942777e+00 -8.321065101906438555e-01
2.965845540111196055e+00 1.092101326571149444e+00 8.786235016824409660e-01 -8.687041270599457077e-01
3.006662610147768255e+00 1.084663546271707357e+00 1.236484622814984835e+00 -6.268840094679050123e-01
3.074705707114863351e+00 1.135963574547899535e+00 1.297399801327245417e+00 -5.988141553768918657e-01
2.928392735808504899e+00 1.092266758464072840e+00 1.251019967130283961e+00 -8.013061937266120482e-01
3.040356999692731765e+00 1.189163443861202873e+00 1.304796480112973001e+00 -8.972398130165806229e-01
3.039508188683150536e+00 1.137188085221903844e+00 1.412963159706152050e+00 -5.854945120469794428e-01
2.984328059398301480e+00 1.109900633360907829e+00 1.058020570335034272e+00 -7.726358940299598022e-01
3.139721745777590112e+00 1.171402773758126292e+00 1.223481647734106392e+00 -7.937399805877067838e-01
3.010639384415701780e+00 1.119619901216682090e+00 1.350169044558362952e+00 -7.269266977965395116e-01
3.034519636534123155e+00 1.190774950417941014e+00 1.215706875823609368e+00 -6.452904910202531541e-01
2.981767537421731618e+00 1.266184877910691231e+00 1.287723729609096424e+00 -8.233996992019805283e-01
2.957415090755771025e+00 1.083176549207720774e+00 1.187364076102606525e+00 -8.464347915850796156e-01
3.034889872431440150e+00 1.087346297229015990e+00 1.266042286695139074e+00 -8.135274332895444660e-01
3.026845220151289872e+00 1.090673665791714209e+00 1.028957266298899942e+00 -8.435905126401189724e-01
3.028569345810260494e+00 1.106364805680688512e+00 1.104163682808975144e+00 -7.904031294463361723e-01
3.017903319978903376e+00 1.158363567993541565e+00 1.445033087008810835e+00 -4.724871208597026806e-01
3.046588426759718082e+00 1.097278775849513943e+00 1.381628301364665079e+00 -5.282889624652632454e-01
3.056545105438059906e+00 1.182343704026762587e+00 1.347780443670862027e+00 -6.860176971266703783e-01
3.030873049696710009e+00 1.146124230512502340e+00 1.344390649666380000e+00 -6.903978279451267186e-01
3.041475850482866505e+00 1.041985756522068041e+00 1.316200829550397078e+00 -5.724045152517494017e-01
2.964029540498034798e+00 1.071438826023733526e+00 1.059482266830813257e+00 -8.596936355360029758e-01
2.964291747875717142e+00 1.142738894642295833e+00 1.538439435241795827e+00 -4.501277244934709931e-01
2.918209720092324488e+00 1.083473324461961873e+00 9.644879179038405859e-01 -8.792286814460814615e-01
2.902475231496715491e+00 9.785268532206766734e-01 1.013333632101092840e+00 -9.704246348596732297e-01
3.081408145392573683e+00 1.091174015880743919e+00 1.216433940213001774e+00 -6.088655930892025170e-01
3.053131985468386045e+00 1.177280348728247494e+00 1.319372077910687446e+00 -8.864470442234200220e-01
3.049834530325524096e+00 1.102495083356913597e+00 9.721300887124164625e-01 -9.869944341118435105e-01
2.692855081119541083e+00 8.277036272880847756e-01 2.644325391684125837e-01 -8.818340284562194986e-01
3.056715167150282131e+00 1.097145760641615952e+00 1.178264134467478685e+00 -9.161248569106834605e-01
2.883544532942636796e+00 1.048412956816890063e+00 9.983403105306665193e-01 -7.876078376842307049e-01
2.978102765128602059e+00 1.169533111854021090e+00 1.025103267247742700e+00 -1.045212940212663089e+00
2.971325751221395528e+00 9.908338477800915367e-01 1.085857304079830943e+00 -7.423182322303663039e-01
3.052053801826210666e+00 1.181950952348094663e+00 1.212802826216162089e+00 -9.373813952698147878e-01
3.005834698710266650e+00 1.066011531717426353e+00 1.115211437379896031e+00 -9.615537555996259700e-01
3.066490067415428289e+00 1.206084304929424533e+00 1.451221646717946401e+00 -6.270339682108053703e-01
3.037928259814973941e+00 1.131118611122280626e+00 1.195997454176073616e+00 -7.565021731098179325e-01
3.073641066394347199e+00 1.144338427687364934e+00 1.363496192241753224e+00 -8.051224781782374551e-01
3.011527304812682715e+00 1.117511271182306531e+00 1.258629647847235855e+00 -7.710252452323264061e-01
2.818853296939621611e+00 9.218771815386888058e-01 7.810430520190660975e-01 -8.254035536887850411e-01
2.957751109580921689e+00 1.036064179462206969e+00 1.014293815633495965e+00 -7.444156423730621253e-01
2.972831725814668591e+00 1.091685703747724556e+00 1.151651840338222765e+00 -8.954915583296976234e-01
3.014576723282266446e+00 1.041415222606611790e+00 1.031798147949697153e+00 -8.115834437555881076e-01
3.045215815325602371e+00 1.150237332003527069e+00 1.096538459907886898e+00 -1.159772135067510979e+00
2.984224033765184636e+00 9.992795749854977982e-01 1.156730384165730374e+00 -6.666785592749310263e-01
3.055674196920855401e+00 1.215430679307440309e+00 1.123205581373707185e+00 -8.083206554960061796e-01
2.939450722366868440e+00 1.105726430530352689e+00 1.300877216376305379e+00 -7.193854151212958348e-01
3.057350877585063742e+00 1.183729810452597064e+00 1.189962651641358171e+00 -7.914377060822229693e-01
2.916844296473222631e+00 9.864016357754482600e-01 1.288190882572616491e+00 -5.887340316197587908e-01
3.071135480577491528e+00 1.313537137415761169e+00 1.275497347230811540e+00 -8.380266308379401563e-01
2.951235197145244626e+00 1.133174734007444728e+00 1.215829832075191463e+00 -7.317651042939564698e-01
2.984707200849243680e+00 1.085143533821014472e+00 1.241421605715918641e+00 -7.318238968363133257e-01
3.001958521621966636e+00 1.048766995244693412e+00 1.328747883166063071e+00 -6.742031323104115126e-01
2.968059814091928761e+00 1.008785004537491758e+00 1.162476242188901221e+00 -7.091674816957180827e-01
2.984202240018080765e+00 1.200195893191769558e+00 1.393711589104033699e+00 -8.544410256700154527e-01
3.060824807909604761e+00 1.150090750286689500e+00 1.164228258269832228e+00 -7.785685003328147724e-01
3.028451153765049586e+00 1.043311657303624074e+00 1.226027420503128296e+00 -7.321324570363537676e-01
3.064005885558402920e+00 1.038393881391375784e+00 9.838227771239947961e-01 -9.200046448115313247e-01
3.061226548737050912e+00 1.113478951530452843e+00 1.014395065770852700e+00 -1.158682438047869301e+00
3.041231169458181949e+00 1.130785323766924755e+00 1.276932458119402813e+00 -7.263537093784111498e-01
2.856664898160700794e+00 1.017973923334983155e+00 8.684491219968256681e-01 -1.051928893707887891e+00
3.017817515636754599e+00 1.110283604162668025e+00 1.101398064439818469e+00 -9.147162834776062512e-01
3.010016597371790059e+00 1.065864830614644765e+00 8.815735136364987179e-01 -1.080522105172458724e+00
2.943373432121137778e+00 1.052664624726264320e+00 1.124840896348399566e+00 -8.011434402543926581e-01
3.018224208123737373e+00 1.131913521488522534e+00 1.434606737315906599e+00 -5.069019823269622638e-01
3.043114109045468751e+00 1.003585599904444736e+00 1.019759578726494809e+00 -7.237125273992102148e-01
3.016299680483921719e+00 1.121625009144066043e+00 1.384565353043755165e+00 -6.880415431782626046e-01
3.049529345841840655e+00 1.058396941477375508e+00 1.197891230630306669e+00 -8.367738580051049535e-01
2.925666334630819598e+00 9.647440442881615175e-01 1.005109991998327068e+00 -7.744916117252372834e-01
2.722409814112819681e+00 8.447947092162835236e-01 2.283373650766684082e-01 -8.203792642774254684e-01
2.952536573201344883e+00 9.477182973335465110e-01 1.167035981323035543e+00 -7.898546190787019139e-01
3.008483354469871252e+00 1.041368563288513016e+00 1.034710411058989754e+00 -8.424973235222724677e-01
2.987853848828728065e+00 1.099323803326571092e+00 1.249490007446204309e+00 -5.821801583213368492e-01
3.019577243760801721e+00 1.109048213227401547e+00 1.264071182014515404e+00 -7.041659237405788474e-01
3.080560801160204143e+00 1.113016798031835730e+00 9.821394130348181095e-01 -1.068370122649435761e+00
2.933759610161847942e+00 1.048528345160175013e+00 1.110667484919993786e+00 -7.858763579116971876e-01
3.054848165180751085e+00 1.135548835527924849e+00 1.538444799750646519e+00 -5.548493239489835638e-01
3.013327897466974381e+00 1.069345691409908428e+00 1.069227956923752165e+00 -1.056095251184022255e+00
3.045954723827508204e+00 1.120319397010083318e+00 1.146349808272256077e+00 -7.105355699215347709e-01
3.101226792839197444e+00 1.119740616263979582e+00 1.373421360054140061e+00 -7.286332841433538210e-01
2.959005997080742301e+00 1.168196860388769798e+00 1.148836702463476689e+00 -8.157672631281696063e-01
3.045872273428706922e+00 1.214058535205493783e+00 1.490349862222694277e+00 -7.822783804915629524e-01
2.984933370670445285e+00 1.151615556740113178e+00 1.408038094723058187e+00 -5.192854307402950953e-01
3.115221387949785203e+00 1.100180586672611760e+00 1.115479548075460681e+00 -9.419961009883658365e-01
3.012792088569383075e+00 1.095760719808871686e+00 1.093701494150697728e+00 -1.075729575619081224e+00
2.966058028115484024e+00 1.111538729589886199e+00 9.158644682209937660e-01 -1.100504189490514761e+00
2.959110708133764422e+00 1.019420320357601328e+00 1.067215775502603048e+00 -8.102521328040910298e-01
2.922073269780770755e+00 1.058158704399876138e+00 1.067382240462914300e+00 -1.016789859769791082e+00
3.011358919970126280e+00 1.159865529125884365e+00 1.298588250803866195e+00 -7.477833139542853225e-01
2.882070553614679564e+00 8.500099100261867546e-01 5.132401315460808355e-01 -7.440188015859269255e-01
2.990256083968306555e+00 1.093798124117233650e+00 1.262742951605551722e+00 -7.646584060640259084e-01
3.061533597668138817e+00 1.118918875284993453e+00 1.103006803901369848e+00 -1.058192521494807581e+00
2.987322602330098942e+00 1.013618352856453075e+00 1.224998780390110564e+00 -7.427836175091048210e-01
3.015683172579219917e+00 1.093438557434112335e+00 1.167958325977181078e+00 -8.954193824010010516e-01
2.996712789644296215e+00 1.252838109300549840e+00 1.496223879935553835e+00 -5.691817591405905485e-01
2.982280997436124625e+00 1.075102169203038471e+00 1.236817645292179746e+00 -7.059013085604172177e-01
3.005741646289778579e+00 1.055372845390938119e+00 1.051283418884720433e+00 -9.204604557206195192e-01
3.009728084179074337e+00 1.014405528513438348e+00 1.176615521170613077e+00 -6.361452641450900947e-01
3.048353128351882102e+00 1.030369331094425300e+00 1.029531859687704776e+00 -8.685280759869602463e-01
3.007396354215179812e+00 1.071915931600215810e+00 1.011988324804555361e+00 -1.111816648182432976e+00
3.055014122216995087e+00 1.228613980950175710e+00 1.311014785715012065e+00 -7.708723560378489825e-01
3.007233181838600000e+00 1.052510766123595509e+00 1.302800232146366755e+00 -6.843978193197053361e-01
3.078594179073924408e+00 1.228894187123974469e+00 1.516253710746913619e+00 -5.969408579993741304e-01
3.069574904337710741e+00 1.192607007361190297e+00 1.460039109590747675e+00 -6.825606878766338204e-01
3.012910758473993589e+00 1.108188694863809998e+00 1.215028021157343652e+00 -8.254028713202968826e-01
3.019747480501282499e+00 1.088285504584905805e+00 1.148287307605982743e+00 -7.274832769514898434e-01
2.732078914165230632e+00 8.259176971419556201e-01 3.756151955900576822e-01 -9.869192190317525037e-01
3.070590502274052280e+00 1.192755062102845987e+00 1.346422633048705464e+00 -8.534913967991154538e-01
3.049348381745614844e+00 1.091067427026754411e+00 1.180732021481770699e+00 -6.835869856990923754e-01
3.097766495902089634e+00 1.068239553020328136e+00 1.247829233737851373e+00 -7.551936987369948229e-01
2.965816228319277936e+00 1.017020096818983310e+00 1.218337257232965598e+00 -7.371439001812516434e-01
3.042514984851212301e+00 1.145943517152843816e+00 1.313603331110613004e+00 -7.817151779043528537e-01
2.857834317411112490e+00 1.040331624149972711e+00 7.398308488241932546e-01 -1.024038249497216890e+00
3.061983937415582613e+00 1.188815768897425684e+00 1.336378024407608001e+00 -8.255080886163873588e-01
3.106900231947199220e+00 1.085827913736968187e+00 1.221024032472444620e+00 -7.882014234015687348e-01
3.042562144864210616e+00 1.216026513859359559e+00 1.488536281621024804e+00 -6.565270502833292499e-01
2.938804179715080789e+00 1.087309766643809628e+00 1.023703358042945988e+00 -9.309329958309485731e-01
3.024969545607160359e+00 1.189893781572531006e+00 1.333767109777337811e+00 -8.190319706370247088e-01
3.063955524097530247e+00 1.152491845772785739e+00 1.299124207346799453e+00 -6.965133802342042824e-01
2.974223249251393142e+00 1.085714794403047190e+00 1.199622155997310369e+00 -6.721383211041003225e-01
3.015618371544981358e+00 1.130774938315232570e+00 1.052689985838986431e+00 -8.417889631252006843e-01
2.989661555272533633e+00 1.032815611409071188e+00 1.200223935949580101e+00 -8.048883267915349915e-01
3.061356329674761678e+00 1.053993922701021102e+00 1.422039839682234907e+00 -4.030012460648214057e-01
2.998778887921414338e+00 1.148137196870342436e+00 1.421449836057758986e+00 -6.409562694218223777e-01
2.996835608325337574e+00 1.216286381169526587e+00 1.337668141908422426e+00 -6.014812497246262435e-01
3.067132802153073712e+00 1.208415566253154827e+00 1.227182470469564857e+00 -7.910751545681566910e-01
3.089413250423160395e+00 1.164369549756001154e+00 1.255440012235816694e+00 -8.483056285909120753e-01
3.022965061871198067e+00 1.126436047386502048e+00 1.118925103946733390e+00 -7.788304658832237992e-01
3.033283790601529084e+00 1.187686503083730027e+00 1.353214116373937737e+00 -7.822539241845499758e-01
2.939705117037699988e+00 9.627176310657483693e-01 7.670793839426867100e-01 -1.073989487730671710e+00
3.024389895908026205e+00 1.125358655666022889e+00 1.360749297465478458e+00 -5.342274218189205781e-01
3.059206384725369432e+00 1.100873900672816319e+00 9.319820106949729954e-01 -1.032344769785271898e+00
2.960776255040915572e+00 1.120294318441166226e+00 1.191711577513830722e+00 -7.448185905549226105e-01
2.910441738037180315e+00 1.014793816059479159e+00 8.935602547020878861e-01 -9.236433790766495067e-01
2.839849387006095238e+00 9.897577103749451988e-01 1.038332699154647987e+00 -7.515574842196229843e-01
3.077952883961127650e+00 1.139828882010736288e+00 1.258332307888903046e+00 -8.453490034351042182e-01
3.002214093679058227e+00 1.079659384906902053e+00 1.247854272699785660e+00 -6.650221984388378083e-01
3.018978442186393885e+00 1.115625998040171041e+00 1.100188870103308902e+00 -8.677208674384402354e-01
2.974772235855091651e+00 1.137735422964731846e+00 1.425193242340316191e+00 -5.310266435513615324e-01
3.030346473911490701e+00 1.122664418554445875e+00 1.224022800860807614e+00 -7.655436073535065722e-01
2.956155319216321242e+00 1.031026890914412020e+00 1.293023494844625532e+00 -6.089672568691182342e-01
3.027935132155797238e+00 1.043220076622058734e+00 1.184549132419634443e+00 -6.120596114683990452e-01
2.926840800770377449e+00 1.069442673837227575e+00 1.114727020166488725e+00 -7.422100605011001662e-01
3.032502819435666908e+00 1.138838923048585805e+00 1.057412573735549532e+00 -1.101902300208309704e+00
3.020677398432860983e+00 1.093791810750262661e+00 1.295167683202660847e+00 -6.703957205594618385e-01
2.999386379229285637e+00 1.034692189327696576e+00 1.515549030763435834e+00 -3.068884177659406687e-01
2.951604766998262352e+00 1.052150511866363880e+00 9.569814102138007872e-01 -8.667109416552816192e-01
2.933753982403697336e+00 1.093378485841735470e+00 9.390984225047525058e-01 -1.024384177925258932e+00
2.985434872186144784e+00 9.968075444913336858e-01 1.113356560618296465e+00 -6.497468187646955329e-01
3.006926809880447582e+00 1.139502027564408326e+00 1.227728748010263882e+00 -7.896454693394692192e-01
3.100397191106544437e+00 1.115985931414651189e+00 1.197552377373929833e+00 -7.420006990189058627e-01
3.019408425875575563e+00 1.059848624836792874e+00 8.153780910206367416e-01 -9.597655393254063139e-01
3.048560007499866664e+00 1.168510651323061422e+00 1.317457592006170186e+00 -6.733621978572255085e-01
3.004885257418448585e+00 1.205639236687968907e+00 1.293688279447841039e+00 -8.010453523901361894e-01
2.889387160536415866e+00 1.006694592170048308e+00 1.087003841717659958e+00 -7.018542718989300155e-01
3.049618526412638531e+00 1.093977611520272397e+00 1.017910734317392318e+00 -1.009051199268693022e+00
3.030713295555387266e+00 1.090205185423614775e+00 1.234225094621159480e+00 -7.419614201975138768e-01
2.883813952297040295e+00 1.077762456406230918e+00 1.091615737887214888e+00 -9.090538415807249972e-01
2.960292655121106620e+00 9.923650573385649487e-01 1.038779332965779068e+00 -8.518457904811286285e-01
2.915982654198594926e+00 9.649741124642342571e-01 1.035913346991077288e+00 -8.176140869817466461e-01
3.041887019570480799e+00 1.240718665717067237e+00 1.498202638072298587e+00 -7.435462152209432185e-01
3.020122329582273668e+00 1.107049001792092424e+00 1.234395522190825156e+00 -6.677864560098176749e-01
2.990349293886793269e+00 1.155740769590261730e+00 1.273626210146681537e+00 -7.435590561766309836e-01
3.037452034063139461e+00 1.152016265822343843e+00 1.314699829609421222e+00 -5.855723508081162043e-01
3.020529385997300142e+00 1.157488292686646325e+00 8.292470555841972013e-01 -1.067366316988580754e+00
3.010625985875087007e+00 1.101976994232785501e+00 1.277466710213849721e+00 -6.274488836637290845e-01
3.006217088976599339e+00 1.111272523661447353e+00 1.220835400862169129e+00 -8.441667076453950314e-01
2.943902606139552347e+00 1.024571771104068274e+00 1.191351307868240283e+00 -6.299097864131310009e-01
2.984758414985765107e+00 1.110520038064598980e+00 1.094222861239584343e+00 -8.016112900433814970e-01
3.063105096257790372e+00 1.084437018872844494e+00 1.094408166490051126e+00 -8.670855246369482128e-01
3.024369097927858352e+00 9.980830766151889133e-01 1.042575931978483306e+00 -1.068578600225293940e+00
3.049346862017368487e+00 1.179835001375121095e+00 1.354289736834850988e+00 -6.446112477563215037e-01
3.032915195586701973e+00 1.162451720848147740e+00 1.424653519281098735e+00 -5.896580109035424178e-01
2.989752896434530349e+00 1.129309787920265151e+00 1.269072229339283764e+00 -8.550366047850083140e-01
2.954006219922953758e+00 1.073900135459266991e+00 1.046643874325563939e+00 -8.551198440551021074e-01
3.031420802604878784e+00 9.866110788982969115e-01 1.268373484108968441e+00 -7.857161559996858058e-01
3.002096116778947277e+00 9.536837695654306613e-01 1.354712755785148603e+00 -5.023257598869991236e-01
2.992758710960021329e+00 1.005940249505008044e+00 1.070311516641262894e+00 -8.550951554150202361e-01
2.972823571262972919e+00 1.053900173170431831e+00 1.078125216570766431e+00 -9.989451655116861062e-01
3.025848980187315185e+00 1.100972381082784946e+00 1.289665042844589049e+00 -7.063215774347106901e-01
3.001234779752012916e+00 1.121175959569482128e+00 1.053960905088525246e+00 -8.800285976948047928e-01
2.929917878572991352e+00 9.593052025680678385e-01 9.380245916499341252e-01 -6.540335689148100151e-01
2.858025729510490276e+00 8.768650517124557675e-01 8.371745046070473428e-01 -9.501996155368561681e-01
3.082579679298047104e+00 1.080529431004094265e+00 1.101953677870130655e+00 -8.622169328160684820e-01
3.111476356636166951e+00 1.181465291522236782e+00 1.408632096693346769e+00 -5.830483981591326748e-01
2.929199126587386903e+00 1.086558412860398004e+00 1.253947435730863091e+00 -8.174963985626751972e-01
3.035640406163413907e+00 1.188358248113946081e+00 1.368671535564363273e+00 -8.138646428481872697e-01
3.001108658445971855e+00 1.060018589787604437e+00 1.315858600334252060e+00 -6.072845344928869959e-01
3.060136080358800026e+00 1.111263882306752215e+00 1.335350115601963150e+00 -6.598344658277223163e-01
2.996969727723155508e+00 1.208136616477701208e+00 1.256132759472620819e+00 -7.141181858729556131e-01
3.024645045972871316e+00 1.248062148235740798e+00 1.502978318906679434e+00 -5.486700231885167645e-01
2.843007347788977235e+00 9.555137427963049657e-01 7.958660738564022896e-01 -9.218795453459697198e-01
2.932635805005128216e+00 1.063385893965290929e+00 1.000407261119088620e+00 -8.795922359081715936e-01
3.046219340914166906e+00 1.098978851758334097e+00 1.374733708936156873e+00 -5.385269046818716987e-01
2.985072480624373359e+00 1.175064008824624473e+00 1.432299165639221439e+00 -6.180097599084958260e-01
2.940235278025549182e+00 9.963526635949409016e-01 9.907303617765411685e-01 -7.960851831906893272e-01
3.039641685806768745e+00 1.090272251194835285e+00 1.072619258356634520e+00 -9.431613650573993368e-01
2.725200576470763636e+00 8.827704330233968610e-01 4.761200718526960030e-01 -1.196438131476540656e+00
2.967197078704308044e+00 9.803039347098567724e-01 1.000808542771488785e+00 -9.581945899293567992e-01
3.060581036632613383e+00 1.131484053313913662e+00 1.403901711382210094e+00 -6.555603836128310880e-01
3.054031138747768992e+00 1.233018191155960563e+00 1.516158420163655318e+00 -5.383235926022482687e-01
2.807318203848054416e+00 9.404023435198234360e-01 8.904666627774456833e-01 -1.008337248876796766e+00
2.985145158447163993e+00 1.034555952259103018e+00 1.137097357886796889e+00 -8.566909046687470886e-01
2.855063913913250762e+00 9.242646117740408451e-01 6.664825934450284706e-01 -9.425111532524775848e-01
2.960611957501870783e+00 9.776260049745227887e-01 1.065511991005242631e+00 -6.613511913196666869e-01
3.059602778947460244e+00 1.175870461660414090e+00 1.303662144868296346e+00 -6.847421071293814387e-01
3.002473632715545016e+00 1.065017981858938256e+00 1.379379651302251153e+00 -6.950042349479630399e-01
3.002813492169774445e+00 1.082752573805243701e+00 9.433165128434702895e-01 -1.058480962397032821e+00
3.031187197307561032e+00 1.104916146013994682e+00 1.024800169207197298e+00 -9.792268434674050726e-01
2.984218629092212360e+00 1.097457560957692646e+00 1.434668984836358963e+00 -5.108280270449827576e-01
3.035031615568616559e+00 1.013198007092797726e+00 8.172758046689653222e-01 -8.258248027141518177e-01
2.979296182164122175e+00 1.085512896617459200e+00 1.369251153072911675e+00 -6.211450898727316483e-01
2.906943017316369726e+00 8.885786504815915698e-01 8.183153723937798274e-01 -7.566724209337507556e-01
2.957995305987443313e+00 1.170021813734021476e+00 9.290886439624839177e-01 -1.115372353120269278e+00
3.032039262081679620e+00 1.146456326914000456e+00 1.185427298365941740e+00 -6.879450658701372623e-01
3.076557866980834888e+00 1.061787145404684551e+00 1.095571011077599799e+00 -8.069365213011938653e-01
2.928433561978081023e+00 9.861316563977530203e-01 1.103124971427472456e+00 -5.565035349285651911e-01
3.065445796105850995e+00 1.109648952800714738e+00 1.220678098449641258e+00 -8.292783031911968861e-01
3.085732792956226600e+00 1.159641573729147446e+00 1.453027560398027829e+00 -5.272292674154048786e-01
3.035980675258231010e+00 1.024512931854398179e+00 1.095154378297313880e+00 -8.514952324351567903e-01
3.055196029621806808e+00 1.139575746463471706e+00 1.385054976775679680e+00 -6.919497263790832520e-01
3.069056989673863978e+00 1.236891246152951318e+00 1.259617336335661975e+00 -7.183091049481926671e-01
2.941156650837112085e+00 1.034349117756265590e+00 1.033888601770041271e+00 -8.142744049892339797e-01
3.015457185928514861e+00 1.153872102146746625e+00 1.196247305615876222e+00 -8.098188327867310576e-01
2.976126832996509375e+00 1.077511694155941058e+00 1.102826744622692035e+00 -8.631693996676093050e-01
2.913659471642890519e+00 8.857067038609920395e-01 7.741392158966715620e-01 -8.066141134233920651e-01
3.037664742285055564e+00 1.131995114745624864e+00 1.229665876741285579e+00 -7.398779572598542797e-01
2.971068802807908416e+00 1.065236632328898425e+00 1.075996737743222242e+00 -9.333826015830442024e-01
3.011527238683658680e+00 1.137578495137135937e+00 1.352498572864117454e+00 -7.278283995654668548e-01
2.802717510002341150e+00 9.788279566395805542e-01 9.049230579112895745e-01 -9.316634336308928788e-01
3.088235699496334252e+00 1.213853390951180167e+00 1.254851084265704131e+00 -8.477300871069205490e-01
3.007415213195918202e+00 1.082124650280154032e+00 8.928163532401256486e-01 -9.885631447671403560e-01
2.971479564967108633e+00 1.105446205922021141e+00 1.463554443651015280e+00 -4.471981623734196942e-01
2.954050935371914210e+00 1.224817070140588493e+00 1.482568018383163322e+00 -4.130191601825040082e-01
3.035466599209685423e+00 1.147331103154750398e+00 1.440810608330638010e+00 -8.521164010956313595e-01
3.092615017468924865e+00 1.184014048441353051e+00 1.292456285871251387e+00 -8.575195273136732022e-01
3.010185051053287708e+00 1.075976357366697167e+00 1.279046128635213719e+00 -7.375299168392273064e-01
2.931345068167848567e+00 9.479662137517343989e-01 1.239694672249242791e+00 -6.653804834177601268e-01
2.985947019356319565e+00 1.191160100907080466e+00 1.334265958936741159e+00 -5.622140616142546898e-01
2.934277211276939301e+00 9.802694577280143262e-01 1.079818050200569868e+00 -7.579814465892563691e-01
2.914667340312179444e+00 1.136375081019882938e+00 1.326396949804563130e+00 -6.966050552068118185e-01
3.084156154826995788e+00 1.104557531502361689e+00 1.322905395153692876e+00 -4.991859176725366720e-01
3.012489513044779521e+00 1.108999624481169288e+00 1.082318136722930202e+00 -7.961749308398115010e-01
2.987362653914658051e+00 1.162483688564209805e+00 1.169736561604791003e+00 -7.281869424218448961e-01
2.988344551364126911e+00 1.062788452836523900e+00 1.164982140294805957e+00 -5.733417218090562928e-01
3.115917488469030605e+00 1.288026086390988922e+00 1.144893883275553748e+00 -7.471835346038537828e-01
2.778782505442252582e+00 9.172421650439943619e-01 6.207046355454058917e-01 -1.205158913188675296e+00
2.969684901698433244e+00 1.138182808034181370e+00 1.278437487298733410e+00 -7.896482483924747164e-01
3.026905280636102979e+00 9.950987102597568246e-01 1.097644576952807371e+00 -9.601100240922627593e-01
2.957360017978724720e+00 9.961595169946725337e-01 1.103990466408959703e+00 -7.088786445624035704e-01
3.035701794475324178e+00 1.057120651985433257e+00 1.058124975661798084e+00 -8.195921859810252341e-01
3.023172462346132683e+00 1.083578239459707548e+00 9.991426471650562968e-01 -8.007441323460952054e-01
3.007735162870367684e+00 1.124162418376645212e+00 1.421037948852642785e+00 -7.420000084364716253e-01
2.999055110142907488e+00 1.105353778084935623e+00 1.389987836279675371e+00 -5.663544785185928854e-01
3.012172405172482748e+00 1.072211634417993942e+00 9.549293221230836792e-01 -1.171227005307366564e+00
2.978118021497428547e+00 1.179236879822372908e+00 1.447033801786585805e+00 -6.940910261549758653e-01
3.092022149057011227e+00 1.103786423634562697e+00 1.253064434984737074e+00 -8.689634962890881997e-01
2.977440196701027553e+00 1.042236397612671839e+00 1.211153531284208107e+00 -7.475251466345167461e-01
2.919305391288943508e+00 1.019087303999219207e+00 1.166656717236628227e+00 -5.710449482953714462e-01
3.001887129694503997e+00 1.051099480088331761e+00 1.062680098684084307e+00 -8.685067490482129005e-01
3.009802854080218637e+00 1.080798016497385383e+00 1.031639779702794968e+00 -9.452581635540673322e-01
3.017280364813856419e+00 1.135971472017447859e+00 1.264235362901889870e+00 -7.453222940107262495e-01
3.001759095363395247e+00 1.061865929716379942e+00 9.973619480879749588e-01 -8.402732499486471607e-01
2.995011307709656734e+00 1.057675806080641268e+00 1.005266661308998222e+00 -8.835573224517114799e-01
3.015431298165786700e+00 1.047334002321482327e+00 9.555129843374170484e-01 -9.389953667955502903e-01
3.036796644865399575e+00 1.126225222326179720e+00 1.624202578697844679e+00 -3.940270299322412018e-01
2.991751109880606219e+00 1.142154499077692842e+00 1.345221891774371681e+00 -8.191822084032355233e-01
3.016738590143278387e+00 1.159585441446338683e+00 1.285434098022805172e+00 -8.077816606707817204e-01
3.110942653126812285e+00 1.162377006144178937e+00 1.021542132806218195e+00 -1.239239155800558656e+00
3.058586430860805283e+00 1.106957678722448879e+00 1.219081896246060781e+00 -6.440317070959981072e-01
2.917093392766075155e+00 9.845838554976333867e-01 9.638977438455088587e-01 -8.201607400828168082e-01
3.007991513071475609e+00 1.098769115356929227e+00 1.180118357148350450e+00 -7.153487752081236772e-01
3.074916418337104496e+00 1.257184974972674230e+00 1.478022976891419038e+00 -5.721506674791784208e-01
3.009624735163015874e+00 1.121375621560389169e+00 1.329964640455194136e+00 -7.315916600705028028e-01
2.655198344265298882e+00 8.860793584117303556e-01 3.275976133108727817e-01 -1.056000751597929277e+00
3.041968154178376516e+00 1.090061338223095921e+00 1.321992526620357600e+00 -5.976451589856085489e-01
3.066312859248378597e+00 1.103993024983398019e+00 1.347093803700403658e+00 -6.609074362587520346e-01
3.008205086083128865e+00 1.085932826395444861e+00 1.211460179995033526e+00 -5.662930065451545758e-01
3.030479840373955902e+00 1.109777607590052506e+00 1.233901661065505806e+00 -8.879721423585312801e-01
2.960301377730332639e+00 9.448064353321116160e-01 1.072840919421078398e+00 -6.865092257372084061e-01
2.989110647699636747e+00 9.500139791047097493e-01 1.194420953707460598e+00 -5.987305692789046674e-01
3.007235937624822775e+00 1.076197293629933549e+00 9.871917424936976770e-01 -8.348597932176218261e-01
3.016846830252684075e+00 1.109946726161250563e+00 1.252890529122463903e+00 -7.380616957885239859e-01
2.990250219489977823e+00 1.032116378431573445e+00 1.099717714596178064e+00 -7.886337518453099271e-01
2.909893721952909296e+00 9.929946267871248011e-01 1.077657893190104188e+00 -7.974027001782770796e-01
3.000092869628798731e+00 1.088607401145794018e+00 1.601305184878656807e+00 -4.228450430286015971e-01
2.943706871164574856e+00 1.035590544477658970e+00 1.008861641993360925e+00 -8.594121786278382524e-01
3.042255333775366388e+00 1.079577688216974973e+00 1.270877368992481271e+00 -7.200150197212691339e-01
2.965815163744886185e+00 1.108188997976912615e+00 9.551551270344273981e-01 -1.036870480741820533e+00
2.976669021889602362e+00 9.825112546709403594e-01 1.057603284202950134e+00 -7.804879973976823759e-01
2.763210889440676166e+00 9.152108819100391868e-01 5.401338565138673609e-01 -9.266992626853948201e-01
2.904389064842757939e+00 9.858405589721799256e-01 1.245683883916572032e+00 -5.261486287706375053e-01
3.003098566436669614e+00 1.085860225546119162e+00 1.039413968292779211e+00 -1.061207865086461144e+00
3.033281960063459959e+00 1.157656515503439287e+00 1.332025234906638156e+00 -7.197223461127468802e-01
2.960945668499128658e+00 1.082779590824678229e+00 1.243855285282952083e+00 -6.801866525314788081e-01
3.080751073697247211e+00 1.113331760953543581e+00 1.270160702051458035e+00 -8.569897647779820549e-01
2.881969259339679734e+00 9.934244625690188402e-01 8.398217092894826319e-01 -1.141477314740670046e+00
3.103420002678263234e+00 1.229767040984520721e+00 1.481728045024426121e+00 -5.051946431556004757e-01
2.928636428556712357e+00 9.586970210945335857e-01 9.454435482594110152e-01 -8.371177475476013763e-01
2.911438115617806854e+00 1.036803599350018423e+00 9.884779150297141603e-01 -9.734114150599093573e-01
2.912068383686064799e+00 1.061394767551739449e+00 1.321224699535291869e+00 -6.112654482628494534e-01
3.004573645930641135e+00 1.097951778618371677e+00 1.114950395309535880e+00 -7.057180634678755782e-01
3.017813433690746727e+00 1.046810405347359030e+00 1.065404622452933658e+00 -8.555865884295826840e-01
2.838876880987270646e+00 9.793870486218911875e-01 7.079767647490810001e-01 -1.046725020653966887e+00
3.055736221474360637e+00 1.088345637821345635e+00 1.161045367971042408e+00 -7.858614818656354251e-01
3.062367175470881886e+00 1.070033628884509369e+00 1.108271037975679496e+00 -9.457562275022950438e-01
3.020357978602873139e+00 1.145975319811237902e+00 1.487583806924452468e+00 -4.278027041266835306e-01
2.975557566649139396e+00 1.050197679752990387e+00 1.386418478171106639e+00 -6.652297363268777630e-01
2.977336481850636929e+00 1.056538647341679349e+00 1.133917854269575365e+00 -8.450659249312691967e-01
3.103355572706532506e+00 1.141331001093480069e+00 1.301966671051113744e+00 -7.015883929646009598e-01
2.928646144182866617e+00 1.144027452768995090e+00 9.344155539659428911e-01 -9.451204449669864394e-01
2.953748627669439131e+00 1.047333604868604162e+00 1.064487680268925596e+00 -8.820683191584148819e-01
2.894460022239619068e+00 1.065386331412149445e+00 1.048019818144590332e+00 -8.440145850127255267e-01
3.035563404380194452e+00 1.205949448715768924e+00 1.401978453974658700e+00 -8.387713129821681157e-01
3.000062078079917427e+00 1.012840723976676571e+00 1.122144627389217497e+00 -8.760088898517427447e-01
3.097338709795206757e+00 1.098103960089991116e+00 1.307970248112570566e+00 -7.081345525051467860e-01
2.986454704657120374e+00 1.101084472434793682e+00 1.122658987147131304e+00 -9.238973075154205405e-01
3.005768585977364626e+00 1.079815846151652936e+00 1.270538093405357394e+00 -6.877771159390986266e-01
2.906918509034836617e+00 1.063335656649370353e+00 1.302531377539618118e+00 -5.089694868465185484e-01
2.975830072475439181e+00 1.193674905954100085e+00 1.444695089980148284e+00 -7.604184569470047173e-01
3.047116812693028365e+00 1.067763649397673653e+00 9.869480617608266115e-01 -9.458355416450392461e-01
2.990854438117686254e+00 1.026618244166662697e+00 1.142283325886941592e+00 -8.215219304786910426e-01
2.771810029822534549e+00 9.542315400210872323e-01 8.602804149754149643e-01 -8.716933013388348250e-01
2.910060977223313028e+00 1.020575038342788066e+00 9.530643336034484436e-01 -8.989542235380562074e-01
3.064372009704456001e+00 1.103004624392813104e+00 1.229315219084420985e+00 -7.017458093532500385e-01
3.091517442903718660e+00 1.195107801048231000e+00 1.312431487203578051e+00 -5.347952637189569147e-01
3.078541973563568401e+00 1.137540057127277349e+00 1.034262810918873843e+00 -1.015219840875530632e+00
2.976895530806707768e+00 1.062879298901868275e+00 1.140660475329651868e+00 -9.842826612856856450e-01
3.017668358615496871e+00 1.238821020797189476e+00 1.210997021108009886e+00 -8.443785200324495088e-01
3.030442824994368234e+00 1.031124323882458116e+00 1.073013758093741554e+00 -7.501854910624339290e-01
2.983118896862159808e+00 1.104462027919435263e+00 1.244316197870730445e+00 -5.635122591659322833e-01
3.030087170648336325e+00 1.192667238552824749e+00 1.176373239137854076e+00 -8.657916989811869080e-01
3.042182832662009062e+00 1.196954192578050691e+00 1.261298038172975478e+00 -9.145424535581844205e-01
3.005771082097989488e+00 1.120465209984963462e+00 1.082606224460231026e+00 -1.158282574222632366e+00
