3.107040587529955822e+00 1.251721756130027119e+00 1.802260311516969526e+00 -3.658386632638940261e-01
3.131105975528227336e+00 1.373307489133667625e+00 1.831929576530618942e+00 -1.337000599198501227e-01
2.897745778118207216e+00 1.039207549287082255e+00 1.033902534791000916e+00 -4.567876782539452840e-01
3.082087518169827067e+00 1.218826790658463999e+00 1.514608025345737241e+00 -1.576524078466701728e-01
3.135369447811665378e+00 1.378443381642155519e+00 1.902514077260736514e+00 -2.945121285288317403e-01
3.004042009740091501e+00 1.216876036597161592e+00 1.527635602825600625e+00 -4.020746026010518226e-01
3.034495844452127944e+00 1.247212993089280131e+00 1.716780308460307936e+00 -1.317319223197596922e-01
2.995258783721204576e+00 1.188598834862494513e+00 1.526697547715748060e+00 -2.565181715126570450e-01
3.088278273515724148e+00 1.220265535464965634e+00 1.437881120778693456e+00 -5.097300033653127116e-01
2.970527255042044068e+00 1.159892302233764827e+00 1.456054295720489611e+00 -2.129569890872562987e-01
3.108266357148598225e+00 1.328670140186167359e+00 1.924947845114049150e+00 -2.056863658281095908e-01
3.045897862814291202e+00 1.393987943026021359e+00 1.952349709617241302e+00 -2.156997813741991510e-01
2.952795736155334971e+00 1.024488642986812970e+00 1.117376018457195030e+00 -5.164549454062773437e-01
3.120804342682864885e+00 1.221508153691503340e+00 1.619503773593359064e+00 -3.813132284973394515e-01
3.053898835761130304e+00 1.166680205989587549e+00 1.819864406572876181e+00 -2.934064058947406795e-02
2.997240226060237323e+00 1.126050544600645686e+00 1.586637640779009706e+00 -9.637824939403046021e-02
3.084088549081046793e+00 1.397080374450303752e+00 1.710121434824924069e+00 -3.482319902063705785e-01
3.018718535773683875e+00 1.298891419640690437e+00 1.669625062669350957e+00 -3.647945281892024938e-01
3.053855443253536972e+00 1.126618735704246976e+00 1.436893487926143020e+00 -2.112190861896235117e-01
2.956084236416057553e+00 1.185646230585738925e+00 1.467023262790702276e+00 -2.442912361267406962e-01
2.920134653887751508e+00 1.105719823867284513e+00 1.560120285811660512e+00 -1.101246288784336197e-01
3.041948058504168717e+00 1.154322348420755207e+00 1.386051691373098471e+00 -3.277298725941667490e-01
2.995414597670853940e+00 1.146142785356564442e+00 1.420825739675317667e+00 -4.825016311724795726e-01
3.069136516168001538e+00 1.163349731588039671e+00 1.453369742601560155e+00 -2.194274411857858598e-01
3.067368802197952604e+00 1.273811611217340323e+00 1.431096743284974160e+00 -3.714383803454710531e-01
3.015803118964305529e+00 1.135488181359214144e+00 1.417100211928700615e+00 -2.250213001519546230e-01
3.019380080986290071e+00 1.123663244923404525e+00 1.648960511932854534e+00 -2.182503702361034692e-01
3.059220184161725697e+00 1.302742539491931195e+00 1.421338015313245551e+00 -5.030689236956672472e-01
3.085367464943950644e+00 1.349923767365348581e+00 1.738016439454538320e+00 -3.796766255088107056e-01
3.017838286441787421e+00 1.164858439385851430e+00 1.412169308737914353e+00 -2.226292646316913593e-01
2.895507128938159092e+00 9.683356653980125239e-01 1.020077236641983243e+00 -3.777803146968863324e-01
3.015790338355979650e+00 1.100664676313033441e+00 1.523776756417013267e+00 -1.878433469733876426e-01
3.004983163188854167e+00 1.246690071855022008e+00 1.775405123820564590e+00 -1.581600909153761114e-01
2.993977027098506660e+00 1.287695977464290431e+00 1.830041140136090316e+00 -1.946222955773145857e-01
2.936102627088732930e+00 1.194972471752567600e+00 1.748920066111757432e+00 -1.391514667599803023e-01
3.117214858353275719e+00 1.210279098434802192e+00 1.485175576602265624e+00 -3.988322561793989918e-01
3.151706758498883154e+00 1.247314464558658020e+00 1.808421663113650046e+00 -1.193477019787374943e-01
3.010273628622778030e+00 1.149258574520020115e+00 1.509308683550358188e+00 -3.114070880366778815e-01
3.126917464606687957e+00 1.274201205501067191e+00 1.436631910261146228e+00 -5.193752173606532851e-01
2.979306971318446351e+00 1.004980781418410407e+00 9.865246055094462063e-01 -5.349948384204410434e-01
3.007536652280448308e+00 1.116427735271499522e+00 1.500302616650424081e+00 -2.654051830168281945e-01
3.074002148443895521e+00 1.261563571678345985e+00 1.509993623986199074e+00 -3.500525288341435060e-01
2.949516400979597108e+00 1.070603183238256761e+00 1.056847844419680493e+00 -5.321793483145902393e-01
2.955916699033582340e+00 1.136067657726420155e+00 1.473136640854707524e+00 -2.810305332972423131e-01
3.024178511635100541e+00 1.164504115020584374e+00 1.571767629746247952e+00 -3.645659190655714532e-01
3.167062679788758661e+00 1.238753049682651097e+00 1.669467470618734461e+00 -1.834216765808610872e-01
2.955305157313950826e+00 1.139747427179858663e+00 1.019620677905426875e+00 -6.230563139025362407e-01
3.052587351647245040e+00 1.133818603352509502e+00 1.526627084150560920e+00 -1.870195287292280573e-01
2.996196249606500217e+00 1.260078036804675117e+00 1.768561713799041923e+00 -1.265252628901858967e-01
3.003982907502917854e+00 1.136890672997362683e+00 1.287685936067116454e+00 -3.094501874078673387e-01
3.084248104200228990e+00 1.282542505358050811e+00 1.777632455539929879e+00 -2.149102234218049357e-01
2.934969484313189714e+00 1.167716015543319052e+00 1.550516100025991051e+00 -1.982654738727697152e-01
3.010301972257833913e+00 1.250748221465518784e+00 1.504293954776432463e+00 -3.073321665866219909e-01
3.014297543527457268e+00 1.161733252292458385e+00 1.208254336800046236e+00 -5.742293022753934828e-01
2.964113952156040011e+00 1.241643475408851449e+00 1.467495789128618000e+00 -4.242551151992320357e-01
2.878099256471547740e+00 1.255552670619924260e+00 1.858396757995759208e+00 -1.428336017394559176e-01
2.955524546620287296e+00 1.032356886086373438e+00 1.020846023578472206e+00 -4.781771651371824472e-01
3.016550307630796457e+00 1.301697184741125835e+00 1.400054806948372477e+00 -4.379980449140777887e-01
3.027711895308714762e+00 1.322428059853004934e+00 1.989168952958781933e+00 -7.514907125581887781e-02
2.982346663657292396e+00 1.116379914987031929e+00 1.700113720656658334e+00 -1.685511251743100625e-01
3.033863788331079725e+00 1.213925085404246706e+00 1.693330400712651507e+00 -1.654594997187413263e-01
3.067815949366468953e+00 1.094696359788631002e+00 1.753779090277986397e+00 -1.182856725694095834e-01
2.576730594002056396e+00 1.053499449724482506e+00 -1.167267304368285519e+00 3.048027033650028694e-01
2.977317185772185404e+00 1.292238013912147210e+00 1.416020262207888125e+00 -3.428340610795606036e-01
3.081715145391227928e+00 1.270551964286097624e+00 1.814505772583833387e+00 -1.356095391959084295e-01
2.955155969484243972e+00 1.158374521014247760e+00 1.519181935895342450e+00 -2.493245171277999328e-01
3.038060297526314901e+00 1.178936380573270881e+00 1.685553637213676792e+00 -1.763178554731407444e-01
2.960063831151924507e+00 1.197774111747807790e+00 1.332665017121672069e+00 -4.225792373785550726e-01
2.963277260030221072e+00 1.100115338382519958e+00 1.418819462374948825e+00 -2.011018053254647331e-01
3.022579067021212484e+00 1.169156036784976482e+00 1.588212088625319707e+00 -2.825582606513384887e-01
3.112389434202517347e+00 1.408980135329001904e+00 1.436979639229944317e+00 -6.089709510357169675e-01
2.508566280978425045e+00 1.106672525240672833e+00 -1.132983377705885752e+00 1.089538790047207828e-01
2.946749754897077800e+00 1.144492999145072964e+00 1.280312386481252007e+00 -4.475615970175302327e-01
3.133508412104164975e+00 1.306530969828273214e+00 1.525628064968520103e+00 -3.995193462141222729e-01
2.990158728020962720e+00 1.205843956429271779e+00 1.394608371083194687e+00 -4.199784342319746178e-01
2.996144425945502121e+00 1.225583514506565663e+00 2.063702536333830828e+00 -5.978374771677633787e-02
3.049572273145358281e+00 1.213961467819728357e+00 1.734843864041608397e+00 -1.635486742859923737e-01
3.013849117464217908e+00 1.161869251138103243e+00 1.829873521389494329e+00 -8.013870803159879597e-02
2.578599399388858959e+00 1.021453023310512132e+00 -1.506416111222623533e+00 2.513636951720268353e-01
3.020384340106255561e+00 1.137765743305821919e+00 1.839598866621025230e+00 -1.221359597788417017e-01
2.998958911746507194e+00 1.142084620250478855e+00 1.675569516043468710e+00 -2.387375231299278533e-01
3.009380570512611097e+00 1.169032874918896958e+00 1.494736413694315758e+00 -2.584939084106032681e-01
3.032147769649528257e+00 1.184389790284591903e+00 1.348339203500837691e+00 -2.605362131593437214e-01
2.985046607376966588e+00 1.070881345735189338e+00 9.073932619129658761e-01 -7.499880602051099965e-01
3.069773465059879580e+00 1.332335511253419424e+00 1.894196626769741654e+00 -1.366869490018605970e-01
3.061155184299313881e+00 1.246038440375925926e+00 1.385683116097606415e+00 -4.489066777054179225e-01
2.972832331468316269e+00 1.181067355208281988e+00 1.203407149325886660e+00 -3.648253280337153681e-01
2.915895722268377011e+00 1.111978945087894965e+00 1.853309160947470557e+00 -9.310706466336611531e-02
3.003534303384852056e+00 1.088968922305169729e+00 1.199847559261776331e+00 -6.498283596295961750e-01
3.012131369567908834e+00 1.078786663081478858e+00 1.580183691275500513e+00 -2.449343335132682098e-01
2.936020457085469548e+00 1.019797742014247444e+00 1.020569393851281870e+00 -4.956976561532933645e-01
3.010322919758144256e+00 1.051887570891820500e+00 1.571772524292436968e+00 -2.631217845174625425e-01
2.948888628340275986e+00 1.198083386010076579e+00 1.579804422371564376e+00 -2.854836735226824462e-01
3.044952421999881587e+00 1.143450498297726492e+00 1.337600157890403096e+00 -2.808137882968944066e-01
2.939263659491230918e+00 1.088053961524710900e+00 1.157062852991106006e+00 -4.246353985361058792e-01
3.043738485408998162e+00 1.191530873912904243e+00 1.701173723083794886e+00 -2.858677687359292841e-01
3.150879226912477016e+00 1.394914531261155721e+00 1.829988617932434503e+00 -1.700769651500688984e-01
2.970117813476543578e+00 1.095428458579217113e+00 1.365821367870481584e+00 -2.712280314556847483e-01
2.952240581894513660e+00 9.989933076765729059e-01 1.187679301789263508e+00 -3.841217446706407523e-01
2.998152459528892422e+00 1.164909181883590827e+00 1.704604070585951980e+00 -1.803936144113909568e-01
2.910140088760510668e+00 1.027387528797157445e+00 1.057552621340851706e+00 -6.003247414309474950e-01
3.128854143375179753e+00 1.114838531930564258e+00 1.444342361725052148e+00 -3.707475035702160748e-01
2.984316682573047164e+00 1.028943280173978181e+00 9.768940228934674952e-01 -5.838128773572135444e-01
3.016815128266321366e+00 1.165646480343748292e+00 1.484947344574617301e+00 -3.567162301858244899e-01
3.021468054171800866e+00 1.119291548735917630e+00 1.585424824578317127e+00 -2.824095331360037542e-01
3.073569663196134005e+00 1.300828985168491325e+00 1.670657993593930968e+00 -2.437670367555913320e-01
3.009864784671871796e+00 1.130648824854340928e+00 1.319777658543715537e+00 -2.761439556548659913e-01
3.034143555054947150e+00 1.210569129647604658e+00 1.624577278433666061e+00 -2.112057787442959689e-01
3.052210286420143248e+00 1.161514607530385046e+00 1.578694779607042298e+00 -3.188902583069201935e-01
3.015066878893678304e+00 1.431212114981179395e+00 1.649159449061339933e+00 -3.040406299220634323e-01
3.017633395678894104e+00 1.378743224252175548e+00 2.097616973217970138e+00 -1.024957135432465610e-01
3.044957240873258364e+00 1.186508587802683534e+00 1.285486254189956767e+00 -4.128727579797070724e-01
3.067220930727614370e+00 1.105636382786918670e+00 1.592556391678548344e+00 -2.439858046444292605e-01
3.048475509063931721e+00 1.207146320925695182e+00 1.638331650234577053e+00 -1.742746501206759169e-01
3.020656323974112656e+00 1.202505302071770865e+00 1.540956510436041427e+00 -4.560932463568830864e-01
3.032351521707974840e+00 1.140474919545089616e+00 1.470794371623449281e+00 -3.261246327489824570e-01
3.068756450080080800e+00 1.352426977791170604e+00 1.936675449481045863e+00 -4.660027121897478142e-02
2.918587210743516902e+00 9.810993255824038695e-01 1.151163361889495196e+00 -4.098095529100395096e-01
3.032133048011619092e+00 1.226589402422703312e+00 1.591792377678440840e+00 -2.790408222401706273e-01
2.979074061319959554e+00 1.048311792010613086e+00 9.964547857007906018e-01 -4.992228804564953770e-01
2.956438719916985036e+00 1.162249040836545344e+00 1.500678654277140200e+00 -3.993654011353706679e-01
2.927997876926926590e+00 1.235212777422751929e+00 1.408165900902633494e+00 -3.985278860012670399e-01
2.606698750210753257e+00 1.110007424883443283e+00 -1.219202161785988281e+00 1.141429543629420978e-01
2.968338107968632400e+00 1.099370707509833345e+00 1.244950709099212016e+00 -3.467457161349406514e-01
3.074902800709081063e+00 1.253974061270174190e+00 1.634048097151694412e+00 -1.959410678328229460e-01
3.024029759320285837e+00 1.104949329930442481e+00 1.696197296366867446e+00 -1.992440260183193645e-01
3.019220451565631347e+00 1.096822837258715877e+00 1.541461563013440728e+00 -2.657369753930557410e-01
3.010306396847052035e+00 1.160549798221430784e+00 1.890487945671264436e+00 -1.022402432306580983e-01
3.112792859831976511e+00 1.283243377492283566e+00 1.580501308220969570e+00 -3.379822966762326408e-01
3.046232717841939053e+00 1.198586380981022659e+00 1.528952582166113849e+00 -3.251767269140193317e-01
3.036408454056401585e+00 1.242803808143594146e+00 1.907856790027939953e+00 -5.153949086315936720e-03
2.820560516177010868e+00 1.052901628854320926e+00 9.996047235453452418e-01 -4.996638344423827149e-01
2.994176220556880264e+00 1.314909749114178128e+00 1.412823606953462319e+00 -4.944918368579628298e-01
2.934931708473283773e+00 9.923024693133468688e-01 1.015609570311293286e+00 -4.709728424643792044e-01
2.928767659998382733e+00 1.055883069842521449e+00 1.008321189934428652e+00 -4.467961241472656608e-01
3.068796379030610755e+00 1.191825636486179230e+00 1.354063526927085093e+00 -3.334843901725532689e-01
2.906591868479486696e+00 9.347218258419645043e-01 1.265533739283299930e+00 -3.029584066862248126e-01
3.002995152196775930e+00 1.158559353761437150e+00 1.435609326721507539e+00 -3.684849247719961807e-01
3.002445428916481251e+00 1.109608257587952007e+00 1.535327618837957431e+00 -2.251935414300360039e-01
2.990104383604106353e+00 1.176896887070497888e+00 1.701265427011750209e+00 -5.783997994166086704e-02
3.037515469114079991e+00 1.297733993922708828e+00 1.744792986016527436e+00 -1.889916225769924241e-01
2.986763784237317143e+00 1.147622415403320106e+00 1.474080277693399887e+00 -3.721876695048709216e-01
2.944398130513553813e+00 1.246339998389501380e+00 2.218737154186548821e+00 1.490752348770805757e-01
3.092467119737010606e+00 1.267137982244506134e+00 1.500922809225746946e+00 -3.633456179101170469e-01
2.971292378667031553e+00 1.296318635854625478e+00 1.733858041716145104e+00 -1.980739092599951290e-01
3.051517867070484780e+00 1.135773783522964209e+00 1.581425318378417266e+00 -2.133270614403213750e-01
3.120232728708538961e+00 1.319789306426719211e+00 1.862153173522505423e+00 -2.501015570618227990e-01
3.049680590478562880e+00 1.254099499592371769e+00 1.521752004460211083e+00 -3.494395705102752991e-01
2.986977335097174002e+00 1.215813684613471057e+00 1.721154731564293217e+00 -6.817098883460527559e-02
2.984507505311146947e+00 1.190312771543061032e+00 1.547596513531517948e+00 -2.665680234568928442e-01
2.954357088328241954e+00 1.115918009020457458e+00 1.575813879860108457e+00 -2.185102340869110316e-01
3.040297990288892471e+00 1.267208122501446432e+00 1.535999637440596866e+00 -3.969793612238141089e-01
2.589845370787188017e+00 9.863377412014577850e-01 -1.309851900297230420e+00 3.147802828761390170e-01
2.968744065830273282e+00 1.188709411516442715e+00 1.549495358203602402e+00 -2.817537493765671641e-01
2.935922293853442167e+00 1.113016945592210760e+00 1.277275030294017455e+00 -4.660641653259887107e-01
2.985844291467829592e+00 1.173880716484604791e+00 1.634467756199131427e+00 -3.023570521194155619e-02
3.066956042066550925e+00 1.321918534753369068e+00 1.783260390286663055e+00 -3.655504190896394223e-01
3.102081998119145201e+00 1.427415166364032428e+00 1.819827628066009062e+00 -2.941362153635918020e-01
3.032358475974001433e+00 1.234323584597134760e+00 1.885917289649155393e+00 -1.455404827567121362e-01
2.973854943068263701e+00 1.088690333450563541e+00 1.308199998999473479e+00 -3.948163117021079582e-01
3.022508678576101726e+00 1.206111683124177159e+00 1.597861946165880287e+00 -3.162355009249551152e-01
3.103027534479221305e+00 1.306910999542045371e+00 1.709670488162907231e+00 -1.963023449388430208e-01
2.938167256826553775e+00 9.935944698135930064e-01 1.091260311940309258e+00 -5.106602080509284880e-01
3.162801337880138064e+00 1.490473291917173260e+00 1.899739061479442270e+00 -3.197726679402753680e-01
3.162349749847404912e+00 1.266772940203997777e+00 1.773106079274461955e+00 -1.958879304438644608e-01
3.034951025113247880e+00 1.177999960850028227e+00 1.607977149585609444e+00 -4.454624954063695630e-01
2.966644625224569065e+00 1.092503140471363432e+00 1.549172042592894538e+00 -1.541596711723810798e-01
2.907671406024657124e+00 1.053596899694915434e+00 1.050979382082571245e+00 -5.055707086869555278e-01
2.952845131033148718e+00 1.089493990953169344e+00 1.136047250838054135e+00 -3.521269021980071301e-01
2.998730235212367479e+00 1.312372843949832779e+00 1.438454064175591851e+00 -3.231781980287556921e-01
2.937267571775184383e+00 1.189366536322837398e+00 1.755412185173682360e+00 -1.440292067497158934e-01
3.135809434369996485e+00 1.218301243753579177e+00 1.776633298277979556e+00 -2.239532091998635011e-01
3.029988266690603727e+00 1.169869552213669950e+00 1.523030333909537015e+00 -2.366414606169328916e-01
3.060186219780713035e+00 1.128430179726396254e+00 1.451712310879537338e+00 -3.997711375434257475e-01
2.991690783126768505e+00 1.099057070452962970e+00 1.631505397536071156e+00 -1.003063758648115866e-01
2.959102485560950679e+00 1.203019303184131417e+00 1.540855993186040829e+00 -4.408797598938049012e-01
2.887709777630595998e+00 1.147589650336254152e+00 1.641865624955227254e+00 -1.375450015052881725e-01
2.968585084423457143e+00 1.030513367084279208e+00 1.062251360598969185e+00 -5.316385686984723691e-01
2.960091622133070199e+00 1.169773009655113105e+00 1.729650089477080543e+00 -5.486876598454776960e-02
3.035403730105274089e+00 1.203127670721828135e+00 1.394759129949760812e+00 -4.222130557547982832e-01
3.009930658594722530e+00 1.127944882670967708e+00 1.607884427553317952e+00 -4.993840490615653049e-02
2.965487291957713989e+00 1.155621855547382948e+00 1.592434842514479865e+00 -2.809772704882984029e-01
3.317466940578594148e+00 1.399587579393549053e+00 1.623801427034881728e+00 -4.789846132822827007e-01
2.930237651091299522e+00 1.186722192505354823e+00 1.414792254459783738e+00 -4.323569795439737851e-01
2.633647453169227770e+00 1.028316987851831454e+00 -1.239149597808780756e+00 1.639713036624766695e-01
3.041887144799109155e+00 1.458519344348389479e+00 1.955617237041253897e+00 -2.503141947985493276e-01
3.029546001874173999e+00 1.315012542724467881e+00 2.053135033840035817e+00 -4.620252922967050396e-02
2.981590601426793441e+00 1.020247892012502433e+00 1.729803770270145646e+00 -1.746793549988282512e-01
2.935306060429581088e+00 1.225153069262085115e+00 1.513266599607991036e+00 -3.353198203103381347e-01
3.040487548789029493e+00 1.210837379329025243e+00 1.364078014641343151e+00 -3.442334315579124726e-01
2.988448540783810170e+00 1.323380033983501347e+00 1.705050801884790745e+00 -2.585908511768517659e-01
2.954636183552811879e+00 1.108359416784169715e+00 1.563545531518705234e+00 -1.501772875359339288e-01
3.021462272219931577e+00 1.403578443022678535e+00 2.042705507274266363e+00 -1.462730711757761759e-01
3.102827606492631229e+00 1.307348744813060959e+00 2.013924374352962676e+00 -1.931647248723749322e-01
3.092373966520230333e+00 1.417012850779276523e+00 1.677867528589403134e+00 -2.789962850114048876e-01
2.978260205700058449e+00 1.076246968067606335e+00 1.430060367418818146e+00 -3.365370824279969586e-01
3.142059814889452962e+00 1.400386077687922670e+00 1.851296351989509370e+00 -2.355691260929080877e-01
2.999775597670248484e+00 1.129203136053106737e+00 1.436484403855992964e+00 -2.623493868410897156e-01
2.949950730376198482e+00 1.203818445733300768e+00 1.409276568547996655e+00 -3.780219462304696965e-01
2.991949993501932692e+00 1.138893222614671519e+00 1.549573195213379551e+00 -1.770395876718072747e-01
3.098423144939353335e+00 1.261581626029467662e+00 1.939129167577916535e+00 -3.341071043310191169e-02
3.025089064359123281e+00 1.177031692172987754e+00 1.754422036426437126e+00 -2.545414196006301477e-01
2.982242898238969264e+00 1.149610828901817428e+00 1.600975169549399002e+00 -2.906561251256075118e-01
3.148738945183773730e+00 1.125670466220184629e+00 1.362496873577023093e+00 -2.768697853577123946e-01
3.054903339684236663e+00 1.386583985889025650e+00 1.979595914262537226e+00 -2.270705143898446021e-01
3.017114484583936829e+00 1.123493967357622525e+00 1.505923696220684338e+00 -2.331424970518712336e-01
2.997602373716500956e+00 1.019193327892922163e+00 1.585333039694673873e+00 -1.419083070468179497e-01
2.977121277110559738e+00 1.076343253267289413e+00 1.679459384415352252e+00 -1.959196804070894027e-01
3.002347275505321544e+00 1.147704222892197645e+00 1.474889832991131300e+00 -1.805375700696719710e-01
3.014071365125238877e+00 1.180474898635624381e+00 1.534009700063088344e+00 -4.068603785203849244e-01
3.019136685837207956e+00 1.312455126384980186e+00 1.375957171911346588e+00 -4.940266043223361381e-01
2.971136694219368657e+00 1.202461694624385125e+00 1.588728844015568464e+00 -2.703997301366340422e-01
3.062794014132725451e+00 1.374307825304877273e+00 1.848631678903828179e+00 -3.469195235348607187e-01
3.079293210325182883e+00 1.399234862086633724e+00 1.563956832364194804e+00 -3.838668553644827841e-01
3.076499998399305547e+00 1.135783321131201840e+00 1.444990978268905657e+00 -3.206105111190531431e-01
2.561266538769324086e+00 1.019395976409411597e+00 -1.189965347497407011e+00 2.449583187256758054e-01
2.975386443704756356e+00 1.090462702935216077e+00 1.379247316964294257e+00 -3.076412879117174648e-01
3.044178858554848599e+00 1.280667929818104511e+00 1.844634782251929339e+00 -1.855495269161832328e-01
3.000972712801262432e+00 1.247454770842329586e+00 1.827623831127568543e+00 -9.585674086179124531e-02
3.045830767362627700e+00 1.261420443479730258e+00 1.669751271710756102e+00 -4.479737004047205651e-01
2.948297504592965357e+00 1.033173079596099608e+00 1.186676940072956432e+00 -4.274215128090521065e-01
3.013605252315640470e+00 1.212958628941798400e+00 1.482741888695996879e+00 -4.346124971404795034e-01
2.968260701238930821e+00 1.142717094101305397e+00 1.480667987847505529e+00 -2.255232791630616407e-01
3.124266423330417819e+00 1.303479000335380666e+00 1.421816362036007364e+00 -4.663700241561353210e-01
3.019773496303501670e+00 1.121458204050188812e+00 1.790714893962615850e+00 -2.039087468517306878e-01
2.953788014760329705e+00 1.162222431466704675e+00 1.576328276509897819e+00 -2.788737385877994579e-01
3.013725772063170716e+00 1.113540700011264040e+00 1.512563199260292368e+00 -1.810412705543821832e-01
3.136890311198035963e+00 1.361853450398255561e+00 1.819624805289290270e+00 -1.375006384924589986e-01
3.036619004423970036e+00 1.169105029495943082e+00 1.651029591955773368e+00 -1.280100082792139105e-01
3.005110534783889342e+00 1.273705620657824999e+00 1.765750233837871885e+00 -1.736949298413820175e-01
3.016097046363093170e+00 1.301321416863416180e+00 1.752022985145249345e+00 -2.290574653949314921e-01
2.576709012067082138e+00 9.539720779267610862e-01 -1.016508470000518471e+00 1.382002385313750858e-01
2.995090786897887991e+00 1.177218658189088218e+00 2.000787830809039658e+00 -1.321642259928580351e-02
3.012276602051876306e+00 1.142591587372325801e+00 1.422373292330435968e+00 -1.873757820034106236e-01
3.081916628954353587e+00 1.330378583060723319e+00 1.761967904212685010e+00 -3.048632971673774228e-01
2.999803371204190494e+00 1.100333939815344442e+00 1.245563626073483254e+00 -4.943255064635019846e-01
3.036023711434748584e+00 1.153544066809657931e+00 1.415210205701302293e+00 -3.112443318044176288e-01
2.970572344897106198e+00 1.095151571708289140e+00 1.830497784983450726e+00 2.185288821812561219e-02
2.951829675671482800e+00 1.170178421160280813e+00 1.600225663140365961e+00 -2.030031356062694525e-01
2.994035128200178697e+00 1.328565473917099782e+00 1.705931254486753534e+00 -1.296022079933011883e-01
3.019439111778442708e+00 1.255076345269893645e+00 1.854937538734103608e+00 -9.446983789592737490e-02
2.980315737609338100e+00 1.139390229489940065e+00 1.528920981078700336e+00 -2.220619687409435827e-01
3.050269899611969926e+00 1.281975185714948617e+00 1.420353135549681012e+00 -4.680222408059373507e-01
3.063448102808997042e+00 1.232915880723817192e+00 1.528712056293510368e+00 -3.989502869935633855e-01
2.983529770781836454e+00 1.282574962793045170e+00 1.711112028682432173e+00 -2.298624338947642953e-01
3.057791794937161800e+00 1.263284996880954969e+00 1.397572584611570301e+00 -4.527339623465784779e-01
3.017079086563314583e+00 1.197313512759513143e+00 1.508458835892616090e+00 -3.205449116288748845e-01
3.053231109331723481e+00 1.114697942473935832e+00 1.292237883164951251e+00 -5.526363621554186700e-01
2.986301847562196077e+00 1.188976284848559439e+00 1.407724319862590612e+00 -2.991268956547816771e-01
2.944231583192812529e+00 1.151706268928674559e+00 1.575554328193372600e+00 -2.055385003961431312e-01
3.036884200079656537e+00 1.227775276989510278e+00 1.408525722837369543e+00 -4.002127870538452759e-01
3.034496628414901753e+00 1.238052685543929554e+00 1.712551885743956781e+00 -1.076568380362095956e-01
3.011955445611070203e+00 1.112244087125240810e+00 1.508730846224759503e+00 -3.113249730682167149e-01
2.943611521797069308e+00 1.121961944158703428e+00 1.565282865684190172e+00 -2.884512677417719884e-01
3.127987427250432440e+00 1.302928690375953380e+00 1.588623321460693738e+00 -2.290604826721175658e-01
2.969229667371201309e+00 9.899810559393997789e-01 9.416228497058487523e-01 -4.881186009733612385e-01
3.039213339697691474e+00 1.115364935762226839e+00 1.419966292786821960e+00 -3.778642139078362550e-01
3.037512252418024694e+00 1.189250429667043196e+00 1.732286446769447874e+00 -5.843672926146108171e-02
3.075235349962991638e+00 1.269088440081070690e+00 1.656053188713477065e+00 -3.522091467280197841e-01
2.854352137468166628e+00 1.068951075621957125e+00 1.323614273757530935e+00 -2.338335727527132424e-01
2.998876342381610272e+00 1.160225971698221725e+00 1.577223701251771359e+00 -2.336339587154745712e-01
3.027995172122964096e+00 1.196483251054462515e+00 1.619582646183607144e+00 -3.233812543265217609e-01
2.991893643179849516e+00 1.176019446674970270e+00 1.740665304508250744e+00 -1.213222322593585367e-01
3.099660752967888122e+00 1.375460099717612739e+00 1.640573569114227137e+00 -2.557664190052634789e-01
3.049626492981172277e+00 1.215153905372262866e+00 1.746230911229638805e+00 -1.834709434293892993e-01
3.066393363752340839e+00 1.290754357282591469e+00 1.865802011057380083e+00 -2.086158718323621319e-01
2.936857612811463181e+00 1.181261669442952744e+00 1.461392795173860781e+00 -3.490485019517884924e-01
3.051069126845649127e+00 1.134362310814054808e+00 1.302371469103340562e+00 -4.147184649131985812e-01
2.922532503881050570e+00 1.176840962485454112e+00 1.814561742711904735e+00 -7.463652401159531768e-02
3.032359981281037342e+00 1.277784067345050012e+00 1.515818242474084254e+00 -4.598667695019841295e-01
2.975149086113408448e+00 1.175105654942306677e+00 1.892909196427694507e+00 -9.602187182351619790e-03
3.053987865073223062e+00 1.228326087016854418e+00 1.373008631353048514e+00 -4.329216124878038641e-01
3.057541396995119509e+00 1.206725789270358229e+00 1.776730652283172063e+00 -1.317169635726220533e-01
3.147952555967873600e+00 1.402779048804334350e+00 1.810995766469626123e+00 -2.696573320950481079e-01
2.971694823603619806e+00 1.241760846454812883e+00 1.679690269385441859e+00 -2.794779522185723564e-01
3.061928999199495127e+00 1.243921197212185970e+00 1.408238328981840981e+00 -4.099523709270701533e-01
3.103723177911275499e+00 1.311863823112580762e+00 1.688488903929633356e+00 -2.692208166163772010e-01
3.004546284033337677e+00 1.128631902155958544e+00 1.412652028585283270e+00 -2.757630389424695072e-01
2.977419382282072924e+00 1.182307361606480756e+00 1.784718368854751214e+00 -1.035437178735762742e-01
3.059919918635520375e+00 1.307365071986406502e+00 1.554155191294956939e+00 -3.314793405578240204e-01
3.002917179617615950e+00 1.148285741712766539e+00 1.747201524022502950e+00 -8.078034466228913024e-02
3.042463735619149734e+00 1.264380549449988234e+00 1.982021511054042229e+00 -1.295980265491390171e-01
3.055329957684005393e+00 1.204314645559938945e+00 1.696304586895267086e+00 -3.002970118728031101e-01
2.975706419977285577e+00 1.222175531207652988e+00 1.486987176748314932e+00 -2.442285917911975746e-01
3.029829747095801551e+00 1.126160449479139514e+00 1.579268433510369274e+00 -1.550619870679267043e-01
3.012024619935517844e+00 1.326660794595277082e+00 1.708049828686204030e+00 -2.380763998261097303e-01
3.043112529447125070e+00 1.261178770172479924e+00 1.661897140235572445e+00 -2.286792584602275191e-01
2.995068968567706769e+00 1.296093838280438115e+00 1.670937844996441601e+00 -2.646863258350491410e-01
2.897907517910268460e+00 1.019087036727964080e+00 1.251680717311578039e+00 -4.699413413457486088e-01
2.977826337065317741e+00 1.121364198256245892e+00 1.515190161038866945e+00 -3.012663939743329689e-01
2.988059913501454279e+00 1.137830308038966232e+00 1.426506666554401725e+00 -4.328459915302737548e-01
2.961444758856071946e+00 1.182065051912601472e+00 1.647405851712155700e+00 -2.705382426275157459e-01
3.063349402557318246e+00 1.226501695758132060e+00 1.829430996903481210e+00 -1.836718912877223220e-01
3.028599738118364915e+00 1.154578704094838093e+00 1.519452393457628947e+00 -2.145918403087015425e-01
3.007351589331498154e+00 1.154186498014790674e+00 1.380762185764482730e+00 -2.347922857966742161e-01
2.929711120200644725e+00 1.116098733664431020e+00 9.408309257737800246e-01 -5.437627646492988465e-01
3.005557756372506439e+00 1.284448496418140628e+00 1.464042945825756448e+00 -5.655050100472432950e-01
3.045418633940455866e+00 1.150245742468009480e+00 1.422137666212035079e+00 -3.036859257174012172e-01
2.943732038956165198e+00 1.008329653938443649e+00 7.350224608031592499e-01 -6.288236139946451475e-01
2.625137491661834854e+00 1.009045019881135374e+00 -1.349458008210249860e+00 2.931598934572399173e-01
2.938643361440526292e+00 9.516259780487243969e-01 1.270426169052060850e+00 -3.554230585459010050e-01
3.101802934829345659e+00 1.285564579311955447e+00 1.593415362000264901e+00 -4.477530708072501864e-01
2.968074791267392598e+00 1.038569393276221664e+00 1.621685867389141888e+00 -3.858105915062238350e-02
3.016396389387259180e+00 1.105683737060905836e+00 1.657075472745053624e+00 -1.054718957655037676e-01
2.928659217125608727e+00 1.003475255504909569e+00 1.326337070601085966e+00 -4.176336287651563617e-01
2.958828284015418753e+00 1.089919669745179398e+00 1.213283649658099872e+00 -4.888039988721269991e-01
3.049339553463387809e+00 1.098169930753080559e+00 1.358441593375082412e+00 -2.520928261069868004e-01
2.981906594047485815e+00 1.201299068283845140e+00 1.917928061827009811e+00 -9.847192619431109628e-02
2.999525994324734324e+00 1.088340669952627460e+00 1.293566895321346610e+00 -3.469693591976573122e-01
2.997948998189615022e+00 1.157119888941838370e+00 1.926003623008617938e+00 -2.272617198805542901e-02
3.103027331830154445e+00 1.363425175558921509e+00 1.621363281655128441e+00 -4.030358837074662359e-01
2.950586782255034013e+00 1.237686054199213626e+00 1.593656976775802647e+00 -2.639905776657283654e-01
3.062472955407399500e+00 1.142879449678586790e+00 1.331207343355682804e+00 -3.983126796284784388e-01
3.140926218795593083e+00 1.390316969241516487e+00 1.862937830828785613e+00 -3.079014918752251972e-01
3.055441150723095856e+00 1.192838999672424460e+00 1.388725914039979470e+00 -3.018811056658454173e-01
3.038065987067243068e+00 1.245809402441053759e+00 1.709186640235819565e+00 -2.230641520904401431e-01
3.031293543385771727e+00 1.150183526504408915e+00 1.422375094934065443e+00 -4.144975127047005881e-01
2.970328235100752057e+00 1.197432462965682731e+00 1.588333969792618872e+00 -2.697902612750829876e-01
3.025093384304319066e+00 1.149255083876320915e+00 1.699174658855564068e+00 -1.459378636822152193e-02
2.963873359237469085e+00 1.057481033473089527e+00 1.143549034238491080e+00 -5.103260928913393446e-01
3.044975898246027768e+00 1.227958251292586622e+00 1.742624973265729293e+00 -1.407534056355366214e-01
3.027216660332494591e+00 1.048919889601773292e+00 1.397345805651060813e+00 -2.256323804166442681e-01
3.176836580176110925e+00 1.404527651050770043e+00 1.816693560126082296e+00 -3.270713276458693253e-01
3.024195309663552766e+00 1.177875826874503984e+00 1.684283633194171736e+00 -1.404869614324077420e-01
2.989170594123624625e+00 1.178095989387871967e+00 1.736509874677478749e+00 -1.265772146961920697e-01
3.080026215624017905e+00 1.236534632789212163e+00 1.558283246061363814e+00 -3.282902614376072004e-01
2.990492665406799144e+00 1.146476254787866411e+00 1.474185351291042112e+00 -1.762244444238361962e-01
2.978439249940234124e+00 1.234572631359294848e+00 1.853634324908126185e+00 -1.605500457176695372e-01
2.975921090423041981e+00 1.175412461077976811e+00 1.564668857074901220e+00 -2.382413191446743905e-01
2.947108136894102781e+00 1.112715396566470227e+00 1.593143839628647251e+00 -1.798354479186692612e-01
3.052873349278212078e+00 1.190458593319175806e+00 1.573620819915195979e+00 -3.209987410644413175e-01
3.008707271559391661e+00 1.152289905954852589e+00 1.675275100961656882e+00 -1.457269163392566069e-01
2.931516104798947531e+00 1.249406981350435819e+00 1.557729143862478960e+00 -2.992750378142106094e-01
3.056040985856583792e+00 1.125195285084535479e+00 1.600524623802269009e+00 -1.068660551451193763e-01
2.979949658182714956e+00 1.192076597748359168e+00 1.639083344311065726e+00 -3.137127065385344471e-01
3.113528543895860867e+00 1.330569389397127988e+00 1.787018778574268163e+00 -3.521386336073119017e-01
3.053993672950995997e+00 1.312360572330087960e+00 1.886507126948924862e+00 -1.978758535479999137e-01
2.586922304885001189e+00 1.146856885563202644e+00 -1.460387770209969238e+00 5.395851279552549284e-01
3.068437816044720101e+00 1.131779681940868310e+00 1.468260569678194294e+00 -3.151155550962492224e-01
3.026617077710572090e+00 1.232042695028910284e+00 1.510365529561591202e+00 -2.990959822244853017e-01
3.047407574359223936e+00 1.324017764818482545e+00 1.761317965541008723e+00 -2.487069908940504337e-01
3.023964653583496531e+00 1.122544097632466542e+00 1.729535974893602779e+00 -2.042907050889696680e-02
2.996979823503290064e+00 1.184824443117038273e+00 1.538389317197592865e+00 -3.611313588104640426e-01
3.017211867729690855e+00 1.080455847841088612e+00 1.728124773484408738e+00 -1.109139320750604785e-01
3.009707231165166696e+00 1.195219897266946107e+00 1.736644333146342589e+00 -1.093915876449277208e-01
3.135715997195926086e+00 1.237523310095008489e+00 1.529662990576530879e+00 -3.387513801165314975e-01
3.016626996493131152e+00 1.238490915853718510e+00 1.632140127279543940e+00 -3.510414852400613461e-01
3.018732905145482093e+00 1.062920666797711799e+00 1.052253803120361431e+00 -6.219106358952309899e-01
2.975886982564330374e+00 1.248197179167050308e+00 2.047925189819169933e+00 -5.324818070237290202e-02
2.956187318233403527e+00 1.064196865705230532e+00 1.067659101460953552e+00 -5.271344798631782957e-01
3.126234765267262183e+00 1.258715899943418037e+00 1.473021327896381072e+00 -4.199845105160810443e-01
3.084055966035907037e+00 1.192808011429387305e+00 1.318050587547645369e+00 -5.298320390228544730e-01
3.047895765295756565e+00 1.208865790250650996e+00 1.677626391471236378e+00 -1.418117872682700675e-01
2.971911110252178467e+00 1.177624972256371194e+00 1.669426659409054992e+00 -1.731270449821781521e-01
3.067955406104591276e+00 1.161066997157846448e+00 1.344078325021040188e+00 -3.072915372104516596e-01
3.019099716171743442e+00 1.295650278829666213e+00 1.670233282505643180e+00 -3.539523181467670865e-01
3.014429404440321481e+00 1.159053075672559219e+00 1.521046304772705637e+00 -2.277525992557115908e-01
2.920415458194814740e+00 1.071379620929536758e+00 8.786395438269677394e-01 -6.917828979395987954e-01
2.919615819934425982e+00 1.205183940396850950e+00 1.928173179105773238e+00 -4.649311408270652424e-02
2.994812307442952459e+00 1.063907249883698114e+00 1.492664881650231257e+00 -1.161560674221107509e-01
3.039573338163793714e+00 1.344993898490884021e+00 1.929235498884502631e+00 -2.668102073671682062e-01
3.035037008357946320e+00 1.242421315657213254e+00 1.646949450433216500e+00 -2.577076560587766019e-01
3.038354049119478706e+00 1.176876870565641164e+00 1.576367478024894409e+00 -1.887004249257581978e-01
3.004827747717883746e+00 1.210944348974842155e+00 1.541762167549860063e+00 -2.500950046512835923e-01
2.965609770731892691e+00 1.148124062733318906e+00 1.458638901833858581e+00 -3.426298228980649285e-01
3.088652845130629654e+00 1.215968374057850188e+00 1.433582478353434109e+00 -3.959145347413204341e-01
2.940689505644004775e+00 9.959207501803074569e-01 1.110995418718098815e+00 -4.238053631134122146e-01
3.021329983318955748e+00 1.204394540860586504e+00 1.475723453501040394e+00 -2.795771008678870628e-01
3.000144112709396182e+00 1.082953032363069834e+00 1.617248700628246105e+00 -5.721957848471497660e-02
3.015227732583453779e+00 1.105848060035001135e+00 1.511986154069931310e+00 -1.452797844326352561e-01
2.978067209078704369e+00 1.033831551702346419e+00 1.142534196561486359e+00 -4.840191913132803059e-01
2.976198107791396374e+00 1.153411502779094766e+00 1.626256104744405073e+00 -2.127874156480057677e-01
2.603259417227312689e+00 1.061547005114161113e+00 -1.177932858360612345e+00 9.125013403709203441e-02
3.012988890414144194e+00 1.153629007466290934e+00 1.618789182818554551e+00 -1.269122608254830420e-01
3.015952741902010903e+00 1.188891193106073052e+00 1.405228344285718745e+00 -3.778454668752508905e-01
3.193424242031654092e+00 1.343045791497982755e+00 1.907211553736146481e+00 -1.570012748210014852e-01
2.949655965601227781e+00 1.139580761366056683e+00 1.304924929669340150e+00 -5.038449299314833318e-01
2.949474012984405924e+00 1.095722625299694331e+00 1.055574867439338593e+00 -5.762929263247273948e-01
2.878153319763245399e+00 1.082603957584821419e+00 1.009256054806099367e+00 -5.786425133395735054e-01
3.019543031617505591e+00 1.267567442754241602e+00 1.363084206059480330e+00 -4.727209241459474076e-01
3.075807033350906661e+00 1.324908229203485943e+00 1.940015315555494890e+00 -1.515696643653915432e-01
2.883331734652299527e+00 1.014113214182004397e+00 1.060300240925327042e+00 -4.348814248745886402e-01
3.032197501172510634e+00 1.212526944144928898e+00 1.574662463974706661e+00 -2.290488782602626006e-01
2.988944664322700007e+00 1.318853079098763370e+00 1.840763122197209833e+00 -2.128702881769325150e-01
3.197353964185570163e+00 1.413509994250586210e+00 1.871043465925876781e+00 -3.506126125201396992e-01
2.994431692813834811e+00 1.303561414786420514e+00 1.766470671044763963e+00 -2.853889727479891891e-01
2.890248248635380879e+00 1.055100919224576606e+00 1.226620324497761594e+00 -4.275904815267098646e-01
2.900974654680131604e+00 1.025144421466224198e+00 1.200581420633088925e+00 -6.072166568333027259e-01
2.970422605645464564e+00 1.176912512342840555e+00 1.285638032440924006e+00 -2.860384436189390422e-01
3.064596774923354250e+00 1.139979217915133569e+00 1.477331088984465302e+00 -3.820780279700088933e-01
3.084846067337803532e+00 1.386602984754039758e+00 1.781360260093145076e+00 -2.154155670044075876e-01
2.942075194116236858e+00 1.141361144170257136e+00 1.287795667359730833e+00 -3.410087308585780241e-01
3.000827904659273848e+00 1.126266925289503229e+00 1.758217335022134176e+00 -1.464432045175012020e-01
3.074517605909803386e+00 1.319334853069058733e+00 2.017209506978911104e+00 -9.741835028065942703e-02
3.006274847651823734e+00 1.138470943986869210e+00 1.862953899022444793e+00 -2.769339940802239414e-02
3.023677919776269984e+00 1.249439087315804331e+00 1.553211838908761688e+00 -3.251041804808260660e-01
2.985953468457114734e+00 1.126505098512199377e+00 1.438278362371549823e+00 -4.087007170263882716e-01
3.034010292940384268e+00 1.151118121680165363e+00 1.463405774714891860e+00 -2.092339084207434918e-01
3.028517948905407042e+00 1.320313387832839469e+00 1.839178359463441881e+00 -2.101002440848752650e-01
3.021792073105846743e+00 1.212969372411925484e+00 1.466784207089807612e+00 -4.123802500933933524e-01
3.010590808566957932e+00 1.218642544417070317e+00 1.573111345308433995e+00 -3.428759719817949247e-01
3.024517495919891719e+00 1.154042512815516064e+00 1.411118108004520533e+00 -3.474438214851862106e-01
3.036444215701853189e+00 1.211090100919527845e+00 1.511866335010739748e+00 -3.584615038238556650e-01
3.002969013250799790e+00 1.294968378420600308e+00 1.725538831193637268e+00 -3.927914734554328047e-01
3.008397411493809681e+00 1.257848115125050237e+00 1.526225873575998593e+00 -2.749308825072199758e-01
3.080555471551085667e+00 1.231797059109869918e+00 1.776752578244507275e+00 -1.635914792885733160e-01
3.030685063872125440e+00 1.295113174616342233e+00 2.029517087998052194e+00 -4.417366829062047140e-02
3.067531376716116753e+00 1.298573459952718334e+00 1.793898099118675704e+00 -1.545513241335794430e-01
3.069425085617634608e+00 1.293572094686327167e+00 1.838015193038947004e+00 -1.967680618422537053e-01
3.141971487479997105e+00 1.462163568091956911e+00 1.732338049460347751e+00 -3.453493074953842834e-01
3.019592387518792886e+00 1.225124340652474331e+00 1.548715518325909368e+00 -2.968508807666818683e-01
3.020108807731322287e+00 1.083811219930039593e+00 1.588917861722224600e+00 -1.695678575100051655e-01
3.176957912384827498e+00 1.436549826903569915e+00 1.663073723520693825e+00 -3.184505477934206352e-01
2.984236605679116749e+00 1.183655145337091374e+00 1.655638220173102804e+00 -1.276579408928757153e-01
2.976135022271045649e+00 1.131295230153722908e+00 1.614692766417905601e+00 -1.936734221216207252e-01
3.038048971512933516e+00 1.183831097751400163e+00 1.307420692861411604e+00 -3.115939719197393099e-01
3.015069577963115588e+00 1.184011018287860040e+00 1.377939429286047179e+00 -2.636806282554325920e-01
3.049159669856536858e+00 1.153575400514335270e+00 1.532016737096339565e+00 -3.474460478859077162e-01
3.002413362290584420e+00 1.254188744772272157e+00 1.321019960310722219e+00 -4.320893402275076678e-01
2.959696689349506471e+00 9.359411631671005205e-01 1.068449399436297576e+00 -3.679364098103856118e-01
3.003870819419559801e+00 1.132657082711398200e+00 1.032178519591766319e+00 -5.901772323872286341e-01
3.078542248398986825e+00 1.246611235546800200e+00 1.471439730353384379e+00 -3.145098580566920710e-01
3.023200655354150612e+00 1.164418841220334677e+00 1.461993955711533566e+00 -3.323078303645750631e-01
2.929632314396608095e+00 1.050368271191609137e+00 9.968845588605987906e-01 -5.386498639184709170e-01
3.011953958611908178e+00 1.160176089037632918e+00 1.565006121522858340e+00 -2.092187997403129884e-01
2.994706129189661059e+00 1.165040168521059627e+00 1.492227174312554805e+00 -2.192130539149053370e-01
2.967838094760991918e+00 1.207266526492703829e+00 1.391218336414105083e+00 -3.454184613536010473e-01
2.898289990132040472e+00 1.044761217775992179e+00 9.414827337515243588e-01 -4.581169454372131522e-01
3.006137339740015513e+00 1.066052694608365270e+00 1.370660420840322136e+00 -2.946163275364612755e-01
2.966990361812580357e+00 1.309398507280418400e+00 1.687736293650883512e+00 -3.010511327730301945e-01
3.061498534471838617e+00 1.107850836369664860e+00 1.417938493418472667e+00 -3.246124998399039785e-01
2.963879660990469844e+00 1.145179732012902241e+00 1.536740698789098580e+00 -2.197929978472897838e-01
3.030450175437171101e+00 1.092878775125066149e+00 1.637963133938866056e+00 -1.656754280879473851e-01
2.908916498849335230e+00 9.606642125926035947e-01 9.302506153846968884e-01 -4.205880758594856550e-01
3.036318320457682240e+00 1.210904433046646522e+00 1.513410607264958241e+00 -2.751681913412373226e-01
2.839913218710704346e+00 1.039378129575022180e+00 9.575704960661700627e-01 -4.064900371530247858e-01
2.955127974582870465e+00 1.090441510902694811e+00 1.391401638261409612e+00 -4.032844164081144100e-01
2.947490980606130684e+00 1.100811658822538508e+00 1.337769883243937530e+00 -2.969357315357471494e-01
2.966185621902319713e+00 1.100740859486049938e+00 1.328395190873867815e+00 -3.012072064315585163e-01
2.962921923764030741e+00 1.128376611337242208e+00 1.447694380359947131e+00 -1.649540360690833485e-01
2.945764672959341191e+00 1.074182613980257051e+00 1.572798298921154636e+00 -1.477552646310230366e-01
3.051746744456595106e+00 1.351195424822574154e+00 2.116355843906622791e+00 -7.814518426437086496e-02
2.994816415773229323e+00 1.185740176111218291e+00 1.498655933099119153e+00 -4.221254300538145876e-01
2.973154681383051834e+00 1.321437351528028881e+00 1.700979804021624187e+00 -1.714970999789179329e-01
3.083696674167691221e+00 1.074170900595903477e+00 1.215161440007631821e+00 -3.565397658735680042e-01
3.149773037513003526e+00 1.414426605383621194e+00 1.856498541436610417e+00 -3.610186672347384107e-01
2.966491868417826527e+00 1.021636782551862632e+00 1.518691792861877277e+00 -2.327770667425704820e-01
3.063537279682849945e+00 1.245217092567987516e+00 1.699915109019600079e+00 -2.240029409638328306e-01
2.973821964315049193e+00 1.052676016079701737e+00 1.817711771173808444e+00 6.359430236470596520e-02
2.977693960753755142e+00 1.054399780048367097e+00 1.229784922795730706e+00 -4.619741020851749758e-01
2.969675747775513575e+00 1.097668435513859064e+00 1.739143077468551457e+00 -5.780642435901300197e-02
3.092316492477182877e+00 1.201569476261437952e+00 1.835926956041144198e+00 -1.695536776589409989e-01
3.065734340248101653e+00 1.233290224046626804e+00 1.372959756116466368e+00 -2.910176309136451867e-01
2.945010844398368910e+00 1.173918042672782214e+00 1.594994161484793560e+00 -2.272433312969619479e-01
3.005975998747965949e+00 1.195582992117936172e+00 1.477124622000400178e+00 -3.717619225937016658e-01
3.251310942612610333e+00 1.389852807700244552e+00 1.399123595943093212e+00 -6.994212783777523645e-01
3.016759983264720724e+00 1.136149400449764091e+00 1.278603624106966485e+00 -4.735255501755843421e-01
3.021212995270043500e+00 1.276895622962399113e+00 1.541243203945068085e+00 -4.276243007585901479e-01
3.028877696540376085e+00 1.201944790943147101e+00 1.368689698254467846e+00 -3.690292733528287017e-01
3.020537877142888572e+00 1.173114711169870317e+00 1.564179639930365351e+00 -3.127080803041238921e-01
2.508233197045058205e+00 9.911760136878747796e-01 -1.519574774176053467e+00 4.419483804536148974e-01
2.940063523175830973e+00 1.239880851394225436e+00 1.793799785638663824e+00 -1.884347188217684599e-01
3.086607213534478422e+00 1.199189964683380349e+00 1.458450734040168673e+00 -4.137464949247233181e-01
2.959619661170484139e+00 1.178710872055316994e+00 1.840438703833732204e+00 -7.345197539372369522e-02
3.005418084787133459e+00 1.110377822488076927e+00 1.560805879841870913e+00 -2.804215250626985734e-01
2.950739923891809280e+00 1.205164967225758721e+00 1.587286149272019165e+00 -3.380061069678055863e-01
3.067296020035123139e+00 1.333179229577365454e+00 1.394635858141928253e+00 -5.363611934874472631e-01
3.150008429215908734e+00 1.253071323211594867e+00 1.735863330117464631e+00 -5.114156156538354203e-01
3.051710099938267362e+00 1.218013323549318683e+00 1.717530651667876551e+00 -1.906118580725473244e-01
3.023665564910109183e+00 1.174802559697578852e+00 1.195612892088623314e+00 -5.984842953324310821e-01
2.980273707055318244e+00 1.203213252282095969e+00 1.865641930086707534e+00 -9.280888871573632348e-02
2.882915873714940957e+00 1.059842490897507927e+00 8.184909164623099809e-01 -5.814643514143676972e-01
3.012361021790467941e+00 1.108340413790197321e+00 1.553175344408368685e+00 -1.780361764597859497e-01
3.050472295045440596e+00 1.218817863601831863e+00 1.782443189185864307e+00 -1.143288733989827610e-01
3.035208333470472919e+00 1.194323838626247802e+00 1.760031501489212946e+00 -7.566823575700645788e-02
3.023950749588056208e+00 1.340051557433446394e+00 1.915935586740417529e+00 -2.806287641546818534e-01
3.024916694881408130e+00 1.272941243068019812e+00 1.716184436080421927e+00 -3.344921816725249797e-01
3.029218762544231502e+00 1.263261716678501845e+00 1.891137845582409716e+00 -1.853898997031695473e-01
3.001331399346209849e+00 1.234175232876374206e+00 1.532589078238501878e+00 -4.201278614659522681e-01
2.968471004373023803e+00 1.142303419148932075e+00 1.380408358235405197e+00 -2.676784017908797053e-01
2.959358571190009002e+00 1.104234611811150568e+00 1.108090467946769353e+00 -5.995170431105575348e-01
3.130313845272291395e+00 1.317132232656079704e+00 1.723889028490961817e+00 -2.489456527363000937e-01
2.902501753568770493e+00 9.789906014111093846e-01 1.255584639246679624e+00 -4.239157389927787900e-01
3.011208058193188819e+00 1.230266462293019725e+00 1.505945679676369053e+00 -2.815871721976727082e-01
2.998655257690059361e+00 1.142141741195694227e+00 1.237811602299201841e+00 -3.779343837786374727e-01
3.028964737210472880e+00 1.216929410351632379e+00 1.800890150410088708e+00 -1.371993806480155120e-01
3.104250018724762583e+00 1.495073188187461488e+00 1.523128787362777237e+00 -5.788337964645826617e-01
3.010659912510651459e+00 1.322233363053461508e+00 1.923245823764093476e+00 -1.680597416376202191e-01
2.926748281553254394e+00 1.181594587753334924e+00 1.510439469697328230e+00 -2.715786277330639598e-01
2.620091663844904772e+00 9.526743512426861793e-01 -6.552043739158563973e-01 -7.107787353012491594e-04
2.921908637031800815e+00 1.007760413928124876e+00 1.055941281457104530e+00 -4.343709981473711790e-01
2.969042742072981689e+00 1.256512654864151424e+00 1.497520452706824434e+00 -3.778482453209264791e-01
3.010292287224534569e+00 1.197991679847346891e+00 1.715346262052325654e+00 -2.644425439573474534e-01
3.044591870739537409e+00 1.259062971472830306e+00 1.355437175199283306e+00 -2.925400549462919830e-01
3.163685117606124031e+00 1.414626577061951718e+00 1.749823927255067746e+00 -3.648321225147007629e-01
3.030087902824007084e+00 1.294046539572039967e+00 1.705686017832485968e+00 -1.633149124886936754e-01
3.016283661562958240e+00 1.238485524431746976e+00 1.501893807143825921e+00 -3.694714205668105933e-01
3.024153356250182778e+00 1.192376621171983064e+00 1.416834426958042403e+00 -3.221355984715901233e-01
2.991062585383988282e+00 1.197620033027221309e+00 1.385879140633931694e+00 -5.644905698780663394e-01
2.957061925863493368e+00 1.116960487373682920e+00 1.432485619436913993e+00 -2.592858129056140326e-01
