4.151617860915616021e+00
2.020267950347961694e+00
1.391011123758012857e+01
3.109968878850399410e+00
2.402867322671277783e+00
3.635159221145707331e+00
3.871817668356372977e+00
2.921896216661831858e+00
3.125676995857803675e+00
1.683801083277809862e+00
1.335538969282481503e+00
3.216245071243274189e+00
2.529525385495094980e+00
2.030466978310200066e+00
2.113215935721421523e+00
3.221283588256496966e+00
2.278143024455734800e+00
1.067792866171586574e+01
4.994760892604123370e+00
3.800646125885757787e+00
2.346446751818334064e+00
2.875401371534377137e+00
2.197018336889730694e+00
9.040321513582092905e+00
3.500501444075174717e+00
2.089671338098514575e+00
3.777661731063554740e+00
3.251848351845015195e+00
1.619242535874009237e+00
3.914430752735023944e+00
4.244621039430539255e+00
2.462830285877993575e+00
2.177711471437310919e+00
1.293962050481100334e+01
6.254438188903518991e+00
1.418723920360242641e+00
3.254696864665419298e+00
4.260433538141670695e+00
2.702044157369039468e+00
4.847699997293526408e+00
1.259380180297384078e+00
3.296777881114012487e+00
2.951686447132921831e+00
2.202172497566518228e+00
2.359309593470781063e+00
4.122561479395403516e+00
2.623094899919437673e+00
2.004324706473494810e+00
1.934420502645547213e+00
6.969411976476046711e+00
2.252886893513831090e+00
1.616076765836077289e+00
4.112957897437354404e+00
5.538384825267145928e+00
1.331515696999770793e+00
2.606030344437351598e+00
5.674005432517098768e+00
5.943814422339521286e+00
2.220692780582069759e+00
9.804187622052525697e+00
3.437176614464538371e+00
2.039480632270803895e+00
3.963106712191534875e+00
1.627878088556917957e+00
1.638460961176907427e+00
2.606527049872440660e+00
3.091881725764815236e+00
2.101239135105262168e+00
4.806059869889543812e+00
2.269297267319624112e+00
3.487459324308704200e+00
4.542735839947276588e+00
2.839034693694421296e+00
3.342015743539579198e+00
1.214928752646543764e+01
4.262880763667395101e+00
4.750782079546686631e+00
4.542322749691077632e+00
1.918747114730124492e+00
2.301452655675999104e+00
2.995315268915726747e+00
5.000323521987583675e+00
2.110627453156237454e+00
1.237831665154203975e+01
1.692290778718154343e+01
6.142637912404280698e+00
5.847959295440341876e+00
2.713460105989397242e+00
2.316899188681484034e+00
2.818339443230988728e+00
2.402468030020769252e+00
2.742173018253817318e+00
2.863332972131237941e+00
2.156944499128233605e+00
3.552023796450190840e+00
1.871614942367718193e+00
3.069612776891077477e+00
2.370783237571413515e+00
3.896181366310669247e+00
5.402143514239894806e+00
4.904648322944010985e+00
3.300978569081679748e+00
4.659657345021789965e+00
2.383398312693325583e+00
2.693155260010477559e+00
3.991847075587035665e+00
2.714295012182105449e+00
2.658867567246244068e+00
2.294497923771672276e+00
3.359255363024721053e+00
3.553036743977769252e+00
3.528742353754056094e+00
3.568427206769083426e+00
9.132898793529866666e+00
4.195491898921349438e+00
4.743705239728881473e+00
2.188224475481924003e+00
2.919245088372742547e+00
5.646223351451212125e+00
2.253842924923458391e+00
2.095903851110366034e+00
2.392217278675320191e+00
4.939581215756774668e+00
3.516900567977239156e+00
2.719278607290650296e+00
2.578903195884273636e+00
2.765487596961336614e+00
5.900026440975381981e+00
1.920299684826569431e+00
2.032672316727492046e+00
5.853256785461091738e+00
2.877332649385861529e+00
8.703427294771600486e+00
2.571209711158918942e+00
3.488509752044704371e+00
2.671447866673931859e+00
2.295980685489169115e+00
2.130989545566399634e+00
2.595349044063651522e+00
3.025213463721711626e+00
2.871498895613865621e+00
2.693102944122901299e+00
2.904728613691078820e+00
4.023448140399236372e+00
2.125141278558277946e+00
1.949822562209425625e+00
3.183056381524187017e+00
2.063500733307219281e+00
3.211703804218139613e+00
7.245296830798497290e+00
2.405452353114014397e+00
2.752651191796646302e+00
3.566560146323769054e+00
1.519903902441675836e+00
2.989109136654596544e+00
3.187049340226017602e+00
3.384637162140983424e+00
5.449875848156583658e+00
4.679069257508420066e+00
2.656623046720882897e+00
1.887078738198404215e+00
5.998047270329042391e+00
1.614457617680781354e+01
2.655997858425914959e+00
3.724309675476704662e+00
4.018388829804303342e+00
2.301528265712941224e+00
4.773799154449778648e+00
1.216328740495241867e+01
6.930584405906754952e+00
3.590637438962806627e+00
6.833506547682585364e+00
2.522901258215816345e+00
3.022229934819366193e+00
2.845181750203725546e+00
2.493336340048834199e+00
5.524137177259051512e+00
2.703944984828757114e+00
5.846165351636496865e+00
2.100948840337642398e+00
3.394787406695092269e+00
2.615372033108696481e+00
7.803959580598189838e+00
3.999364260282792127e+00
2.571482385806980187e+00
5.730838347447392067e+00
3.338286135032566992e+00
2.865369530781614937e+00
3.421389249911520380e+00
3.640823370868713216e+00
2.731470466212027048e+00
4.070174127802905772e+00
7.216351341008779841e+00
4.317520753034258085e+00
2.592815224676869867e+00
8.361774079504819213e+00
1.184194547827100985e+00
4.196393885810444147e+00
2.400907152525328492e+00
3.027463142352361025e+00
2.429107727438375441e+00
3.411155272458251453e+00
1.825474133236393071e+00
1.544938068742311543e+00
5.382176544830819864e+00
2.587237293330793442e+00
4.257601434388797124e+00
2.510398870194015863e+00
1.618203522307915643e+00
3.662709519092197219e+00
2.785668550090631967e+00
4.256043778353186369e+00
3.235011644463277491e+00
6.027139917210524445e+00
3.872498430529656144e+00
7.497089103035504465e+00
4.270288454042622917e+00
3.507296800463254538e+00
2.839212575822511742e+00
3.387495052740785884e+00
7.261071218298177143e+00
2.927639153139881323e+00
2.681751863270080083e+00
3.664255035867141075e+00
3.784164587594031293e+00
3.068486126062197172e+00
5.768766976889648568e+00
7.001595990090976329e-01
3.381097856293236337e+00
1.907279665962461346e+00
4.376878017129050669e+00
5.305900117371815661e+00
2.103027210577202766e+00
2.763041758780838020e+00
3.205990539572319609e+00
7.721577443211726788e+00
5.027575456409992150e+00
2.147153688903272073e+00
5.711636972568967074e+00
2.471954819350929533e+00
2.572675533361309164e+00
2.658256835735506751e+00
3.783345474763132543e+00
4.968629132893857658e+00
2.664115125693431452e+00
1.711524871311624674e+00
3.065458948133229278e+00
2.522722925013433759e+00
3.072814743304494556e+00
1.827215912134758646e+00
3.394928891096289370e+00
1.761994717853282433e+00
3.028179389488919515e+00
2.637872426835659478e+00
2.229532262645154805e+00
1.987156638160742173e+00
2.573084016596280499e+00
2.863853205892398890e+00
3.221957331039964956e+00
4.109706040881625277e+00
1.862956424045205672e+00
5.415606653344238630e+00
1.880631821779984003e+00
2.478055618247099190e+00
7.038546181285167513e+00
2.668588691211372321e+00
2.623001620056662375e+00
6.658969236978105499e+00
3.979221689725457978e+00
3.453363956488084252e+00
3.335085614089798423e+00
3.264770410202585182e+00
2.263753043744496374e+00
2.743218217627310551e+00
2.715908587873925750e+00
1.344196348852125356e+00
2.338465840683570995e+00
6.992815829202756461e+00
2.319880229592131915e+00
2.899516819988883665e+00
3.412647107679517955e+00
6.626169286932547919e+00
3.534383057687415786e+00
2.373208022841671649e+00
2.477876076710278319e+00
1.483732243251212779e+00
3.038268471273200433e+00
4.262897463881361482e+00
7.875238942302605238e+00
2.762280921839329828e+00
1.954343627443802411e+00
2.472835250023587506e+00
4.017158205869312937e+00
2.502999434140019019e+00
3.431117156335516061e+00
2.527887854905861431e+00
1.318647537774686995e+01
2.983361380418065867e+00
3.445485010299932149e+00
9.462760806494863175e+00
2.908489934280324540e+00
9.376630738313940228e+00
3.928224207682140090e+00
2.105043941689453746e+00
2.354283439236663167e+00
3.830952972393244060e+00
6.392003432140247021e+00
3.765445677380828915e+00
9.107575278078526182e+00
2.691786889255909809e+00
1.822496084019695983e+00
2.612025158862341101e+00
3.414896500402389456e+00
5.897260218105000007e+00
4.172767591661687092e+00
3.570652469842464427e+00
4.882642402383354785e+00
3.508059786117462941e+00
5.141202276730711063e+00
2.758251971959122084e+00
2.590711562415300317e+00
2.611488896505758106e+00
4.131995673030321115e+00
4.094214367175474933e+00
2.747053581735832140e+00
3.224968294370100796e+00
1.845582041548033203e+01
1.345948817440212153e+01
3.863430116849840612e+00
4.181035577338886533e+00
3.725780117599145402e+00
3.469887122411227320e+00
2.110371056676059620e+00
4.362491782639017934e+00
2.091786192817812751e+00
3.390418312277131641e+00
2.835878460615488983e+00
2.033858399109162995e+00
5.770736031785268949e+00
3.575359872817161389e+00
3.103979116343238420e+00
2.183064888542691762e+00
1.773888668770774002e+00
2.710791861977024375e+00
2.221850276226890131e+00
2.216627798504494873e+00
3.126434846429135384e+00
2.271071251327326124e+00
3.427589422347005144e+00
1.951168900428271069e+00
2.328948804948808071e+00
3.035029570688698275e+00
3.320508649058478312e+00
3.087835244546724311e+00
4.931109950229580541e+00
3.368307942172020120e+00
3.065919997939945851e+00
4.781897681101425768e+00
4.566635908786368603e+00
1.994491699550175579e+00
3.863928056817842904e+00
2.398151291490139059e+00
3.232543979246919719e+00
3.936351041907090398e+00
4.095683489970099345e+00
2.414819043482338223e+00
2.954776093894292188e+00
1.291239347743901700e+00
2.594485510255894134e+00
2.151791934304670306e+00
1.969959180319499792e+00
4.870387840971008409e+00
2.888999526216621927e+00
2.396925808464276830e+00
2.428615188952707005e+00
7.982248895884162643e+00
3.293379045466235500e+00
1.950766952343660821e+00
2.257760953759511580e+00
5.071144328598187201e+00
2.068985625467393064e+00
3.328592567064339924e+00
2.751134116338549429e+00
4.473676335080535083e+00
8.695280788342579115e+00
2.686830496501496857e+00
2.402387129644741659e+00
3.253957462665880929e+00
1.724711231366095721e+00
2.441718615736482523e+00
2.470691743154323383e+00
2.848245224617826477e+00
6.604248813264865348e+00
3.066435874178121246e+00
2.143983781555200530e+00
3.632018805471101341e+00
2.929266096698799782e+00
2.627616533349093952e+00
2.786062329986985997e+00
2.930065218875549160e+00
2.613107777549593447e+00
2.700967533760477490e+00
2.359850923582785143e+00
2.545401034164370913e+00
2.723124117607530703e+00
2.889934235185324329e+00
4.077645015425067854e+00
3.077222998914465713e+00
4.084389837268314061e+00
2.573364215049459780e+00
2.276779630621386108e+00
4.603760130179257892e+00
2.439136745269111728e+00
1.701022107431229813e+01
3.503361557421249550e+00
2.177023573375090226e+00
3.480612288957804612e+00
2.467606124226847886e+00
2.821396537651225778e+00
1.769870558447133702e+00
4.185403048955519623e+00
5.435606195198267265e+00
3.945505450797057279e+00
2.701616923393510561e+00
4.226844584710095276e+00
3.226939179338018437e+00
7.539820464254583854e+00
7.440117127401506103e+00
5.880122996950928993e+00
2.694032309796325908e+00
1.271241293276154138e+01
2.459044224463548645e+00
3.350216215136894604e+00
6.337764906280187738e+00
4.518398012544989406e+00
2.571458231850992870e+00
4.354323668944048542e+00
4.111130537956256603e+00
3.654144587381253917e+00
1.691451089527408636e+00
2.396536768530380446e+00
5.626011878996596494e+00
1.917467218164948584e+00
5.683406099966745728e+00
2.866819337835993853e+00
6.519799991533146155e-01
2.686327997859764061e+00
3.278954131696311780e+00
2.149565671814753109e+00
2.863911067629484108e+00
3.850340798570559109e+00
3.698195583461628466e+00
2.507913478046162048e+00
2.278284460872340045e+00
2.653518029764733388e+00
4.899990317580150467e+00
2.611181838218883389e+00
3.368281573566995757e+00
3.509129508794908592e+00
3.273157482897514292e+00
3.309852033401589289e+00
3.063672601300147402e+00
2.148306635776280782e+00
2.775402464610444042e+00
2.928494571663197821e+00
3.869787317490529954e+00
2.182257503439446022e+00
4.088332410549185170e+00
1.948348926813967097e+00
2.661233866056432085e+00
4.932964223712419383e+00
2.651176607284154940e+00
3.383014301965543424e+00
2.883377810557022691e+00
3.201598753170929346e+00
3.923369741725153848e+00
3.366422084749888910e+01
2.889467434433303783e+00
2.366717513050951460e+00
3.364249101542386100e+00
3.427660547083279052e+00
5.936729919028120861e+00
4.742110618890481355e+00
4.008705086357371883e+00
-4.170660970007427082e-01
2.198766996463423773e-01
5.209017555502750696e+00
2.972728949121122177e+00
2.468077082498266517e+00
1.368727403383047481e+01
1.381128597713030093e+00
4.563589762903975888e+00
8.484022069340120709e+00
3.474254951864392815e+00
1.180153422052147327e+01
1.239865645872307187e+00
1.196411336541368442e+01
1.789044705205384389e+01
1.302844471658575465e+01
2.430670603517759432e+00
