9.072963638500608496e+00
2.817148272607706616e+00
1.833062997855481324e+00
4.370902219452679205e-01
3.226283997278432736e+00
3.894932037659211588e+00
3.344044655844581992e+00
1.861463597315761165e+00
1.072382396888528966e+01
4.416569568986333572e+00
3.362953714268977823e+00
2.453281034888487255e+00
8.890453191660235177e+00
2.404382479799315409e+00
9.349883334966575532e-01
4.282957789753914390e+00
2.417334208739094770e+00
5.053942448816895805e+00
2.916580076627512952e+00
3.643462957572693561e+00
1.629167930935554898e+00
2.132196224494841807e+00
2.483779809306562392e+00
3.799177904496324309e+00
2.436200671903501647e+00
2.433125712698559262e+00
1.469959053939943638e+00
4.151019885500124573e+00
3.434830889953490729e+00
2.577642677414218042e+00
4.123846942626078871e+00
2.240427957097312905e+00
3.061148544392383375e+00
3.415281072358724579e+00
4.642590692143764741e+00
2.894916211479125145e+00
2.846303768659646405e+00
2.411705846802278952e+00
5.319823801759055115e+00
3.184381664346464191e+00
2.195890731401237694e+00
2.395803958479132412e+00
4.058822775848108577e+00
3.405495009813863660e+00
3.775803637742755736e+00
2.715692759179226812e+00
3.220880041930171522e+00
1.782189117907763354e+00
1.777693237592925302e+00
2.275595426799784882e+00
3.353571244998422074e+00
2.824057423239661357e+00
5.210804805945196350e+00
6.244802000008949250e+00
2.663506137034084453e+00
2.846336956529641693e+00
2.201383079416405764e+00
3.567642576186716319e+00
4.775220725251772436e+00
2.726194431415473129e+00
4.977480638288249715e+00
2.284008363549073994e+00
2.373518373804257564e+00
1.927326617402546072e+00
3.245479900187101308e+00
3.516695322304198346e+00
2.354972536809619932e+00
2.841616039265072668e+00
3.028030789946499546e+00
5.997047200866981953e+00
4.702049514006363395e+00
3.164203601526622389e+00
2.273534030945068452e+00
4.242513752416858352e+00
8.679231845765048803e+00
3.340772652568193557e+00
6.451226867087973105e+00
2.909710886469598190e+00
4.561299505377895969e+00
2.579004933336183747e+00
6.439249112929719132e+00
3.002050265337850021e+00
1.336284318230425505e+01
2.377193515955298153e+00
5.099837324024903751e+00
6.373082536676884402e+00
2.656066318830532680e+00
4.415390100953162644e+00
3.027238207122284752e+00
5.638980270096205061e+00
1.136862027806055053e+01
4.104807299070802884e+00
3.261638078725010104e+00
8.893034344819747972e+00
3.493462719996770716e+00
2.488925264714917596e+00
3.008859995457521919e+00
3.758779856859584712e+00
2.589915588466858321e+00
9.487138288122864971e-01
1.184509863720818235e+00
2.298901598332107277e+00
2.274413897737658008e+00
2.599068940753407997e+00
2.700966021351710822e+00
3.419515592619772892e+00
3.089973862286170547e+00
3.839431334329229895e+00
4.050714785345027380e+00
2.369768172355898095e+00
3.074533631380533372e+00
1.506455021082640400e+00
3.585812155735302653e+00
2.384806723869441925e+00
5.451157133996515469e+00
1.980002744144258919e+00
5.904820387444718932e+00
7.246258544262196288e+00
3.605868722223358525e+00
2.393240173552340533e+00
2.891938922407522483e+00
2.223192129900636083e+00
2.997042019582042194e+00
2.173445491915852124e+00
2.196374805297767629e+00
2.417213949762301972e+00
2.473718923570298767e+00
2.857828862006143389e+00
3.234910567719551544e+00
2.600269420514405017e+00
3.315322800584466378e+00
1.592000478701409705e+00
3.517524481483134569e+00
1.720151757315015795e+00
4.073746128285947954e+00
2.373880928762874820e+00
2.250037029823255263e+00
5.578093133897186640e+00
3.051684435325777489e+00
2.217635370878771717e+00
3.384745323573729259e+00
3.487898548743333382e+00
1.556879970928152002e+00
4.198202707957182866e+00
1.178521712176515024e+01
2.604354614483487484e+00
8.084267933427085495e+00
1.593998179433105067e+00
3.093907018955237120e+00
3.981369687869380947e+00
4.738810680811003984e+00
1.981491571814119945e+00
2.406602694696517553e+00
2.633235302704262537e+00
2.636106575488688986e+00
3.536514439186275283e+00
1.478988555279214268e+01
2.380922729144996808e+00
2.586290336353144870e+00
2.710739925798247185e+00
4.931735083724586133e+00
4.653561859639902210e+00
2.640504751102460634e+00
3.493051951769744701e+00
1.899560493259443650e+00
3.521307833893641437e+00
4.177461752581147714e+00
1.673336768926894091e+00
1.678190908564558992e+00
2.762721573954040721e+00
2.757918686185060864e+00
5.309811994874143792e+00
2.262823961816038842e+00
2.340152127813653671e+00
3.148868430838063226e+00
1.384781202087641994e+00
2.016942601984323957e+00
9.473140794423819955e+00
1.056335459410625788e+01
2.723507316563693603e+00
3.409078333391024174e+00
4.363699270047632695e+00
5.517602325713765410e+00
2.744275033382689521e+00
4.299387016646212700e+00
2.612011392177765678e+00
3.499757273862319273e+00
1.628691632026233682e+00
2.546807885417391670e+00
3.987537993867791286e+00
2.360755627787581634e+00
1.930616376139652646e+00
7.039766335187105817e+00
1.261908968750103277e+00
3.185710224705818661e+00
4.435180062522103839e+00
2.948350003282791842e+00
4.636084470008850822e+00
4.030046421004952251e+00
4.406443865613003830e+00
5.462081432004245229e+00
1.995982396326463570e+00
4.411963943047436665e+00
2.366808651228662796e+00
3.637261700037063061e+00
3.552923493298924207e+00
2.461935382256314142e+00
2.340940028191054623e+00
8.949828531885863470e+00
3.227909419929389401e+00
3.289973760294852223e+00
2.005643336421374379e+00
4.267275077178186216e+00
1.456531366648012638e+00
4.126514237688716946e+00
3.491750945630550440e+00
3.739315398639446286e+00
7.492073443277350364e+00
2.165143254636973769e+00
3.057296994715487770e+00
3.012862415027124818e+00
4.436338050479227135e+00
2.127354896626400205e+00
5.346022618770214230e+00
2.227904200711812166e-01
4.693630453264095337e+00
2.190641186056338618e+00
2.192437244385634809e+00
4.043933013031372425e+00
2.801798186610665820e+00
2.574928958130442869e+00
2.812918047441380409e+00
2.753744569287217558e+00
3.381865796824182535e+00
7.517184683893745500e+00
2.063076437349468772e+00
1.575154317032161577e+00
3.141381054869520018e+00
4.065433028981027874e+00
1.922764689359832468e+00
3.140759343781985180e+00
2.979678732556588105e+00
2.735750279382072048e+00
5.257910961481525369e+00
3.645508164166358256e+00
3.613237246179705320e+00
3.344576767751145319e+00
8.106014363289261837e+00
3.284904362984335968e+00
9.005299623744726922e-01
1.591060956734799081e+00
6.641258456049831338e+00
5.102884582221626886e+00
1.142619424319978805e+01
4.101484291948889194e+00
2.783023271765721951e+00
4.359019050974178633e+00
1.610344193684577041e+00
1.913009950621100019e+00
3.549384746373652533e+00
1.422698773263232797e+00
6.536777513156367903e+00
6.143812983081028634e+00
3.293599449553430425e+00
2.897055299605946210e+00
3.093917400835673348e+00
4.493328758820464230e+00
2.266548423761869824e+00
2.819272163708085532e+00
6.665091350520516045e+00
1.926090273778068962e+00
3.895564555735120393e+00
5.846934791863575676e+00
3.263650837661094872e+00
1.939749735419515675e+00
3.388503502343655605e+00
4.041587628534628607e+00
1.571387712844065643e+00
2.731668353174607766e+00
3.511619208181280705e+00
2.889172041932754897e+00
2.559088256416017781e+00
6.441496677690901507e+00
3.622614610215977304e+00
2.283257439273883360e+00
3.043072812131340843e+00
1.942810806142872382e+00
1.595862785583483046e+00
2.960739315514306025e+00
2.766892265001191120e+00
2.114443263293094066e+00
2.955570506929297903e+00
3.040064573222366118e+00
3.566166035329696005e+00
1.489778611765348204e+00
2.372916087698716758e+00
3.260758732803996640e+00
3.633000522022944434e+00
9.075692408615534390e-01
3.878261110087808827e+00
9.578434848258588374e+00
2.652252329360984540e+00
2.543084257174324847e+00
3.608783535113465835e+00
2.634096658117145218e+00
8.667503101961086642e+00
4.236943858275017405e+00
3.045573231798691438e+00
3.638348787520409466e+00
3.534167754579334630e+00
2.791219958403907242e+00
2.209942890782997438e+00
2.218190295516271338e+00
3.619576841263593803e+00
1.939761358195502439e+00
2.284283940714706862e+00
2.539916173973543412e+00
2.538169584111823696e+00
2.544525911129221107e+00
6.546142012953541922e+00
2.889537735016472375e+00
2.180608623275808622e+00
2.248096475127149940e+00
2.626111830052956897e+00
1.491682182486369523e+00
4.491461120122117734e+00
5.853306164551583812e+00
3.170310930792682225e+00
3.351912738614640563e+00
8.077566885469401825e+00
1.177283819669984632e+00
1.907772817452449532e+00
2.884044289784352344e+00
4.149248967242681552e+00
1.366646574593597485e+01
6.685778225818289400e+00
7.223628192746954113e+00
3.754321619319551662e+00
1.404313211505047176e+00
2.202135736739265770e+00
2.447049317605834773e+00
2.850295961206627648e+00
9.054993554635240471e+00
3.543048033683269260e+00
5.861892454119018936e+00
2.610457094050840254e+00
2.232270312121795275e+00
2.958846417249766159e+00
3.582574029369941293e+00
6.951584409632237005e+00
2.500737389017794854e+00
2.248970229710850699e+00
3.586813610634025373e+00
2.747072246365487747e+00
2.430694754856955964e+00
3.238332875124111609e+00
4.975893450770854542e+00
2.222934640336010848e+00
3.192241362423217321e+00
2.303555170276419872e+00
4.412220313616598055e+00
3.481539083413301316e+00
3.449343909347128978e+00
2.146845602346995285e+00
2.011276571778727540e+00
2.793320482319142428e+00
2.303427213572759591e+00
3.094598859957420789e+00
3.429500281613490742e+00
4.137679663872958713e+00
4.176528754786207998e+00
3.484179056727906953e+00
2.473983549165024165e+00
4.222047218418175873e+00
3.607967639067253263e+00
2.062947185978409870e+00
2.179716201019229693e+00
5.256023297281441131e+00
2.232831760916679453e+00
4.496880026454374679e+00
2.902023903227495261e+00
2.559948710501495306e+00
4.223084526755277679e+00
6.025120491564623038e+00
2.719586687071386510e+00
7.745162278883244156e+00
5.334074066045973339e+00
1.132150395785987529e+00
7.571219011597905890e+00
5.420759129574552304e+00
3.327857674267457710e+00
3.865039169951656195e+00
2.999342584436280656e+00
3.129631522921290987e+00
3.039216860347953464e+00
4.106946842434505029e+00
5.825761707633635211e+00
2.622605823799459834e+00
2.895961111956484313e+00
9.051243059526431267e+00
3.170217440757367555e+00
2.132624029942912891e+00
4.490182590777883398e+00
2.094471236942785364e+00
3.801535954498310055e+00
2.042931126645082696e+00
1.260330404135708804e+01
3.388529857936040557e+00
3.797579065478563276e+00
3.181689542849735819e+00
2.394661621806356777e+00
2.567124716445510657e+00
2.752917802739260011e+00
1.970812868976967724e+00
2.352557771433400724e+00
5.145798666077418204e+00
3.069805019072733732e+00
3.786038434090522653e+00
4.346581559244226511e+00
2.355901522315081209e+00
4.900831799798388566e+00
3.120680522963386494e+00
3.199978968863953277e+00
3.028360908163078236e+00
2.537521909321611702e+00
2.537350158726862315e+00
9.710446579717320503e+00
3.237667573346619587e+00
5.344596257219622615e+00
4.653369101768960903e+00
3.762295919547376855e+00
4.660858934532633668e+00
5.697123222960832400e+00
4.389793851087997467e+00
1.535155704774250784e+00
2.950127622085796375e+00
2.139018139217434111e+00
1.862695552020125689e+01
2.231896150431064374e+00
2.787677019033769188e+00
6.587517135966956872e+00
6.229748942610235041e+00
2.590588944204544219e+00
2.260993843106792855e+00
4.140064846149283717e+00
3.286995147722999722e+00
2.423550325905421854e+00
1.996628537547156634e+00
5.188685824134921631e+00
3.899126805390338735e+00
2.783234416242970077e+00
3.651479011488463655e+00
2.998615624417852121e+00
2.230235999416875892e+00
2.335453276237343445e+00
1.516446980085069063e+00
2.886695830291391651e+00
2.815970462935817764e+00
2.355437032573569844e+00
3.820002732678518864e+00
3.347079625359454802e+00
2.158520017068901176e+00
2.923230342891653954e+00
3.178760471191908188e+00
8.370514792126030557e+00
3.079242181634814557e+00
1.836182180058399283e+00
1.620350165444852442e+00
4.357284223676916923e+00
2.903335059807179430e+00
1.922291611086122343e+00
3.059726746057623181e+00
6.139818956368571889e+00
3.594676917537529270e+00
2.368802114783374879e+00
6.152095071292097650e+00
9.499342309498171488e+00
3.443195989874891172e+00
2.661619861683055088e+00
4.030008606615525402e+00
2.073437610455176827e+00
6.905621036701910853e+00
3.803198088751845063e+00
2.312048702053827398e+00
1.353237863610405656e+00
4.047183926698111556e+00
1.845493389840309195e+00
1.931030548228044763e+00
2.271688968061145619e+00
1.272673805027857208e+00
3.061179102551711662e+00
2.288755002131510174e+00
2.337651969668351981e+00
3.136968759968646214e+00
2.107094689534559251e+00
3.102595370811660924e+00
1.022242325660955586e+01
1.875770032318639702e+00
3.360411235245119865e+00
2.359531974060923520e+00
