3.536987879522616396e+00
2.354143640888707090e+00
2.598237960540058733e+00
2.318590102305437828e+00
3.442360449851149973e+00
2.378930995704617413e+00
2.638839767135216174e+00
2.404851322091331234e+00
2.012160036840481947e+00
4.350044425423434724e+00
7.228192603515447345e+00
2.923651902252617951e+00
6.058903573743272375e+00
2.915135168199397775e+00
1.764857759174574436e+00
6.679739335068282102e+00
5.328841972126915572e+00
2.471507548497154261e+00
3.934943271818569954e+00
2.625933760775130743e+00
3.098498530558584818e+00
2.972133630737803678e+00
2.284586002945377725e+00
3.104107667099595069e+00
3.191226176850408436e+00
1.606699348174549291e+00
2.779943774047232363e+00
7.854257327469944094e+00
2.056488318341401556e+00
7.499513603628709113e+00
1.905201186284610770e+00
3.709082560011586427e+00
3.021394217669860272e+00
2.494543394904417788e+00
2.466964450418589472e+00
3.262922019706733234e+00
4.058146351212355896e+00
2.772466447329134720e+00
3.022627614313646127e+00
1.724850474075013551e+01
2.971399799263154673e+00
3.590252801504626223e+00
4.042846207157332117e+00
6.084476863925441847e+00
2.202436648520369911e+00
4.577097177103659931e+00
3.646455784151711121e+00
4.887939605082791239e+00
1.609075199496670328e+00
3.058558189868637367e+00
3.086881502783982878e+00
3.071920917885152313e+00
2.572707149516729963e+00
2.643073457296292172e+00
2.984669010197073202e+00
2.896190134032981423e+00
2.460324543826434951e+00
3.858646184242142230e+00
2.050403206120886779e+00
2.170408968622126178e+00
1.288998507810032335e+00
3.658660739213188240e+00
9.311977694454590448e+00
2.416485807911670669e+00
3.300373021950545382e+00
2.986983899443278467e+00
4.674994541791605229e+00
6.475944280703351374e+00
3.491820306342471980e+00
1.860159051792065421e+00
1.974540741603549199e+00
3.068318472116879470e+00
3.176165472784922894e+00
1.453921907663770607e+00
2.571640527148783661e+00
2.296664222984877490e+00
6.704603029466959185e+00
2.975375004400825585e+00
2.623679473088937453e+00
3.841661780584862740e+00
3.700722873834870086e+00
3.794274228997782217e+00
2.891700182269344221e+00
1.918354938118744579e+00
1.645791031608229593e+00
4.182034337706232563e+00
2.716162954062544710e+00
2.982909033881470329e+00
2.165007449313759214e+00
3.091158363322928260e+00
2.295178184996117920e+00
3.866901146747527385e+00
2.125715443373084934e+00
2.182897452772260216e+00
2.817811995936366998e+00
2.997938404803548451e+00
6.059169497974910001e+00
2.659118660372281617e+00
1.148980279777578994e+00
2.444083661000533869e+00
9.903369817258877994e-01
1.960325222862765449e+00
1.862299348518310360e+00
5.961334850172084643e+00
3.416466049652904680e+00
4.347610793839409737e+00
1.581723071629780764e+00
1.864018853264356457e+00
2.013497745890711954e+00
6.106311419310497257e-01
2.268848367046019554e+00
8.319667841161432875e+00
1.730835816346730782e+00
5.459163762423019151e+00
2.635843033793886292e+00
3.220823913039223108e+00
3.336588764361165804e+00
3.358690215073033336e+00
5.456015572653061696e+00
2.699501643557680186e+00
6.428939709732837571e+00
2.700638594115126967e+00
2.172460684903426476e+00
4.354491842110123301e+00
2.977160897051831512e+00
2.567072624823984128e+00
3.336926937104818691e+00
2.765912660770284415e+00
2.338838356436398147e+00
1.975482562953327692e+00
6.262598069602959505e+00
2.465660390156304338e+00
3.132741444187147284e+00
2.341930465223920343e+00
3.395131246003438630e+00
3.856045671389454199e+00
2.855499447413591962e+00
3.118441343896417361e+00
2.842579274745114404e+00
3.550564738961876188e+00
1.216648888336558043e+00
3.670911017336942805e+00
1.403054357647822270e+00
2.836182136064286929e+00
2.913601968925547681e+00
2.198667682599751316e+00
3.227480916920625997e+00
2.580319619251683516e+00
3.172760578003046117e+00
6.157241822616702720e+00
3.046893551119271404e+00
2.894944305022854270e+00
6.166316836213746377e+00
2.436106403989044100e+00
2.298728644760354101e+00
2.589388781815683771e+00
5.809815984898257568e+00
3.091108317890113089e+00
1.918185988626792682e+00
3.115512867762755267e+00
3.809361195946603829e+00
2.113984946907113915e+00
1.984779100018729148e+00
8.248382304167277468e+00
1.762441887450609590e+00
3.348594658121994971e+00
2.110359467749253426e+00
2.690150960371244793e+00
2.044681346353696139e+00
3.438909318017015604e+00
3.661653591946463226e+00
1.816389314301303237e+00
3.155566232182009490e+00
2.118438727483168194e+00
2.983304864152656499e+00
2.951321891245919815e+00
2.919669450490297358e+00
4.205119976054477959e+00
3.053584855542351928e+00
3.192520852697666722e+00
2.055311962671274806e+00
4.543466127608034810e+00
1.389599776642697515e+00
3.638327583310476232e+00
2.474699378115680304e+00
1.488604071813918406e+00
2.887395077664648202e+00
3.064053490978018601e+00
2.536770789306304508e+00
4.403161754429039121e+00
2.458446218797913918e+00
9.801718896999446429e+00
1.532271810298043668e+01
8.480140452822282349e-01
5.313949082291848924e+00
2.630200143527778422e+00
2.176039072652422579e+00
2.501952665131420783e+00
2.517147123140388132e+00
9.353926524039071211e-01
2.383171098306375857e+00
3.163538299913636109e+00
3.463416763954751953e+00
6.726372098672979583e+00
3.372076298462036714e+00
2.161224488978364278e+00
2.753582890842304121e+00
3.966508117108001663e+00
6.165783524181144060e+00
1.671889495951482729e+00
1.416586199881869845e+00
4.015785436719580659e+00
2.603409923366327039e+00
1.652498153752995247e+00
3.138328823541071344e+00
2.828228204807538226e+00
1.458189995296054642e+00
3.856570347250266373e+00
5.013535041447648055e+00
2.850887389046943721e+00
2.773645482075060897e+00
4.461486794275830725e+00
1.992062673153518482e+00
2.633258703792038080e+00
2.806829308583176807e+00
9.242964200621813120e+00
2.511982354563079056e+00
1.924440521979261520e+00
2.293888551883948246e+00
2.551340283026739542e+00
2.844555561462278170e+00
7.972971117089079129e+00
3.304028298792346163e+00
2.777902469492216753e+00
3.441891382101894159e+00
2.700779895413762510e+00
3.502030584580107408e+00
2.176975142267105756e+00
2.594501287190881911e+00
4.609196815540651748e+00
1.483773180375090206e+00
1.277589184076743267e+00
3.537339463049488320e+00
5.909241780096886387e+00
5.209685312556893599e+00
2.904147441317693534e+00
6.039287211931407384e+00
3.344427349742831623e+00
2.932718779101840756e+00
2.808779484627508705e+00
4.277056230062536102e+00
3.542204736315494262e+00
4.293767661256949530e+00
3.388972834588959149e+00
2.731106447740902610e+00
2.713249749963993818e+00
6.574697261284843997e+00
5.447384212344960730e+00
2.998382914017985179e+00
3.693498561499226618e+00
2.116942542754022938e+00
5.087260441656779264e+00
3.444605354141695663e+00
6.763804691869649943e+00
2.179137267420392376e+00
1.025134695483360758e+01
9.015513764153708642e-01
5.452251355345728356e+00
3.212313244689684488e+00
2.964718102243666831e+00
2.601727862138810909e+00
3.132160522423855120e+00
9.637316701835512589e+00
1.771876669692404871e+00
4.230189169520797599e+00
2.150574713487427125e+00
7.102826975054698622e+00
6.873470812221638582e+00
2.931873668840023761e+00
4.272483935997449578e+00
2.150377497530046256e+00
1.981767541751191297e+00
1.801209313593083117e+00
4.186897935445904828e+00
1.994154153416316966e+00
1.678380348407937372e+00
2.669661962653612441e+00
2.290596813103969343e+00
3.246531293878237800e+00
2.087400608320539419e+00
9.634139300895279590e+00
2.790049242118109341e+00
6.367822375931044832e+00
1.223356454061794629e+01
1.997975107929906624e+00
3.891013318445780911e+00
1.860640301078567704e+00
3.608022084773139238e+00
2.070293918102244390e+00
2.643874621765658350e+00
4.147041345403806645e+00
3.452518100933084977e+00
5.146853353440604018e+00
3.831229929553518154e+00
3.405221942674702795e+00
2.065442833226315944e+00
2.424822052115172433e+00
1.959375403462667586e+00
2.966454700391267352e+00
3.232877201265452527e+00
3.197126575208021126e+00
2.217788229701460168e+00
7.178733852831204132e+00
7.454290673382762300e+00
3.915281855074359552e+00
1.583110702896306066e+00
5.802918445215821563e+00
3.171718070883777330e+00
2.880982763039428018e+00
6.728343019618201026e+00
4.040630004524939700e+00
3.949924648430274576e+00
2.852734109488310299e+00
3.468052519613282758e+00
4.695008703164909925e+00
7.334117926375888885e+00
5.025049069566181359e+00
3.289465467109815577e+00
2.816838888034781885e+00
3.925810704095937353e+00
2.470876323170781319e+00
2.003538657269217094e+00
3.462589544503092753e+00
5.450314621732147202e+00
2.658313176606026396e+00
5.955762580516225313e+00
1.091679310777575296e+01
2.770529480682939916e+00
4.593579334463314012e+00
2.217827748703375512e+00
3.327028914561248385e+00
2.478325718836764224e+00
2.575774473765995332e+00
1.666682685407570474e+00
3.126247428752467972e+00
8.631402156525269653e-01
9.532775495371838659e+00
1.884543130170070357e+00
2.516860520376254406e+00
4.335671680206097278e+00
2.367599669305477939e+00
4.807207907547695669e+00
3.754400219691388152e+00
4.272441791624942198e+00
4.475497483665218823e+00
3.921249017173865425e+00
4.013667043545635416e+00
2.354974754936825398e+00
2.904286454387783767e+00
4.018344929864748671e+00
4.057865779557188191e+00
6.965352237255953760e+00
1.981959882905532488e+00
3.897313493786598304e+00
1.982660555748402942e+00
2.206967332909809620e+00
2.624238043259492059e+00
3.351244889842490693e+00
1.812255435605336418e+00
1.643127257655092377e+00
1.995547723587779876e+00
3.402482859991269315e+00
4.036956971525771820e+00
6.089670928389629978e+00
2.712885568058743591e+00
2.046407292759524488e+00
1.165873838131482820e+01
7.174546920339138545e+00
3.146727992174868316e+00
1.496995757750114731e+00
3.844485059130195115e+00
2.075022436554481597e+00
2.224373781272797057e+00
3.899470827370032033e+00
4.151492684101494746e+00
2.550690970425537607e+00
3.219899752111625268e+00
2.232681629165541803e+00
2.671645304092630457e+00
4.589073127098341587e+00
2.997859771277815888e+00
1.769402791554929077e+00
8.530990422928624639e+00
7.840799514395632386e+00
2.325541538889930759e+00
3.340543296489144609e+00
3.102806425987624017e+00
4.328599238087038614e+00
6.298372744007505020e+00
2.842881936625443640e+00
2.786296884071410407e+00
6.422228827776180538e+00
2.679944203279276849e+00
7.531160882721239958e+00
2.548114211756381753e+00
1.330087941445081912e+00
3.363594868147712358e+00
2.760572664371315987e+00
4.661056340086108030e+00
3.276148076202946680e+00
2.044309315570222996e+00
3.635915715127741699e+00
8.883204994884286165e-01
3.690889580514958634e+00
6.237980404077896779e+00
2.935748796687609463e+00
1.023232552744916424e+00
3.619225777239989839e+00
5.912322935272907642e+00
2.854284744515295458e+00
2.425619645482621767e+00
7.470013465275865627e+00
4.250253603331031194e+00
2.808883036345070305e+00
2.126591822342676075e+00
1.153550166568655833e+01
2.552787125013958214e+00
6.348098446507072445e+00
4.163954790187414545e+00
5.091129373872904651e+00
2.071484604285728004e+00
2.958403090445781203e+00
8.703634971690064503e+00
3.031159233200243719e+00
1.577074407379144283e+00
1.907590104508001039e+00
3.765496505828382023e+00
4.216671896098393546e+00
2.743854912639745791e+00
1.617513211307225918e+00
2.471381787005591857e+00
2.936388246018716952e+00
2.569698973549228604e+00
1.940511191180584127e+00
1.395537432977444592e+00
8.613788946357818332e+00
3.552240232149065591e+00
3.912370076997773616e+00
3.678318975840388916e+00
3.587831472795190102e+00
1.952698675021679975e+01
2.309756878107164368e+01
1.725083244507245084e+01
1.987957765703065505e+01
2.087775124674945459e+01
1.784582104038753769e+01
1.742543671093058677e+01
1.862838190572761832e+01
1.673010193913979293e+01
1.694554878256482056e+01
1.773267756066877254e+01
1.936289356394210870e+01
1.997914517326015371e+01
1.743725383715252875e+01
1.977599517655631800e+01
1.720930719647378737e+01
1.867562500016794047e+01
1.815717943475311458e+01
1.725092939459619146e+01
1.698958152498246932e+01
1.822315599985610746e+01
1.835310078240815201e+01
1.689606011312925915e+01
1.724478369474330464e+01
1.776067863019831705e+01
1.816499257277144963e+01
1.757856791172489253e+01
1.679901267308808244e+01
1.785388864437241452e+01
1.802850395188500698e+01
1.814579092034324859e+01
1.659616558786396112e+01
1.702119852126455513e+01
1.757045654763182085e+01
1.750928531052485937e+01
1.622947472148678827e+01
1.796790432964829876e+01
1.829910031922517888e+01
1.637335488631676128e+01
1.812353715298068835e+01
1.685483110856191757e+01
1.802275351697953454e+01
1.875613663573445322e+01
1.794356580742286056e+01
1.657174827335967393e+01
1.843148730234568689e+01
1.862913865934176982e+01
2.266305756892266743e+01
1.852848169234831488e+01
1.747047282316249550e+01
