2.145322400181326916e+00 9.800169404619796243e-02
-1.264918312488942931e-01 1.496157075686587845e+00
1.827989372177095895e+00 2.299940075591138111e+00
2.901816807231617501e-01 1.548159913362717077e+00
1.482555257782455671e+00 1.134264025635522977e+00
1.433364432090669549e+00 1.284158146530747224e+00
3.983786221388846416e-01 1.162453559790677993e+00
2.609232313635192479e-01 1.235590664968224672e+00
2.818458394438461134e+00 3.861931091478902900e-01
1.206254721010532771e+00 1.917771413035319839e+00
1.255088426832713822e+00 1.983988915257464791e+00
-1.156135717723023593e-01 2.395221635577401420e-01
1.773909785990266386e+00 1.623520417275692296e+00
-7.530090738349650703e-01 1.470725380796365833e+00
1.717636703105046347e+00 1.012874807057270177e-01
1.395513888718308282e+00 2.823663678269305866e-02
1.538004577823642860e+00 2.304085478970823608e+00
2.576675211088708117e+00 1.249462299500946783e+00
6.334374334670622719e-02 -6.918567910841133539e-02
1.055955428740863677e+00 1.583854081547053205e+00
1.012795869332166809e+00 1.652681061887227854e-01
1.836765866135406489e+00 8.039895496392779339e-01
2.100406682206457099e-02 1.362526671417433999e+00
2.114966571745360291e+00 1.033369205674508962e+00
-2.160435365401345287e+00 1.127142176026950215e+00
1.924349009642758901e+00 2.048217249885132318e+00
9.191812312411484776e-02 -1.183384296502334454e-01
9.393132999868691879e-02 1.690078615405512963e+00
1.682678494729219931e+00 1.237833139097903157e+00
7.882260256529546316e-01 5.562527851121953359e-01
5.281298940689507226e-01 -2.307655878630952007e-01
8.006892586693911129e-01 7.073611421245105113e-01
7.338624515468070708e-01 1.426340375940264860e-01
1.322270453527119694e+00 7.310869852977905925e-01
2.581193001272652943e+00 1.224311856854933600e+00
-5.106753991179235896e-02 2.207002718029517307e+00
-6.114649551602233668e-01 1.442987822121871266e+00
1.133072721114479986e+00 1.332157405665590488e+00
1.691930208265191693e+00 -2.035458982730224964e-01
-2.091947223099477338e-01 2.613074620275800175e+00
1.132524497201346847e+00 -8.391307097294387063e-02
9.795151491363246476e-01 1.544927549871181638e+00
7.133338030951890119e-01 1.124367591381089548e+00
2.091302951610010119e+00 2.695470853688552548e+00
1.487193512006061535e+00 -1.902122986687098116e-01
1.468873957816650533e+00 3.264489042329639990e+00
1.295707875295541545e+00 4.046007141162862863e-01
2.683249857750841905e+00 1.620720575102885697e+00
1.251208664510030655e+00 1.133837233146387513e-01
-1.424966207263112405e+00 6.531731634781672291e-01
-5.926454151851467955e-01 -1.703742548867894779e-01
2.413939141492293494e+00 2.539941293395155952e+00
2.048258019558333309e+00 6.373842224373111875e-01
3.162844006657499207e+00 2.558981960121448296e+00
1.707203453079360500e+00 -6.429363415391835535e-01
7.670761680881663658e-01 2.672603078902621832e+00
1.808604920520167081e+00 -1.835168824423161205e-02
-5.698849587540053552e-01 1.281921545236755389e+00
-2.202530268485629605e-01 1.003168568147833062e+00
1.431226914271780615e+00 -1.956411561506106178e-01
-7.937282984214539816e-01 9.504580041210561880e-01
2.392469302078740867e+00 -4.579958611977850147e-01
2.308153512447209010e+00 9.838627186643513767e-01
1.257851702054570975e+00 1.868693819029932701e+00
8.930695454174714110e-01 1.380563171773202757e+00
1.090279083735265830e+00 5.690465162887470285e-02
1.856940763941235417e+00 2.950900056841578412e+00
1.771033165648312480e-01 2.013059363302823535e+00
8.077881148149207435e-01 2.505926964379654009e+00
2.418785360424045905e+00 8.350171902846552641e-01
-2.054270722267463878e-01 1.326718450577331065e+00
1.615638105087217724e+00 2.545812142810479184e+00
2.240169687711947688e+00 -8.441213491863575058e-02
1.234734719533466807e+00 1.431777022796036913e+00
-1.899639869666112091e-01 3.415636693410754043e-01
1.326903274028412794e+00 2.037382666120150176e+00
1.681662608917816826e+00 -1.259498460438428502e+00
-6.159271579618694759e-01 2.213177419099737087e+00
7.086665983329527574e-01 3.232539683869952718e-01
1.408021201436037151e+00 -2.746717063684041005e-01
8.845801705860067976e-01 1.014614784198976771e+00
5.098743983977027661e-01 9.352931827795958331e-01
2.372559760444132415e+00 9.095393764412209592e-01
1.474244362711862433e+00 1.540972295517339052e+00
1.958941064635131291e-01 1.762698817445430555e+00
1.042318075128558119e+00 -1.842968788386716295e-01
-1.865013303676814616e-01 1.254531920539447842e-01
-5.869721416600317543e-01 1.592063214476779898e+00
9.601348681633260496e-01 5.170244286932741407e-01
7.488088664694960706e-01 2.401489135087199855e+00
6.535134196345326885e-03 1.157245080283894723e+00
9.547987019000455655e-01 1.151730157410447042e+00
1.039412243224673738e+00 1.404299212942140551e+00
1.441308823455585753e+00 5.018622337018734392e-01
-7.131355293470422740e-01 1.630963351127547645e+00
2.970990573618649266e-01 1.433708004559437699e+00
1.232466731266483650e+00 -1.099437485083353927e+00
1.480147068576268321e+00 2.099985066629286301e+00
-1.416637002183385174e+00 6.841984401728538057e-01
1.607423910986183202e+00 -4.460067681222055214e-01
2.912340226758717954e+00 1.197629497142815191e+00
6.173546471668027724e-01 1.217540578325024603e+00
4.914482074442101389e-01 7.595425164297046061e-01
1.466309555638719786e+00 8.097341771407916555e-01
5.964040238994616772e-01 3.186986729605117308e+00
2.774497029285247329e+00 5.039977445328626127e-01
1.762110127521963499e+00 6.157485138083178544e-01
1.044727623349269718e+00 8.335596225023838013e-01
1.483168364952954121e+00 8.114989109895326402e-01
1.421964117358385460e+00 9.853539645900122323e-02
7.763253687702996730e-01 1.040527223473242779e+00
1.135578544917082988e-01 -5.074712634563478542e-01
1.228077366424545902e-01 3.239660645931149663e+00
1.472508915829285447e+00 -3.149426934880432682e-01
-1.899508376122980291e-01 3.459007629204878587e+00
1.970491020247848724e-01 -3.112164457143502538e-01
4.878029935991015087e-01 1.063155406880674114e+00
4.857937112896962839e-01 1.273651574134463615e+00
4.931072514411302121e-01 2.058198548037633469e+00
2.394408814822727827e+00 -1.461399521911017629e-01
8.849748253962379518e-01 2.000288391629402085e+00
8.067383459985011385e-02 1.626039036476977451e+00
1.563720611880202727e-01 -1.427014180233768137e+00
5.871875986640856526e-01 6.639841944740239033e-01
-7.108570733808960984e-01 1.947685485068373801e+00
1.856287085155590377e+00 2.565208904810373891e+00
2.241672449619352747e+00 4.881930302910675312e-02
1.158225036596817192e+00 4.374043987143344525e-01
1.301006874488418230e+00 1.242264742134310040e+00
2.678478969722832836e+00 1.469242329256365220e+00
-1.091738790821648930e+00 -1.567882122776941500e+00
-2.261943445393763685e-01 4.644058186824276957e-01
8.790378004004815171e-01 1.516424945867154150e+00
1.726996135781721620e+00 -5.125214385961036623e-01
3.429942333720928271e+00 -2.193505527251167209e-01
2.422976792880736419e+00 1.303293719660410854e+00
2.527436731950592375e+00 1.850799398056426348e+00
1.545819437274504438e+00 1.198593856891424725e+00
-8.159117354772724706e-01 -6.003812100016829856e-01
1.048037720292458452e-01 2.523214409380551970e+00
3.813812580546005471e-01 1.313201874076543874e+00
8.421844135311549184e-01 1.778597191645832742e+00
2.834535339565821932e+00 1.835655537801057502e+00
1.427383788197237102e+00 1.412077876296833789e+00
2.243694424367522977e+00 2.881907271460048214e+00
5.691178269104273379e-01 -5.656781291291079761e-02
1.386051105898022939e-01 1.826564614298838984e-01
9.581829889337337702e-01 -1.814314893969799503e-01
1.451034915632418265e+00 1.898036785127234838e+00
2.475643101259619172e+00 9.377688581887885233e-01
4.427979056788903245e-01 -1.368774804450967331e-01
1.573533255645397366e-01 -6.749548927854420732e-01
1.453527264589199008e+00 1.716513067435983864e+00
7.262595483229468130e-01 1.214263748180797853e+00
3.627356829288289619e-01 -3.098725178339933883e-01
1.214662841335452104e+00 6.532991830062742089e-01
2.011526188609599863e+00 1.359419879167702128e+00
1.281298715423724310e-01 1.732722089046188074e-01
1.176829512120642685e+00 1.570533821466643776e+00
2.187466837942133591e-01 4.186741519545977841e-02
1.828082159333928480e+00 1.248214140883691536e+00
1.389002282501373919e+00 1.337119534265017951e+00
1.368091174650352126e+00 5.758588027856272884e-01
4.284245762995808615e-02 7.474355413393114489e-01
-1.092736452884772724e-01 1.933487539859442883e+00
7.786917864939110201e-01 6.617832773510756716e-01
2.186025250705075917e-01 1.959986231724954786e+00
1.090907019696869984e+00 9.611875117285981762e-01
1.354904123320659792e+00 8.209943486478767927e-01
1.722247006535159830e+00 -2.408828241173290863e-01
1.738084039599296471e+00 5.504641779531571633e-01
1.390691152445853618e+00 3.205952196855667014e-01
4.121535771847866236e-01 6.834840118742973036e-01
1.756251818308306678e+00 1.389001980721583873e+00
1.465838802509158656e+00 -3.014952117979634583e-01
-5.121260030474039660e-02 2.909606271884330297e+00
7.967371717907290041e-02 1.298122708535289327e+00
2.090789872821559481e+00 3.015664022911956010e+00
1.392352109205317046e-01 7.319405452371567922e-01
1.858182349946307266e+00 4.308515732706882373e-01
8.984002454074833111e-01 1.358497599201031525e+00
5.108656088812630891e-01 9.277414978192434214e-01
1.756661124346067471e+00 1.557607080958310686e+00
2.281457267414396028e+00 5.723776844669095087e-01
6.948328110121995138e-01 1.179712912107795830e+00
2.621562702474300011e+00 5.830135280259912678e-01
2.111789798294060105e+00 6.203965685953496401e-01
-1.146629990358118967e+00 -4.427122858739229727e-01
2.590865465830648695e+00 1.039108175177064108e+00
2.134616369836936478e+00 6.177692730846651159e-01
5.283493529195100180e+00 6.215834880568481324e+00
5.601086813391995101e+00 4.404370791379667693e+00
4.999342411609430492e+00 5.741312473092735402e+00
5.122656902216667696e+00 4.302577081705122097e+00
5.038592025380217443e+00 3.754951321581101009e+00
5.709492142805702386e+00 7.472620753821223261e+00
6.235161132368190806e+00 4.391204191625279307e+00
4.583140658577960380e+00 4.257367794503807090e+00
4.891893530211621766e+00 4.385584404484215604e+00
6.833964673777713550e+00 3.524910040085562635e+00
