2.837266897435436697e+00
8.054172040195891613e-01
-3.113101339925830047e-01
-1.943609635303574557e+00
1.204935869992636466e+00
1.615339396829160723e+00
1.295322092645064149e+00
-2.788705901338541793e-01
3.071501748130576193e+00
1.829654719082886016e+00
1.308913834430743606e+00
3.884938160251487638e-01
2.809311446337745988e+00
3.328000137637793232e-01
-1.384096707178692043e+00
1.779944760968041884e+00
3.475257153259285747e-01
2.034266948126894015e+00
9.139257047673960965e-01
1.486045893413566077e+00
-5.477245850374934388e-01
2.642878111203661451e-02
4.233655554809745425e-01
1.568703124839957219e+00
3.690095470971213043e-01
3.655052846274458034e-01
-7.368876015709697747e-01
1.727720602911643866e+00
1.358469476319463576e+00
5.312587823292274081e-01
1.716531392820200841e+00
1.477616422023636522e-01
1.059618819457490924e+00
1.345309898758263012e+00
1.907655335149796016e+00
8.907697909394733937e-01
8.377843431423056542e-01
3.411241814496472902e-01
2.107988059368491207e+00
1.170207212452438306e+00
9.780256701630529736e-02
3.230565927229425149e-01
1.689097334178294219e+00
1.338635009974135981e+00
1.556866061733187090e+00
6.903683446423295456e-01
1.200536137661257108e+00
-3.696987745229436406e-01
-3.748769001369043341e-01
1.872752376027437826e-01
1.302199822434719323e+00
8.131227245275530757e-01
2.078419931007075228e+00
2.330396132866447978e+00
6.303338138628731269e-01
8.378209550876936085e-01
1.039599203103870328e-01
1.442189339906567058e+00
1.950407851510184365e+00
7.024023665510054082e-01
2.011994069570197663e+00
1.967390218777957944e-01
2.977814214350269495e-01
-2.040266820215121957e-01
1.220378990370680095e+00
1.411183050124689142e+00
2.767865310161593539e-01
8.326074408731156673e-01
1.027712851102439595e+00
2.275051424444598069e+00
1.927072986037094093e+00
1.152973303890180157e+00
1.849570687861761265e-01
1.764289782802253459e+00
2.776347434039324824e+00
1.292945631679078389e+00
2.374607832966882270e+00
9.066163434100924512e-01
1.880400606995991986e+00
5.328295948146858363e-01
2.372086189522327082e+00
1.002048582360411721e+00
3.395585210179506319e+00
3.019460052139968376e-01
2.047392757663857754e+00
2.358061317340839125e+00
6.217541549962627423e-01
1.829228547639346170e+00
1.026938083078196007e+00
2.189959428081460491e+00
3.155513509993491006e+00
1.708596508131480451e+00
1.233156986297275992e+00
2.809710147710257733e+00
1.396599827809150263e+00
4.292587402737553237e-01
1.008828473618979205e+00
1.548125468308002128e+00
5.454138328561555227e-01
-1.367752406973862467e+00
-1.082943036456211594e+00
2.135046811639057518e-01
1.859465005780071012e-01
5.559749154526862913e-01
6.734613249941366897e-01
1.348179928047585907e+00
1.086637528823917176e+00
1.588660340974952900e+00
1.685608574236419743e+00
2.935332076736716367e-01
1.072252574953188597e+00
-6.931921190459346960e-01
1.452939292981183517e+00
3.105775660333313093e-01
2.142502779377731592e+00
-1.445007995700673398e-01
2.253748972093153391e+00
2.531656492588016505e+00
1.464626392759847295e+00
3.201462053777333061e-01
8.875641504066572596e-01
1.284187441730821888e-01
9.970385244207216058e-01
7.264662660903642433e-02
9.834522017967273211e-02
3.473888996910655669e-01
4.118508533193626642e-01
8.504645111006281510e-01
1.211911613131864796e+00
5.573602235060731713e-01
1.274208364911247449e+00
-5.915350979365399109e-01
1.411698240511467306e+00
-4.414238590127483874e-01
1.695478419752247001e+00
2.981921984055406760e-01
1.585514425682972295e-01
2.174806931257368348e+00
1.050594699460561277e+00
1.221852854934403210e-01
1.324283708463037446e+00
1.393064115794668822e+00
-6.331347923707515424e-01
1.746785717953362571e+00
3.207967179710454975e+00
5.620746722072194057e-01
2.679604159886135761e+00
-5.891747033792635868e-01
1.090269514216364088e+00
1.655115603841818217e+00
1.938871495243728926e+00
-1.428220284531991346e-01
3.353230197944075952e-01
5.954098513858294695e-01
5.987238092264695055e-01
1.423400182322612340e+00
3.552877384938726291e+00
3.061732877863670987e-01
5.412319118245221272e-01
6.846860649775323715e-01
1.998415487602853036e+00
1.911270142752089285e+00
6.037997422562663141e-01
1.396339384086445534e+00
-2.355171400769362489e-01
1.414044443846866228e+00
1.738460562734297943e+00
-4.959523858071601676e-01
-4.902819914604303886e-01
7.440728590753648009e-01
7.386128209528581845e-01
2.105308536475297920e+00
1.729172150935787133e-01
2.600330828105026360e-01
1.139649560593085864e+00
-8.395174228688060403e-01
-1.028990250702572773e-01
2.896971971444576965e+00
3.050013884563192779e+00
6.993251165964898819e-01
1.341085998916996314e+00
1.810336610695944870e+00
2.159536197489886789e+00
7.230689056323440500e-01
1.786219885969764665e+00
5.709118179221730482e-01
1.400579418749668514e+00
-5.482846040228148699e-01
4.957336669097373028e-01
1.657876995981040880e+00
2.833296332073115265e-01
-2.003011972058066359e-01
2.492653804047439081e+00
-9.886992233000002628e-01
1.171330158166842494e+00
1.836350951301583212e+00
9.473113669274060289e-01
1.905504682866308475e+00
1.676644301400867842e+00
1.825989039030025740e+00
