2.837266897435436697e+00
8.054172040195891613e-01
-3.113101339925830047e-01
-1.943609635303574557e+00
1.204935869992636466e+00
1.615339396829160723e+00
1.295322092645064149e+00
-2.788705901338541793e-01
3.071501748130576193e+00
1.829654719082886016e+00
1.308913834430743606e+00
3.884938160251487638e-01
2.809311446337745988e+00
3.328000137637793232e-01
-1.384096707178692043e+00
1.779944760968041884e+00
3.475257153259285747e-01
2.034266948126894015e+00
9.139257047673960965e-01
1.486045893413566077e+00
-5.477245850374934388e-01
2.642878111203661451e-02
4.233655554809745425e-01
1.568703124839957219e+00
3.690095470971213043e-01
3.655052846274458034e-01
-7.368876015709697747e-01
1.727720602911643866e+00
1.358469476319463576e+00
5.312587823292274081e-01
1.716531392820200841e+00
1.477616422023636522e-01
1.059618819457490924e+00
1.345309898758263012e+00
1.907655335149796016e+00
8.907697909394733937e-01
8.377843431423056542e-01
3.411241814496472902e-01
2.107988059368491207e+00
1.170207212452438306e+00
9.780256701630529736e-02
3.230565927229425149e-01
1.689097334178294219e+00
1.338635009974135981e+00
1.556866061733187090e+00
6.903683446423295456e-01
1.200536137661257108e+00
-3.696987745229436406e-01
-3.748769001369043341e-01
1.872752376027437826e-01
1.302199822434719323e+00
8.131227245275530757e-01
2.078419931007075228e+00
2.330396132866447978e+00
6.303338138628731269e-01
8.378209550876936085e-01
1.039599203103870328e-01
1.442189339906567058e+00
1.950407851510184365e+00
7.024023665510054082e-01
2.011994069570197663e+00
1.967390218777957944e-01
2.977814214350269495e-01
-2.040266820215121957e-01
1.220378990370680095e+00
1.411183050124689142e+00
2.767865310161593539e-01
8.326074408731156673e-01
1.027712851102439595e+00
2.275051424444598069e+00
1.927072986037094093e+00
1.152973303890180157e+00
1.849570687861761265e-01
1.764289782802253459e+00
2.776347434039324824e+00
1.292945631679078389e+00
2.374607832966882270e+00
9.066163434100924512e-01
1.880400606995991986e+00
5.328295948146858363e-01
2.372086189522327082e+00
1.002048582360411721e+00
3.395585210179506319e+00
3.019460052139968376e-01
2.047392757663857754e+00
2.358061317340839125e+00
6.217541549962627423e-01
1.829228547639346170e+00
1.026938083078196007e+00
2.189959428081460491e+00
3.155513509993491006e+00
1.708596508131480451e+00
1.233156986297275992e+00
2.809710147710257733e+00
1.396599827809150263e+00
4.292587402737553237e-01
1.008828473618979205e+00
1.548125468308002128e+00
5.454138328561555227e-01
-1.367752406973862467e+00
-1.082943036456211594e+00
2.135046811639057518e-01
1.859465005780071012e-01
5.559749154526862913e-01
6.734613249941366897e-01
1.348179928047585907e+00
1.086637528823917176e+00
1.588660340974952900e+00
1.685608574236419743e+00
2.935332076736716367e-01
1.072252574953188597e+00
-6.931921190459346960e-01
1.452939292981183517e+00
3.105775660333313093e-01
2.142502779377731592e+00
-1.445007995700673398e-01
2.253748972093153391e+00
2.531656492588016505e+00
1.464626392759847295e+00
3.201462053777333061e-01
8.875641504066572596e-01
1.284187441730821888e-01
9.970385244207216058e-01
7.264662660903642433e-02
9.834522017967273211e-02
3.473888996910655669e-01
4.118508533193626642e-01
8.504645111006281510e-01
1.211911613131864796e+00
5.573602235060731713e-01
1.274208364911247449e+00
-5.915350979365399109e-01
1.411698240511467306e+00
-4.414238590127483874e-01
1.695478419752247001e+00
2.981921984055406760e-01
1.585514425682972295e-01
2.174806931257368348e+00
1.050594699460561277e+00
1.221852854934403210e-01
1.324283708463037446e+00
1.393064115794668822e+00
-6.331347923707515424e-01
1.746785717953362571e+00
3.207967179710454975e+00
5.620746722072194057e-01
2.679604159886135761e+00
-5.891747033792635868e-01
1.090269514216364088e+00
1.655115603841818217e+00
1.938871495243728926e+00
-1.428220284531991346e-01
3.353230197944075952e-01
5.954098513858294695e-01
5.987238092264695055e-01
1.423400182322612340e+00
3.552877384938726291e+00
3.061732877863670987e-01
5.412319118245221272e-01
6.846860649775323715e-01
1.998415487602853036e+00
1.911270142752089285e+00
6.037997422562663141e-01
1.396339384086445534e+00
-2.355171400769362489e-01
1.414044443846866228e+00
1.738460562734297943e+00
-4.959523858071601676e-01
-4.902819914604303886e-01
7.440728590753648009e-01
7.386128209528581845e-01
2.105308536475297920e+00
1.729172150935787133e-01
2.600330828105026360e-01
1.139649560593085864e+00
-8.395174228688060403e-01
-1.028990250702572773e-01
2.896971971444576965e+00
3.050013884563192779e+00
6.993251165964898819e-01
1.341085998916996314e+00
1.810336610695944870e+00
2.159536197489886789e+00
7.230689056323440500e-01
1.786219885969764665e+00
5.709118179221730482e-01
1.400579418749668514e+00
-5.482846040228148699e-01
4.957336669097373028e-01
1.657876995981040880e+00
2.833296332073115265e-01
-2.003011972058066359e-01
2.492653804047439081e+00
-9.886992233000002628e-01
1.171330158166842494e+00
1.836350951301583212e+00
9.473113669274060289e-01
1.905504682866308475e+00
1.676644301400867842e+00
1.825989039030025740e+00
2.145322400181326916e+00
-1.264918312488942931e-01
1.827989372177095895e+00
2.901816807231617501e-01
1.482555257782455671e+00
1.433364432090669549e+00
3.983786221388846416e-01
2.609232313635192479e-01
2.818458394438461134e+00
1.206254721010532771e+00
1.255088426832713822e+00
-1.156135717723023593e-01
1.773909785990266386e+00
-7.530090738349650703e-01
1.717636703105046347e+00
1.395513888718308282e+00
1.538004577823642860e+00
2.576675211088708117e+00
6.334374334670622719e-02
1.055955428740863677e+00
1.012795869332166809e+00
1.836765866135406489e+00
2.100406682206457099e-02
2.114966571745360291e+00
-2.160435365401345287e+00
1.924349009642758901e+00
9.191812312411484776e-02
9.393132999868691879e-02
1.682678494729219931e+00
7.882260256529546316e-01
5.281298940689507226e-01
8.006892586693911129e-01
7.338624515468070708e-01
1.322270453527119694e+00
2.581193001272652943e+00
-5.106753991179235896e-02
-6.114649551602233668e-01
1.133072721114479986e+00
1.691930208265191693e+00
-2.091947223099477338e-01
1.132524497201346847e+00
9.795151491363246476e-01
7.133338030951890119e-01
2.091302951610010119e+00
1.487193512006061535e+00
1.468873957816650533e+00
1.295707875295541545e+00
2.683249857750841905e+00
1.251208664510030655e+00
-1.424966207263112405e+00
-5.926454151851467955e-01
2.413939141492293494e+00
2.048258019558333309e+00
3.162844006657499207e+00
1.707203453079360500e+00
7.670761680881663658e-01
1.808604920520167081e+00
-5.698849587540053552e-01
-2.202530268485629605e-01
1.431226914271780615e+00
-7.937282984214539816e-01
2.392469302078740867e+00
2.308153512447209010e+00
1.257851702054570975e+00
8.930695454174714110e-01
1.090279083735265830e+00
1.856940763941235417e+00
1.771033165648312480e-01
8.077881148149207435e-01
2.418785360424045905e+00
-2.054270722267463878e-01
1.615638105087217724e+00
2.240169687711947688e+00
1.234734719533466807e+00
-1.899639869666112091e-01
1.326903274028412794e+00
1.681662608917816826e+00
-6.159271579618694759e-01
7.086665983329527574e-01
1.408021201436037151e+00
8.845801705860067976e-01
5.098743983977027661e-01
2.372559760444132415e+00
1.474244362711862433e+00
1.958941064635131291e-01
1.042318075128558119e+00
-1.865013303676814616e-01
-5.869721416600317543e-01
9.601348681633260496e-01
7.488088664694960706e-01
6.535134196345326885e-03
9.547987019000455655e-01
1.039412243224673738e+00
1.441308823455585753e+00
-7.131355293470422740e-01
2.970990573618649266e-01
1.232466731266483650e+00
1.480147068576268321e+00
-1.416637002183385174e+00
1.607423910986183202e+00
2.912340226758717954e+00
6.173546471668027724e-01
4.914482074442101389e-01
1.466309555638719786e+00
5.964040238994616772e-01
2.774497029285247329e+00
1.762110127521963499e+00
1.044727623349269718e+00
1.483168364952954121e+00
1.421964117358385460e+00
7.763253687702996730e-01
1.135578544917082988e-01
1.228077366424545902e-01
1.472508915829285447e+00
-1.899508376122980291e-01
1.970491020247848724e-01
4.878029935991015087e-01
4.857937112896962839e-01
4.931072514411302121e-01
2.394408814822727827e+00
8.849748253962379518e-01
8.067383459985011385e-02
1.563720611880202727e-01
5.871875986640856526e-01
-7.108570733808960984e-01
1.856287085155590377e+00
2.241672449619352747e+00
1.158225036596817192e+00
1.301006874488418230e+00
2.678478969722832836e+00
-1.091738790821648930e+00
-2.261943445393763685e-01
8.790378004004815171e-01
1.726996135781721620e+00
3.429942333720928271e+00
2.422976792880736419e+00
2.527436731950592375e+00
1.545819437274504438e+00
-8.159117354772724706e-01
1.048037720292458452e-01
3.813812580546005471e-01
8.421844135311549184e-01
2.834535339565821932e+00
1.427383788197237102e+00
2.243694424367522977e+00
5.691178269104273379e-01
1.386051105898022939e-01
9.581829889337337702e-01
1.451034915632418265e+00
2.475643101259619172e+00
4.427979056788903245e-01
1.573533255645397366e-01
1.453527264589199008e+00
7.262595483229468130e-01
3.627356829288289619e-01
1.214662841335452104e+00
2.011526188609599863e+00
1.281298715423724310e-01
1.176829512120642685e+00
2.187466837942133591e-01
1.828082159333928480e+00
1.389002282501373919e+00
1.368091174650352126e+00
4.284245762995808615e-02
-1.092736452884772724e-01
7.786917864939110201e-01
2.186025250705075917e-01
1.090907019696869984e+00
1.354904123320659792e+00
1.722247006535159830e+00
1.738084039599296471e+00
1.390691152445853618e+00
4.121535771847866236e-01
1.756251818308306678e+00
1.465838802509158656e+00
-5.121260030474039660e-02
7.967371717907290041e-02
2.090789872821559481e+00
1.392352109205317046e-01
1.858182349946307266e+00
8.984002454074833111e-01
5.108656088812630891e-01
1.756661124346067471e+00
2.281457267414396028e+00
6.948328110121995138e-01
2.621562702474300011e+00
2.111789798294060105e+00
-1.146629990358118967e+00
2.590865465830648695e+00
2.134616369836936478e+00
1.283493529195100180e+00
1.601086813391995323e+00
9.993424116094307141e-01
1.122656902216667474e+00
1.038592025380217887e+00
1.709492142805701942e+00
2.235161132368190806e+00
5.831406585779604912e-01
8.918935302116213215e-01
2.833964673777713550e+00
1.158144877006915596e+00
2.690812720451962736e-02
1.855839309772061796e+00
-1.585201724878104734e-02
1.569886953181567568e+00
-7.368644604526575215e-02
3.307277097736184945e+00
1.326921612764752734e+00
1.567899383892378928e+00
1.167927298618022025e+00
3.217597345439403567e-01
5.191340090494304116e-01
7.329209973598745931e-01
-1.548672583764529875e-01
2.740553814875819061e-01
2.060362713541791013e+00
1.067806702126678609e+00
1.562072161446507845e+00
1.803985511504961003e+00
2.778373831686408169e-01
1.989130664765964340e+00
1.114643675033760717e+00
1.183299775980145796e+00
1.028035396338355723e+00
4.850486890238459026e-01
4.848511297144990628e-01
2.931418112751592808e+00
1.214128714704995282e+00
2.114587863451234728e+00
1.911206758987764154e+00
1.549939141563534850e+00
1.913666298761830475e+00
2.204232246655522864e+00
1.819926633519580950e+00
-6.589624083113039266e-01
9.491582227449105735e-01
3.407242036654689610e-02
3.933208781752671523e+00
1.381852057078486462e-01
7.723303682170058471e-01
2.402942033038708125e+00
2.327107249215337070e+00
5.461906435328449660e-01
1.708605582984955573e-01
1.723228423298851286e+00
1.252811097735958112e+00
3.545998211654540766e-01
-1.257640560076112024e-01
2.072312691639238480e+00
1.617318201486032336e+00
7.673147160897402230e-01
1.490533738298034816e+00
9.986148582990037603e-01
1.363221660993746420e-01
2.547256268404902713e-01
-6.812616122479995262e-01
8.819057161203072148e-01
8.041015757403826569e-01
2.773119500225570411e-01
1.579093953455589228e+00
1.297519868765050433e+00
5.592267869584610640e-02
9.209720899466703470e-01
1.165439952271271729e+00
2.726904530329102183e+00
1.076660756807285901e+00
-3.077420832927080241e-01
-5.580982272523400400e-01
1.807962119189693517e+00
8.998043428289423940e-01
-2.097307821184319909e-01
1.058267935965744977e+00
2.307265102702048765e+00
1.458127719063312622e+00
2.924390928861688721e-01
2.309993582861990191e+00
2.900809023509405726e+00
1.364030406151711006e+00
6.281588633648146347e-01
1.676627805977222385e+00
-3.944137490606136609e-02
2.466688298665439039e+00
1.570720284725703353e+00
2.283185598597845534e-01
-8.777155329157411146e-01
1.684084426999417294e+00
-2.970987744404323116e-01
-1.998322483832946084e-01
1.828824110495697042e-01
-9.755971618272900603e-01
1.059647834755386819e+00
2.020806916379223050e-01
2.572088488981718601e-01
1.129174924565361948e+00
-1.701021763278909305e-03
1.098245980835792057e+00
3.003527802935612279e+00
-2.625692768364871199e-01
1.307100261860991264e+00
2.819448939588738989e-01
1.727965081312078599e+00
-9.915881131250103842e-02
3.457148957056616290e+00
1.104965019322571296e+00
3.310785292663348534e-01
1.481368031902616123e+00
1.604342272294981386e+00
9.195608951194712555e-01
1.119125041583222124e+00
-4.837331936101216812e-01
-8.991844223598297603e-01
1.196744020342951131e+00
4.758532252774207993e-01
-8.769177542734563069e-02
5.159639004983840316e-03
1.200865492131176770e+00
1.901405531992851339e-01
3.065380851680431284e+00
2.017073229352629227e+00
1.569440445815869278e+00
2.671461872382790981e-01
8.696607075116480345e-01
9.906663670809301436e-02
2.832301757304944267e+00
1.401048493102132086e+00
-2.123386647247493819e-02
1.557813908581796802e+00
1.225439126390739375e+00
-5.594021855640773921e-01
1.624494307513829394e+00
1.765112906393143000e+00
3.994012362162551177e-01
7.742710970521071712e-02
3.346811712984811837e+00
2.332496722118369448e+00
-7.985210700775349224e-01
1.227692348908090647e+00
1.771263074606701293e+00
6.747001917405370808e-01
1.972948689374919518e+00
-9.917775262301091743e-01
1.260266205826702013e+00
9.507758625990719858e-01
1.048449873268547661e-01
2.816932543427523861e-01
1.715998156092161109e+00
5.837051951231648772e-01
-1.170979503981564029e-01
-1.959946191520787195e-01
2.479099911535362022e+00
1.617524040415139197e-01
-5.631301854954227082e-01
1.712003031702420408e+00
2.164807588469642496e+00
-9.040678782590534368e-01
5.640086360794422937e-01
2.198579895507113413e+00
2.262804762686885240e+00
1.256148804956281895e-01
2.944840465191940204e+00
1.360033038303057440e+00
-7.756270962286704318e-02
1.646881388560522685e+00
-5.492412308483671790e-01
-5.368054670802351325e-01
5.645818966011534323e-01
1.088400944350640609e+00
-8.264654527000869777e-03
1.960066337019892302e+00
1.801934131442328724e-01
1.392784294277822799e+00
1.874056114767502779e+00
8.297520988178923584e-01
1.293849352609026226e+00
3.252738651787065116e+00
1.772210788470513165e+00
1.942680749389970707e+00
1.873914406170836155e+00
-2.137479281619727445e-01
2.163781068432899524e-01
9.953065089875340332e-01
2.018702506928336859e+00
2.258572645785883459e-03
3.280423852074958457e+00
3.770872139512898791e+00
2.307892206317717854e+00
2.240411465623977527e+00
6.878073762508630784e-01
2.337874771698708054e-01
8.067471532335065421e-01
3.306249043057313264e-01
7.206700043427669566e-01
8.564955260002464765e-01
5.415741628158210474e-02
1.432821573082667443e+00
-2.673010941747653302e-01
1.067625554253407438e+00
2.946829283174405845e-01
1.615929282602489359e+00
2.129756929351870554e+00
1.990282311709492991e+00
1.263446000716796913e+00
1.913272173037654511e+00
3.089803073962016366e-01
6.644814264612914911e-01
1.659800232960992217e+00
6.887651556560742128e-01
6.249849608693731629e-01
2.085456826146926401e-01
1.306274345575946239e+00
1.433432736967588994e+00
1.418633282273940699e+00
1.442656816808176146e+00
2.846345046439535231e+00
1.745702502273572154e+00
1.940430858338593190e+00
8.920933852777479522e-02
9.167530374543917393e-01
2.191747776758891320e+00
1.628263146877780843e-01
-1.424583821607505740e-02
3.189852200694026640e-01
2.000758333404218270e+00
1.411310611075049515e+00
6.944796896410225795e-01
5.327122784174455061e-01
7.472143689243638809e-01
2.252630602234957369e+00
-2.119881598555670710e-01
-8.521309525997544654e-02
2.241660810783530522e+00
8.717598254295397808e-01
2.780157908125148847e+00
5.238423044268214479e-01
1.393453326110614121e+00
6.394882189432660180e-01
2.102152661735496864e-01
2.507671679108014473e-02
5.516825740997284289e-01
1.024956497794085264e+00
8.654125441220297255e-01
6.644212532663593684e-01
9.012954719208351451e-01
1.673760702263596301e+00
1.852362200540835779e-02
-1.785731741946328111e-01
1.169085595316790682e+00
-5.059135255264979314e-02
1.193011948790319243e+00
2.531477433480691541e+00
3.340157283675854183e-01
7.326173645077522778e-01
1.441543949479403119e+00
-6.771373757419993922e-01
9.890619320396816239e-01
1.172460562614494384e+00
1.324208182554989399e+00
2.142171571368066019e+00
1.919618151241729187e+00
6.223962886907872250e-01
-2.497016825471858326e-01
2.275280241451138163e+00
3.693422111286709608e+00
6.216751911634741390e-01
1.530107031189406275e+00
1.671542421126028355e+00
2.164632790395933926e-01
1.949960163592053153e+00
3.254441352805190313e+00
2.471559401800998312e+00
1.455767995570169226e+00
2.452513067652312362e+00
4.682402182313848416e-01
1.022030414440507684e+00
8.365462374861378780e-01
4.343130555720898789e-01
2.161196577614279413e+00
6.768839940543760481e-01
2.239988068978009395e+00
-8.590074137864167625e-03
1.331263217850733760e+00
5.747908179155217789e-01
2.631792631410823091e+00
1.663143931997962621e+00
5.241566199582101682e-01
2.212423290837973067e+00
1.291134767427191576e+00
8.587228688055872361e-01
1.349446345323817020e+00
1.484562110078145647e+00
7.084402478670219772e-01
1.693955772563575657e+00
2.526077062796140638e+00
1.793091125712518608e+00
5.487590956600536529e-01
2.725481618888283553e+00
-1.083326878008739946e+00
1.746063089661457957e+00
3.288518021925720403e-01
1.027158015141220293e+00
3.609279314963138585e-01
1.342502980567370052e+00
-3.199966595938645852e-01
-6.473234429214518304e-01
2.124519139682093272e+00
5.423242237912628827e-01
1.770164941480958820e+00
4.538825881263095496e-01
-5.606255458717128715e-01
1.496775694613477370e+00
7.700636697273832709e-01
1.769560339955586592e+00
1.211993000992219738e+00
2.281916685332661565e+00
1.604668445561036716e+00
2.577578747237999401e+00
1.775072832758013419e+00
1.405318127604945566e+00
8.299489663708571330e-01
1.326201241609663350e+00
2.534411455732080043e+00
9.256269313902423246e-01
6.513578677847398080e-01
1.497630584693142586e+00
1.561121703893480817e+00
1.066563293827822889e+00
2.221565146266172963e+00
-1.656993492733192852e+00
1.321732636234385749e+00
-2.267539635289599342e-01
1.815193626375607217e+00
2.104259649319896397e+00
-6.260272411220846323e-03
7.444366217505629102e-01
1.188293241242582843e+00
2.617438832998934650e+00
2.026644677257087412e+00
4.318764096031113553e-02
2.207765901740976311e+00
4.098329656669302823e-01
5.255320269021354074e-01
6.242806141525324426e-01
1.560705851723190207e+00
2.009381824271919470e+00
6.310359523188098230e-01
-4.514456792911067939e-01
1.063703807780916888e+00
4.680353180651037892e-01
1.070638655784126758e+00
-3.180022446634509503e-01
1.331361095063321676e+00
-3.929815696221139465e-01
1.027858052874950578e+00
6.007618328440178512e-01
1.355324607771387635e-01
-1.364358813489789934e-01
5.260029267793638885e-01
8.570647114748298767e-01
1.201415079509934314e+00
1.710645679597873059e+00
-2.771683917948115639e-01
2.133273648494998120e+00
-2.570353836667547132e-01
4.168128652123453959e-01
2.492419921073106615e+00
6.361929951205063105e-01
5.835975229666017228e-01
2.417542261573279561e+00
1.654151681128492868e+00
1.370734559426307175e+00
1.288797654906215229e+00
1.235610984818159785e+00
1.739613772643691103e-01
7.218629573403230193e-01
6.906158661718211356e-01
-8.886800028332515478e-01
2.581281528199850239e-01
2.483624199903745833e+00
2.371495643022678568e-01
8.957124029263797693e-01
1.343519134526305336e+00
2.410861186909828646e+00
1.422095989609036382e+00
2.974298026007903273e-01
4.166073946649632154e-01
-7.203759620613472414e-01
1.037673687252174126e+00
1.772217252038589264e+00
2.644098529442164391e+00
7.435721853969483597e-01
-1.734637474089086862e-01
4.108400122760200723e-01
1.671001891122765981e+00
4.453923236122436791e-01
1.355987357316627229e+00
4.739708673595796062e-01
3.375388182713581209e+00
9.832515114679255541e-01
1.365544911630725000e+00
2.895449517673056583e+00
9.053139054780122708e-01
2.882764254270488546e+00
1.630904861870285938e+00
-3.999664836537242252e-03
2.760070899688430446e-01
1.584500641175445868e+00
2.362088435297509115e+00
1.551560130255236647e+00
2.842515432488672111e+00
6.629074301768141941e-01
-3.234076369124565531e-01
5.709277077601961903e-01
1.345048703933400702e+00
2.251984768570802764e+00
1.736564383965489622e+00
1.443981001071168224e+00
1.983622406669622418e+00
1.405795989166714222e+00
2.059073345292673274e+00
7.389919151067356751e-01
5.463321028212451136e-01
5.703087427845381363e-01
1.719903369453553044e+00
1.704147215302605600e+00
7.262382648317966538e-01
1.203866794447093547e+00
3.917317183429008587e+00
3.406577133069047303e+00
1.600311986609994408e+00
1.739901197341922057e+00
1.530884647378591978e+00
1.381501924613445897e+00
1.971206779440737300e-03
1.809890180921586822e+00
-1.886251837922525709e-02
1.328234482373259695e+00
8.262564621501178319e-01
-8.388012245859965965e-02
2.222037668338599836e+00
1.446774414133938480e+00
1.099510426306325339e+00
8.342658674352010362e-02
-3.792611785550881187e-01
6.847456712310335813e-01
1.269133724910831429e-01
1.210551343423912352e-01
1.119802916391534842e+00
1.821878754812249479e-01
1.353621910384100735e+00
-1.770514224834471850e-01
2.473819648654396186e-01
1.034531773984130432e+00
1.278063179247505454e+00
1.084657153472347257e+00
1.998228572919634960e+00
1.312719044605515917e+00
1.064139817634809804e+00
1.952507660462222461e+00
1.882215920983451252e+00
-1.281709855320352087e-01
1.600551850379909880e+00
3.257218851700058870e-01
1.210003728335312667e+00
1.634656850865278788e+00
1.704765779305017492e+00
3.446646078059300011e-01
9.539768089640223714e-01
-9.530102107530846745e-01
5.506862180010694274e-01
4.838438007066614421e-02
-1.558306146395100900e-01
1.979892979077483073e+00
8.843939639266261699e-01
3.243303295445236767e-01
3.603669478879074628e-01
2.662381425296933557e+00
1.257683998291892147e+00
-1.775057219021687338e-01
1.672279651140684553e-01
2.039207480331183930e+00
-4.443635626540798356e-02
1.284034478533100154e+00
7.308892754587139606e-01
1.850037322434630482e+00
2.778875951637402864e+00
6.572043851460942498e-01
3.305329978137133695e-01
1.227108067268603664e+00
-4.361319232081548591e-01
3.753005201535946078e-01
4.083883929598101092e-01
8.399251680122253871e-01
2.406376228587044253e+00
1.064627463276461850e+00
3.963603868281728726e-02
1.479591139121220422e+00
9.273412860583469808e-01
5.889244411237135601e-01
7.705081883270353815e-01
9.281826713205366675e-01
5.721772999631016265e-01
6.734630629904617694e-01
2.823058167543166519e-01
4.941144169710417478e-01
6.988861691173480217e-01
8.854026350623216413e-01
1.697137055874804901e+00
1.074772684439568415e+00
1.699998172470927216e+00
5.263259453044968339e-01
1.886070737674834241e-01
1.894741644144967818e+00
3.723565213874874269e-01
3.779423411288523660e+00
1.402848552652088410e+00
7.665622883993861159e-02
1.388408471476648698e+00
4.048601254072328182e-01
8.101576095838058933e-01
-3.838939079993675119e-01
1.741658263898969050e+00
2.138475761152871524e+00
1.638861378694195681e+00
6.742092844764717707e-01
1.758143059747760972e+00
1.205467728723741860e+00
2.585253019899325988e+00
2.567281141842740588e+00
2.247975406448368130e+00
6.654901495171965387e-01
3.320181149949466004e+00
3.950754783184055041e-01
1.299784662339043884e+00
2.350508176304521246e+00
1.865667431759956640e+00
5.241287772114664456e-01
1.806864009166337492e+00
1.711240562397600584e+00
1.492020056440930276e+00
-4.748115026235930625e-01
3.238886023043038298e-01
2.186750020149563767e+00
-2.151988300388194553e-01
2.200881939115322261e+00
8.603071006614200211e-01
-1.711122166749714957e+00
6.566260321216512708e-01
1.246630551797615283e+00
4.589005043832428132e-02
8.571280085921292313e-01
1.593979275735295964e+00
1.516159609301367173e+00
4.510301897238911950e-01
1.902996410681457862e-01
6.188147358432576350e-01
1.988876554514129147e+00
5.699543316506880952e-01
1.312700350997471732e+00
1.406465442180699910e+00
1.242145274997805693e+00
1.270121070887841874e+00
1.062012782745763495e+00
4.447941402794797217e-02
7.584563973938284187e-01
9.265285374092818715e-01
1.603368637019950693e+00
8.252173327975309558e-02
1.701665798007950148e+00
-1.802390085770861905e-01
6.277137671297933208e-01
1.998782891970261266e+00
6.161136552311141656e-01
1.323074084444046727e+00
8.783162728918006978e-01
1.184648110360377871e+00
9.605195768396346256e-01
2.573362119633818335e+00
3.640358551952345145e-01
1.336649610047361270e-01
6.274187910312176708e-01
6.661102721101648250e-01
1.512229998895000982e+00
1.276229357775563455e+00
1.004337381679944574e+00
-5.521116766580778101e-01
-4.406949592580755581e-01
1.386450857730053610e+00
4.063219386753095241e-01
1.740582875808895924e-01
2.063271018653797473e+00
-1.821516863453251922e-01
1.224114487715992405e+00
1.776482837173027907e+00
6.948135848223030431e-01
1.978050174381716708e+00
-2.186975428055075721e-01
1.986005644052039276e+00
2.214036073808039351e+00
2.035124134383320182e+00
1.589356647384441157e-01
1.423689568002378003e+00
2.758489691016370315e-01
5.550160205541359026e-01
2.356944374460251401e-01
1.363476814176221463e+00
3.039153611380236431e-01
6.018782399467070832e-01
3.333327515851559619e-01
-1.082795506072868896e-01
1.805274223958888147e+00
2.528288890013636880e+00
9.214177495998011613e-01
2.289118798146537515e+00
9.123908035282767282e-01
-3.896769106403650262e-01
2.421754673236063304e+00
2.110395611211624889e+00
4.093214046741362466e-01
1.634008226975825373e+00
5.869820566649753824e-01
1.094492810890681289e+00
9.718272218286743147e-01
1.973889892619720143e-01
1.099627811425895496e+00
1.175976990582426884e+00
-5.741824858416044730e-01
7.635952962991648940e-01
2.640486954410016018e+00
-5.846242937356538327e-02
2.578015295443078614e+00
-2.291128851332056016e-01
1.522006202718889423e+00
1.021209477259405363e+00
4.356964830502807473e-01
4.041265316012314646e-01
1.234163778965256197e+00
1.688806870100272972e+00
7.551305235309767605e-01
1.022420859509911351e+00
3.802625585828161459e+00
9.710771654111644002e-01
1.455542909214763148e+00
1.682207916832406669e+00
2.294884733051696379e+00
1.051411477373102032e-01
1.885763692445115991e+00
1.487724641934191627e+00
1.985229899832570144e+00
-5.713809488939036729e-01
1.057156387668098274e+00
1.083772728997467683e+00
1.069798425242102224e+00
5.255684736983303740e-01
6.067640486293368607e-01
9.845756714916179542e-01
8.921397413323365333e-01
3.965381269621589544e-01
1.598003626673549782e+00
-6.529454012122259954e-02
6.924402932492368379e-02
-9.557356900658064980e-01
1.494531443738614573e+00
2.873179813270732907e+00
3.465605450794958520e-01
1.262988408784288863e+00
9.869165435715612222e-01
1.918289810933731410e+00
2.379795134885918095e+00
1.395557921677527791e+00
-2.803583349286853377e-01
-1.506612339405608569e-01
1.066405129854746336e+00
1.163230398280759248e+00
-7.561447085224533016e-01
5.243389134740490398e-01
2.109849814902208243e-01
2.426778892164974888e+00
9.751353250156593599e-01
5.843799626490853161e-01
1.589750852718343044e+00
1.517520946632753720e+00
1.566235296227221685e+00
8.873068626675851833e-01
-2.141924840426390197e-01
-5.282026870846028288e-01
1.740303344326575408e+00
6.909075738063799044e-01
9.827931358865998890e-01
6.319157569286748544e-02
1.087732713079523128e+00
2.093116337490374956e-01
1.601982445321308957e+00
1.916700145504091068e-02
8.323893698076612058e-02
8.061583302777550752e-01
9.979367063201066701e-01
2.289178903914483865e+00
6.252745362420513153e-01
-1.126172866351520252e+00
3.779979373984662105e-01
-1.317981294792490932e+00
-1.667066783923731865e-01
-2.779175881187712083e-01
2.266850097879008707e+00
1.346114145394733619e+00
1.804368751128248238e+00
-6.036884502033277311e-01
-2.759571288356614804e-01
-1.067744325168304975e-01
-1.757008526836788764e+00
1.796887527066330925e-01
2.718608648486940282e+00
-4.290286343584972517e-01
2.144570080821381897e+00
5.984196419065432870e-01
1.200490317805772200e+00
1.289896177544055611e+00
1.305870200750465449e+00
2.143757711952920531e+00
6.717783747542656059e-01
2.369911596273019505e+00
6.730850519090951778e-01
7.154308157346134234e-02
1.806926425555002380e+00
9.769545314411677284e-01
5.190739756903530733e-01
1.290143104106895144e+00
7.476969379116189529e-01
2.585489462979508879e-01
-1.495988003368264874e-01
2.334272588031853779e+00
4.026358041272899424e-01
1.125425144665277877e+00
2.620422816178690217e-01
1.331501059754351513e+00
1.596745857343875530e+00
8.479072181060547386e-01
1.112628478972990997e+00
8.336720820814107480e-01
1.431940356727633423e+00
-1.043809927848425190e+00
1.501301028845383190e+00
-8.174319645762047060e-01
8.265930009145170398e-01
9.107605941744113531e-01
1.009156472803766080e-01
1.205907240466850050e+00
5.343456442745456725e-01
1.160322818337736761e+00
2.311135602005484735e+00
1.045997849297584770e+00
8.908000130562899743e-01
2.313146555067226551e+00
3.689021024627052725e-01
2.133098899291180350e-01
5.448060997348413981e-01
2.231374140286004337e+00
1.087686465421503046e+00
-2.143840036503759094e-01
1.109986520134594867e+00
1.573802181873877437e+00
6.021491319680993826e-03
-1.391157274568401991e-01
2.706902220150475991e+00
-3.924653425297297549e-01
1.298614639432469353e+00
1.958218028900504670e-03
6.610253735564626254e-01
-7.172050776771410341e-02
1.361185890836838830e+00
1.496191047824406484e+00
-3.304060507861252827e-01
1.145493008879725716e+00
1.101276487585400865e-02
9.831942506582823649e-01
9.503977113828498968e-01
9.172028061969073054e-01
1.749543237289003184e+00
1.052412815467954621e+00
1.177064071993011662e+00
-5.978305216544255174e-02
1.874306579917932147e+00
-8.336903140836509074e-01
1.483156410847168205e+00
4.129725026412222055e-01
-7.145416302223255300e-01
8.826613203878035385e-01
1.062373573751074662e+00
4.841847176482615422e-01
1.824797438157515161e+00
3.943923735455513446e-01
2.944488283754687963e+00
3.609087099866005843e+00
-1.486760685499615153e+00
2.106416629322682255e+00
5.919065949697401852e-01
7.555297785796055710e-02
4.441916833248531482e-01
4.616303679607524080e-01
-1.383615756957524923e+00
3.087226463648590213e-01
1.152399335817123394e+00
1.377304035268264393e+00
2.431161466540143312e+00
1.315385863339637584e+00
5.895289076018050967e-02
7.336783594396115715e-01
1.648421651381595243e+00
2.313028472762445276e+00
-4.976437677316525310e-01
-8.010994089346048508e-01
1.670398483200494333e+00
5.609844301937416677e-01
-5.203386757918784244e-01
1.130378145387953559e+00
8.177639973972772314e-01
-7.510164450920173707e-01
1.596999791612419672e+00
2.022561029791900999e+00
8.428355744332858279e-01
7.564664407093629750e-01
1.845727324892962429e+00
-1.309074621872321487e-01
5.954368609785576361e-01
7.938710971019755647e-01
2.862888830262772188e+00
4.557002153628756380e-01
-2.072959763376960307e-01
2.078595794196539392e-01
5.009513815014298155e-01
8.358549871957423605e-01
2.660805227849264654e+00
1.265746552733259200e+00
7.612862043276197310e-01
1.363165850681286928e+00
6.732474344801520072e-01
1.402011427493095486e+00
7.660195564288041492e-02
5.507044213960794465e-01
1.896561094452420715e+00
-7.203269236854465962e-01
-9.696158039039377563e-01
1.423904396526327165e+00
2.254779443650219761e+00
2.078111729488553827e+00
9.006737579282557693e-01
2.284676308026112324e+00
1.295599566300242866e+00
9.309733818982762754e-01
7.960565461579950375e-01
1.777678940097093818e+00
1.426870827518935236e+00
1.784078950263916497e+00
1.327229778190768483e+00
7.080238486701584399e-01
6.875660436730288705e-01
2.400304319037643186e+00
2.141527189777089113e+00
9.983818687958193605e-01
1.513622871855466734e+00
9.336054096481416487e-03
2.043813423240290028e+00
1.364963260026963443e+00
2.438662281468478632e+00
7.902492648641246120e-02
3.007517127777451726e+00
-1.423758270654972957e+00
2.142785548374407600e+00
1.193513752976014253e+00
9.642288788133850375e-01
5.590432638590607795e-01
1.124908667708201637e+00
2.920875379438334640e+00
-3.815806321795440770e-01
1.759458980019549923e+00
4.702059137754099893e-02
2.504685725172612010e+00
2.460387827783622861e+00
9.300851248649688596e-01
1.775919166767810697e+00
4.679962846039564806e-02
-1.425108706806910153e-01
-3.478254277851695608e-01
1.742258788741848807e+00
-1.285512287477361681e-01
-4.900607736577404783e-01
6.374300241069146278e-01
2.041538178263324621e-01
1.221216546106641765e+00
-2.378014724267085711e-02
2.920415868033664708e+00
7.750057682666173786e-01
2.356939358107687621e+00
3.262968027131962323e+00
-1.242474605551751043e-01
1.613486153901029674e+00
-2.798094775868940065e-01
1.465870225784248859e+00
-4.296841207950685693e-02
6.076885572780545974e-01
1.726092097049580776e+00
1.370179144403981697e+00
2.060658333470192005e+00
1.584636886776545239e+00
1.338447905149954043e+00
-4.841183415751815211e-02
3.560476085076326180e-01
-1.677794136238370815e-01
9.660120307394277628e-01
1.210272629238680731e+00
1.180920232855994012e+00
1.223567439594637207e-01
2.519026414999001595e+00
2.569850094731201295e+00
1.624891420223645522e+00
-6.020465557946590440e-01
2.229732001485519532e+00
1.159430663023599983e+00
8.757212288710022330e-01
2.431557508334318385e+00
1.681247441686948063e+00
1.640882861325289488e+00
8.448676476490644127e-01
1.380314061839850392e+00
1.924795506296022030e+00
2.547916483083501937e+00
2.025911159825417585e+00
1.254700267394302404e+00
8.050716748202106920e-01
1.629787048849872022e+00
4.085994851153095242e-01
-1.179828639806066448e-01
1.376765633382998288e+00
2.142285004715225760e+00
6.243455920561178374e-01
2.265565069300020440e+00
3.097025662567704618e+00
7.529348888545994711e-01
1.891324380752896328e+00
1.224010717156934769e-01
1.282883033073137113e+00
4.171219797374390303e-01
5.291047217296960259e-01
-5.037316177596653510e-01
1.119635322080432926e+00
-1.469026543604081247e+00
2.905692751781617567e+00
-2.525854674694689717e-01
4.613012253739605661e-01
1.799912303027370708e+00
2.910773872224159398e-01
1.960423933709074529e+00
1.545860155284072501e+00
1.775902928791212254e+00
1.850679388870271946e+00
1.627669835609256488e+00
1.669466413400582550e+00
2.767890400230856862e-01
9.008224880600700368e-01
1.671523145298937418e+00
1.688686358042481350e+00
2.478313519005530097e+00
-1.422940085872839155e-01
1.616463435952857575e+00
-1.415040350697087668e-01
1.102211720983446996e-01
5.850247144172449065e-01
1.300525973673269275e+00
-3.351465016800678764e-01
-5.313279574622404855e-01
-1.269814388055867660e-01
1.336568521048941971e+00
1.679652992059825767e+00
2.296052314236422198e+00
6.871482157275262681e-01
-6.978199427494313767e-02
3.192184526967431601e+00
2.518239375835493732e+00
1.137774225334619027e+00
-7.044997160139876424e-01
1.591128956331026245e+00
-3.766344048014680368e-02
1.297444498150999159e-01
1.617480259637410711e+00
1.727913909759076994e+00
5.002037943285913002e-01
1.199735535118715779e+00
1.390667203468757274e-01
6.397157433730635834e-01
1.889807588272773398e+00
9.978579408216227131e-01
-3.844333844513285747e-01
2.752799724244553214e+00
2.638165750288552935e+00
2.435365918293074250e-01
1.292778775332089847e+00
1.098438944975541398e+00
1.797261113666419607e+00
2.342027228653514204e+00
8.340065125114880518e-01
7.707729393284397101e-01
2.368493960473717408e+00
6.492762524630941723e-01
2.583701195239603621e+00
4.972373535792050658e-01
-9.058011588537564496e-01
1.309370497310945014e+00
7.416307247044687800e-01
1.913731031844345232e+00
1.244462441414003306e+00
-7.213837845418757944e-02
1.481795428301080797e+00
-1.439387940753672268e+00
1.512210067980453321e+00
2.328906841384664972e+00
9.341539792688703381e-01
-1.278449248939722338e+00
1.472308092933125145e+00
2.255496994774912167e+00
8.465725488716167035e-01
3.569557147284554421e-01
2.572694324379906305e+00
1.767308966076398757e+00
7.961725475988800094e-01
2.014901893486964468e-02
3.176688399515151140e+00
5.026173185925227882e-01
2.352723047745076457e+00
1.732992371884786831e+00
2.044915910037913953e+00
-4.163248622900850293e-02
9.577254622025079822e-01
2.780190575305951484e+00
1.030765910278988340e+00
-6.091911286402169612e-01
-2.264016805371162899e-01
1.551586259719196725e+00
1.754127486482458087e+00
7.225895314368835365e-01
-5.614384315937344105e-01
4.091775703331118619e-01
9.348243807392410121e-01
5.221009371557838730e-01
-1.891025474134144790e-01
-8.265130540238507795e-01
2.765995137907327539e+00
1.432952202543711140e+00
1.623531968325871766e+00
1.505364838325958132e+00
1.454124388886540720e+00
1.868637042211306998e+00
2.681835042304149930e+00
1.594448078579427941e-01
1.982691111225383551e+00
2.247419387842724880e+00
8.372517479301146981e-01
3.567474268859721631e-01
1.477527965507807517e+00
-4.298794717694922607e-01
-1.834049424655459504e-01
7.098208395749847632e-01
1.810038753118501154e+00
2.012484504405558816e+00
3.702099908841552933e-01
1.950651653122140949e+00
1.128449863655649477e-01
1.503889577288443524e+00
1.146894829376377656e+00
1.595536983583532020e-01
-1.337031331126163902e-01
1.202391971080459365e+00
1.301861611312905342e+00
-2.394932014811763654e-01
1.526520213002897641e-01
7.417511803968607209e-01
1.153653487129634891e+00
5.323256563093566873e-01
-3.503488685457520901e-01
8.461371617921187305e-01
1.028175130665693660e+00
1.136952004185741938e+00
-5.866145095395143283e-01
-9.811227322832860587e-02
5.229741458733423443e-01
4.526045188252454388e-01
-1.028190659280100228e+00
9.674987733320865591e-01
1.262025803863432660e+00
-8.533441227386666661e-01
1.117208391791164601e+00
-2.864367742200240041e-01
1.022544444737435221e+00
1.546759118600988581e+00
9.423294318847971196e-01
-6.154999146084463302e-01
1.356235118433139153e+00
1.477957739317312669e+00
2.607155104506053700e+00
1.418472874573344367e+00
4.081380332524049415e-01
1.845575129155509142e+00
1.159926014958285068e+00
2.089177686979731163e+00
3.821782422176163152e-01
3.472721728980694422e-01
1.324756570797300359e+00
5.564341769818446082e-01
1.987223186243274764e+00
1.924951380581776172e+00
6.542525389415242421e-01
1.564032793019633605e+00
1.995524790161194995e-01
1.431555116414385598e+00
7.793320158090483174e-01
2.561087538048579582e+00
3.087373954486083427e-01
2.011608155791894115e-01
9.634476760218201319e-01
4.418276011053459129e-01
3.170341619490558482e+00
1.554673498545314336e+00
7.215813382372909812e-01
-1.690856013445551920e-01
2.717958699150615942e+00
2.262472050034205928e+00
1.555222503131627132e+00
9.370060235681496597e-01
2.553654344198706738e+00
2.314402042333138620e+00
-2.568757385522988823e+00
5.846149224377727993e-01
2.138619611283035127e+00
-1.064544808945577792e-02
2.191457436081779786e+00
1.672262729755247257e+00
-1.465278909998044554e+00
1.979436997912213503e+00
2.041018350401233583e+00
-4.241148767266289532e-02
6.667613792072163426e-01
8.120441324443163911e-01
-8.594193765709299271e-01
-1.947483561614407055e-01
1.216603169565881881e+00
-2.585124771967459711e-01
2.032679567325581083e+00
1.085866274483119343e+00
8.071897163720668233e-01
3.558388052592265094e-02
4.696613146322115018e-01
3.435027361553839587e-01
6.742026381385395339e-01
2.775421322603005336e+00
2.484940158968046209e+00
1.349093982647891821e+00
-5.695499615672325877e-01
1.242741108107578540e+00
1.939099303836588906e+00
9.581315629504382203e-01
1.163069940532234670e+00
-3.830765102983668680e-01
7.376089090452326857e-01
2.753723851533606215e+00
3.175762416089007445e-01
1.175291823373191269e-01
1.070027232571130860e+00
-8.241639552409993907e-01
-3.947815789098212402e-01
3.525324188262954905e-01
1.462847074876469478e+00
7.812824314587816232e-01
2.527007537621607902e+00
-3.729781194521541998e-01
1.191440895595949456e+00
1.359527616083473056e+00
8.495058079025568087e-01
7.079467779292925034e-02
9.679832613942856989e-01
5.761020044399067785e-01
8.192586277606848100e-01
1.585162436453559476e+00
7.486694665692523731e-01
-3.080149464146182403e-01
8.950826790252475185e-01
1.714504647807558957e+00
1.336025417360583445e+00
2.217418304898164383e-01
1.494231807629314845e+00
1.639873707188880481e+00
9.116592690950675593e-01
2.106456842419238029e+00
-8.691462536890341983e-01
1.670241371847863476e+00
1.344044878932845632e+00
7.576358429053495769e-01
-7.093033261414685153e-01
6.509739490517767457e-01
-2.392325444495768672e-01
-2.026003706982206776e-01
-1.410210801305791239e-01
-9.826116590511693172e-01
6.482497766321085875e-01
6.607955125810365260e-01
2.839906102343099370e-01
8.316886103747640480e-01
2.244983828311483132e-01
5.047018816164483557e-02
1.439404325668581341e+00
2.388149622451278375e+00
-1.331957565577601699e-02
8.942467141762788785e-02
1.944424622950487347e+00
-4.140718635942615133e-01
2.539224243009935655e+00
-7.594142770653888874e-02
1.292410249806042799e+00
9.857244508113347514e-01
-7.206177251943390871e-01
3.068432383534732022e+00
6.447626012742021517e-01
1.321977792054822798e+00
1.591798297377301497e-01
6.083900992910347139e-01
4.725008336582658952e-02
2.680769684553323540e+00
1.164506921035585618e+00
2.079764684041165879e+00
-1.407847312766750125e-01
-4.446855354089371826e-01
7.906660976235140303e-01
2.734845765914976745e+00
1.319579231954447707e+00
-4.235830553756063654e-01
1.517327366740316652e+00
1.804704105238720269e-01
-2.755482766713357456e-01
1.271666862408795451e+00
1.032127501834087191e+00
9.459475171122790904e-01
1.499311470245080491e+00
1.931905452630524822e+00
9.388975585938252877e-01
1.372690976570808630e+00
5.571661321247201037e-01
-1.053181900437099028e-01
3.395397941483573323e+00
1.695429620814570715e+00
3.273450992138872140e-01
1.892963997075343352e+00
1.551032395363048932e+00
-1.115565699556298362e+00
-8.659485484035487346e-01
2.643659542386262551e+00
1.193900180636660258e+00
6.947516892644425290e-01
-1.774213770675525659e+00
2.042809372123477907e+00
1.539590531487536662e+00
2.387285812387731632e-01
-3.303203408812165343e-01
1.535718800537564599e+00
3.637223704116991918e-01
1.188903370061606291e+00
2.358900631060457886e+00
2.186441229098181616e+00
-1.413535545779402991e-01
1.091663686707048830e+00
1.977614674692351970e+00
1.853000885139842069e+00
2.693143783649277978e+00
6.883160515453610184e-01
1.655470604597951700e-01
-1.476225789453189385e-01
2.519140827169877639e+00
2.022608510020798001e+00
1.774688249008537166e+00
1.744285131987693749e+00
-8.202983532517655885e-01
2.796378785343831108e+00
1.066495137558767237e-01
6.080860625492272575e-01
2.753203908582620763e+00
5.823820607608284350e-01
1.147822698681953302e+00
9.286710250351077889e-01
1.902401756999709814e+00
1.970358778384524001e+00
1.201150572521504589e+00
2.394878014584766568e+00
3.122071978537785952e+00
1.176070520515286599e+00
4.756305320685888516e-01
7.377048268117651908e-01
1.916488626769845549e+00
1.587653732821785013e+00
1.288737704594991484e+00
4.506439054407673783e-01
2.132275854156439721e+00
1.135703630090800109e+00
2.863523934004019722e-01
7.690140928866265879e-01
1.717176004370793541e+00
8.424826837105334754e-01
2.036679382424410711e+00
1.368335074012039687e+00
4.759281161643513780e-01
-6.442615831634284085e-01
1.139665523657895863e+00
1.624407944598743381e+00
8.903784957021920743e-01
2.466386870603041181e-01
2.043186755812022248e+00
3.044949436220235839e+00
1.661372716081630507e+00
7.962568010251306339e-01
1.720503387604752632e+00
1.526708057397762719e+00
1.944966755935787717e+00
-3.503913986901197042e-02
5.194598745929250860e-01
1.161232752546171865e+00
5.528981970204287499e-01
-5.403707101982462291e-01
1.931580455448612010e+00
1.619998213477465088e+00
1.088215865523229908e+00
8.209776443651206623e-01
4.397667140965539900e-01
1.472854829010544542e+00
1.389160075892107438e+00
1.662544197214808062e+00
-3.195099292250906942e-01
7.903198100118846714e-01
1.402903080360028198e+00
3.072003006887605192e+00
1.459121664468856938e+00
1.204500640143694845e+00
4.398863231277904129e-01
9.497817397898029590e-01
1.226714219011876716e+00
1.323640362660732261e+00
2.375821298682672555e+00
1.903412059649673971e-01
-4.170313795764950537e-01
2.204529352139492637e+00
1.125920534736397638e+00
2.244113839649147790e-01
8.434508210280293738e-01
1.580481215349931468e+00
1.433112791424566046e+00
9.647536798339914066e-01
2.076770094693354274e+00
1.679578990540318228e+00
7.798646384377339036e-01
8.658635133028014241e-01
-1.318118154510808715e+00
-1.274994466276595517e+00
7.691680832134608625e-01
2.861093975868615580e+00
1.492108747890648734e+00
1.124588987093496417e+00
2.333069176438246295e+00
1.220416840457902774e+00
3.216934561040339258e+00
3.627636553311038847e-01
1.979171845274053654e-01
9.770806383515853177e-01
2.494702638524816329e+00
1.292622862469223755e+00
4.793642857301008142e-01
1.227905973514633153e+00
1.270027033080064705e+00
1.312537723574369597e+00
1.924617815350859962e+00
1.522237987115376834e-01
9.540204605003345106e-01
2.282657869011751828e+00
2.919354612353110001e-01
1.388883479441811009e+00
2.690030067931643565e+00
1.299299116840062718e+00
1.584186688367794416e+00
1.299765487521302720e+00
-6.648606506925744952e-01
-1.829279267828172184e-01
2.278660976640875191e+00
1.857266137628355018e+00
1.340947635460166820e-01
1.966278818972904130e-01
-6.091878125946226241e-02
-1.086957948805908458e+00
-8.165903874779008031e-01
1.277506535459628001e+00
1.028234068710148996e+00
2.150207371581824844e+00
-1.357608187838641456e-01
3.827168325410712502e-01
1.636903849602953098e+00
4.855188998203071593e-01
4.022651458444730377e-01
1.592708365426367401e-01
7.111469108502788128e-01
2.800905445078009315e+00
2.262740433788807515e+00
2.074859224010362269e+00
1.898377597138963813e+00
9.467318863648073179e-01
1.959717175138811607e+00
3.045484091266265292e+00
1.172842195313043012e+00
5.910183402828144139e-01
1.687960995296096556e+00
8.233886329784465552e-01
3.009081056028873880e-01
7.712847806330709322e-01
2.499485682864001745e+00
8.699978954132208120e-01
8.733255509479000978e-01
1.353678711120318345e+00
8.720083372475241346e-01
2.071329371647300910e+00
9.101041436370318483e-01
-4.935243582784065719e-01
4.938086866092182836e-01
1.132791286325724345e+00
1.278335447169052230e-01
6.864202030947963440e-02
1.790832760028529425e+00
1.314570803945127597e+00
1.372341237466938590e-01
6.105821567567495389e-01
1.296321114774842576e+00
1.112463767644816581e+00
2.093778458427534517e+00
1.375484294826263554e+00
1.494756694056640356e+00
-4.496632256120949300e-01
7.183146721072699581e-01
2.953882702098758806e+00
3.029452482227363408e+00
1.480982857856111723e+00
-2.688599693783875200e-01
9.226666179963909364e-01
2.246233675931424756e+00
1.203908363138811222e+00
1.762965617073601443e+00
1.560023231311388425e+00
3.280583885065649907e-01
2.144155609394015727e+00
8.125788258684282228e-01
5.526363727686350868e-01
1.233628864146453008e+00
1.261987729995383445e+00
-2.407554395016060500e-01
2.201780754576893706e+00
7.000541797263635235e-01
2.605424019757138332e+00
1.181494528105918596e+00
1.956453864577885504e+00
1.325918439493461998e+00
1.352178758824191362e+00
1.578552635652910263e+00
6.377591707196539339e-01
3.149270368818064547e-01
2.164347152726209700e+00
1.350090494003407970e+00
1.068581511571226939e+00
2.386519644971420551e+00
1.051302804237347122e+00
2.913316456559797540e+00
1.147099852181491464e+00
2.043190104548697761e+00
-1.313605953704677365e-01
9.894862815101809206e-01
2.088662532137587124e+00
9.414855314386694207e-01
4.152181658604048309e-01
-2.797898467758530572e-02
2.662893332632789711e+00
1.872335716165000052e-01
1.371016738043119965e+00
1.496873926380842823e-01
-2.262395269379520180e-01
1.234558567315037436e+00
2.261260458306011856e+00
1.162710985897068117e+00
2.723905616115044337e-01
5.524552269564289020e-01
1.193552174580438496e+00
1.760947943501718349e+00
2.812704836510190098e+00
2.389994976874271426e+00
1.361195006168476551e+00
-4.284457262895926544e-01
-4.102878254591644236e-01
-1.045667030238082162e+00
8.618908960435037736e-01
6.148379915113899585e-02
1.205149456876844827e+00
9.258808333936411339e-01
1.649713498876135276e+00
4.152953618572663430e-01
-6.991416030912289692e-02
2.357528228365512124e+00
7.110952224412356859e-01
1.935638717628625383e+00
1.299216571654266072e+00
4.489419059224998287e-01
2.550198618187873745e+00
2.200243876099531981e+00
1.440732947052074220e+00
2.222183179177071644e+00
-8.526477890109220859e-01
5.379102600059175732e-01
-5.543815861850658333e-01
-1.827658615996325953e-01
2.729435771661481436e-01
1.415839115876905474e+00
1.195830891360327719e+00
1.325689784527926740e+00
1.109683782999443702e+00
-6.246111767056539144e-02
1.895694066385039900e+00
9.540834758235211543e-01
2.088611096687227775e+00
-6.399213664808260926e-01
1.297507402280773325e+00
2.496627679701926006e+00
3.228987535694067823e+00
8.524088212835586598e-01
4.898822838292923976e+00
1.336091580808907997e-01
-2.415418604088450660e-01
5.198738588753890610e-01
1.209969443445222392e+00
9.812678208334680852e-01
-1.031605369334569478e-01
1.234398705073664004e+00
1.418807882110696417e-01
1.547429819501087156e-01
5.722644382589255896e-01
5.191676444792090450e-01
1.281594168050013138e+00
6.942797512422715922e-01
-6.509462652261734927e-01
8.962057158973234516e-01
-8.591310235513671678e-02
-6.137231502037774344e-01
1.172026113081503951e+00
1.827434940520350493e-01
1.202908648106911560e+00
-1.040376125134435892e+00
1.097038644091578252e+00
6.247342273602988216e-01
1.350098007159906466e+00
2.176491423580623419e+00
9.058172513002183956e-01
2.265488879760833463e+00
1.560382059801286303e+00
-6.947933321675097140e-01
1.981998845566532053e+00
-1.152839421867795533e+00
7.359589198777993779e-01
2.190980593657205766e+00
-3.639485498469525737e-01
-3.468639739443115655e-01
-1.431251565949720916e+00
-1.038991175517851140e+00
1.627726134332288188e+00
5.846985135311200121e-01
1.721778429840842728e+00
6.904545238446169186e-02
2.500028522409097675e+00
-3.327162348446455198e-02
1.000172827068358750e+00
1.373578459113349748e+00
9.342359903851695790e-01
2.280698811465568632e+00
1.631139962829828871e+00
9.660259201696808073e-02
5.926420410159578545e-01
6.881465239813151502e-01
1.088055241716979982e+00
1.712377466251787883e+00
2.030476394279724595e+00
1.580450228566476323e+00
6.934845503285248514e-01
-1.887229017221134786e-01
2.699199705520826331e+00
-1.003449254064706864e+00
4.242069750774085657e-01
-1.623162623841123420e-01
5.109485597865499606e-01
-9.804411411470568272e-01
1.603744315067384241e+00
4.868022167923302668e-01
7.462987731874446418e-01
1.201606057572948139e-01
9.785581006283426975e-01
2.630687227882750889e-01
6.241500258208010354e-01
9.197625033231193736e-01
9.251586953220356513e-01
2.605587206758706031e-01
1.403549020799854885e+00
-6.891395305597896037e-01
1.050656543730970505e+00
2.105591832863609625e+00
2.424343352713559385e-01
1.694119206045421988e+00
1.750446400540942360e+00
9.405843316165303225e-01
7.685850386356721797e-01
1.143765430124154658e+00
-9.362324674689124215e-01
-2.637781235920320100e-01
1.185457591567975699e+00
-3.551937176954387265e-01
1.121057005576698851e-01
1.042988411676447624e-01
2.061405346696002505e-01
2.559478912863450972e+00
2.579594319405870806e+00
3.274226616889957864e+00
1.515538640039602702e+00
1.479877749093534645e+00
1.413276291448419597e+00
1.321608282235272380e+00
1.347985915964445169e+00
3.479188843416383126e+00
6.798865262658266850e-01
4.572003850285935034e-01
8.694450423904958036e-01
1.665210749878946128e+00
1.498987692667307581e+00
2.084654090123709835e+00
2.047606318702063888e+00
1.498719269809835053e+00
2.031495797412942395e+00
1.714967700907394921e+00
-1.217557233646185733e+00
-9.484162893878342881e-01
2.397353429530808988e+00
1.425293680508260996e+00
7.907565165862167067e-01
1.505143898005260716e+00
8.731594068080752447e-01
2.445072374769511558e+00
