1.922216150634358023e+00
1.954301362427987909e+00
1.946472069029201890e+00
1.941042128746309547e+00
1.979444054744788906e+00
1.944558946716326009e+00
2.007657857553716507e+00
1.963090508768882803e+00
1.963717593319977972e+00
1.984323690851964583e+00
1.945100617492055983e+00
1.948145092206870377e+00
1.893371427664708229e+00
1.957253996567001497e+00
1.960721305996341535e+00
1.998376420308398238e+00
1.952748439848666973e+00
1.996258393780517615e+00
1.953824779584185878e+00
1.958199990391001233e+00
1.943405741572423739e+00
1.978368340950250825e+00
1.962336310263258721e+00
1.953166478164128916e+00
1.918370294012085697e+00
1.946758411803052757e+00
2.003502351573875462e+00
1.985106342565286619e+00
1.999648192956331227e+00
1.971116249417692146e+00
1.964097451673889827e+00
1.954393149669383600e+00
1.997660928422654525e+00
1.929151465456572900e+00
1.964179915685253075e+00
1.996937818947501331e+00
1.982602534309974240e+00
2.000784336553280252e+00
1.993167564653673063e+00
1.992649029412932871e+00
1.973170935036806517e+00
1.987375217965068774e+00
1.987379459829527795e+00
2.024967664537967504e+00
1.965405792848207822e+00
1.942042689456131788e+00
1.958471128833307207e+00
1.954314975534148013e+00
1.982660585255491048e+00
2.000577275118065490e+00
1.951425784321152879e+00
1.937650316430472586e+00
1.973665815452880556e+00
2.018104411609830784e+00
1.975859537478871220e+00
1.952286601990741888e+00
1.967685694696309051e+00
1.971577672750209231e+00
1.957697687070103498e+00
2.000885360692121306e+00
1.913964113653310317e+00
1.982561991154123460e+00
2.018488409465553524e+00
1.969737768121824883e+00
1.983987689190823467e+00
1.984683508359869286e+00
1.974598398890119677e+00
1.919751943426753149e+00
2.003707524634184001e+00
1.964028192609761359e+00
1.951605363524621106e+00
1.982031716861973214e+00
2.016849034795133555e+00
2.003461119830580284e+00
1.986630081141067983e+00
2.007930697565208256e+00
1.944291833256572843e+00
1.990871392004431639e+00
1.936734095221597451e+00
1.980551920456060211e+00
1.982045838523604164e+00
2.005611230690785174e+00
1.946101232310553319e+00
1.982279584468540579e+00
2.051116551847124381e+00
1.992262488122928943e+00
1.983324272539508604e+00
1.963551754391448467e+00
2.004221876388080581e+00
1.967646368758596109e+00
1.981003059976761849e+00
1.982840927401331887e+00
1.997190117575552426e+00
1.986910383974599847e+00
2.012513875573823885e+00
1.983505335537824266e+00
1.948881707866310542e+00
1.975811958874992058e+00
1.933551763741748752e+00
1.978030337982718212e+00
1.969926840856521366e+00
1.980683408153177449e+00
1.948341501367454986e+00
1.998444361488347143e+00
2.040962924116403343e+00
1.972860081788551989e+00
1.970469848252540901e+00
1.908886232812335049e+00
1.968864370640111439e+00
1.993502308382974597e+00
1.923631281871820198e+00
1.927497522940525121e+00
2.002361182554521335e+00
1.967093227474260519e+00
1.932466550915296510e+00
1.975698365534043432e+00
1.948532314535171839e+00
1.986553082282241922e+00
1.978002671277629965e+00
1.981591797514389075e+00
1.989191820232169894e+00
1.968629707010377317e+00
2.009931106753994445e+00
1.973927097736297043e+00
1.982782250868789342e+00
1.981023635192524335e+00
1.972772772016456733e+00
1.976793225780190566e+00
1.998664550856989797e+00
1.985998156607829745e+00
1.995288899449169984e+00
1.937981956292198937e+00
1.956343149538251058e+00
1.998860150018741955e+00
1.942494406932803397e+00
1.995977445879672851e+00
1.939764512947938391e+00
1.976743638041337014e+00
1.974260616857145489e+00
1.954945195578179584e+00
1.939868156747643679e+00
1.937031380226337918e+00
1.958550085311689504e+00
1.929859701247226500e+00
1.965372180244933986e+00
1.953385733507303712e+00
1.936257202508745223e+00
1.985634467530802860e+00
1.956504023115541280e+00
1.932213433097475397e+00
1.962030741568205006e+00
1.949586991505063649e+00
1.948174174972429284e+00
1.938370105084484152e+00
1.966464418013488480e+00
1.959624051621925656e+00
1.992281576686235178e+00
1.960839587207109380e+00
1.994906590854781170e+00
1.942682662170270858e+00
1.988639380895133479e+00
2.008069611886491579e+00
2.019584269276442079e+00
1.957852934536519429e+00
1.950387801651771946e+00
1.980141885005795688e+00
1.945018131685628981e+00
1.991661757185081427e+00
2.015503924202338037e+00
1.938465377614021268e+00
1.992738230292242507e+00
1.950077091282620856e+00
1.967881011790434176e+00
1.983963979636480301e+00
1.977840360222014038e+00
1.967665084247115059e+00
1.975233830581959893e+00
1.978935582958400552e+00
1.990371928746063945e+00
1.957440585012877765e+00
1.962780878453610711e+00
1.968688358501290647e+00
1.968914726540141436e+00
1.983469928615362532e+00
1.946075230064562733e+00
1.978823420018435364e+00
1.946704381317089894e+00
1.990279352923969958e+00
1.906274446410629597e+00
1.931622496204917550e+00
1.941630320367724760e+00
2.035630586830534217e+00
1.979870267216002011e+00
1.999986708097274191e+00
1.955361302535439494e+00
1.942010848619414753e+00
1.993852338390416534e+00
1.950029024810012057e+00
1.998921374002418094e+00
1.968119188610210291e+00
2.028735573995869235e+00
1.969000060152423126e+00
1.971948017383671647e+00
1.989578379815865272e+00
1.962042803760066789e+00
2.002111624761132358e+00
1.962266098224941357e+00
1.946170118365774249e+00
1.963555658877728982e+00
1.988516217255884122e+00
1.943544157981851095e+00
1.936500757294772557e+00
1.940776618111865526e+00
1.958566148564868215e+00
1.944978906351218617e+00
1.994216060506988297e+00
1.922808853010295360e+00
1.957987221057366334e+00
1.916059037044527180e+00
1.979949093842200414e+00
2.003392933503127082e+00
2.003769736991791284e+00
1.995361218222508892e+00
1.950337704479888856e+00
1.964273758680701754e+00
1.949378399049875421e+00
1.964868927976048507e+00
1.947253294075567798e+00
1.942536094893189347e+00
2.027656986099547698e+00
1.983922180525137913e+00
1.971521512028412859e+00
1.999194201010703997e+00
1.948115138829317861e+00
2.007291506201354547e+00
1.998575107506002091e+00
2.021002792360345968e+00
1.922730586369491679e+00
1.984868806468339963e+00
2.002950296878405201e+00
1.944176600947111089e+00
1.934760038179499153e+00
2.003516886924121998e+00
1.990738486977998267e+00
1.948179502991264300e+00
1.995237727414682194e+00
1.963745956273365900e+00
1.995524613025048355e+00
1.990185715928028953e+00
1.959205517646130934e+00
1.978231540758490503e+00
1.982907578653863689e+00
1.962216400428140384e+00
2.002750839798945304e+00
1.961657748962749581e+00
1.959416467391489558e+00
2.016097277314414349e+00
1.979656828301542104e+00
2.002072745346306526e+00
1.996214296157073687e+00
1.961106969732125949e+00
1.999854597152049607e+00
1.963652854282240012e+00
1.931394287420429956e+00
1.940282911985887537e+00
1.911647221096035132e+00
2.010381454354000841e+00
1.964984643940460352e+00
1.975958626916736405e+00
2.007425725233151326e+00
1.953459574150876232e+00
2.004446415319645514e+00
1.993964303830172868e+00
1.952213096783514734e+00
2.015499897325686796e+00
1.994361418267650121e+00
1.961962860248101181e+00
1.988684119359226399e+00
1.971875633108731929e+00
2.014573854250930385e+00
1.961906730838148372e+00
1.980278710084640181e+00
1.948340044106893654e+00
1.985224687677067390e+00
2.009484249966306812e+00
1.944714044147918930e+00
1.968604251374502123e+00
1.973592089552308471e+00
1.975602356647940594e+00
1.986589076544002186e+00
1.962169431522526875e+00
1.977887342470512788e+00
1.971971180784680255e+00
1.964362787486107154e+00
2.029095473918472337e+00
1.933233358996667262e+00
1.986446206456843111e+00
1.979067136861997867e+00
1.989142593649054103e+00
2.008843146518762612e+00
1.980131972119620221e+00
1.980144487815671761e+00
1.935360793418170688e+00
1.956849465007643118e+00
1.962793321720863071e+00
1.973648937346444976e+00
1.993140721865906295e+00
1.951339672050703244e+00
1.969020231918689356e+00
1.958964295801916666e+00
1.996281817546023296e+00
1.986361795194135693e+00
1.948864079430649543e+00
1.994706235291925367e+00
1.972735450717988392e+00
1.977971984272992589e+00
1.951068019640291418e+00
1.990282676217161706e+00
1.988137887928336012e+00
1.954908869635960444e+00
1.981158304823646077e+00
1.984534784562823395e+00
1.982486113799905691e+00
1.986304204247278493e+00
1.970825003946261589e+00
1.993254164315502841e+00
1.990865230247579998e+00
1.983962299972824583e+00
1.954903572958865965e+00
1.981528667708369884e+00
1.979438032469974074e+00
2.013325164311897453e+00
2.034430380895575041e+00
1.941598121436924451e+00
1.952349069612691945e+00
1.976277567138056579e+00
1.952333575326502757e+00
1.973156335438581710e+00
1.942207187429282111e+00
1.942603881902283725e+00
1.986969394765824015e+00
1.928545844704370849e+00
1.971943081839472089e+00
1.955927915685061302e+00
1.942841879002324301e+00
2.008447505084903995e+00
1.918152126654246281e+00
1.955304408099791891e+00
1.960047522829769573e+00
1.972680386649130480e+00
1.929464540893647939e+00
1.925626252542415262e+00
1.947737236308396680e+00
1.962942337154766292e+00
1.989799866233646464e+00
1.966687575254354670e+00
1.990763109175358592e+00
1.946587529313872134e+00
1.996008165718596628e+00
1.977287695015550462e+00
1.967827474011433875e+00
1.984289125549224542e+00
1.956085140216307083e+00
1.964896732718582228e+00
2.016292045945258238e+00
1.927140232891108251e+00
1.956535781665002416e+00
1.935822544559199665e+00
1.958264490766078447e+00
1.945414532703353849e+00
1.966292404094451829e+00
1.970521216996111047e+00
2.004761816746297498e+00
1.932756472858809582e+00
1.964624229304611225e+00
1.935143710252170912e+00
1.964186937799548893e+00
1.974038711903236987e+00
1.969161667672784333e+00
1.962858771850603423e+00
1.995792789430486547e+00
1.963732252079967155e+00
1.978548242281009450e+00
1.992597605966311525e+00
1.986203996843847408e+00
1.992951217643748718e+00
2.023428925122513711e+00
1.985560685855694452e+00
1.970872770687246867e+00
1.922523349086336486e+00
1.985379489848817069e+00
1.939558450576799542e+00
1.957034482582863166e+00
1.968537400374490876e+00
1.988671012326022280e+00
2.031307050515852808e+00
1.980359900980504850e+00
1.991365321931651167e+00
1.957205036237416929e+00
1.996306198719943970e+00
1.972158368476783608e+00
1.968603898802832930e+00
1.987691901284157847e+00
1.975216863052481342e+00
1.997234987513868409e+00
1.940598748384116501e+00
2.003862460433806447e+00
2.016325259079841725e+00
1.973408203791079396e+00
2.000966912203724579e+00
1.953974908814156031e+00
1.964674464535807852e+00
1.976308331904092386e+00
1.986586512500628121e+00
2.001902787689088470e+00
2.003020434931249483e+00
1.954315264996756785e+00
1.946848120862394449e+00
2.029391788879462588e+00
1.971811389623300270e+00
1.982513427045175858e+00
1.991168036502013905e+00
1.993063365614240245e+00
1.958362562536030360e+00
2.010456684455568688e+00
2.020433851437039685e+00
2.042342414409637374e+00
1.939224334939063210e+00
1.997846972879252725e+00
2.035241419734832746e+00
1.974231207283193346e+00
2.009824724343983515e+00
1.957243852378983684e+00
1.962016702720483563e+00
2.005445704820064901e+00
2.003234960434523870e+00
2.013570944244628791e+00
2.011593442309584923e+00
1.986295100731252150e+00
1.997310425953448654e+00
1.952006196282257910e+00
1.958184899839749527e+00
1.955828111082921650e+00
1.994454557172205211e+00
1.931374399582918899e+00
1.995530243768012912e+00
1.996176207889141851e+00
1.968577417290471976e+00
1.929339658855285577e+00
2.000548678911439726e+00
1.977919931326526104e+00
2.003719031817785101e+00
2.020737795878782883e+00
1.956376154290621505e+00
1.985746078598859876e+00
2.001322471656703517e+00
1.980519748900276600e+00
1.944609724442577736e+00
2.001466729586649951e+00
1.963148210128223825e+00
1.978508291582447454e+00
1.996390998266268646e+00
1.944795632122342077e+00
1.968778211186602345e+00
1.955834873137102692e+00
1.958893594588694054e+00
1.926467264456384276e+00
1.952289340980648769e+00
1.958878738397535457e+00
1.895762787100345514e+00
1.942003741079670887e+00
1.957086074379000395e+00
1.968205736728228405e+00
1.981164292853313524e+00
1.953989955784493304e+00
1.956491230720771135e+00
1.959218001763838757e+00
1.983609784183875568e+00
2.017217188121523286e+00
1.947908746125960766e+00
1.958692471031729498e+00
1.986843271919852105e+00
1.940197109191966529e+00
1.986725591594045603e+00
1.963866836656448900e+00
1.982061718483088653e+00
1.937012468625707307e+00
1.977058743117498185e+00
1.962703506597551328e+00
1.969607257692673530e+00
1.971736745470872076e+00
1.993353136127071323e+00
1.994713291263125354e+00
1.971452969963560786e+00
1.996220649846499162e+00
1.953118389668294652e+00
1.979647889395662386e+00
1.986986815140798779e+00
1.998219804071857286e+00
1.983657932825768189e+00
