2.790992275374280407e+00 7.176082961889860279e-01 -3.796090907981166107e-01 -1.898742949588905771e-01
2.790992275374280407e+00 7.176082961889860279e-01 -3.796090907981166107e-01 -1.898742949588905771e-01
2.790992275374280407e+00 7.176082961889860279e-01 -3.796090907981166107e-01 -1.898742949588905771e-01
2.790992275374280407e+00 7.176082961889860279e-01 -3.796090907981166107e-01 -1.898742949588905771e-01
2.790992275374280407e+00 7.176082961889860279e-01 -3.796090907981166107e-01 -1.898742949588905771e-01
2.790992275374280407e+00 7.176082961889860279e-01 -3.796090907981166107e-01 -1.898742949588905771e-01
2.790992275374280407e+00 7.176082961889860279e-01 -3.796090907981166107e-01 -1.898742949588905771e-01
2.790992275374280407e+00 7.176082961889860279e-01 -3.796090907981166107e-01 -1.898742949588905771e-01
2.790992275374280407e+00 7.176082961889860279e-01 -3.796090907981166107e-01 -1.898742949588905771e-01
2.790992275374280407e+00 7.176082961889860279e-01 -3.796090907981166107e-01 -1.898742949588905771e-01
2.790992275374280407e+00 7.176082961889860279e-01 -3.796090907981166107e-01 -1.898742949588905771e-01
2.790992275374280407e+00 7.176082961889860279e-01 -3.796090907981166107e-01 -1.898742949588905771e-01
2.834915905932569036e+00 -7.252891888633085093e-01 3.964074905307878871e-01 -2.302812928255807690e-01
2.834915905932569036e+00 -7.252891888633085093e-01 3.964074905307878871e-01 -2.302812928255807690e-01
2.834915905932569036e+00 -7.252891888633085093e-01 3.964074905307878871e-01 -2.302812928255807690e-01
2.834915905932569036e+00 -7.252891888633085093e-01 3.964074905307878871e-01 -2.302812928255807690e-01
2.834915905932569036e+00 -7.252891888633085093e-01 3.964074905307878871e-01 -2.302812928255807690e-01
2.834915905932569036e+00 -7.252891888633085093e-01 3.964074905307878871e-01 -2.302812928255807690e-01
2.834915905932569036e+00 -7.252891888633085093e-01 3.964074905307878871e-01 -2.302812928255807690e-01
2.834915905932569036e+00 -7.252891888633085093e-01 3.964074905307878871e-01 -2.302812928255807690e-01
2.834915905932569036e+00 -7.252891888633085093e-01 3.964074905307878871e-01 -2.302812928255807690e-01
2.834915905932569036e+00 -7.252891888633085093e-01 3.964074905307878871e-01 -2.302812928255807690e-01
2.834915905932569036e+00 -7.252891888633085093e-01 3.964074905307878871e-01 -2.302812928255807690e-01
2.834915905932569036e+00 -7.252891888633085093e-01 3.964074905307878871e-01 -2.302812928255807690e-01
2.847046230885963425e+00 7.316850407095115694e-01 -3.997933907575896839e-01 -2.299237643069351744e-01
2.847046230885963425e+00 7.316850407095115694e-01 -3.997933907575896839e-01 -2.299237643069351744e-01
2.847046230885963425e+00 7.316850407095115694e-01 -3.997933907575896839e-01 -2.299237643069351744e-01
2.847046230885963425e+00 7.316850407095115694e-01 -3.997933907575896839e-01 -2.299237643069351744e-01
2.847046230885963425e+00 7.316850407095115694e-01 -3.997933907575896839e-01 -2.299237643069351744e-01
2.847046230885963425e+00 7.316850407095115694e-01 -3.997933907575896839e-01 -2.299237643069351744e-01
2.847046230885963425e+00 7.316850407095115694e-01 -3.997933907575896839e-01 -2.299237643069351744e-01
2.847046230885963425e+00 7.316850407095115694e-01 -3.997933907575896839e-01 -2.299237643069351744e-01
2.847046230885963425e+00 7.316850407095115694e-01 -3.997933907575896839e-01 -2.299237643069351744e-01
2.847046230885963425e+00 7.316850407095115694e-01 -3.997933907575896839e-01 -2.299237643069351744e-01
2.847046230885963425e+00 7.316850407095115694e-01 -3.997933907575896839e-01 -2.299237643069351744e-01
2.847046230885963425e+00 7.316850407095115694e-01 -3.997933907575896839e-01 -2.299237643069351744e-01
2.825172165796998147e+00 -7.449178845871811117e-01 3.833826882710145156e-01 -1.970173003366066378e-01
2.825172165796998147e+00 -7.449178845871811117e-01 3.833826882710145156e-01 -1.970173003366066378e-01
2.825172165796998147e+00 -7.449178845871811117e-01 3.833826882710145156e-01 -1.970173003366066378e-01
2.825172165796998147e+00 -7.449178845871811117e-01 3.833826882710145156e-01 -1.970173003366066378e-01
2.825172165796998147e+00 -7.449178845871811117e-01 3.833826882710145156e-01 -1.970173003366066378e-01
2.825172165796998147e+00 -7.449178845871811117e-01 3.833826882710145156e-01 -1.970173003366066378e-01
2.825172165796998147e+00 -7.449178845871811117e-01 3.833826882710145156e-01 -1.970173003366066378e-01
2.825172165796998147e+00 -7.449178845871811117e-01 3.833826882710145156e-01 -1.970173003366066378e-01
2.825172165796998147e+00 -7.449178845871811117e-01 3.833826882710145156e-01 -1.970173003366066378e-01
2.825172165796998147e+00 -7.449178845871811117e-01 3.833826882710145156e-01 -1.970173003366066378e-01
2.825172165796998147e+00 -7.449178845871811117e-01 3.833826882710145156e-01 -1.970173003366066378e-01
2.825172165796998147e+00 -7.449178845871811117e-01 3.833826882710145156e-01 -1.970173003366066378e-01
2.836404807388651417e+00 -7.304981493331591524e-01 3.922141220712074827e-01 -1.910373714683829549e-01
2.836404807388651417e+00 -7.304981493331591524e-01 3.922141220712074827e-01 -1.910373714683829549e-01
2.836404807388651417e+00 -7.304981493331591524e-01 3.922141220712074827e-01 -1.910373714683829549e-01
2.836404807388651417e+00 -7.304981493331591524e-01 3.922141220712074827e-01 -1.910373714683829549e-01
2.836404807388651417e+00 -7.304981493331591524e-01 3.922141220712074827e-01 -1.910373714683829549e-01
2.836404807388651417e+00 -7.304981493331591524e-01 3.922141220712074827e-01 -1.910373714683829549e-01
2.836404807388651417e+00 -7.304981493331591524e-01 3.922141220712074827e-01 -1.910373714683829549e-01
2.836404807388651417e+00 -7.304981493331591524e-01 3.922141220712074827e-01 -1.910373714683829549e-01
2.836404807388651417e+00 -7.304981493331591524e-01 3.922141220712074827e-01 -1.910373714683829549e-01
2.836404807388651417e+00 -7.304981493331591524e-01 3.922141220712074827e-01 -1.910373714683829549e-01
2.836404807388651417e+00 -7.304981493331591524e-01 3.922141220712074827e-01 -1.910373714683829549e-01
2.836404807388651417e+00 -7.304981493331591524e-01 3.922141220712074827e-01 -1.910373714683829549e-01
2.820345436892896629e+00 -6.582196888292024539e-01 3.630571623896640121e-01 -1.941767983138596165e-01
2.820345436892896629e+00 -6.582196888292024539e-01 3.630571623896640121e-01 -1.941767983138596165e-01
2.820345436892896629e+00 -6.582196888292024539e-01 3.630571623896640121e-01 -1.941767983138596165e-01
2.820345436892896629e+00 -6.582196888292024539e-01 3.630571623896640121e-01 -1.941767983138596165e-01
2.820345436892896629e+00 -6.582196888292024539e-01 3.630571623896640121e-01 -1.941767983138596165e-01
2.820345436892896629e+00 -6.582196888292024539e-01 3.630571623896640121e-01 -1.941767983138596165e-01
2.820345436892896629e+00 -6.582196888292024539e-01 3.630571623896640121e-01 -1.941767983138596165e-01
2.820345436892896629e+00 -6.582196888292024539e-01 3.630571623896640121e-01 -1.941767983138596165e-01
2.820345436892896629e+00 -6.582196888292024539e-01 3.630571623896640121e-01 -1.941767983138596165e-01
2.820345436892896629e+00 -6.582196888292024539e-01 3.630571623896640121e-01 -1.941767983138596165e-01
2.820345436892896629e+00 -6.582196888292024539e-01 3.630571623896640121e-01 -1.941767983138596165e-01
2.820345436892896629e+00 -6.582196888292024539e-01 3.630571623896640121e-01 -1.941767983138596165e-01
2.812079413328401056e+00 -7.521944228399587429e-01 3.951239440667193015e-01 -2.448352671848570694e-01
2.812079413328401056e+00 -7.521944228399587429e-01 3.951239440667193015e-01 -2.448352671848570694e-01
2.812079413328401056e+00 -7.521944228399587429e-01 3.951239440667193015e-01 -2.448352671848570694e-01
2.812079413328401056e+00 -7.521944228399587429e-01 3.951239440667193015e-01 -2.448352671848570694e-01
2.812079413328401056e+00 -7.521944228399587429e-01 3.951239440667193015e-01 -2.448352671848570694e-01
2.812079413328401056e+00 -7.521944228399587429e-01 3.951239440667193015e-01 -2.448352671848570694e-01
2.812079413328401056e+00 -7.521944228399587429e-01 3.951239440667193015e-01 -2.448352671848570694e-01
2.812079413328401056e+00 -7.521944228399587429e-01 3.951239440667193015e-01 -2.448352671848570694e-01
2.812079413328401056e+00 -7.521944228399587429e-01 3.951239440667193015e-01 -2.448352671848570694e-01
2.812079413328401056e+00 -7.521944228399587429e-01 3.951239440667193015e-01 -2.448352671848570694e-01
2.812079413328401056e+00 -7.521944228399587429e-01 3.951239440667193015e-01 -2.448352671848570694e-01
2.812079413328401056e+00 -7.521944228399587429e-01 3.951239440667193015e-01 -2.448352671848570694e-01
2.854232712404713990e+00 7.353753912569549467e-01 -3.917709013188717115e-01 -2.062870352313106725e-01
2.854232712404713990e+00 7.353753912569549467e-01 -3.917709013188717115e-01 -2.062870352313106725e-01
2.854232712404713990e+00 7.353753912569549467e-01 -3.917709013188717115e-01 -2.062870352313106725e-01
2.854232712404713990e+00 7.353753912569549467e-01 -3.917709013188717115e-01 -2.062870352313106725e-01
2.854232712404713990e+00 7.353753912569549467e-01 -3.917709013188717115e-01 -2.062870352313106725e-01
2.854232712404713990e+00 7.353753912569549467e-01 -3.917709013188717115e-01 -2.062870352313106725e-01
2.854232712404713990e+00 7.353753912569549467e-01 -3.917709013188717115e-01 -2.062870352313106725e-01
2.854232712404713990e+00 7.353753912569549467e-01 -3.917709013188717115e-01 -2.062870352313106725e-01
2.854232712404713990e+00 7.353753912569549467e-01 -3.917709013188717115e-01 -2.062870352313106725e-01
2.854232712404713990e+00 7.353753912569549467e-01 -3.917709013188717115e-01 -2.062870352313106725e-01
2.854232712404713990e+00 7.353753912569549467e-01 -3.917709013188717115e-01 -2.062870352313106725e-01
2.854232712404713990e+00 7.353753912569549467e-01 -3.917709013188717115e-01 -2.062870352313106725e-01
2.862440687716012899e+00 7.270503841556638092e-01 -4.149512011824773583e-01 -1.864342249342364199e-01
2.862440687716012899e+00 7.270503841556638092e-01 -4.149512011824773583e-01 -1.864342249342364199e-01
2.862440687716012899e+00 7.270503841556638092e-01 -4.149512011824773583e-01 -1.864342249342364199e-01
2.862440687716012899e+00 7.270503841556638092e-01 -4.149512011824773583e-01 -1.864342249342364199e-01
2.862440687716012899e+00 7.270503841556638092e-01 -4.149512011824773583e-01 -1.864342249342364199e-01
2.862440687716012899e+00 7.270503841556638092e-01 -4.149512011824773583e-01 -1.864342249342364199e-01
2.862440687716012899e+00 7.270503841556638092e-01 -4.149512011824773583e-01 -1.864342249342364199e-01
2.862440687716012899e+00 7.270503841556638092e-01 -4.149512011824773583e-01 -1.864342249342364199e-01
2.862440687716012899e+00 7.270503841556638092e-01 -4.149512011824773583e-01 -1.864342249342364199e-01
2.862440687716012899e+00 7.270503841556638092e-01 -4.149512011824773583e-01 -1.864342249342364199e-01
2.862440687716012899e+00 7.270503841556638092e-01 -4.149512011824773583e-01 -1.864342249342364199e-01
2.862440687716012899e+00 7.270503841556638092e-01 -4.149512011824773583e-01 -1.864342249342364199e-01
2.854271943956011803e+00 -6.722631800705204386e-01 3.893173142287525423e-01 -1.829866347760319145e-01
2.854271943956011803e+00 -6.722631800705204386e-01 3.893173142287525423e-01 -1.829866347760319145e-01
2.854271943956011803e+00 -6.722631800705204386e-01 3.893173142287525423e-01 -1.829866347760319145e-01
2.854271943956011803e+00 -6.722631800705204386e-01 3.893173142287525423e-01 -1.829866347760319145e-01
2.854271943956011803e+00 -6.722631800705204386e-01 3.893173142287525423e-01 -1.829866347760319145e-01
2.854271943956011803e+00 -6.722631800705204386e-01 3.893173142287525423e-01 -1.829866347760319145e-01
2.854271943956011803e+00 -6.722631800705204386e-01 3.893173142287525423e-01 -1.829866347760319145e-01
2.854271943956011803e+00 -6.722631800705204386e-01 3.893173142287525423e-01 -1.829866347760319145e-01
2.854271943956011803e+00 -6.722631800705204386e-01 3.893173142287525423e-01 -1.829866347760319145e-01
2.854271943956011803e+00 -6.722631800705204386e-01 3.893173142287525423e-01 -1.829866347760319145e-01
2.854271943956011803e+00 -6.722631800705204386e-01 3.893173142287525423e-01 -1.829866347760319145e-01
2.854271943956011803e+00 -6.722631800705204386e-01 3.893173142287525423e-01 -1.829866347760319145e-01
2.827246267420809200e+00 -7.509433131469830380e-01 3.734405064652627781e-01 -2.318817799355425979e-01
2.827246267420809200e+00 -7.509433131469830380e-01 3.734405064652627781e-01 -2.318817799355425979e-01
2.827246267420809200e+00 -7.509433131469830380e-01 3.734405064652627781e-01 -2.318817799355425979e-01
2.827246267420809200e+00 -7.509433131469830380e-01 3.734405064652627781e-01 -2.318817799355425979e-01
2.827246267420809200e+00 -7.509433131469830380e-01 3.734405064652627781e-01 -2.318817799355425979e-01
2.827246267420809200e+00 -7.509433131469830380e-01 3.734405064652627781e-01 -2.318817799355425979e-01
2.827246267420809200e+00 -7.509433131469830380e-01 3.734405064652627781e-01 -2.318817799355425979e-01
2.827246267420809200e+00 -7.509433131469830380e-01 3.734405064652627781e-01 -2.318817799355425979e-01
2.827246267420809200e+00 -7.509433131469830380e-01 3.734405064652627781e-01 -2.318817799355425979e-01
2.827246267420809200e+00 -7.509433131469830380e-01 3.734405064652627781e-01 -2.318817799355425979e-01
2.827246267420809200e+00 -7.509433131469830380e-01 3.734405064652627781e-01 -2.318817799355425979e-01
2.827246267420809200e+00 -7.509433131469830380e-01 3.734405064652627781e-01 -2.318817799355425979e-01
2.801839461799544573e+00 7.148936258781447561e-01 -3.709868392426839967e-01 -1.669690424918737481e-01
2.801839461799544573e+00 7.148936258781447561e-01 -3.709868392426839967e-01 -1.669690424918737481e-01
2.801839461799544573e+00 7.148936258781447561e-01 -3.709868392426839967e-01 -1.669690424918737481e-01
2.801839461799544573e+00 7.148936258781447561e-01 -3.709868392426839967e-01 -1.669690424918737481e-01
2.801839461799544573e+00 7.148936258781447561e-01 -3.709868392426839967e-01 -1.669690424918737481e-01
2.801839461799544573e+00 7.148936258781447561e-01 -3.709868392426839967e-01 -1.669690424918737481e-01
2.801839461799544573e+00 7.148936258781447561e-01 -3.709868392426839967e-01 -1.669690424918737481e-01
2.801839461799544573e+00 7.148936258781447561e-01 -3.709868392426839967e-01 -1.669690424918737481e-01
2.801839461799544573e+00 7.148936258781447561e-01 -3.709868392426839967e-01 -1.669690424918737481e-01
2.801839461799544573e+00 7.148936258781447561e-01 -3.709868392426839967e-01 -1.669690424918737481e-01
2.801839461799544573e+00 7.148936258781447561e-01 -3.709868392426839967e-01 -1.669690424918737481e-01
2.801839461799544573e+00 7.148936258781447561e-01 -3.709868392426839967e-01 -1.669690424918737481e-01
2.839252929833505412e+00 -7.499805148977584102e-01 4.043419096900239817e-01 -2.291875828616442567e-01
2.839252929833505412e+00 -7.499805148977584102e-01 4.043419096900239817e-01 -2.291875828616442567e-01
2.839252929833505412e+00 -7.499805148977584102e-01 4.043419096900239817e-01 -2.291875828616442567e-01
2.839252929833505412e+00 -7.499805148977584102e-01 4.043419096900239817e-01 -2.291875828616442567e-01
2.839252929833505412e+00 -7.499805148977584102e-01 4.043419096900239817e-01 -2.291875828616442567e-01
2.839252929833505412e+00 -7.499805148977584102e-01 4.043419096900239817e-01 -2.291875828616442567e-01
2.839252929833505412e+00 -7.499805148977584102e-01 4.043419096900239817e-01 -2.291875828616442567e-01
2.839252929833505412e+00 -7.499805148977584102e-01 4.043419096900239817e-01 -2.291875828616442567e-01
2.839252929833505412e+00 -7.499805148977584102e-01 4.043419096900239817e-01 -2.291875828616442567e-01
2.839252929833505412e+00 -7.499805148977584102e-01 4.043419096900239817e-01 -2.291875828616442567e-01
2.839252929833505412e+00 -7.499805148977584102e-01 4.043419096900239817e-01 -2.291875828616442567e-01
2.839252929833505412e+00 -7.499805148977584102e-01 4.043419096900239817e-01 -2.291875828616442567e-01
2.800557380866106172e+00 7.193797865531649238e-01 -3.914351619073774269e-01 -2.211793275798320524e-01
2.800557380866106172e+00 7.193797865531649238e-01 -3.914351619073774269e-01 -2.211793275798320524e-01
2.800557380866106172e+00 7.193797865531649238e-01 -3.914351619073774269e-01 -2.211793275798320524e-01
2.800557380866106172e+00 7.193797865531649238e-01 -3.914351619073774269e-01 -2.211793275798320524e-01
2.800557380866106172e+00 7.193797865531649238e-01 -3.914351619073774269e-01 -2.211793275798320524e-01
2.800557380866106172e+00 7.193797865531649238e-01 -3.914351619073774269e-01 -2.211793275798320524e-01
2.800557380866106172e+00 7.193797865531649238e-01 -3.914351619073774269e-01 -2.211793275798320524e-01
2.800557380866106172e+00 7.193797865531649238e-01 -3.914351619073774269e-01 -2.211793275798320524e-01
2.800557380866106172e+00 7.193797865531649238e-01 -3.914351619073774269e-01 -2.211793275798320524e-01
2.800557380866106172e+00 7.193797865531649238e-01 -3.914351619073774269e-01 -2.211793275798320524e-01
2.800557380866106172e+00 7.193797865531649238e-01 -3.914351619073774269e-01 -2.211793275798320524e-01
2.800557380866106172e+00 7.193797865531649238e-01 -3.914351619073774269e-01 -2.211793275798320524e-01
2.826435475741140291e+00 -6.907311632204677920e-01 3.895718814940986596e-01 -2.222878032352618438e-01
2.826435475741140291e+00 -6.907311632204677920e-01 3.895718814940986596e-01 -2.222878032352618438e-01
2.826435475741140291e+00 -6.907311632204677920e-01 3.895718814940986596e-01 -2.222878032352618438e-01
2.826435475741140291e+00 -6.907311632204677920e-01 3.895718814940986596e-01 -2.222878032352618438e-01
2.826435475741140291e+00 -6.907311632204677920e-01 3.895718814940986596e-01 -2.222878032352618438e-01
2.826435475741140291e+00 -6.907311632204677920e-01 3.895718814940986596e-01 -2.222878032352618438e-01
2.826435475741140291e+00 -6.907311632204677920e-01 3.895718814940986596e-01 -2.222878032352618438e-01
2.826435475741140291e+00 -6.907311632204677920e-01 3.895718814940986596e-01 -2.222878032352618438e-01
2.826435475741140291e+00 -6.907311632204677920e-01 3.895718814940986596e-01 -2.222878032352618438e-01
2.826435475741140291e+00 -6.907311632204677920e-01 3.895718814940986596e-01 -2.222878032352618438e-01
2.826435475741140291e+00 -6.907311632204677920e-01 3.895718814940986596e-01 -2.222878032352618438e-01
2.826435475741140291e+00 -6.907311632204677920e-01 3.895718814940986596e-01 -2.222878032352618438e-01
2.870178658972923902e+00 -7.460347837706513552e-01 4.208263623592038982e-01 -2.664081846762597627e-01
2.870178658972923902e+00 -7.460347837706513552e-01 4.208263623592038982e-01 -2.664081846762597627e-01
2.870178658972923902e+00 -7.460347837706513552e-01 4.208263623592038982e-01 -2.664081846762597627e-01
2.870178658972923902e+00 -7.460347837706513552e-01 4.208263623592038982e-01 -2.664081846762597627e-01
2.870178658972923902e+00 -7.460347837706513552e-01 4.208263623592038982e-01 -2.664081846762597627e-01
2.870178658972923902e+00 -7.460347837706513552e-01 4.208263623592038982e-01 -2.664081846762597627e-01
2.870178658972923902e+00 -7.460347837706513552e-01 4.208263623592038982e-01 -2.664081846762597627e-01
2.870178658972923902e+00 -7.460347837706513552e-01 4.208263623592038982e-01 -2.664081846762597627e-01
2.870178658972923902e+00 -7.460347837706513552e-01 4.208263623592038982e-01 -2.664081846762597627e-01
2.870178658972923902e+00 -7.460347837706513552e-01 4.208263623592038982e-01 -2.664081846762597627e-01
2.870178658972923902e+00 -7.460347837706513552e-01 4.208263623592038982e-01 -2.664081846762597627e-01
2.870178658972923902e+00 -7.460347837706513552e-01 4.208263623592038982e-01 -2.664081846762597627e-01
2.799447880517776266e+00 -7.306194204695508621e-01 3.980115577908281965e-01 -1.532467637811775751e-01
2.799447880517776266e+00 -7.306194204695508621e-01 3.980115577908281965e-01 -1.532467637811775751e-01
2.799447880517776266e+00 -7.306194204695508621e-01 3.980115577908281965e-01 -1.532467637811775751e-01
2.799447880517776266e+00 -7.306194204695508621e-01 3.980115577908281965e-01 -1.532467637811775751e-01
2.799447880517776266e+00 -7.306194204695508621e-01 3.980115577908281965e-01 -1.532467637811775751e-01
2.799447880517776266e+00 -7.306194204695508621e-01 3.980115577908281965e-01 -1.532467637811775751e-01
2.799447880517776266e+00 -7.306194204695508621e-01 3.980115577908281965e-01 -1.532467637811775751e-01
2.799447880517776266e+00 -7.306194204695508621e-01 3.980115577908281965e-01 -1.532467637811775751e-01
2.799447880517776266e+00 -7.306194204695508621e-01 3.980115577908281965e-01 -1.532467637811775751e-01
2.799447880517776266e+00 -7.306194204695508621e-01 3.980115577908281965e-01 -1.532467637811775751e-01
2.799447880517776266e+00 -7.306194204695508621e-01 3.980115577908281965e-01 -1.532467637811775751e-01
2.799447880517776266e+00 -7.306194204695508621e-01 3.980115577908281965e-01 -1.532467637811775751e-01
2.837672537994870847e+00 7.029921534915914982e-01 -3.900584243821436092e-01 -2.048842671144782968e-01
2.837672537994870847e+00 7.029921534915914982e-01 -3.900584243821436092e-01 -2.048842671144782968e-01
2.837672537994870847e+00 7.029921534915914982e-01 -3.900584243821436092e-01 -2.048842671144782968e-01
2.837672537994870847e+00 7.029921534915914982e-01 -3.900584243821436092e-01 -2.048842671144782968e-01
2.837672537994870847e+00 7.029921534915914982e-01 -3.900584243821436092e-01 -2.048842671144782968e-01
2.837672537994870847e+00 7.029921534915914982e-01 -3.900584243821436092e-01 -2.048842671144782968e-01
2.837672537994870847e+00 7.029921534915914982e-01 -3.900584243821436092e-01 -2.048842671144782968e-01
2.837672537994870847e+00 7.029921534915914982e-01 -3.900584243821436092e-01 -2.048842671144782968e-01
2.837672537994870847e+00 7.029921534915914982e-01 -3.900584243821436092e-01 -2.048842671144782968e-01
2.837672537994870847e+00 7.029921534915914982e-01 -3.900584243821436092e-01 -2.048842671144782968e-01
2.837672537994870847e+00 7.029921534915914982e-01 -3.900584243821436092e-01 -2.048842671144782968e-01
2.837672537994870847e+00 7.029921534915914982e-01 -3.900584243821436092e-01 -2.048842671144782968e-01
2.831644636643053659e+00 7.126204457037224049e-01 -3.867299454577034501e-01 -2.061411630060051570e-01
2.831644636643053659e+00 7.126204457037224049e-01 -3.867299454577034501e-01 -2.061411630060051570e-01
2.831644636643053659e+00 7.126204457037224049e-01 -3.867299454577034501e-01 -2.061411630060051570e-01
2.831644636643053659e+00 7.126204457037224049e-01 -3.867299454577034501e-01 -2.061411630060051570e-01
2.831644636643053659e+00 7.126204457037224049e-01 -3.867299454577034501e-01 -2.061411630060051570e-01
2.831644636643053659e+00 7.126204457037224049e-01 -3.867299454577034501e-01 -2.061411630060051570e-01
2.831644636643053659e+00 7.126204457037224049e-01 -3.867299454577034501e-01 -2.061411630060051570e-01
2.831644636643053659e+00 7.126204457037224049e-01 -3.867299454577034501e-01 -2.061411630060051570e-01
2.831644636643053659e+00 7.126204457037224049e-01 -3.867299454577034501e-01 -2.061411630060051570e-01
2.831644636643053659e+00 7.126204457037224049e-01 -3.867299454577034501e-01 -2.061411630060051570e-01
2.831644636643053659e+00 7.126204457037224049e-01 -3.867299454577034501e-01 -2.061411630060051570e-01
2.831644636643053659e+00 7.126204457037224049e-01 -3.867299454577034501e-01 -2.061411630060051570e-01
2.848277906349385269e+00 7.681521200455500020e-01 -4.395770078413103743e-01 -1.815701481488109781e-01
2.848277906349385269e+00 7.681521200455500020e-01 -4.395770078413103743e-01 -1.815701481488109781e-01
2.848277906349385269e+00 7.681521200455500020e-01 -4.395770078413103743e-01 -1.815701481488109781e-01
2.848277906349385269e+00 7.681521200455500020e-01 -4.395770078413103743e-01 -1.815701481488109781e-01
2.848277906349385269e+00 7.681521200455500020e-01 -4.395770078413103743e-01 -1.815701481488109781e-01
2.848277906349385269e+00 7.681521200455500020e-01 -4.395770078413103743e-01 -1.815701481488109781e-01
2.848277906349385269e+00 7.681521200455500020e-01 -4.395770078413103743e-01 -1.815701481488109781e-01
2.848277906349385269e+00 7.681521200455500020e-01 -4.395770078413103743e-01 -1.815701481488109781e-01
2.848277906349385269e+00 7.681521200455500020e-01 -4.395770078413103743e-01 -1.815701481488109781e-01
2.848277906349385269e+00 7.681521200455500020e-01 -4.395770078413103743e-01 -1.815701481488109781e-01
2.848277906349385269e+00 7.681521200455500020e-01 -4.395770078413103743e-01 -1.815701481488109781e-01
2.848277906349385269e+00 7.681521200455500020e-01 -4.395770078413103743e-01 -1.815701481488109781e-01
2.853459634859670579e+00 7.399007933373406010e-01 -3.992249069376190285e-01 -2.439805407554997696e-01
2.853459634859670579e+00 7.399007933373406010e-01 -3.992249069376190285e-01 -2.439805407554997696e-01
2.853459634859670579e+00 7.399007933373406010e-01 -3.992249069376190285e-01 -2.439805407554997696e-01
2.853459634859670579e+00 7.399007933373406010e-01 -3.992249069376190285e-01 -2.439805407554997696e-01
2.853459634859670579e+00 7.399007933373406010e-01 -3.992249069376190285e-01 -2.439805407554997696e-01
2.853459634859670579e+00 7.399007933373406010e-01 -3.992249069376190285e-01 -2.439805407554997696e-01
2.853459634859670579e+00 7.399007933373406010e-01 -3.992249069376190285e-01 -2.439805407554997696e-01
2.853459634859670579e+00 7.399007933373406010e-01 -3.992249069376190285e-01 -2.439805407554997696e-01
2.853459634859670579e+00 7.399007933373406010e-01 -3.992249069376190285e-01 -2.439805407554997696e-01
2.853459634859670579e+00 7.399007933373406010e-01 -3.992249069376190285e-01 -2.439805407554997696e-01
2.853459634859670579e+00 7.399007933373406010e-01 -3.992249069376190285e-01 -2.439805407554997696e-01
2.853459634859670579e+00 7.399007933373406010e-01 -3.992249069376190285e-01 -2.439805407554997696e-01
2.834769467790631658e+00 6.972202527927806592e-01 -3.808860816674419780e-01 -2.023016531625675962e-01
2.834769467790631658e+00 6.972202527927806592e-01 -3.808860816674419780e-01 -2.023016531625675962e-01
2.834769467790631658e+00 6.972202527927806592e-01 -3.808860816674419780e-01 -2.023016531625675962e-01
2.834769467790631658e+00 6.972202527927806592e-01 -3.808860816674419780e-01 -2.023016531625675962e-01
2.834769467790631658e+00 6.972202527927806592e-01 -3.808860816674419780e-01 -2.023016531625675962e-01
2.834769467790631658e+00 6.972202527927806592e-01 -3.808860816674419780e-01 -2.023016531625675962e-01
2.834769467790631658e+00 6.972202527927806592e-01 -3.808860816674419780e-01 -2.023016531625675962e-01
2.834769467790631658e+00 6.972202527927806592e-01 -3.808860816674419780e-01 -2.023016531625675962e-01
2.834769467790631658e+00 6.972202527927806592e-01 -3.808860816674419780e-01 -2.023016531625675962e-01
2.834769467790631658e+00 6.972202527927806592e-01 -3.808860816674419780e-01 -2.023016531625675962e-01
2.834769467790631658e+00 6.972202527927806592e-01 -3.808860816674419780e-01 -2.023016531625675962e-01
2.834769467790631658e+00 6.972202527927806592e-01 -3.808860816674419780e-01 -2.023016531625675962e-01
2.850085464778636446e+00 -7.469941056168801774e-01 4.248744645417196764e-01 -2.038640957092207329e-01
2.850085464778636446e+00 -7.469941056168801774e-01 4.248744645417196764e-01 -2.038640957092207329e-01
2.850085464778636446e+00 -7.469941056168801774e-01 4.248744645417196764e-01 -2.038640957092207329e-01
2.850085464778636446e+00 -7.469941056168801774e-01 4.248744645417196764e-01 -2.038640957092207329e-01
2.850085464778636446e+00 -7.469941056168801774e-01 4.248744645417196764e-01 -2.038640957092207329e-01
2.850085464778636446e+00 -7.469941056168801774e-01 4.248744645417196764e-01 -2.038640957092207329e-01
2.850085464778636446e+00 -7.469941056168801774e-01 4.248744645417196764e-01 -2.038640957092207329e-01
2.850085464778636446e+00 -7.469941056168801774e-01 4.248744645417196764e-01 -2.038640957092207329e-01
2.850085464778636446e+00 -7.469941056168801774e-01 4.248744645417196764e-01 -2.038640957092207329e-01
2.850085464778636446e+00 -7.469941056168801774e-01 4.248744645417196764e-01 -2.038640957092207329e-01
2.850085464778636446e+00 -7.469941056168801774e-01 4.248744645417196764e-01 -2.038640957092207329e-01
2.850085464778636446e+00 -7.469941056168801774e-01 4.248744645417196764e-01 -2.038640957092207329e-01
2.818035952620530082e+00 7.108558056441801609e-01 -3.993889357374842408e-01 -2.198472912627001119e-01
2.818035952620530082e+00 7.108558056441801609e-01 -3.993889357374842408e-01 -2.198472912627001119e-01
2.818035952620530082e+00 7.108558056441801609e-01 -3.993889357374842408e-01 -2.198472912627001119e-01
2.818035952620530082e+00 7.108558056441801609e-01 -3.993889357374842408e-01 -2.198472912627001119e-01
2.818035952620530082e+00 7.108558056441801609e-01 -3.993889357374842408e-01 -2.198472912627001119e-01
2.818035952620530082e+00 7.108558056441801609e-01 -3.993889357374842408e-01 -2.198472912627001119e-01
2.818035952620530082e+00 7.108558056441801609e-01 -3.993889357374842408e-01 -2.198472912627001119e-01
2.818035952620530082e+00 7.108558056441801609e-01 -3.993889357374842408e-01 -2.198472912627001119e-01
2.818035952620530082e+00 7.108558056441801609e-01 -3.993889357374842408e-01 -2.198472912627001119e-01
2.818035952620530082e+00 7.108558056441801609e-01 -3.993889357374842408e-01 -2.198472912627001119e-01
2.818035952620530082e+00 7.108558056441801609e-01 -3.993889357374842408e-01 -2.198472912627001119e-01
2.818035952620530082e+00 7.108558056441801609e-01 -3.993889357374842408e-01 -2.198472912627001119e-01
2.826698367900347009e+00 -6.961489686095153617e-01 3.762644867341702337e-01 -2.087286601738446157e-01
2.826698367900347009e+00 -6.961489686095153617e-01 3.762644867341702337e-01 -2.087286601738446157e-01
2.826698367900347009e+00 -6.961489686095153617e-01 3.762644867341702337e-01 -2.087286601738446157e-01
2.826698367900347009e+00 -6.961489686095153617e-01 3.762644867341702337e-01 -2.087286601738446157e-01
2.826698367900347009e+00 -6.961489686095153617e-01 3.762644867341702337e-01 -2.087286601738446157e-01
2.826698367900347009e+00 -6.961489686095153617e-01 3.762644867341702337e-01 -2.087286601738446157e-01
2.826698367900347009e+00 -6.961489686095153617e-01 3.762644867341702337e-01 -2.087286601738446157e-01
2.826698367900347009e+00 -6.961489686095153617e-01 3.762644867341702337e-01 -2.087286601738446157e-01
2.826698367900347009e+00 -6.961489686095153617e-01 3.762644867341702337e-01 -2.087286601738446157e-01
2.826698367900347009e+00 -6.961489686095153617e-01 3.762644867341702337e-01 -2.087286601738446157e-01
2.826698367900347009e+00 -6.961489686095153617e-01 3.762644867341702337e-01 -2.087286601738446157e-01
2.826698367900347009e+00 -6.961489686095153617e-01 3.762644867341702337e-01 -2.087286601738446157e-01
2.786496168779899474e+00 7.110017391432151834e-01 -3.521278567750978361e-01 -1.786104623406301883e-01
2.786496168779899474e+00 7.110017391432151834e-01 -3.521278567750978361e-01 -1.786104623406301883e-01
2.786496168779899474e+00 7.110017391432151834e-01 -3.521278567750978361e-01 -1.786104623406301883e-01
2.786496168779899474e+00 7.110017391432151834e-01 -3.521278567750978361e-01 -1.786104623406301883e-01
2.786496168779899474e+00 7.110017391432151834e-01 -3.521278567750978361e-01 -1.786104623406301883e-01
2.786496168779899474e+00 7.110017391432151834e-01 -3.521278567750978361e-01 -1.786104623406301883e-01
2.786496168779899474e+00 7.110017391432151834e-01 -3.521278567750978361e-01 -1.786104623406301883e-01
2.786496168779899474e+00 7.110017391432151834e-01 -3.521278567750978361e-01 -1.786104623406301883e-01
2.786496168779899474e+00 7.110017391432151834e-01 -3.521278567750978361e-01 -1.786104623406301883e-01
2.786496168779899474e+00 7.110017391432151834e-01 -3.521278567750978361e-01 -1.786104623406301883e-01
2.786496168779899474e+00 7.110017391432151834e-01 -3.521278567750978361e-01 -1.786104623406301883e-01
2.786496168779899474e+00 7.110017391432151834e-01 -3.521278567750978361e-01 -1.786104623406301883e-01
2.830471105603444393e+00 -7.098373581676585831e-01 3.798834170329821736e-01 -2.321939847667801871e-01
2.830471105603444393e+00 -7.098373581676585831e-01 3.798834170329821736e-01 -2.321939847667801871e-01
2.830471105603444393e+00 -7.098373581676585831e-01 3.798834170329821736e-01 -2.321939847667801871e-01
2.830471105603444393e+00 -7.098373581676585831e-01 3.798834170329821736e-01 -2.321939847667801871e-01
2.830471105603444393e+00 -7.098373581676585831e-01 3.798834170329821736e-01 -2.321939847667801871e-01
2.830471105603444393e+00 -7.098373581676585831e-01 3.798834170329821736e-01 -2.321939847667801871e-01
2.830471105603444393e+00 -7.098373581676585831e-01 3.798834170329821736e-01 -2.321939847667801871e-01
2.830471105603444393e+00 -7.098373581676585831e-01 3.798834170329821736e-01 -2.321939847667801871e-01
2.830471105603444393e+00 -7.098373581676585831e-01 3.798834170329821736e-01 -2.321939847667801871e-01
2.830471105603444393e+00 -7.098373581676585831e-01 3.798834170329821736e-01 -2.321939847667801871e-01
2.830471105603444393e+00 -7.098373581676585831e-01 3.798834170329821736e-01 -2.321939847667801871e-01
2.830471105603444393e+00 -7.098373581676585831e-01 3.798834170329821736e-01 -2.321939847667801871e-01
2.823964927253455937e+00 -7.123983421141677486e-01 4.049925916620289446e-01 -1.998792578768752437e-01
2.823964927253455937e+00 -7.123983421141677486e-01 4.049925916620289446e-01 -1.998792578768752437e-01
2.823964927253455937e+00 -7.123983421141677486e-01 4.049925916620289446e-01 -1.998792578768752437e-01
2.823964927253455937e+00 -7.123983421141677486e-01 4.049925916620289446e-01 -1.998792578768752437e-01
2.823964927253455937e+00 -7.123983421141677486e-01 4.049925916620289446e-01 -1.998792578768752437e-01
2.823964927253455937e+00 -7.123983421141677486e-01 4.049925916620289446e-01 -1.998792578768752437e-01
2.823964927253455937e+00 -7.123983421141677486e-01 4.049925916620289446e-01 -1.998792578768752437e-01
2.823964927253455937e+00 -7.123983421141677486e-01 4.049925916620289446e-01 -1.998792578768752437e-01
2.823964927253455937e+00 -7.123983421141677486e-01 4.049925916620289446e-01 -1.998792578768752437e-01
2.823964927253455937e+00 -7.123983421141677486e-01 4.049925916620289446e-01 -1.998792578768752437e-01
2.823964927253455937e+00 -7.123983421141677486e-01 4.049925916620289446e-01 -1.998792578768752437e-01
2.823964927253455937e+00 -7.123983421141677486e-01 4.049925916620289446e-01 -1.998792578768752437e-01
2.795157395788741894e+00 -7.448346197382492706e-01 3.608877854906770155e-01 -1.960381595797305587e-01
2.795157395788741894e+00 -7.448346197382492706e-01 3.608877854906770155e-01 -1.960381595797305587e-01
2.795157395788741894e+00 -7.448346197382492706e-01 3.608877854906770155e-01 -1.960381595797305587e-01
2.795157395788741894e+00 -7.448346197382492706e-01 3.608877854906770155e-01 -1.960381595797305587e-01
2.795157395788741894e+00 -7.448346197382492706e-01 3.608877854906770155e-01 -1.960381595797305587e-01
2.795157395788741894e+00 -7.448346197382492706e-01 3.608877854906770155e-01 -1.960381595797305587e-01
2.795157395788741894e+00 -7.448346197382492706e-01 3.608877854906770155e-01 -1.960381595797305587e-01
2.795157395788741894e+00 -7.448346197382492706e-01 3.608877854906770155e-01 -1.960381595797305587e-01
2.795157395788741894e+00 -7.448346197382492706e-01 3.608877854906770155e-01 -1.960381595797305587e-01
2.795157395788741894e+00 -7.448346197382492706e-01 3.608877854906770155e-01 -1.960381595797305587e-01
2.795157395788741894e+00 -7.448346197382492706e-01 3.608877854906770155e-01 -1.960381595797305587e-01
2.795157395788741894e+00 -7.448346197382492706e-01 3.608877854906770155e-01 -1.960381595797305587e-01
2.837809158825966627e+00 6.807630226434224774e-01 -3.617961069481782088e-01 -2.023183911590853978e-01
2.837809158825966627e+00 6.807630226434224774e-01 -3.617961069481782088e-01 -2.023183911590853978e-01
2.837809158825966627e+00 6.807630226434224774e-01 -3.617961069481782088e-01 -2.023183911590853978e-01
2.837809158825966627e+00 6.807630226434224774e-01 -3.617961069481782088e-01 -2.023183911590853978e-01
2.837809158825966627e+00 6.807630226434224774e-01 -3.617961069481782088e-01 -2.023183911590853978e-01
2.837809158825966627e+00 6.807630226434224774e-01 -3.617961069481782088e-01 -2.023183911590853978e-01
2.837809158825966627e+00 6.807630226434224774e-01 -3.617961069481782088e-01 -2.023183911590853978e-01
2.837809158825966627e+00 6.807630226434224774e-01 -3.617961069481782088e-01 -2.023183911590853978e-01
2.837809158825966627e+00 6.807630226434224774e-01 -3.617961069481782088e-01 -2.023183911590853978e-01
2.837809158825966627e+00 6.807630226434224774e-01 -3.617961069481782088e-01 -2.023183911590853978e-01
2.837809158825966627e+00 6.807630226434224774e-01 -3.617961069481782088e-01 -2.023183911590853978e-01
2.837809158825966627e+00 6.807630226434224774e-01 -3.617961069481782088e-01 -2.023183911590853978e-01
2.846553684681305985e+00 -6.963357603417371644e-01 3.825356653512921867e-01 -2.377600489786428350e-01
2.846553684681305985e+00 -6.963357603417371644e-01 3.825356653512921867e-01 -2.377600489786428350e-01
2.846553684681305985e+00 -6.963357603417371644e-01 3.825356653512921867e-01 -2.377600489786428350e-01
2.846553684681305985e+00 -6.963357603417371644e-01 3.825356653512921867e-01 -2.377600489786428350e-01
2.846553684681305985e+00 -6.963357603417371644e-01 3.825356653512921867e-01 -2.377600489786428350e-01
2.846553684681305985e+00 -6.963357603417371644e-01 3.825356653512921867e-01 -2.377600489786428350e-01
2.846553684681305985e+00 -6.963357603417371644e-01 3.825356653512921867e-01 -2.377600489786428350e-01
2.846553684681305985e+00 -6.963357603417371644e-01 3.825356653512921867e-01 -2.377600489786428350e-01
2.846553684681305985e+00 -6.963357603417371644e-01 3.825356653512921867e-01 -2.377600489786428350e-01
2.846553684681305985e+00 -6.963357603417371644e-01 3.825356653512921867e-01 -2.377600489786428350e-01
2.846553684681305985e+00 -6.963357603417371644e-01 3.825356653512921867e-01 -2.377600489786428350e-01
2.846553684681305985e+00 -6.963357603417371644e-01 3.825356653512921867e-01 -2.377600489786428350e-01
2.838990639248702763e+00 -7.441201508464153624e-01 3.876645137520629003e-01 -2.043231394646973231e-01
2.838990639248702763e+00 -7.441201508464153624e-01 3.876645137520629003e-01 -2.043231394646973231e-01
2.838990639248702763e+00 -7.441201508464153624e-01 3.876645137520629003e-01 -2.043231394646973231e-01
2.838990639248702763e+00 -7.441201508464153624e-01 3.876645137520629003e-01 -2.043231394646973231e-01
2.838990639248702763e+00 -7.441201508464153624e-01 3.876645137520629003e-01 -2.043231394646973231e-01
2.838990639248702763e+00 -7.441201508464153624e-01 3.876645137520629003e-01 -2.043231394646973231e-01
2.838990639248702763e+00 -7.441201508464153624e-01 3.876645137520629003e-01 -2.043231394646973231e-01
2.838990639248702763e+00 -7.441201508464153624e-01 3.876645137520629003e-01 -2.043231394646973231e-01
2.838990639248702763e+00 -7.441201508464153624e-01 3.876645137520629003e-01 -2.043231394646973231e-01
2.838990639248702763e+00 -7.441201508464153624e-01 3.876645137520629003e-01 -2.043231394646973231e-01
2.838990639248702763e+00 -7.441201508464153624e-01 3.876645137520629003e-01 -2.043231394646973231e-01
2.838990639248702763e+00 -7.441201508464153624e-01 3.876645137520629003e-01 -2.043231394646973231e-01
2.792659720107489640e+00 6.897200529576020811e-01 -3.761881859121168348e-01 -1.685444661523916865e-01
2.792659720107489640e+00 6.897200529576020811e-01 -3.761881859121168348e-01 -1.685444661523916865e-01
2.792659720107489640e+00 6.897200529576020811e-01 -3.761881859121168348e-01 -1.685444661523916865e-01
2.792659720107489640e+00 6.897200529576020811e-01 -3.761881859121168348e-01 -1.685444661523916865e-01
2.792659720107489640e+00 6.897200529576020811e-01 -3.761881859121168348e-01 -1.685444661523916865e-01
2.792659720107489640e+00 6.897200529576020811e-01 -3.761881859121168348e-01 -1.685444661523916865e-01
2.792659720107489640e+00 6.897200529576020811e-01 -3.761881859121168348e-01 -1.685444661523916865e-01
2.792659720107489640e+00 6.897200529576020811e-01 -3.761881859121168348e-01 -1.685444661523916865e-01
2.792659720107489640e+00 6.897200529576020811e-01 -3.761881859121168348e-01 -1.685444661523916865e-01
2.792659720107489640e+00 6.897200529576020811e-01 -3.761881859121168348e-01 -1.685444661523916865e-01
2.792659720107489640e+00 6.897200529576020811e-01 -3.761881859121168348e-01 -1.685444661523916865e-01
2.792659720107489640e+00 6.897200529576020811e-01 -3.761881859121168348e-01 -1.685444661523916865e-01
2.852024622178468416e+00 7.556158511314191584e-01 -3.993042852482632799e-01 -2.048557003378533303e-01
2.852024622178468416e+00 7.556158511314191584e-01 -3.993042852482632799e-01 -2.048557003378533303e-01
2.852024622178468416e+00 7.556158511314191584e-01 -3.993042852482632799e-01 -2.048557003378533303e-01
2.852024622178468416e+00 7.556158511314191584e-01 -3.993042852482632799e-01 -2.048557003378533303e-01
2.852024622178468416e+00 7.556158511314191584e-01 -3.993042852482632799e-01 -2.048557003378533303e-01
2.852024622178468416e+00 7.556158511314191584e-01 -3.993042852482632799e-01 -2.048557003378533303e-01
2.852024622178468416e+00 7.556158511314191584e-01 -3.993042852482632799e-01 -2.048557003378533303e-01
2.852024622178468416e+00 7.556158511314191584e-01 -3.993042852482632799e-01 -2.048557003378533303e-01
2.852024622178468416e+00 7.556158511314191584e-01 -3.993042852482632799e-01 -2.048557003378533303e-01
2.852024622178468416e+00 7.556158511314191584e-01 -3.993042852482632799e-01 -2.048557003378533303e-01
2.852024622178468416e+00 7.556158511314191584e-01 -3.993042852482632799e-01 -2.048557003378533303e-01
2.852024622178468416e+00 7.556158511314191584e-01 -3.993042852482632799e-01 -2.048557003378533303e-01
2.812158379083832926e+00 7.075908381943311065e-01 -3.899463057210079131e-01 -1.540190916271250154e-01
2.812158379083832926e+00 7.075908381943311065e-01 -3.899463057210079131e-01 -1.540190916271250154e-01
2.812158379083832926e+00 7.075908381943311065e-01 -3.899463057210079131e-01 -1.540190916271250154e-01
2.812158379083832926e+00 7.075908381943311065e-01 -3.899463057210079131e-01 -1.540190916271250154e-01
2.812158379083832926e+00 7.075908381943311065e-01 -3.899463057210079131e-01 -1.540190916271250154e-01
2.812158379083832926e+00 7.075908381943311065e-01 -3.899463057210079131e-01 -1.540190916271250154e-01
2.812158379083832926e+00 7.075908381943311065e-01 -3.899463057210079131e-01 -1.540190916271250154e-01
2.812158379083832926e+00 7.075908381943311065e-01 -3.899463057210079131e-01 -1.540190916271250154e-01
2.812158379083832926e+00 7.075908381943311065e-01 -3.899463057210079131e-01 -1.540190916271250154e-01
2.812158379083832926e+00 7.075908381943311065e-01 -3.899463057210079131e-01 -1.540190916271250154e-01
2.812158379083832926e+00 7.075908381943311065e-01 -3.899463057210079131e-01 -1.540190916271250154e-01
2.812158379083832926e+00 7.075908381943311065e-01 -3.899463057210079131e-01 -1.540190916271250154e-01
2.792780327854200273e+00 -6.998899317472722093e-01 3.681829300215950229e-01 -1.715793251163758859e-01
2.792780327854200273e+00 -6.998899317472722093e-01 3.681829300215950229e-01 -1.715793251163758859e-01
2.792780327854200273e+00 -6.998899317472722093e-01 3.681829300215950229e-01 -1.715793251163758859e-01
2.792780327854200273e+00 -6.998899317472722093e-01 3.681829300215950229e-01 -1.715793251163758859e-01
2.792780327854200273e+00 -6.998899317472722093e-01 3.681829300215950229e-01 -1.715793251163758859e-01
2.792780327854200273e+00 -6.998899317472722093e-01 3.681829300215950229e-01 -1.715793251163758859e-01
2.792780327854200273e+00 -6.998899317472722093e-01 3.681829300215950229e-01 -1.715793251163758859e-01
2.792780327854200273e+00 -6.998899317472722093e-01 3.681829300215950229e-01 -1.715793251163758859e-01
2.792780327854200273e+00 -6.998899317472722093e-01 3.681829300215950229e-01 -1.715793251163758859e-01
2.792780327854200273e+00 -6.998899317472722093e-01 3.681829300215950229e-01 -1.715793251163758859e-01
2.792780327854200273e+00 -6.998899317472722093e-01 3.681829300215950229e-01 -1.715793251163758859e-01
2.792780327854200273e+00 -6.998899317472722093e-01 3.681829300215950229e-01 -1.715793251163758859e-01
2.807793861290130977e+00 7.241634001176240343e-01 -3.795370721338347519e-01 -2.119628174787760999e-01
2.807793861290130977e+00 7.241634001176240343e-01 -3.795370721338347519e-01 -2.119628174787760999e-01
2.807793861290130977e+00 7.241634001176240343e-01 -3.795370721338347519e-01 -2.119628174787760999e-01
2.807793861290130977e+00 7.241634001176240343e-01 -3.795370721338347519e-01 -2.119628174787760999e-01
2.807793861290130977e+00 7.241634001176240343e-01 -3.795370721338347519e-01 -2.119628174787760999e-01
2.807793861290130977e+00 7.241634001176240343e-01 -3.795370721338347519e-01 -2.119628174787760999e-01
2.807793861290130977e+00 7.241634001176240343e-01 -3.795370721338347519e-01 -2.119628174787760999e-01
2.807793861290130977e+00 7.241634001176240343e-01 -3.795370721338347519e-01 -2.119628174787760999e-01
2.807793861290130977e+00 7.241634001176240343e-01 -3.795370721338347519e-01 -2.119628174787760999e-01
2.807793861290130977e+00 7.241634001176240343e-01 -3.795370721338347519e-01 -2.119628174787760999e-01
2.807793861290130977e+00 7.241634001176240343e-01 -3.795370721338347519e-01 -2.119628174787760999e-01
2.807793861290130977e+00 7.241634001176240343e-01 -3.795370721338347519e-01 -2.119628174787760999e-01
2.822193362273812678e+00 -7.098210204655102107e-01 3.883206387904668544e-01 -1.866608116696166775e-01
2.822193362273812678e+00 -7.098210204655102107e-01 3.883206387904668544e-01 -1.866608116696166775e-01
2.822193362273812678e+00 -7.098210204655102107e-01 3.883206387904668544e-01 -1.866608116696166775e-01
2.822193362273812678e+00 -7.098210204655102107e-01 3.883206387904668544e-01 -1.866608116696166775e-01
2.822193362273812678e+00 -7.098210204655102107e-01 3.883206387904668544e-01 -1.866608116696166775e-01
2.822193362273812678e+00 -7.098210204655102107e-01 3.883206387904668544e-01 -1.866608116696166775e-01
2.822193362273812678e+00 -7.098210204655102107e-01 3.883206387904668544e-01 -1.866608116696166775e-01
2.822193362273812678e+00 -7.098210204655102107e-01 3.883206387904668544e-01 -1.866608116696166775e-01
2.822193362273812678e+00 -7.098210204655102107e-01 3.883206387904668544e-01 -1.866608116696166775e-01
2.822193362273812678e+00 -7.098210204655102107e-01 3.883206387904668544e-01 -1.866608116696166775e-01
2.822193362273812678e+00 -7.098210204655102107e-01 3.883206387904668544e-01 -1.866608116696166775e-01
2.822193362273812678e+00 -7.098210204655102107e-01 3.883206387904668544e-01 -1.866608116696166775e-01
2.812157857031383656e+00 -7.268883068284098803e-01 3.638365901210257047e-01 -2.552554057554554667e-01
2.812157857031383656e+00 -7.268883068284098803e-01 3.638365901210257047e-01 -2.552554057554554667e-01
2.812157857031383656e+00 -7.268883068284098803e-01 3.638365901210257047e-01 -2.552554057554554667e-01
2.812157857031383656e+00 -7.268883068284098803e-01 3.638365901210257047e-01 -2.552554057554554667e-01
2.812157857031383656e+00 -7.268883068284098803e-01 3.638365901210257047e-01 -2.552554057554554667e-01
2.812157857031383656e+00 -7.268883068284098803e-01 3.638365901210257047e-01 -2.552554057554554667e-01
2.812157857031383656e+00 -7.268883068284098803e-01 3.638365901210257047e-01 -2.552554057554554667e-01
2.812157857031383656e+00 -7.268883068284098803e-01 3.638365901210257047e-01 -2.552554057554554667e-01
2.812157857031383656e+00 -7.268883068284098803e-01 3.638365901210257047e-01 -2.552554057554554667e-01
2.812157857031383656e+00 -7.268883068284098803e-01 3.638365901210257047e-01 -2.552554057554554667e-01
2.812157857031383656e+00 -7.268883068284098803e-01 3.638365901210257047e-01 -2.552554057554554667e-01
2.812157857031383656e+00 -7.268883068284098803e-01 3.638365901210257047e-01 -2.552554057554554667e-01
2.826316608086212323e+00 -6.928163901150671267e-01 3.827853288086167649e-01 -2.335267500162957754e-01
2.826316608086212323e+00 -6.928163901150671267e-01 3.827853288086167649e-01 -2.335267500162957754e-01
2.826316608086212323e+00 -6.928163901150671267e-01 3.827853288086167649e-01 -2.335267500162957754e-01
2.826316608086212323e+00 -6.928163901150671267e-01 3.827853288086167649e-01 -2.335267500162957754e-01
2.826316608086212323e+00 -6.928163901150671267e-01 3.827853288086167649e-01 -2.335267500162957754e-01
2.826316608086212323e+00 -6.928163901150671267e-01 3.827853288086167649e-01 -2.335267500162957754e-01
2.826316608086212323e+00 -6.928163901150671267e-01 3.827853288086167649e-01 -2.335267500162957754e-01
2.826316608086212323e+00 -6.928163901150671267e-01 3.827853288086167649e-01 -2.335267500162957754e-01
2.826316608086212323e+00 -6.928163901150671267e-01 3.827853288086167649e-01 -2.335267500162957754e-01
2.826316608086212323e+00 -6.928163901150671267e-01 3.827853288086167649e-01 -2.335267500162957754e-01
2.826316608086212323e+00 -6.928163901150671267e-01 3.827853288086167649e-01 -2.335267500162957754e-01
2.826316608086212323e+00 -6.928163901150671267e-01 3.827853288086167649e-01 -2.335267500162957754e-01
2.792023272914335053e+00 -7.325226854032323986e-01 3.888663247414342328e-01 -1.745878429923675423e-01
2.792023272914335053e+00 -7.325226854032323986e-01 3.888663247414342328e-01 -1.745878429923675423e-01
2.792023272914335053e+00 -7.325226854032323986e-01 3.888663247414342328e-01 -1.745878429923675423e-01
2.792023272914335053e+00 -7.325226854032323986e-01 3.888663247414342328e-01 -1.745878429923675423e-01
2.792023272914335053e+00 -7.325226854032323986e-01 3.888663247414342328e-01 -1.745878429923675423e-01
2.792023272914335053e+00 -7.325226854032323986e-01 3.888663247414342328e-01 -1.745878429923675423e-01
2.792023272914335053e+00 -7.325226854032323986e-01 3.888663247414342328e-01 -1.745878429923675423e-01
2.792023272914335053e+00 -7.325226854032323986e-01 3.888663247414342328e-01 -1.745878429923675423e-01
2.792023272914335053e+00 -7.325226854032323986e-01 3.888663247414342328e-01 -1.745878429923675423e-01
2.792023272914335053e+00 -7.325226854032323986e-01 3.888663247414342328e-01 -1.745878429923675423e-01
2.792023272914335053e+00 -7.325226854032323986e-01 3.888663247414342328e-01 -1.745878429923675423e-01
2.792023272914335053e+00 -7.325226854032323986e-01 3.888663247414342328e-01 -1.745878429923675423e-01
2.803876805079414947e+00 -7.639323795262754624e-01 3.824200698432552170e-01 -2.119204067115526835e-01
2.803876805079414947e+00 -7.639323795262754624e-01 3.824200698432552170e-01 -2.119204067115526835e-01
2.803876805079414947e+00 -7.639323795262754624e-01 3.824200698432552170e-01 -2.119204067115526835e-01
2.803876805079414947e+00 -7.639323795262754624e-01 3.824200698432552170e-01 -2.119204067115526835e-01
2.803876805079414947e+00 -7.639323795262754624e-01 3.824200698432552170e-01 -2.119204067115526835e-01
2.803876805079414947e+00 -7.639323795262754624e-01 3.824200698432552170e-01 -2.119204067115526835e-01
2.803876805079414947e+00 -7.639323795262754624e-01 3.824200698432552170e-01 -2.119204067115526835e-01
2.803876805079414947e+00 -7.639323795262754624e-01 3.824200698432552170e-01 -2.119204067115526835e-01
