1.065534525518304854e+00 9.672671864661331886e-01
1.021529163929738804e+00 9.694783518773877340e-01
1.023711916131171629e+00 9.602814383377256124e-01
9.923310271582319597e-01 9.875648024074547005e-01
1.059555186770604784e+00 1.038883254701367553e+00
1.082347018584084664e+00 8.343464046349697849e-01
1.028940842243655673e+00 9.899591497669247842e-01
1.019108928080005638e+00 9.560550162746044300e-01
1.038138508098778168e+00 9.208510685216562131e-01
8.928527153644045811e-01 9.186794529250517094e-01
8.853902294106692494e-01 9.887469248208766714e-01
1.009835826460941499e+00 9.464403885188200638e-01
1.059723059464466877e+00 1.028576768291214139e+00
9.112491406783432835e-01 9.428558967680553682e-01
9.903553073586492950e-01 9.573800395575580158e-01
9.667765643307232315e-01 1.252057711277871688e+00
9.818675527014253390e-01 1.035301423863069115e+00
1.060484333244300359e+00 8.722571871716279235e-01
1.048661135569080916e+00 9.828279619836512992e-01
1.077699941441773390e+00 1.089733266799650879e+00
9.358482971087759283e-01 1.147584200464178750e+00
1.026126057778132816e+00 9.834976759639036947e-01
9.154372087858064777e-01 8.505154469591510447e-01
1.098007306323309118e+00 9.689618459166382536e-01
1.008352509282907983e+00 9.524258366165776479e-01
9.771136466857612835e-01 9.169687157825424650e-01
8.475460782124184522e-01 9.375981348630617607e-01
1.270283471888629112e+00 9.797060987781487373e-01
8.659641940492613932e-01 9.734180450026327369e-01
9.404675238601846177e-01 8.952267504431791201e-01
1.112325378050071922e+00 8.469768086172243526e-01
9.768481321037024712e-01 9.760707177496635856e-01
9.288048967768972597e-01 8.495522639098769258e-01
1.002646075661997704e+00 1.054562237049735618e+00
9.539747217296553616e-01 1.034058196640762706e+00
1.040552879524180074e+00 9.904623175046033401e-01
1.036324628953513294e+00 1.033575782469839499e+00
9.325738337830490332e-01 9.190599313017170369e-01
8.016337944612480504e-01 9.042949859378102140e-01
1.179004794501873565e+00 9.297335686594255799e-01
1.085602281044572237e+00 1.011624528649528898e+00
1.011315794304288751e+00 9.667597780819029429e-01
1.155159277759073788e+00 1.000513016455655491e+00
1.038529289812486267e+00 1.030166477915733125e+00
9.085274569278133372e-01 9.382858858232430155e-01
1.099232049260404853e+00 9.605244263680375871e-01
7.878918279571826000e-01 9.308242294142111684e-01
1.011451409092620546e+00 9.793583362723315977e-01
8.689355768367414967e-01 8.538396152851949195e-01
9.739976625835525814e-01 9.749506256132006721e-01
1.074343487697337007e+00 9.942305017688093383e-01
9.954798814956762332e-01 1.036163375783487606e+00
1.014769396244159294e+00 1.020205331967907414e+00
1.061586228515828401e+00 9.662118525540140945e-01
9.399683218405358032e-01 8.478153664656703503e-01
9.167716037551083552e-01 9.875606637525019549e-01
1.085340407726087086e+00 8.789274670627834629e-01
8.734693454521411660e-01 1.085068098821749594e+00
1.010321825902702697e+00 1.079294916003289861e+00
9.842476259176089481e-01 9.903857944865367413e-01
9.920940824022577154e-01 9.939877651825813620e-01
9.904749256651563805e-01 1.074462107820943757e+00
1.169341459410548456e+00 1.290484617755115915e+00
1.016954794051467603e+00 9.247298839788393732e-01
1.041386870804679843e+00 9.168260722584122835e-01
9.638283838474895893e-01 9.965247032644690695e-01
1.010934641028473191e+00 1.064627705180702932e+00
1.007244399272441360e+00 1.016916233267247227e+00
1.128054438222356737e+00 9.842243005924878885e-01
9.818798403154929133e-01 9.777817808055230264e-01
1.167761499595058483e+00 1.022405139557051923e+00
9.746413226141034114e-01 9.446085758368403251e-01
9.319981062449258502e-01 9.365684360778148143e-01
9.543349844362293277e-01 9.702191712535593870e-01
9.957186824646026002e-01 9.203869481965434307e-01
9.442278734741487156e-01 9.863373535861061914e-01
1.011420851953167999e+00 9.869771838024605781e-01
1.095067805340731004e+00 1.047345864271974403e+00
9.494805617360351224e-01 1.135511824660032865e+00
9.609527705809287612e-01 8.825644769978591153e-01
9.979554819701488277e-01 9.909420264665008693e-01
1.091322143506946452e+00 9.124284317088316998e-01
9.737646816822874696e-01 1.032905313468101882e+00
1.125327511582854934e+00 9.477408613630308176e-01
1.012208897258167539e+00 9.576127255044237785e-01
1.087008723881688566e+00 8.730059313373583763e-01
9.532046963175427878e-01 1.326413743006509494e+00
9.978320648561174178e-01 9.421580229738221179e-01
1.038649728317373677e+00 9.875602662233315954e-01
1.110775558576434063e+00 8.144960614479661576e-01
9.536379822768339398e-01 9.768843597992187266e-01
1.020342319616696525e+00 9.894662625482943952e-01
1.038886202014538407e+00 1.165546027570472543e+00
9.063022328462736477e-01 1.063116097815572925e+00
1.215254543784001218e+00 9.867980006283586514e-01
9.572680099061359194e-01 9.587875052950315391e-01
9.259158592069095528e-01 1.005657690499836887e+00
8.977826843163344561e-01 9.464283237574773189e-01
9.976642304814959950e-01 8.505904240972146368e-01
9.997153015092999917e-01 8.812585760315556627e-01
1.050856357566411381e+00 9.258955888260010925e-01
1.011013799590276596e+00 9.732854384725838637e-01
9.803317809418660156e-01 9.848918041235511511e-01
1.072763808079411074e+00 9.526800180939438700e-01
9.768318071169599381e-01 8.937794779220122887e-01
9.886534084186965332e-01 9.621470149285213935e-01
1.084415192387662819e+00 9.224321379829478751e-01
9.661259336963725630e-01 7.853426062875705771e-01
9.940724054838872004e-01 8.639872154160035400e-01
1.050810143404259378e+00 1.043288768852540960e+00
8.825468603974777615e-01 1.039697509835162847e+00
9.794280716540753051e-01 1.117418905589607103e+00
9.456821246921530699e-01 9.397976924146934641e-01
9.700153993060863789e-01 1.144430272976291851e+00
9.922365858645555425e-01 9.806082370320057251e-01
9.042305430748299733e-01 8.810690673636176751e-01
1.109623351012730685e+00 1.054682830487311263e+00
1.094391379390514230e+00 1.093391377134362408e+00
1.079079216849500256e+00 1.015413013448092761e+00
9.892601183493917594e-01 1.047039309316866840e+00
1.011914263855526075e+00 9.384602625718702074e-01
1.007948858491315880e+00 8.219630746756849682e-01
9.678426079217908873e-01 1.037838656138748483e+00
9.719578861854780705e-01 1.166344556023893198e+00
1.067508041935320673e+00 8.137485761326171962e-01
1.072156945395742689e+00 9.623568536199835766e-01
1.035247185614910581e+00 1.100773635142619389e+00
1.011134740604082927e+00 9.536881464711729484e-01
1.160704608001238203e+00 9.773960163563314429e-01
1.205021476740982145e+00 1.097298003395987376e+00
1.125446195261567750e+00 9.769856853072075298e-01
1.044033315852627153e+00 1.002308618146390717e+00
1.014529109334157964e+00 8.930540566091899057e-01
9.595145776022266926e-01 9.017582593785976597e-01
1.007178088635264590e+00 1.007238430691899334e+00
9.907737454504289554e-01 9.332710942806876631e-01
9.913670681026387488e-01 9.879417220931651089e-01
1.061075079638610363e+00 1.156526265527665798e+00
1.048164997463970405e+00 8.518802539501284521e-01
8.485685203418795730e-01 9.499114989055248426e-01
9.315826387653570739e-01 9.971518571232539374e-01
1.004949805533090323e+00 9.654662211032328800e-01
1.077266353288041101e+00 1.134394067341209622e+00
1.001039663085857123e+00 1.036394934895993547e+00
9.672462287662878522e-01 1.044238412468307287e+00
9.980330987362010520e-01 9.619252298626876918e-01
1.119996353384601795e+00 9.999300252409324408e-01
9.186112099171128698e-01 9.722442600053051720e-01
1.083907287470964764e+00 1.078253811672132079e+00
1.011076597388544274e+00 8.887315952605800984e-01
1.022672564147871110e+00 9.165839221028342365e-01
1.103861171168987187e+00 8.600889517284873165e-01
1.053948920177596227e+00 9.178401317795337189e-01
9.804141427757369076e-01 1.076901429683901679e+00
9.440343047981537561e-01 9.711004894161650025e-01
1.011738409320862564e+00 1.057119588201160809e+00
9.528200519732854534e-01 8.918565783961426297e-01
1.011776216244486326e+00 9.454760942346512875e-01
1.030268011929523331e+00 1.224174415892709700e+00
8.748564790605541930e-01 1.105922283605631273e+00
1.223500256849186174e+00 1.035081250581390222e+00
1.002152245513129536e+00 8.677885301032398635e-01
1.040009820750634306e+00 9.369038752548475291e-01
1.127498861260703533e+00 8.769872980909809712e-01
1.120537665746539124e+00 1.064418264391391311e+00
1.009481465487377161e+00 1.067288239811293948e+00
9.854172489216864728e-01 1.027664777737657520e+00
9.873008768015725245e-01 9.452318115528954845e-01
1.037482931959057719e+00 1.101920808150093523e+00
9.764129954027011005e-01 9.629816590389854714e-01
9.200217257546436933e-01 9.814899744394395276e-01
8.823977085682551680e-01 1.029323288371787548e+00
9.095357547072864257e-01 1.100907436517025495e+00
9.981224795270615679e-01 8.701852375597531886e-01
9.485473848589791590e-01 1.053712255885294047e+00
1.024239255813103933e+00 1.110632319070232743e+00
9.951546278027321168e-01 8.877796728023693573e-01
1.040544149576223543e+00 1.003159659200476561e+00
9.324587407018247731e-01 8.950408792949007264e-01
9.364463926429591467e-01 9.092627542474959190e-01
9.679841970898981351e-01 1.285416490469037720e+00
9.619594677534401006e-01 9.423186830340666287e-01
1.095323686789229534e+00 1.002840951557776750e+00
1.044029715505283118e+00 1.013371591405119121e+00
9.506747715822300160e-01 9.927217768616095617e-01
9.014889877971634657e-01 8.657472728637204407e-01
9.309067749130216507e-01 1.010177179706595707e+00
9.316496079405215403e-01 9.515847665439880476e-01
9.527062239583315995e-01 1.059085147616448008e+00
1.012120283259175801e+00 9.415520897994573701e-01
9.512188718265883747e-01 9.565509093750291791e-01
1.162347964737279193e+00 1.108340458778046544e+00
1.069665200202895905e+00 9.543491410157266541e-01
8.461467790346675066e-01 1.022673812898681645e+00
1.110568518746601230e+00 9.437490323666795078e-01
8.905990444134997963e-01 8.916778778453725574e-01
1.099202208847542606e+00 1.059641405772777656e+00
7.732533624616789725e-01 9.831520121142823809e-01
9.924092199973518769e-01 9.061267271533232082e-01
1.002649685285711634e+00 9.742874139846701143e-01
1.011632030215543265e+00 1.136068824264969246e+00
9.597458263963429825e-01 9.639651403897353532e-01
1.011466456438409267e+00 9.139473684760293093e-01
9.616862147704557939e-01 9.963677796094342343e-01
1.097226892506424356e+00 1.061788827076461050e+00
9.696782039034935741e-01 9.616938901860412336e-01
9.118632541236038058e-01 1.072689450620885498e+00
9.303397248938982678e-01 1.008728855896549925e+00
9.972056341789601319e-01 9.885571838775424336e-01
9.447346012166212281e-01 9.857679675882397019e-01
9.045606857019000691e-01 9.079979494685156416e-01
1.016327274656998014e+00 9.088346418868165077e-01
9.312799422805189131e-01 1.162686380753399806e+00
1.007168051819524290e+00 8.299161731615491977e-01
9.061863059113000052e-01 1.191704118766413023e+00
1.011518286764731656e+00 9.876173295907729743e-01
1.016279676128343690e+00 8.981503914507183994e-01
1.032176116735641802e+00 9.828160109329076022e-01
1.107419805473049745e+00 9.437226125291107159e-01
9.859226837989215619e-01 1.084546269474633284e+00
9.089920669739389725e-01 1.027116281585568558e+00
9.147542365087421024e-01 1.026298302906209603e+00
8.395002621036029566e-01 1.227044699617002799e+00
9.914879211459897146e-01 8.797421158950503584e-01
1.022004512859678638e+00 9.233998100699650768e-01
9.655739663787625826e-01 9.640161535620054289e-01
1.274895776229931998e+00 1.054337500992881482e+00
8.951087611576803438e-01 9.957624783185066164e-01
1.170147575591238276e+00 1.162897884116637304e+00
8.239279193442778926e-01 1.073884336935889472e+00
1.088928702087510691e+00 1.116442894114868967e+00
1.086956862100249666e+00 1.036712328378517789e+00
9.390832982450132427e-01 9.720077138969103192e-01
9.846829593040886675e-01 8.562032502193950290e-01
9.830078003280622312e-01 1.012663292573672047e+00
9.875414864118424729e-01 1.049420569331891873e+00
1.035411848535027213e+00 9.181034022491552093e-01
9.849301401281578272e-01 9.455958922448529647e-01
9.816043025680515344e-01 9.201419978025823232e-01
1.036639234919866093e+00 9.235933110717701178e-01
9.988449198893794012e-01 8.319809671061900724e-01
1.039311979600839653e+00 1.017447992790016187e+00
1.011667243177315934e+00 8.656693890633405664e-01
1.000799364369769462e+00 9.875514360847353901e-01
9.016978021856572045e-01 1.071583915244026297e+00
1.129076592214883989e+00 1.019113566004949734e+00
9.162342972270165475e-01 8.874467697738558369e-01
9.097009551850239184e-01 8.833958145400225836e-01
1.160899467407338292e+00 1.004635555318382334e+00
1.206429143069860821e+00 1.024031582965859277e+00
1.019188113040780053e+00 1.115943480526230491e+00
1.022367620162818236e+00 9.751307316677565451e-01
1.003711157208715621e+00 9.417632027675084672e-01
1.091364610124862633e+00 9.092613744857527269e-01
1.059291429855218514e+00 8.697401875337321675e-01
1.121665889729597687e+00 1.120083797966939354e+00
1.183388163150298045e+00 1.118950426623914751e+00
9.273415200300333394e-01 1.024226425308481181e+00
1.099345386473636443e+00 9.204702722785738089e-01
1.010601357258014144e+00 9.177388391364257325e-01
9.919833706605318824e-01 8.387504136908376928e-01
9.487314776559946372e-01 9.630717592550152029e-01
8.953953466228081748e-01 9.635360752606306756e-01
9.552605952517672083e-01 1.030705261064085443e+00
1.005294884734487582e+00 8.521347781920022291e-01
9.940557149805946402e-01 7.935453603136262135e-01
1.104487986069998984e+00 1.043791434442296939e+00
9.094009832654192937e-01 1.071710234677200724e+00
1.084233758458925445e+00 8.902792095882778867e-01
9.926551786889865614e-01 9.721900336597113501e-01
1.005750817148227005e+00 8.921410741312705284e-01
1.024836022647089395e+00 9.063505351825336120e-01
9.861610235548252668e-01 1.042146079124136371e+00
1.018045064056188442e+00 1.140930606017847015e+00
9.858695568430526635e-01 9.875606795648794733e-01
9.428139359105188744e-01 1.036165166967047080e+00
1.055441898717644378e+00 1.029066019314192948e+00
1.011048104279854476e+00 8.686799646891042448e-01
9.358932012269933765e-01 1.034148152147546629e+00
1.025652317247897960e+00 8.348083879829936160e-01
1.043339918871588612e+00 1.019379989136792286e+00
1.223232001843219230e+00 1.173071701905366249e+00
9.862707470516791641e-01 1.006059070679364620e+00
1.119360697106713820e+00 1.083670839299672561e+00
1.011257218496967925e+00 8.890127650378002455e-01
1.064665564505562712e+00 9.935871309729870093e-01
9.679188060376213709e-01 9.339982710257203058e-01
9.527296839147707530e-01 1.011976426559537012e+00
1.062083940553987915e+00 9.747627341077739205e-01
9.826414560111726981e-01 9.377205893089884947e-01
8.838920003816720383e-01 9.923163860184454066e-01
9.015141475673390525e-01 9.875959568860721571e-01
8.465710804774669862e-01 9.812279457729146115e-01
1.034183788381567215e+00 1.194215133249032057e+00
9.586848527474962633e-01 9.102420364081685866e-01
8.740297674041165310e-01 9.510577780221347588e-01
1.012175521732115335e+00 9.709302215514398204e-01
1.060077926778010049e+00 1.074817954958560140e+00
1.088000874816527297e+00 1.004101762322062275e+00
8.816343979209148030e-01 1.092690424184963982e+00
1.036948568202617160e+00 1.095033900197100563e+00
9.998192427320581332e-01 8.601148586641773619e-01
1.120902968934513133e+00 1.009312384772492965e+00
1.035875562868437516e+00 8.970742125413689871e-01
7.848767133228564674e-01 8.874541108816973445e-01
9.379280626954695776e-01 1.048631784348938778e+00
1.012665268203489122e+00 9.077598328427359808e-01
8.485106529205523884e-01 1.018260719007666459e+00
1.048538241950145222e+00 1.045633331946587363e+00
1.012551645137025558e+00 9.995129795134423123e-01
9.871423489047704836e-01 9.936881540300568361e-01
1.012187173752806979e+00 9.186779619199272329e-01
8.086123604371818763e-01 1.047104485076407965e+00
1.002294336286747356e+00 1.066537380479298358e+00
1.004725953230884095e+00 1.054857156748484126e+00
9.746889505590375924e-01 9.381081236824718728e-01
7.836402416346903710e-01 9.318612987285255223e-01
9.929861012003685650e-01 9.146075189063812561e-01
9.656973518587890215e-01 9.635137249168985729e-01
1.159079334656575755e+00 1.009928776666920047e+00
9.726154807988072193e-01 9.354784817340968672e-01
1.012902271371272755e+00 8.940249287743026185e-01
9.543279802060855577e-01 8.882256583335348399e-01
9.161019737534668028e-01 9.847716425733585854e-01
1.009733842255807978e+00 1.074636643649891754e+00
1.018573037474388432e+00 9.301180743734382972e-01
1.025672734249775786e+00 9.042450569191710086e-01
8.092959935325656495e-01 1.078004218066712205e+00
9.830954390715960223e-01 7.685188176190237419e-01
1.161116028253546428e+00 1.008445025006302176e+00
9.249905564368386957e-01 1.073922181211680149e+00
1.025430779796232095e+00 1.015139891891569279e+00
1.058966913413315059e+00 9.120011676092948383e-01
1.033606227244079134e+00 9.164912877195520169e-01
1.161984513506612471e+00 1.110731653749762904e+00
1.012248145344933903e+00 9.287848465340372561e-01
1.132789480628677570e+00 1.003944072873851789e+00
1.011979960930684541e+00 9.324954140211493270e-01
9.264592732229260941e-01 1.015647938524973926e+00
9.957634371701867826e-01 9.474197327867379670e-01
9.263289246508454866e-01 9.907210213895707440e-01
8.059755997858119025e-01 9.900005564269187541e-01
9.281587206302318593e-01 1.122921242506372597e+00
9.777282590085444314e-01 8.941085325482921453e-01
1.059060043603405887e+00 9.846612616249336147e-01
9.947791964717540569e-01 9.523335881707748474e-01
9.392947846258463684e-01 9.917619838896090112e-01
9.288942639851086591e-01 9.280040377866141110e-01
9.939669599176972348e-01 8.954157201266491617e-01
1.060924510847139013e+00 7.939183663339739461e-01
1.017500922863912249e+00 1.014585956090661378e+00
9.667057315409427476e-01 1.063463034888676439e+00
8.886331403834299980e-01 9.274830321273446199e-01
9.129588563971435811e-01 9.853166490273704836e-01
9.991193042227427545e-01 9.571179149485289361e-01
9.535557219210930580e-01 8.848337846563282261e-01
1.039944152566857793e+00 1.066378434787968565e+00
1.048562919965666529e+00 1.183668178989051967e+00
1.034884739516400254e+00 9.965168068702979776e-01
9.684531231142651242e-01 9.034230131715168532e-01
1.132060289692047528e+00 1.050546699641995652e+00
8.619810454735719052e-01 9.699738479339060637e-01
9.818561389629228975e-01 8.608702073405960498e-01
9.825605846694440704e-01 8.834208834978377611e-01
1.021882934579342317e+00 9.903109432458065964e-01
9.195088971375809939e-01 9.854585446053699682e-01
1.003057386298250142e+00 8.604176030579702150e-01
8.856430426881655160e-01 1.003398465749392621e+00
9.046920025863615100e-01 9.147587111370617530e-01
8.109967274969027695e-01 1.072393418280572330e+00
1.149819692487012768e+00 1.014757953669589430e+00
1.139633384738764299e+00 1.058564098261491671e+00
1.011604617419267882e+00 9.069802874550896288e-01
9.223467495259127791e-01 8.784614444721244864e-01
1.037964166350599404e+00 9.774044758361039031e-01
9.568669076060823953e-01 9.477138814414899359e-01
9.790826610028672272e-01 1.096974233374004903e+00
8.518332377457821236e-01 8.004270433589422140e-01
8.154660525544715766e-01 9.630377675176411412e-01
9.330339253457713422e-01 1.117919919247903904e+00
1.042278254254884740e+00 1.107047247842388504e+00
1.008798018285977482e+00 1.045777452781637029e+00
1.186574324563595573e+00 1.053386570736686734e+00
8.901996746544885708e-01 9.612618419922466240e-01
1.039164980159656748e+00 9.501273105607439540e-01
1.143648226223501485e+00 1.071666944534019006e+00
1.011139780521889797e+00 8.924424966883494070e-01
9.947311326015512156e-01 9.537732122521745959e-01
9.446787570597731110e-01 9.355131872882599398e-01
9.606749211796080656e-01 1.187701111407227339e+00
1.011529944328254826e+00 9.448785831821014947e-01
1.009216037481657668e+00 9.738831720424628857e-01
8.742435154237864214e-01 1.063577417995224206e+00
1.012340026783913549e+00 9.893975547963359540e-01
1.086407601813736301e+00 9.103098076567442964e-01
9.755577129018752069e-01 8.620417474124444368e-01
1.034169405439633760e+00 8.599302477459831451e-01
1.108215627494121724e+00 1.027601995409214819e+00
9.326847596209926206e-01 8.796962802844896512e-01
1.046128396257411719e+00 9.429373112878115526e-01
9.892125691380130315e-01 1.053550790972822782e+00
1.011556256584693392e+00 8.941416669528009509e-01
1.115613435557939237e+00 9.073207625150981892e-01
9.878193223146870539e-01 8.759230026088148380e-01
9.163042695843799379e-01 8.050751277135811401e-01
1.077521886666580109e+00 1.046268736247335074e+00
1.120589721786344750e+00 9.386808720777191084e-01
9.219752007547595829e-01 8.397679690792185792e-01
1.057675944437097559e+00 9.373720456883474217e-01
1.043424426109483383e+00 9.667421701193416039e-01
9.265300021833683397e-01 9.291500540169238542e-01
9.960848036183371779e-01 8.943159951580699207e-01
1.108034536686848703e+00 9.564697285921583969e-01
1.198849799213161260e+00 1.007547499427355220e+00
1.027937914581863676e+00 9.302892037638801348e-01
1.051513379749325461e+00 9.115277312101708329e-01
1.171432237538970744e+00 8.930046480598013980e-01
8.028607615018846788e-01 9.969929449072301164e-01
1.026164979360766560e+00 9.976354588010131197e-01
9.590160575978330382e-01 8.023176841572434714e-01
1.052120493591395034e+00 8.897227380417793707e-01
9.980336569109167222e-01 9.467623224742995891e-01
1.141687524907430085e+00 1.104834217025810528e+00
1.017458018297035638e+00 1.089052290941357803e+00
1.140749098738463863e+00 1.369526683775804443e+00
8.204554915174404606e-01 1.139952501455865796e+00
1.062555549695344270e+00 8.820024801458543617e-01
1.043261646140534848e+00 9.804516532751167412e-01
9.456516067579251450e-01 9.237737256340302627e-01
9.819983746583844653e-01 1.087785406460937354e+00
9.136679887741718797e-01 9.523053846835598524e-01
1.071085124305255487e+00 9.943732943478982289e-01
8.537605568589372584e-01 9.098209351088768493e-01
1.048754930084861980e+00 1.000254122324643946e+00
1.027182577502821603e+00 9.306605652733267453e-01
1.068194329648463503e+00 9.777143803673851163e-01
1.069630565608735484e+00 1.118729865529761947e+00
8.851297204026364884e-01 1.054834492674036506e+00
9.714380418840172782e-01 8.785573371715662550e-01
1.009820299903466445e+00 9.978887410772631084e-01
1.053646973183393731e+00 9.573149485982743734e-01
1.150410828212935277e+00 1.003686108555088552e+00
9.700181184762424191e-01 9.821471288822974932e-01
1.098402826350609374e+00 1.022522050198312105e+00
1.037653588547007955e+00 8.398983878000315650e-01
1.001851045326076051e+00 8.369504122635809118e-01
9.135783382308957368e-01 8.441243229301614859e-01
9.981826080627302922e-01 8.915577735399050630e-01
1.008133736139493308e+00 1.004705168371757829e+00
1.042781959799772062e+00 9.993880024395330741e-01
1.033634255780173650e+00 8.861428059706254468e-01
1.073077161058744622e+00 1.045589274256491841e+00
9.400733638633756994e-01 1.091122400751330490e+00
9.160336601347449648e-01 1.126127135145823077e+00
9.977330440792345767e-01 9.112462082600729651e-01
9.271842378443613253e-01 1.021950230598161813e+00
9.891473256647920209e-01 9.827103252545504875e-01
1.130424248373312235e+00 9.442320805623770630e-01
1.078897654467207534e+00 9.261682167746045913e-01
1.205847216198584038e+00 9.696996954122226731e-01
1.076054051072724116e+00 1.030264197263468295e+00
9.374475773496415698e-01 1.086310890863228407e+00
9.958018067432726772e-01 9.304900540139683374e-01
1.071069847173669043e+00 1.132866165503616962e+00
1.027659691929114327e+00 9.594273602559959535e-01
1.076798138452484954e+00 9.182299366872137547e-01
1.028744729576609007e+00 9.669339684428235326e-01
1.002327342787309838e+00 9.899045628505241945e-01
1.035678640225460301e+00 9.888538703465928892e-01
9.792630467562969399e-01 1.062724334681290461e+00
1.080249457569266047e+00 9.073494540203482783e-01
9.979919680579791841e-01 8.568056324742152619e-01
9.765004076466220484e-01 1.062432445281302096e+00
1.012109974216291119e+00 1.035489739184336289e+00
1.046815031701810561e+00 8.972854011356216075e-01
1.023984950342447853e+00 8.811901413182001708e-01
8.792202636352610678e-01 1.139020480975343919e+00
9.357039535999721602e-01 9.336964150322055733e-01
1.080268158856597660e+00 8.707612792280503555e-01
1.030983713409436175e+00 7.710268439103288296e-01
1.014420164341433450e+00 8.735307704950001639e-01
1.148429188261235190e+00 1.099576650012613621e+00
1.039154818725979368e+00 9.032541869875015950e-01
9.122696878723047798e-01 1.014456182586218391e+00
1.002524559497820711e+00 9.333340218107771813e-01
1.063422752420689843e+00 1.138848940606347337e+00
1.093087837106224924e+00 1.080446566263338903e+00
8.561558831952266191e-01 1.037758036967691533e+00
1.011477815056638141e+00 9.528274397168802201e-01
1.070565481397987684e+00 1.035565110266146061e+00
1.025355694733085299e+00 9.332875717656720083e-01
1.171035643566090911e+00 1.038438650746543068e+00
1.099041003119482607e+00 9.823590477519392739e-01
1.124293248064981654e+00 9.200011431809842488e-01
9.720596808657865351e-01 9.888791549185128593e-01
1.134957691071979635e+00 1.038589517953242947e+00
8.543380008275980320e-01 9.444154035392620106e-01
9.728992739967330383e-01 9.808519820913235154e-01
9.428120074666680450e-01 1.134172437642759546e+00
1.011667179526038129e+00 7.743668100217472317e-01
1.019973958604584618e+00 1.029389972126944830e+00
9.076570345632158920e-01 1.030495124630687487e+00
9.943340867572512121e-01 8.956386971748189207e-01
1.023642891498430574e+00 9.875608703896719964e-01
1.020923104669391401e+00 1.069926565181403832e+00
1.075266922661990199e+00 9.797049670258651810e-01
1.019008943001429968e+00 1.007199467595481401e+00
1.011111843788467191e+00 8.686022860978326321e-01
9.555898507811574349e-01 9.602881087799080007e-01
1.066890187659455869e+00 1.127967879147285801e+00
9.693347029998989894e-01 1.010159811992565881e+00
1.015867639574796977e+00 9.849913798891798411e-01
9.584119711518124252e-01 9.852466497383456367e-01
1.011451551757621692e+00 1.058064436265502950e+00
1.044313384668781985e+00 9.522951959239082109e-01
1.011667100087183746e+00 9.899227328121592562e-01
1.036688610323877713e+00 9.855273115680986962e-01
1.011433253226263762e+00 1.133458708931804448e+00
9.797275941673816435e-01 9.657056633611248442e-01
9.739657497968636779e-01 9.917851858954395139e-01
9.397386286300920544e-01 9.157144436536348575e-01
1.008413018662748906e+00 9.138949527442391529e-01
8.365760212167282495e-01 9.650160081281170532e-01
1.007369001991306856e+00 9.529322492138695422e-01
9.592102295366868869e-01 9.986322414261589175e-01
1.011435156153716930e+00 1.080495397863969975e+00
9.213224382177054306e-01 9.408534997403256162e-01
1.008840809028618057e+00 8.725469929457365659e-01
1.062081611893205491e+00 9.593728811026711600e-01
9.444035317468038038e-01 1.111966892886582903e+00
9.739210917391946110e-01 9.280703449323827181e-01
1.002456871087092471e+00 9.630261190512187097e-01
9.241440766097180903e-01 9.762627197056696904e-01
9.234166214462237177e-01 9.322306784682712344e-01
8.948592636297701963e-01 8.512733608988837242e-01
8.638535513635366980e-01 9.584356962881876996e-01
1.163405700161729728e+00 1.050699223679150585e+00
1.088120310163059212e+00 1.005084744532626972e+00
1.011331178634218286e+00 1.059810318009764440e+00
1.028264912389549091e+00 9.295337928528586424e-01
1.020199402970274560e+00 1.002248655036251490e+00
1.013973851403611182e+00 9.915484009472087523e-01
8.433225104172771269e-01 9.757925624883522220e-01
1.058138415300333257e+00 1.020971437678521943e+00
1.007787409941506729e+00 9.875599476028533719e-01
1.010247551576573199e+00 9.833636759515237413e-01
9.124336224600902989e-01 9.852715564117362490e-01
9.012637087297331595e-01 9.313753781038491830e-01
9.451457794052416927e-01 9.922310207507669677e-01
1.011535266801236066e+00 9.426162520853992310e-01
1.133938167868527191e+00 1.001595873189413677e+00
1.027368234739508557e+00 9.869955921391565523e-01
8.050376399707028785e-01 9.374461564246956424e-01
9.070121365413938985e-01 1.109898265840706388e+00
9.839286372642416234e-01 9.604390569971410496e-01
1.025310029106896392e+00 1.032985152687470043e+00
9.567178139461014474e-01 1.001350608804812747e+00
1.055346857159383589e+00 7.578173143705899673e-01
7.968684843275319896e-01 1.077829880904954019e+00
1.121393095552382313e+00 1.129055823809447689e+00
9.246856723953252866e-01 1.048281302226335976e+00
9.879852143649053842e-01 9.106898256404384329e-01
1.012319210432353289e+00 1.230904315250505254e+00
1.194679667463975914e+00 1.083995670554836810e+00
9.573994963223777521e-01 1.129322444901875055e+00
9.968978198534509394e-01 1.053683436320347555e+00
1.098981880443169690e+00 1.040695659056847244e+00
1.007414174945970409e+00 8.375636044471123087e-01
1.064565193574219304e+00 8.629167790470216870e-01
9.058842854773300202e-01 1.057508457057088069e+00
1.023143414069948465e+00 8.648706382808857285e-01
9.131708303043714059e-01 9.289639712062479626e-01
1.011623849808848119e+00 1.007316269238588857e+00
9.843054033134185365e-01 1.008785864967461920e+00
1.012287082100762126e+00 7.734167594742938912e-01
1.021915181637084391e+00 8.778361559208344156e-01
1.048312369009553935e+00 9.819774385413719830e-01
1.062165618420559676e+00 8.417103447661135052e-01
9.569810378310695809e-01 1.155631049157044288e+00
1.036317401525534310e+00 9.768398510548508273e-01
9.655970786902621228e-01 9.149754913748242569e-01
9.759144460254953746e-01 9.413671936419603092e-01
1.094342237375430349e+00 1.111278531427712490e+00
1.010316104682389193e+00 1.078340816559475446e+00
9.237137870883852520e-01 1.072110109667010258e+00
9.316984594834422095e-01 9.646286152846205164e-01
9.804090185893127307e-01 9.725036161502060850e-01
8.972068976234025550e-01 1.039022309131075295e+00
1.008062987150986745e+00 9.830977286328984599e-01
8.926985319932829732e-01 1.078163467234357853e+00
1.084396090893474440e+00 9.441488315539559029e-01
1.170536098536870906e+00 1.101598738691561330e+00
9.358234960025810789e-01 9.706309970875732773e-01
9.103951705337862688e-01 1.087281068654779359e+00
1.009452550361168877e+00 8.653648204366638508e-01
1.042160683388073661e+00 8.738543150970971007e-01
9.824918063876038055e-01 8.637181271721953157e-01
8.803989759347766730e-01 1.041678930817890425e+00
1.056314493882489769e+00 1.027028968323948188e+00
1.055340071047364159e+00 9.727937827331798459e-01
9.807631558269462868e-01 1.013997396229933567e+00
9.939137807874205421e-01 8.370446435802911811e-01
1.101301536361152689e+00 9.875606837758043044e-01
1.035612835638343610e+00 1.029903002286916891e+00
9.466249067089033131e-01 9.266030320726845737e-01
9.758053566463759099e-01 9.875606551683460133e-01
9.559852899042327046e-01 9.897645546809439310e-01
1.076551442605157005e+00 8.338770509955444332e-01
1.183364266310275692e+00 1.001268346854788494e+00
9.684557752107605388e-01 1.006749963753199806e+00
9.469962271951138932e-01 9.806334176565911775e-01
9.250795884230920141e-01 9.485933168699256512e-01
1.007720249257498812e+00 9.743472914967300502e-01
1.008975223364903639e+00 7.513901801952043158e-01
9.791021504368202510e-01 1.072953249871745118e+00
9.263959263818617451e-01 1.000079915485771354e+00
1.036375703742186127e+00 8.051085827576031084e-01
1.022739149629507738e+00 8.017252793384651577e-01
9.832825198362996622e-01 9.619056284874455409e-01
9.889668245495230048e-01 9.521732848872060950e-01
1.009646824180976843e+00 9.113855574758725764e-01
1.157373621089772930e+00 9.905629641673772134e-01
7.821716767742096232e-01 9.059901749069655397e-01
8.116468853342905243e-01 9.839628779510107837e-01
1.051714237433825083e+00 9.252746779593706838e-01
1.016654950265898139e+00 9.901347789506541597e-01
1.017602865447084337e+00 9.251290247075992790e-01
9.886290675810139872e-01 9.498288148942757303e-01
1.061344693245473536e+00 9.791479777470747381e-01
1.057727813802541661e+00 9.961170182590226574e-01
1.173205162214925323e+00 1.147164324460724361e+00
1.003962393846249856e+00 1.022215976340515642e+00
9.688969924416548363e-01 9.487703595575324167e-01
1.001002153486652446e+00 9.611369223564825148e-01
1.123019351434367374e+00 9.926592550230968204e-01
9.410737842944663090e-01 9.718378222182573190e-01
9.460497010784663097e-01 9.317834671246097988e-01
1.100661120831176065e+00 9.041748153169347768e-01
9.819322820425018250e-01 9.848644893015775503e-01
1.098957021991990857e+00 1.152244003266543970e+00
1.128862100376241795e+00 9.753037966198896402e-01
1.027827152664872568e+00 9.463664262275290895e-01
1.011445990078029933e+00 9.535762321276619602e-01
9.487004754829968523e-01 9.625042188822799938e-01
9.256148243006315779e-01 9.982814336087365570e-01
9.842697243864533263e-01 9.875466175531653068e-01
1.156068509204521533e+00 1.007075762338627944e+00
1.031123011685044055e+00 9.142819033774782778e-01
1.060163253764468738e+00 1.060024046107747919e+00
9.974957908298504039e-01 1.197188405348965423e+00
9.704808613338834489e-01 1.057740196502608532e+00
1.011517383629402245e+00 9.849915980013940198e-01
8.861529234661634780e-01 1.030982136975941543e+00
1.034708196403975045e+00 8.191227301423421592e-01
1.093199935650069454e+00 1.049065195728662303e+00
1.056723070908728968e+00 9.798997332490674284e-01
9.675336039224096130e-01 9.056233494759244884e-01
1.012799273196368643e+00 9.434648104970804194e-01
8.596559664323684125e-01 1.027165854870440542e+00
1.129366020797939685e+00 1.002684821548205374e+00
9.768174065237823500e-01 9.138979648809590906e-01
8.492625653169590949e-01 1.018438587675664975e+00
9.908738713836602319e-01 9.235159007398818787e-01
1.094647750207221160e+00 8.880642576124471166e-01
9.454075399267443114e-01 9.757624190238692874e-01
1.057612784416829044e+00 1.053368263781172987e+00
1.012222014394230429e+00 7.406856635612960593e-01
1.010456048456302547e+00 9.336949749264661369e-01
1.033447889044733836e+00 8.791260515385338481e-01
1.007532676726139442e+00 8.750348055599588282e-01
8.896550183445145477e-01 9.875505928114317600e-01
9.567835574337082427e-01 1.068269000712928740e+00
8.591756779113062237e-01 1.029012393222648036e+00
9.963062789639937078e-01 9.520840668565417886e-01
1.030833865856850551e+00 1.060633436458891188e+00
1.021523694004254024e+00 9.181744529069151284e-01
1.050492828056930783e+00 1.215609461817814152e+00
9.555338650025567704e-01 9.623364858142676725e-01
1.109988858299035375e+00 1.043511265380067776e+00
9.807802732980139826e-01 9.890410903977308044e-01
9.877626007780438977e-01 1.056180741863863792e+00
1.005894204982471951e+00 9.050780535766511647e-01
9.159021600693686427e-01 9.112055548325147525e-01
7.576862880091033148e-01 9.876881530954675359e-01
9.318693461740409356e-01 9.456728403642520320e-01
1.042502375971914308e+00 8.470178650250883567e-01
9.487046184505691926e-01 9.208370179103210207e-01
1.041008856091026669e+00 8.624159805468735174e-01
9.925778495143340319e-01 9.566668126972774910e-01
1.081046689936007166e+00 8.179106331221220882e-01
1.129065932146048112e+00 1.091829388997064054e+00
9.644921214264405851e-01 1.120237858061378766e+00
9.441702300113637980e-01 8.007279629550726474e-01
9.247446531049915430e-01 9.133579274664795911e-01
1.021256039981114583e+00 1.044702684587067054e+00
1.010693497312138867e+00 1.023050539265268455e+00
1.054811769994005610e+00 1.076573131780284465e+00
1.011667259853806122e+00 9.490317904721800035e-01
9.952369265564691148e-01 1.039309573960762068e+00
9.213987151307906354e-01 8.621618890989113382e-01
1.003112219712503750e+00 9.845524996575945043e-01
9.528460234241661331e-01 1.156905818994703905e+00
1.005224197005968101e+00 1.039288731187244963e+00
1.132156220239872946e+00 9.756469465661323781e-01
1.016799161951240871e+00 7.893461168624253954e-01
8.916862993615397581e-01 9.712750758871679935e-01
8.654238553132798106e-01 9.602468425852176415e-01
1.086820678926625039e+00 1.100540574350079126e+00
9.674012992750019579e-01 9.937806055686467799e-01
1.031149355965945924e+00 8.696349898876875040e-01
9.833303627811125214e-01 9.852966752918290716e-01
1.033531709399959198e+00 1.078239906451978092e+00
1.053435260815104746e+00 9.982729113935180365e-01
9.521464798525394180e-01 1.121570539032702429e+00
1.011922624791338654e+00 9.869670921838862299e-01
9.403024580170328273e-01 1.086562653518139632e+00
1.011730564082074624e+00 1.114563614507390499e+00
1.007845470898401707e+00 7.786799400467386834e-01
9.551061599518380074e-01 9.848411661390589211e-01
9.398803044044764521e-01 9.525598895228905016e-01
1.004854164956686224e+00 1.046651457980912303e+00
9.868345796637906231e-01 9.056543371583709590e-01
1.011318141376147395e+00 8.939883888458309835e-01
1.100410702102984306e+00 1.073231101373133045e+00
9.712593247129872598e-01 9.868757446990138460e-01
1.023622237522905376e+00 9.380181224810214546e-01
8.792260414764038190e-01 1.039790960843271828e+00
1.021030743354376824e+00 9.621168215323909756e-01
7.659942738338761936e-01 9.427963750435137680e-01
8.808852313806282419e-01 1.080125289073988970e+00
9.881450479332224424e-01 1.020956766978686092e+00
9.778313375095948334e-01 1.148770779740340808e+00
1.009612206619402208e+00 1.173563176629780491e+00
9.913190976441633717e-01 9.562745731171548025e-01
1.068842407253667304e+00 9.791510840367794177e-01
1.116036180730499483e+00 9.531332453231493584e-01
9.038885520651647187e-01 1.081700994229078061e+00
1.148025392652484600e+00 9.243850264967935493e-01
1.011309763083384494e+00 1.032821762488651096e+00
1.015579870937377560e+00 8.656320794793821438e-01
1.085931147332310776e+00 1.019155328561555551e+00
1.041353463164776727e+00 1.120076895560516927e+00
1.060731722083709805e+00 8.935555274913765667e-01
9.621128754392213045e-01 9.708329167740814558e-01
9.604507272916866789e-01 1.065650891885002061e+00
1.034764625377976088e+00 1.022781208865958025e+00
1.043409784531453832e+00 1.018093352435883503e+00
1.084484101104949083e+00 9.759988268669888001e-01
1.034700589903354340e+00 8.566688909637034666e-01
1.083014642884274625e+00 9.847608863861156969e-01
9.487259003355790199e-01 9.312563888683353941e-01
1.065760500142959755e+00 9.302249237160973294e-01
9.465571538654490302e-01 9.642962592036337099e-01
1.050189441247190381e+00 9.651121658148428262e-01
9.814005174461185588e-01 9.873273554644592664e-01
9.345231847365713662e-01 9.433585043300793949e-01
1.088809760566421758e+00 7.894377630956066483e-01
1.001097843140233090e+00 1.094349490710940120e+00
9.649003250905658913e-01 9.044050132644559925e-01
1.121320569827552571e+00 1.005073952939682380e+00
1.023537940435590654e+00 1.016855746833486895e+00
9.142108360189658001e-01 1.002660707849168054e+00
1.045085915649830666e+00 1.040953113842581379e+00
1.002464648406020897e+00 9.761526809391467552e-01
9.895204595185432828e-01 9.669226633122938175e-01
1.073799112723299531e+00 8.669317565898216893e-01
1.015953668582007419e+00 9.181777707243563569e-01
9.355721138824873995e-01 1.023101719843297897e+00
1.060075194727736703e+00 1.126696322612304124e+00
9.271132408303024430e-01 8.565402926748864054e-01
8.570434204133795530e-01 1.028426237664907372e+00
1.113202292682527572e+00 1.000717340610463468e+00
9.702873794103386018e-01 9.334480787121257617e-01
1.017555979365923458e+00 9.308013415627522935e-01
9.739860722376151303e-01 9.371424132892627323e-01
9.537185148650351163e-01 9.420502523789187066e-01
1.109809723497115819e+00 1.095692278898837690e+00
1.064065828646267864e+00 1.094011330684902417e+00
1.024995906982210325e+00 1.025153085298548872e+00
9.439930919035274259e-01 9.416749799363141049e-01
9.883051592344014313e-01 8.443698964281883823e-01
9.318998887622028660e-01 1.045541579278921773e+00
1.021001761171942412e+00 1.018755123368610294e+00
1.087592638371383869e+00 9.177087116807788325e-01
9.177032760159760105e-01 9.269425151950420050e-01
1.082672853623989351e+00 1.113225395710162768e+00
1.009512206759736852e+00 1.079062999467871542e+00
1.091387430000883230e+00 9.725476854773541513e-01
1.103582372875167028e+00 1.185544402120020990e+00
1.076823193466192263e+00 1.073908639310626745e+00
8.762979892278475180e-01 1.001768908901685240e+00
1.029762696566909330e+00 9.873093139048809697e-01
9.494514390648723934e-01 9.128840796450796713e-01
1.040487653793283895e+00 9.244605864859634092e-01
8.198089622040968250e-01 1.077119198544931100e+00
9.862637735538853923e-01 8.723790479410805654e-01
9.941095942687875331e-01 9.764906395441945719e-01
1.108482487389522042e+00 9.876371572742973504e-01
1.044127640848156569e+00 1.081643340129208708e+00
1.038935861884294320e+00 9.815989491036101189e-01
9.196599905787947726e-01 1.064069008197874311e+00
1.096327892054462128e+00 9.376957630151497858e-01
9.482857441899632533e-01 1.009677727112901380e+00
1.010273649337897650e+00 9.815043928339346468e-01
9.857732473133397066e-01 7.492295730783350427e-01
8.989112189043276802e-01 9.654656184144355668e-01
9.528170170625599456e-01 8.845360209712151978e-01
9.910062549135812970e-01 1.137056233162950347e+00
9.910890714595848028e-01 1.070368554901835578e+00
9.785734468868314551e-01 1.065302246858189861e+00
1.012084620994433859e+00 9.220549565986995155e-01
9.921983808553420658e-01 9.916389556278649708e-01
1.037840765126095910e+00 1.083422592118619354e+00
1.006237790437204627e+00 1.066478467358411564e+00
1.113817983210891427e+00 1.031070585939602102e+00
1.083142316288014495e+00 9.876253112114454780e-01
9.772023283776258840e-01 1.008674445341888548e+00
1.127882461618987975e+00 9.272124216898814941e-01
1.005677174180516831e+00 8.950755806063159792e-01
9.223962448772915490e-01 1.009691658194509234e+00
9.508782964483888378e-01 1.059015135612708436e+00
9.707564661329710631e-01 9.794622419462317708e-01
1.000891438753705565e+00 1.224691213641164511e+00
9.794529852179801876e-01 7.385522851507230202e-01
1.006790488466110745e+00 8.365839471195961607e-01
1.032419602341430709e+00 9.543985061468522879e-01
9.787628071855170031e-01 1.037488105575560482e+00
1.058729467993575035e+00 1.073993921735714840e+00
9.801869567307617270e-01 9.618525543393495747e-01
9.992932749388516722e-01 9.854612212427168449e-01
9.249703138258025259e-01 1.081866904643005167e+00
1.097311702415935564e+00 1.369526683775804443e+00
9.859868989040674325e-01 8.513682920192112702e-01
1.137914279143885876e+00 1.111704682634636843e+00
9.540143432362840903e-01 1.001853586633338011e+00
1.077851085859746316e+00 1.135576689217071999e+00
9.807665039942710106e-01 9.231721332068812957e-01
9.477114040981280407e-01 9.568820788099987595e-01
1.059258577144018609e+00 9.719774401761221982e-01
1.225139886441735548e+00 9.926139218618142968e-01
9.626121378612609858e-01 1.048543492357517870e+00
1.022994947632136720e+00 9.638171186598061269e-01
1.022243048205152105e+00 9.613127067873359355e-01
1.075107524814991722e+00 1.067562988061744544e+00
1.017867641772886245e+00 9.629755994794086948e-01
1.064030516366557766e+00 1.057556584108929831e+00
9.605098677547756481e-01 9.526575044519497437e-01
9.303714165183119000e-01 9.232275320447339562e-01
8.533173475804886055e-01 1.223978393010241916e+00
9.805759368043326374e-01 1.048673499697522882e+00
1.056445432410746399e+00 9.779646013127489823e-01
8.947592085288740282e-01 9.981603656378489342e-01
1.027739108168542748e+00 1.086617546613169338e+00
9.096686638971258621e-01 9.866690434581438796e-01
9.042693461853842374e-01 8.663137876645936597e-01
9.964648434622522810e-01 9.002172545142208548e-01
1.019324027876812311e+00 1.085706169522615339e+00
9.737733313305466654e-01 9.987390311856785274e-01
1.000310469744889907e+00 9.388753802914748814e-01
9.424905582216913658e-01 9.633721159657386846e-01
1.019354849995570023e+00 9.446894801414471576e-01
9.393626406416946129e-01 1.184996650834322152e+00
1.016328784145335229e+00 9.558580191781227420e-01
1.011667176507378363e+00 9.705513754686633243e-01
1.012658553655867655e+00 8.222220019153816395e-01
1.060726123881732486e+00 1.029908766126198305e+00
1.136648617984414411e+00 9.045752227066269358e-01
8.532700533649666408e-01 1.167535853565117243e+00
9.305241093794119900e-01 8.762016009006837747e-01
9.074254187289970686e-01 9.827576981438287396e-01
1.011172793799947955e+00 9.160787242723869017e-01
9.957625516193342463e-01 1.136988415007274211e+00
9.207890036328346683e-01 9.317319284097673737e-01
1.000969196721595678e+00 1.042775418475652804e+00
1.125698362439594646e+00 9.887566730662409320e-01
9.910696737770938736e-01 1.177486319220883759e+00
8.930318718981273829e-01 1.153759491368227641e+00
8.888306136668178148e-01 1.014867927070612241e+00
9.876312282385241170e-01 1.108624264542692472e+00
9.810754380416326637e-01 9.871389899659400724e-01
1.111187615369920723e+00 8.732001517683348757e-01
1.059323009611711885e+00 9.999686728098998723e-01
1.021384329417680314e+00 9.232326257972967021e-01
1.032156241287482068e+00 9.286854950249231466e-01
1.004370890997093646e+00 7.890545462204091587e-01
9.814087931674099208e-01 9.566579958504549674e-01
8.436150328308408275e-01 9.853609340852416132e-01
1.015347575806771152e+00 9.845441809961106294e-01
1.012627063793534399e+00 9.430757149129143091e-01
1.011756526156566194e+00 1.048910717843781537e+00
1.023036338089673869e+00 6.893702181313201560e-01
1.011951858783060043e+00 8.227427889434616448e-01
8.285979237749115933e-01 1.072930492466172891e+00
9.307934086602741575e-01 1.085098588138571962e+00
1.011776924156027935e+00 9.801101414125846789e-01
8.753792750784201715e-01 8.986164624378611965e-01
9.124149937376365704e-01 9.775402172218350394e-01
9.667090630109602678e-01 1.079796229229943894e+00
9.730599674146194200e-01 9.033093809195938961e-01
1.018776287470818831e+00 1.046371556913443523e+00
1.026945212114662276e+00 9.925341483195077030e-01
9.499470187695282508e-01 1.035380078871129150e+00
1.076441635844451961e+00 1.162929990160157301e+00
1.098309308112535687e+00 8.274320993634461940e-01
1.007111179713710225e+00 1.026860893456650992e+00
9.945090803958956949e-01 1.043972119025265100e+00
1.103848784660527604e+00 8.793028012572182694e-01
1.035605312768743458e+00 8.626148218679514645e-01
9.718873292395820984e-01 9.219065758472347882e-01
1.134876957130092512e+00 1.090006471848100844e+00
1.104535439311270295e+00 9.876746091057209131e-01
8.714662826957664254e-01 9.652056243140503256e-01
1.088582402287182838e+00 9.178579468157808119e-01
9.463939122366968881e-01 1.042510016902248537e+00
9.621437445951208645e-01 8.711786145218404220e-01
9.719270969476744293e-01 8.596594165845398150e-01
8.841953239789834829e-01 1.032694061947241337e+00
8.833304991422421537e-01 9.752942027435420602e-01
1.011555371877257858e+00 1.027011981550800979e+00
8.982350991894365588e-01 1.014187046751784838e+00
1.000750712569459466e+00 8.917381140349079915e-01
1.081992191040703544e+00 9.150956330961192986e-01
9.265047488153447253e-01 9.012809160179945378e-01
1.026937473802943090e+00 9.782749171059801352e-01
9.745282716130246881e-01 9.018259606565925957e-01
1.012468195078680688e+00 8.643271137133962112e-01
1.023916740135697001e+00 9.092073412635098828e-01
1.013334453072484154e+00 9.474726538874728154e-01
1.012003904476794558e+00 1.061818065061103766e+00
9.661249653605425980e-01 1.145323712625104795e+00
8.613581808613280932e-01 9.850161407627420207e-01
1.016697029095747995e+00 1.018938727723973203e+00
9.214138026085821886e-01 1.043736389265867981e+00
9.142885297817343604e-01 9.874341640207957571e-01
1.026492447824285614e+00 9.850017608384925571e-01
9.437029081272938491e-01 8.840309548729041733e-01
1.024979824948805573e+00 1.101810170299712288e+00
1.030337342558656388e+00 9.659383110885391144e-01
8.989923573433341586e-01 1.010385537570541503e+00
9.791400694316687581e-01 1.012651520187306309e+00
8.598362692435300714e-01 9.152738944588357795e-01
8.141692946724925495e-01 1.043987297397668046e+00
1.206455197291999459e+00 1.011478939471858407e+00
8.132809301011474368e-01 1.072307087682368820e+00
1.021388998032064954e+00 9.881275297590486062e-01
1.075119785748412937e+00 1.000872798067945268e+00
8.443872186910177380e-01 9.801857819911362624e-01
1.020982384450091152e+00 9.644408865922643459e-01
9.547207578340791700e-01 1.202699450007616910e+00
1.129831869157253088e+00 1.030886244947150088e+00
9.555970539945848330e-01 9.878044273273155484e-01
9.947599850155384171e-01 9.366293517641477440e-01
9.812493663701289393e-01 9.555445078823777694e-01
9.533710800488492954e-01 9.552979097864894298e-01
9.423965784238649279e-01 1.020450893952331350e+00
1.008603527130158550e+00 8.829228992903164208e-01
7.913804255661605058e-01 1.095372792465496348e+00
8.947754796735540861e-01 9.524729704018403131e-01
9.734460358609723363e-01 1.024838768799529509e+00
9.993203558871145420e-01 1.103448286109601995e+00
1.024289779821472068e+00 1.043617445997004456e+00
1.090504740173311893e+00 8.081962064290689751e-01
9.634543229502516848e-01 1.017248490138779937e+00
1.040059477404913446e+00 1.050230846345027835e+00
1.057666204260959475e+00 9.532327385453754909e-01
1.108906334189492915e+00 9.954446693335178287e-01
1.037639562552837846e+00 9.601595818857041609e-01
1.053378712370768078e+00 1.033844486547012220e+00
1.131604824709531387e+00 9.500718115161708166e-01
1.000844157874119178e+00 9.606391600318484603e-01
1.032029722270649597e+00 9.799880087957698604e-01
9.041540979630926511e-01 8.370427564323745795e-01
9.800960773326315989e-01 9.322063785699558069e-01
1.036683844782924524e+00 9.860907931517222114e-01
8.756531756069589889e-01 1.019235229519819041e+00
9.691481894661442276e-01 9.472508647839071871e-01
9.691595891559432463e-01 1.131364149558334420e+00
1.130150816341654485e+00 8.337006034552058020e-01
1.011879748264203460e+00 9.084650531513986937e-01
9.760978402195747972e-01 9.610120376281284793e-01
9.219087133836246784e-01 9.230811190926868637e-01
1.093129695713373817e+00 8.037759606560720416e-01
1.055271376034408126e+00 9.034374790072380312e-01
8.888321154402551993e-01 9.939280191827949418e-01
1.102995119481273045e+00 1.123375705240089450e+00
1.004138869913465681e+00 9.963077260570303295e-01
9.840677519933153095e-01 9.309862582018728627e-01
1.178202564632302662e+00 8.458371051636366378e-01
1.006266077547897320e+00 9.424666552689270338e-01
9.841173467884144488e-01 9.843635298878582462e-01
1.076693067426086392e+00 9.936368237478926391e-01
9.963344553903735745e-01 1.085236087444717112e+00
1.080699170364628259e+00 8.973907473667517287e-01
9.582672151080744438e-01 9.841107775626014575e-01
1.119095283829315335e+00 9.545082534734012913e-01
1.052255486166753684e+00 9.717825206925962966e-01
8.407976520033708656e-01 1.008763983172547896e+00
1.138557967751313349e+00 1.119394102650955958e+00
1.087908087558552950e+00 1.039820557623708064e+00
1.018130603164736581e+00 9.526565980182986060e-01
