2.757239277418857437e+00 -6.228964534392754659e-01 3.482044019128635592e-02 -1.593079125045282485e-01
2.873028158055309866e+00 -6.295592170325501336e-01 4.636580136801228547e-02 -2.651568992079069154e-01
2.916462471855416627e+00 -8.659290779601239718e-01 1.649537450434179486e-01 -3.705439347871006817e-01
2.874386973448651350e+00 -6.882618321137006223e-01 1.115050898612740121e-01 -1.852487240681170433e-01
2.933176904710440347e+00 -7.373785837356783279e-01 2.126344925220734761e-01 -4.008554233771277620e-02
2.923339266552714033e+00 -7.106960880868149477e-01 1.014915712574815526e-01 -2.866485982095983154e-01
2.935082322100495578e+00 -6.825159393056691171e-01 1.082358944224607877e-01 -3.764559824465811833e-01
2.919677661939617419e+00 -6.926937272868353146e-01 3.937108677429727172e-02 -4.683224461881103640e-01
2.940998184826279616e+00 -8.202849086520227484e-01 1.033675473149020668e-01 -2.953359062251602052e-01
2.983722767598691039e+00 -9.509377710915897230e-01 1.298863519095750929e-01 -4.196382749153206304e-01
2.966960918973879036e+00 -7.976155521615412303e-01 1.816943300192683797e-01 -1.977435930426388599e-01
2.878714198023352822e+00 -7.946009211586320120e-01 7.357910557870814272e-02 -3.683930359993040637e-01
2.875227869344625375e+00 -7.657882122649726231e-01 1.750563420156522332e-01 -1.596426596180624546e-01
2.824137140172693350e+00 -8.600951076955697383e-01 1.427951389598872967e-01 -3.380235486063842276e-01
2.839656262129848230e+00 -7.144395614239155146e-01 1.113689291180933183e-01 -1.591781331134187460e-01
2.824146146210241515e+00 -8.151128009657960805e-01 1.636615210347465987e-01 -2.220933889323177257e-01
2.926013034864839213e+00 -8.359275405697219608e-01 1.252568937544227268e-01 -3.959579207031793113e-01
2.802285864060801934e+00 -7.020254322027809080e-01 1.254926892281832684e-01 -5.551358118970774191e-02
2.919804273591870558e+00 -7.281178125925786837e-01 5.867574628821599358e-02 -4.581344747949145368e-01
2.940681226814807481e+00 -7.706717023912122988e-01 5.001600361842672288e-02 -6.797629978433996634e-01
2.842289958513529502e+00 -8.134813700019871696e-01 9.522200632164003198e-02 -3.658244922613025363e-01
2.901003534366806136e+00 -9.165648113271437358e-01 1.251118633546548786e-01 -5.146197134068013490e-01
2.832664785354408465e+00 -6.164302438678304075e-01 1.354427190273260195e-01 -9.775869495388425645e-02
2.852760754056935522e+00 -7.849875291826197143e-01 1.522176000158473597e-01 -2.690749032305570498e-01
3.043545804558602352e+00 9.896001103568263790e-01 -2.660296499103558809e-01 -3.772228067877152480e-01
2.825531567366484698e+00 7.091745060079297502e-01 -3.872838771127375818e-02 -3.663932120009629201e-01
2.751887104311136145e+00 8.044612691502812662e-01 -8.730826761078600007e-02 -2.037412505450149069e-01
2.875884030823910198e+00 7.526390421186622826e-01 -1.183538097939737382e-01 -2.544636031610275073e-01
2.834394597409133798e+00 6.401018762041666976e-01 -4.798335405044554941e-02 -1.298847366080961574e-01
2.938601132827926232e+00 7.978204477427897068e-01 -2.114549297059475086e-01 -3.668134195674160325e-01
2.858249296996740796e+00 8.018301526913744759e-01 -7.702663285849985220e-02 -3.444672937349543274e-01
2.768014237436507763e+00 6.731540699203050204e-01 -9.629033934858161059e-02 -4.933723249175452075e-02
2.915867037791292304e+00 9.270834456577299321e-01 -1.685547033084173474e-01 -3.383280936274552508e-01
2.822190282080087709e+00 7.378683292425159967e-01 -1.267867920566826956e-01 -3.897680045566256912e-01
2.887823551376301090e+00 7.608966891292452406e-01 -7.896022802467726753e-02 -5.001200055331462835e-01
2.945645214245822707e+00 7.322915510601680777e-01 -9.652028762617988200e-02 -3.635021950774104949e-01
2.867558879119354032e+00 9.235937678206362911e-01 -1.472494109337772195e-01 -2.937041122132617588e-01
2.878298475863543704e+00 8.139130551527253843e-01 -9.616108137854402493e-02 -2.642308924504105372e-01
2.863420895722174286e+00 7.206439618878143216e-01 -4.532571089759995092e-02 -3.519831734387645072e-01
2.837964041041575847e+00 7.095782573663996784e-01 -9.205470477183176625e-02 -1.012971843915558140e-01
2.788610036908067080e+00 7.430275202044673843e-01 -3.511757854751638985e-02 -4.133505153151427192e-01
2.956414935286754364e+00 7.636326087079798874e-01 -6.716625020678816671e-02 -5.596801844862152597e-01
2.881155015477784520e+00 9.051826559094880986e-01 -1.684490492939768047e-01 -1.281704318139668675e-01
2.888997494063303417e+00 6.471684213750791281e-01 -1.043463099992645998e-01 -3.267707114970815896e-01
2.902388634045491411e+00 7.695815802098929792e-01 -9.464708763598912722e-02 -2.885836803125962913e-01
2.887827703223734943e+00 9.000328029584426792e-01 -7.851050367681536302e-02 -4.076907321680477425e-01
2.906910426111783075e+00 6.256214780571323075e-01 -9.876292090034272109e-02 -3.344669349568893946e-01
2.757489457477564798e+00 8.165387083073464281e-01 -1.046362253837846007e-01 -1.800625962869996655e-01
2.995039127684158586e+00 7.228711842552555389e-01 -1.756853514460338661e-01 -2.691999913818718393e-01
2.894217013305116382e+00 7.835913223989660059e-01 -4.800065939736707088e-02 -5.093529309811207773e-01
2.903447898233969759e+00 7.034531228831297778e-01 -7.118298253452089164e-02 -3.493277141589477552e-01
2.881393595439026623e+00 7.177404320489321199e-01 -3.527389107568940779e-02 -3.989038486744006518e-01
2.843542036606223178e+00 8.213920587199813328e-01 -4.268556166750928776e-02 -3.588080894593859704e-01
3.007064378374197933e+00 8.611221553382701899e-01 -1.424372116886606088e-01 -4.204064441761201087e-01
2.868139251464797645e+00 6.214096308762395715e-01 -1.204869926441623496e-01 2.332472777045828654e-05
2.978421581458814416e+00 6.919985672997360782e-01 -1.508336898164615858e-01 -2.203175632009326257e-01
2.869416458688384797e+00 7.069379597075090560e-01 -1.153134217977518916e-01 -1.661520844645486550e-01
2.854417703831758413e+00 8.104687757716709795e-01 -5.265011202464972562e-02 -3.179459613322843659e-01
2.886192074214965153e+00 7.604087892651765213e-01 -1.230232246544933766e-01 -2.232007530383147698e-01
2.967837917633961542e+00 8.023430572933726301e-01 -9.011881412001879199e-02 -4.236798067989456795e-01
2.838118548071800973e+00 5.781693879544976822e-01 -5.924204054271340475e-02 -1.092299939746002591e-01
2.998713552583757824e+00 8.420044173435456969e-01 -1.000059508104907957e-01 -4.090497709949723060e-01
2.854810433021045757e+00 8.617804368934830483e-01 -6.734608030453777261e-02 -3.522583002720545697e-01
2.786085261313108408e+00 7.051093517176197922e-01 -1.552447586152699566e-01 -1.908229959399576625e-01
2.985408606132781362e+00 7.566492513032984091e-01 -1.610930363648281904e-01 -2.338375435511751144e-01
3.034689121799993838e+00 9.021553798952324232e-01 -1.726111648272595500e-01 -3.841951529293273215e-01
2.902345858691037783e+00 7.057572522726548447e-01 -1.742949328480058180e-01 -1.560979048439168348e-01
2.954562845405126925e+00 7.021122311660142890e-01 -1.542646828164699335e-01 -6.842916464173427749e-02
3.019883162855800496e+00 8.870839488587305421e-01 -1.962763388753495375e-01 -3.819919156832282670e-01
2.856905363703228229e+00 6.139666338603333440e-01 -1.203213316067809346e-01 -1.953387529120583985e-02
2.923044877028305066e+00 7.976784723830352419e-01 -8.119070143754884838e-02 -4.153098490674114185e-01
2.814647290684092695e+00 8.615738286011284108e-01 -4.424295152914299589e-02 -4.739616484991010514e-01
2.858623245154605197e+00 7.668988293970390169e-01 -8.568033613584037644e-02 -2.485559541586647436e-01
3.012678305783456967e+00 7.541917078554667420e-01 -1.973066919337155278e-01 -2.521478975956376045e-01
3.019637367388034566e+00 8.389784021898532007e-01 -1.973159817226650126e-01 -3.967406765911512534e-01
2.870365512578747502e+00 8.653439897251352653e-01 -1.308247752846773693e-01 -3.420304383208808141e-01
2.784991591210403072e+00 7.572399082634270195e-01 -8.234427492113353952e-02 -1.984092211392141092e-01
2.908105586782572693e+00 6.826424582264311036e-01 -1.689810127679118867e-01 -5.727292742854208848e-03
2.903401416124848922e+00 7.645413646015142284e-01 -1.097621433670566693e-01 -2.106855445795209336e-01
2.995837370663144039e+00 8.348188725334083626e-01 -1.260956226090679255e-01 -4.649072642191921512e-01
2.939054172915907426e+00 9.481039793761117940e-01 -1.590804989836497041e-01 -4.010388937831497747e-01
2.878415775389052467e+00 7.409350738027654648e-01 -9.601380627611882934e-02 -3.248591773662327098e-01
3.062137051390704467e+00 9.666829328871450189e-01 -2.437458640283201861e-01 -4.054736229083130694e-01
2.858390117038369205e+00 7.696754753369320357e-01 -1.305357960988916544e-01 -3.023835380932817229e-01
2.872344194210487700e+00 -7.130375221180962342e-01 1.093811245818126915e-01 -2.242578785009385900e-01
2.702953442004961904e+00 -6.861517464507720376e-01 5.575438282364957726e-02 -1.132393833904167396e-01
2.774344551531243042e+00 -6.987655792317720715e-01 7.300062123080781895e-02 -1.226396801010213450e-01
2.943956446248286341e+00 -7.803504260887169641e-01 1.354008978059788593e-01 -2.628998008567247080e-01
2.765934121442465976e+00 -7.856968916598138231e-01 1.099507054979145387e-01 -2.326631665326855392e-01
2.936771829025920155e+00 -8.027144538175746691e-01 9.660694149498241790e-02 -2.973453590822235371e-01
2.789559077387269159e+00 -7.072132388854783791e-01 5.466850819700854597e-02 -2.136416363873485658e-01
2.772410098747643659e+00 -7.192513819127868135e-01 -2.027807185221248282e-02 -3.459833571204555258e-01
2.918528419745423541e+00 -8.139012898857546086e-01 1.226546788313142566e-01 -4.660251282500926795e-01
2.973035621790237837e+00 -7.375408281455130277e-01 2.042761295844494618e-01 -2.124697506121722979e-01
2.870105968229179183e+00 -7.689645269754693535e-01 8.603361669596290562e-02 -4.051775949433537583e-01
2.949482260632295905e+00 -7.210575404344351513e-01 1.044789750224885683e-01 -3.702541252524818582e-01
2.817332411176935114e+00 7.436479618061367924e-01 -1.603022894365713491e-01 1.630889629290288231e-02
2.863733326320204942e+00 7.824052139645290005e-01 -1.128541395662868985e-01 -2.014916821157918536e-01
2.887970366055534477e+00 8.028310921358458030e-01 -9.068775961994569867e-02 -3.272321597324896469e-01
2.865490162692199139e+00 8.026663366761587204e-01 -8.577931014985192004e-02 -4.829781434990816358e-01
2.858600208031011558e+00 8.572925334152631249e-01 -8.498893587735570354e-02 -3.069433433233751396e-01
2.863494024138166338e+00 6.446170901204001380e-01 -1.602444662776338902e-01 -3.915727766820602945e-02
2.836155175233644243e+00 6.803243525395656910e-01 -7.386091681705082845e-02 -1.042723617407453618e-01
2.891210656167670034e+00 8.303555113665850307e-01 -9.680075305584860679e-02 -2.694593986950442055e-01
2.861684922233653339e+00 8.325704334701625742e-01 1.488433159484132788e-02 -4.982672851145804049e-01
2.937498316152415079e+00 7.798437596767171520e-01 -2.007964105821024581e-01 -1.071109800875891943e-01
2.933050401319679867e+00 6.865080257107749606e-01 -1.062155282382556964e-01 -2.227246729477212195e-01
2.777637514818905640e+00 6.828308323774425759e-01 -2.721453052601549918e-02 -1.923575539807828860e-01
2.897673436814133030e+00 7.228653070872353981e-01 -9.405921143943996032e-02 -2.081884283822205417e-01
2.942776261777580338e+00 8.557507784770312931e-01 -1.452104966464549951e-01 -2.299568956943982556e-01
2.915700449686975837e+00 7.722054876147501634e-01 -4.513570845120412622e-02 -4.694723058158057905e-01
2.726782667943162153e+00 7.070092410332458055e-01 -4.961239320677573311e-02 -2.085875801650474148e-01
3.045264476026505740e+00 1.022442857524643145e+00 -1.946515101018690130e-01 -4.297473224631774280e-01
2.856726843710938102e+00 8.528470728339840878e-01 -1.229227711850451599e-01 -2.756611175892509369e-01
3.030703377736594817e+00 8.658937016302434841e-01 -1.703461309704018822e-01 -3.330934146954543373e-01
2.960825075468395351e+00 7.558321899761792917e-01 -1.362906171639426678e-01 -3.367275426919704717e-01
2.919992097587804203e+00 6.806507322141058802e-01 -7.416622171991162082e-02 -2.285673728258302562e-01
2.884993918686465708e+00 7.933515567734763518e-01 -9.845186601136290960e-02 -2.268871298088542821e-01
2.824671341616006526e+00 7.239231688135884246e-01 -1.081828096445120874e-01 -7.075335483477339371e-02
2.911263796424803818e+00 7.954366978580086345e-01 -1.299307804307399394e-01 -2.051685580526469710e-01
2.809268690646598898e+00 -7.403549867818661756e-01 4.164513145640950931e-02 -3.109709869654403436e-01
2.878551220268035227e+00 -7.399852144650926888e-01 6.748447220408039515e-02 -2.342194400999703663e-01
2.946528057136707623e+00 -7.867585555967872013e-01 6.819204426065481051e-02 -5.083706619121892700e-01
2.868588223619659150e+00 -7.218672758559668834e-01 9.861120405251012910e-02 -3.204187314609170945e-01
2.915526417736600262e+00 -8.058156189507670319e-01 1.257985723765336905e-01 -2.698725375154862882e-01
2.845763884737888993e+00 -8.286000244490629996e-01 1.673344580688068337e-02 -5.282635245689998316e-01
2.908598683740908797e+00 -7.184756123699814756e-01 1.589398602906678670e-01 -1.345359743158395238e-01
2.811408453207404623e+00 -7.811267997926576445e-01 9.889203135707452796e-02 -2.170131041516563386e-01
2.836641358849841144e+00 -8.055065419279304750e-01 3.563005812769443753e-02 -4.154869033654496335e-01
2.990746703898528480e+00 -6.950673407982347340e-01 6.601730841398997796e-02 -4.467812591713662407e-01
2.815006737539087034e+00 -6.449385754543117688e-01 4.360939526466983684e-02 -2.408545010136771969e-01
2.797053061130752472e+00 -8.575749045540848048e-01 4.653687013552213619e-02 -3.389578384735847938e-01
2.986247193830894986e+00 6.934344216336997269e-01 -2.124931853946386839e-01 -1.029350918080553512e-01
2.922633955338723499e+00 7.588547972049050072e-01 -6.168684862356777626e-02 -3.612746557244872481e-01
2.694104329967953237e+00 6.106303202344263159e-01 -2.392708768494107921e-02 -1.054720173228343577e-01
2.977539938631939886e+00 8.673406966608592228e-01 -1.871862591398230635e-01 -2.884725439896412835e-01
2.866926748755224796e+00 8.067921086926421737e-01 -4.913133560854925086e-02 -4.448378561342141713e-01
2.898951471976995542e+00 8.315613497195668558e-01 -1.690416432681467462e-01 -1.700526912993631512e-01
2.990720719629071933e+00 8.608988936927700619e-01 -2.237118033526161176e-01 -1.321418775937632240e-01
2.832590140333993034e+00 7.743465580432786766e-01 -1.384483964606602335e-01 -7.118782473623976037e-02
2.915867795691824416e+00 6.844966790319629846e-01 -6.108616249039072743e-02 -2.888668426510843101e-01
2.884599700200025651e+00 7.192208988832290428e-01 -9.431950953016424166e-02 -2.320485631895335965e-01
2.876316893354489590e+00 8.516038057810826345e-01 -1.296005232240252103e-01 -1.731007799356261423e-01
2.892836450621358413e+00 7.459832313867960085e-01 -9.074935154003914428e-02 -2.962433577165196064e-01
2.972175568447918970e+00 -8.863227647767581985e-01 1.676136666383291549e-02 -6.166192301802978504e-01
2.934272836490044334e+00 -8.397233472466945070e-01 7.557931899388567465e-02 -4.034513270584146327e-01
2.884066451860952007e+00 -7.118950730694982854e-01 7.131073129664125543e-02 -1.945264063429377743e-01
2.986012456125433090e+00 -7.913123277765319319e-01 1.037888763111770585e-01 -3.167811897271791688e-01
2.858466491057910730e+00 -6.985133650333669175e-01 1.427680330177587831e-01 -1.935087441838225231e-01
2.879526806074550027e+00 -8.327701875416991806e-01 1.294811744278846211e-01 -1.884805374254472365e-01
3.109557713883154495e+00 -8.796956318727681134e-01 1.257605190826863450e-01 -7.164301762113572947e-01
2.848405397128768168e+00 -7.798728903959356584e-01 4.540333449282595024e-02 -3.171331127873759370e-01
2.926979345875685201e+00 -6.979862178282779661e-01 3.986260426263768530e-02 -3.874278296416359124e-01
2.864794888155247854e+00 -6.473409305722378493e-01 6.361435143221523536e-02 -1.089881606931625835e-01
2.970631675699771712e+00 -6.858231914949054486e-01 1.452900648702809550e-01 -2.117150791412574229e-01
2.934060318524180921e+00 -8.423364333290745964e-01 6.892865004892929914e-02 -4.940155920437165893e-01
2.860870957416261628e+00 -7.020842413736906318e-01 8.697418448441514294e-02 -1.433010382712949782e-01
3.042300651711750348e+00 -7.349080339128817307e-01 1.888697592765090916e-01 -1.667959369800380565e-01
2.983986702981923145e+00 -7.437692179548602844e-01 8.495248726371007475e-02 -4.424236223384726552e-01
2.646336809046518024e+00 -7.502339306029477406e-01 -1.019180693646984381e-01 -5.036563003011567119e-01
2.904332272590007591e+00 -6.856253792376642009e-01 9.962834163608715043e-02 -2.697984842553593499e-01
2.903134705668214188e+00 -9.285464325248410367e-01 1.199954706825009237e-01 -4.343023975972198358e-01
2.943760945291473252e+00 -8.382841844188974045e-01 1.854193084516321810e-01 -1.909358113500845833e-01
2.934919653351988789e+00 -7.152473989345270455e-01 1.023385097790126541e-01 -1.719033591964887753e-01
2.872561609933018900e+00 -8.156344500707376488e-01 1.330004512357484681e-01 -2.351142492013309493e-01
3.005709600382950875e+00 -8.600381556985612352e-01 8.071279573435181931e-02 -6.304767043068564281e-01
2.887536758069002563e+00 -7.663046740762022857e-01 5.533747963565881917e-02 -3.824320006582100917e-01
2.913741399275160848e+00 -7.296056004962145902e-01 6.527329758604380472e-02 -4.689584758599850689e-01
2.949797377600346771e+00 -8.280684834967504404e-01 9.338659902300093518e-02 -4.382901197507499957e-01
2.764943991102670751e+00 -6.719086715025256451e-01 -1.759797632216679800e-02 -2.722997253185147071e-01
2.815709701373214635e+00 -7.152689283937088138e-01 1.358997140555614214e-01 9.208658749722054004e-02
2.949381024513900051e+00 -7.307585922076975660e-01 1.221328792087170712e-01 -2.568086333089948381e-01
2.861733705175447007e+00 -7.640382152883529177e-01 6.872153184635158840e-02 -2.251262066600535627e-01
2.853546077488810617e+00 -8.246646944782864974e-01 8.092910446526466184e-02 -2.159823140729450197e-01
3.016256392325602054e+00 -8.260335350431862178e-01 1.545497166247007392e-01 -2.347826023876638246e-01
2.844769900352730474e+00 -6.678633557948627786e-01 6.200585934706397823e-02 -8.831327142018395582e-02
2.833809711376307217e+00 -7.032759335779986687e-01 9.706869978711803182e-02 -1.075822972756864532e-01
3.055468452184900485e+00 -7.775445201667331441e-01 2.075196405354283458e-01 -1.561160140435677024e-01
2.964900630527671499e+00 -7.979969037802348009e-01 1.293083701770329219e-01 -4.048125879951384176e-01
3.020554633033198488e+00 -8.134372376613149269e-01 1.430189874362608193e-01 -3.210577658035759230e-01
2.950376034368289435e+00 -7.027102804625982024e-01 9.829079811683176515e-02 -3.056672831128334211e-01
2.929963724205730369e+00 -9.857528134396240649e-01 1.431193314174124542e-01 -2.998552361764557639e-01
2.916641951508760044e+00 -6.961772942385104912e-01 8.327042038381908540e-02 -2.785641863046549038e-01
2.908608259225276438e+00 -7.600741773618595598e-01 1.622055063370593242e-01 -1.891766577139953331e-01
2.868562963048681080e+00 -7.609868849944206870e-01 9.176721704493331910e-02 -3.078334573008218444e-01
3.048425299911619923e+00 -8.206785906915735618e-01 1.647562630096603420e-01 -4.584156176218555645e-01
2.992866050083663243e+00 -8.262952323900584206e-01 1.386781104818941568e-01 -4.876649901703485335e-01
2.760140436681824738e+00 -7.977869775777882699e-01 2.450139627984105478e-02 -3.917779334011527448e-01
2.886316160926005736e+00 -6.865605799875715842e-01 1.377030971546812366e-01 -1.421298644291522639e-01
2.939733390820367553e+00 -7.624930326038532602e-01 7.477755704335987963e-02 -2.587100842197603279e-01
2.898621328720210055e+00 -8.105736812176393968e-01 2.016655073214863175e-02 -4.644982677719167730e-01
2.909730716734138856e+00 -7.161833482347575996e-01 5.744347525666590459e-02 -3.262494679672130471e-01
2.830844530608005005e+00 7.299259450192443488e-01 -3.737424952509517395e-02 -1.879092537407416330e-01
2.962886044983942035e+00 7.901356746919694363e-01 -6.637086124819163713e-02 -4.054187159640664784e-01
3.019484383946295925e+00 8.534672393832007931e-01 -1.679090478738156367e-01 -4.844595818330797998e-01
2.892382947004627614e+00 8.179372037061017897e-01 -4.482067191720921426e-03 -4.688466843382638749e-01
3.061848151693962627e+00 7.618701398849638817e-01 -9.785654857901135428e-02 -4.431425615129197526e-01
3.050979403983093974e+00 8.448902606985638775e-01 -1.546331781436258712e-01 -2.854306315174203190e-01
2.835404223862937556e+00 6.872978378502914154e-01 -5.431357552971749492e-02 -1.342911761380159719e-01
2.890017794097833548e+00 7.775083455337538085e-01 -1.989958984456113508e-02 -3.971687280341936743e-01
3.004918837097597439e+00 7.892219419535255742e-01 -1.154102136996484063e-01 -4.462333134889506780e-01
2.917554553339893886e+00 8.559509367129075619e-01 -5.016100077440614757e-02 -3.781652228003656302e-01
2.975310446827820865e+00 9.779823810527487060e-01 -1.439185159478058029e-01 -4.322591631291567427e-01
2.888511714997812785e+00 8.076865733836748884e-01 -4.972631582734809291e-02 -4.324009675434562494e-01
2.809392530826388068e+00 -7.954483116947347332e-01 1.863933796113767249e-01 9.161866363844254485e-03
2.855400490343372510e+00 -8.519465478027061778e-01 4.851402996514642130e-02 -5.009985329515941332e-01
3.026195579891253651e+00 -9.165568235506283967e-01 2.206510040720311427e-01 -3.815185722948699620e-01
2.987185324127858976e+00 -9.083351974309576971e-01 2.581695735463297448e-01 -2.302815793886719142e-01
2.977741738625193424e+00 -9.376075712482550006e-01 2.431373098130589772e-01 -2.737495876897712010e-01
2.950706589425425186e+00 -8.475918647137030693e-01 1.946649390908292143e-01 -2.479079331967250499e-01
2.901239041994879919e+00 -8.651337185024682297e-01 1.622221456699329545e-01 -3.063489905114377132e-01
2.885619835711323855e+00 -7.772444055528597850e-01 3.308920604998523418e-02 -5.320538042479180385e-01
2.936569466729648248e+00 -6.822425844408408491e-01 7.985871019665814752e-02 -3.466187993334899353e-01
2.875953534180119231e+00 -8.559238949360581383e-01 8.690928452129033366e-02 -4.837493967823317531e-01
2.826214160576206780e+00 -7.655388156525189114e-01 1.092857377375866107e-01 -2.106190346259540491e-01
2.826490219832755280e+00 -7.567326453962437416e-01 2.545815731956697567e-02 -3.445550474064579261e-01
2.960618595080136917e+00 -8.911220636651429050e-01 1.384396620835075808e-01 -3.593743280821351527e-01
2.886726233043894307e+00 -6.768062665769789543e-01 6.057979216664568373e-02 -2.779903336039255546e-01
2.810968615225103662e+00 -7.164708583971556299e-01 4.789303377193672440e-02 -3.662263105173954592e-01
2.913373028052825831e+00 -8.406729061225417521e-01 1.225277242055263921e-01 -3.118495187725408568e-01
2.980899718448816405e+00 -8.027470345437948129e-01 1.323470527283050202e-01 -4.724753816655843375e-01
2.898825820920116314e+00 -7.908187233634620394e-01 1.126071074259393234e-01 -1.503809479578420150e-01
2.889931017035070493e+00 -8.061371045663576762e-01 8.693454428169157533e-02 -2.561580933453341258e-01
2.851828818619713157e+00 -8.025115715443045250e-01 4.753563756514916222e-02 -3.289285810525670595e-01
2.978606909442425454e+00 -8.577878557198179710e-01 1.382840542040359444e-01 -5.457053450003749306e-01
2.940345466711436373e+00 -8.308610671034470929e-01 1.387158123733449877e-01 -2.418472918723170995e-01
2.835722858876802199e+00 -7.909786085692042112e-01 9.856650834803031003e-02 -2.410644586722427429e-01
2.811037642007814252e+00 -8.088986213168969375e-01 1.307337320608209508e-01 -3.872536011387456983e-02
2.998342653004322678e+00 -8.943551704066868835e-01 2.069318077440814030e-01 -3.422948671994848757e-01
2.867428681903287480e+00 -7.810930739202771589e-01 4.582012076627944852e-02 -4.232672672663818081e-01
2.984302801615799527e+00 -8.842038528611372294e-01 1.789307370312663292e-01 -3.149580088583587845e-01
2.804186047095653667e+00 -7.333822334322541714e-01 7.673753131685474849e-02 -1.971898572463445243e-01
2.929112636358081279e+00 -7.254906466853345837e-01 1.349365859633978038e-01 -2.858722271805158588e-01
2.976493846051304626e+00 -8.799764856987050132e-01 1.794933633552607544e-01 -3.137560849838689214e-01
2.763907636245279686e+00 -6.495094560175111997e-01 1.306034971318971727e-01 2.237399991465289020e-02
2.986312483464527379e+00 -6.892359869926123483e-01 1.757017989182006468e-01 -1.211357050462776030e-01
2.859182351222103069e+00 -7.776811562221831453e-01 1.971556952258718687e-01 -1.897735094416027890e-01
2.989842894430948750e+00 -6.822814901621604422e-01 1.814091090469524270e-01 -4.261621955128991890e-01
2.892281593893104130e+00 -7.525297307522080814e-01 1.052664551328790360e-01 -2.675086616020588282e-01
2.988579828438856278e+00 -7.614766469286805561e-01 1.559846855330642434e-01 -4.609393235565705793e-01
2.873408010830424075e+00 -7.308350091670420268e-01 1.097500569234612228e-01 -1.865109326022299785e-01
2.856091115571452566e+00 -8.377608833894965024e-01 2.842275242158204956e-02 -3.878829068932219681e-01
2.787875885846230695e+00 -8.308136606438735194e-01 9.190372315250203150e-02 -2.412950598083844489e-01
2.887648726886812511e+00 -8.349163546050555329e-01 7.341867698705187295e-02 -3.847188368629086974e-01
2.940447162833582873e+00 -8.092940266860889631e-01 1.061616234618405763e-01 -5.249921056415507437e-01
2.879964006657104392e+00 -8.633311526282266835e-01 1.312255459004624536e-01 -2.684996435097962708e-01
2.958568607054877120e+00 -7.946718952158383642e-01 1.036086853731728596e-01 -2.576741526596078580e-01
2.728390770446670999e+00 -8.089566749187796502e-01 7.868020382743970420e-02 -1.373733420656047810e-01
2.960371221432435362e+00 -8.500858994414975944e-01 1.597334310363979215e-01 -3.509961712126184463e-01
2.925362842535467855e+00 -7.831536331713463417e-01 4.862412253781103755e-02 -4.140012422387616131e-01
2.793745863246013705e+00 -7.107436920303705774e-01 6.923137003327588246e-02 -2.704087246441587156e-01
2.900678327386189359e+00 -6.998065598042872981e-01 1.312130692709469193e-01 -9.648716845986930746e-02
2.806390750255706834e+00 -7.798044482044023118e-01 4.634326420825739257e-02 -3.499778605169567292e-01
2.781210595222822768e+00 -7.189958123812465463e-01 6.789366182209280454e-02 -1.908407771765500693e-01
3.033941406826343723e+00 -8.047090635995924890e-01 2.100711184969183409e-01 -5.110723032061280646e-01
2.823715152118718041e+00 -6.670962285157017169e-01 9.950913095279109721e-02 -5.902782199683979936e-02
2.919574390741991987e+00 -7.822994427420877361e-01 1.627339814067350343e-01 -1.751889816885228990e-01
2.762549554877477664e+00 -6.507520367320939192e-01 7.351382994256357162e-02 -1.539101563841702436e-01
2.778165834934740452e+00 -6.491068789401182038e-01 1.442269958599994573e-01 -8.744006624307196218e-02
3.009680515737018780e+00 -8.305700290081863280e-01 1.368369433037406047e-01 -5.628246310209434888e-01
2.835529342449073731e+00 -6.472192523844647605e-01 1.401081841605371081e-01 -1.414597084150167605e-01
3.007042010719844338e+00 -7.718249309226599131e-01 1.306233498492233858e-01 -4.034634092068429267e-01
3.031208955929362237e+00 -7.327025054064401077e-01 1.677914002790653614e-01 -2.737707967402138176e-01
3.046051303927164167e+00 -9.343225181355261366e-01 1.781315337830591261e-01 -4.351850361840742254e-01
2.877003629583307021e+00 -7.168961358885761470e-01 1.058565464923676702e-01 -1.201611474598395374e-01
2.991656086797512160e+00 -8.364193431193921446e-01 2.054695814450274716e-01 -2.158432193093200169e-01
2.847719620963538034e+00 -7.012462102191869828e-01 1.399034378208993123e-01 -6.199796780032271887e-02
3.010643231751826576e+00 -8.070806663093778033e-01 1.262550146674763507e-01 -6.179570403103131770e-01
2.791537460006491944e+00 -6.936279114029383353e-01 5.032134356597573605e-02 -2.524852638748582012e-01
2.903492386512792844e+00 -7.141436240575070871e-01 9.037255502318067291e-02 -2.471241046869852298e-01
2.892151551890494776e+00 -8.321979795548870573e-01 9.289587444259822524e-02 -2.628036335031362913e-01
2.954799265092144633e+00 -8.039905569757951342e-01 1.022070287308909364e-01 -3.608972817538690925e-01
2.831609017815984508e+00 -7.056404508122560149e-01 8.660548074521259507e-03 -3.585050693161325741e-01
2.913732425954713712e+00 -7.980774860599293419e-01 6.714988379959871412e-02 -3.464235581677063136e-01
2.873220514603976650e+00 -8.089501838179370408e-01 1.070342670100902921e-01 -2.395418841542018284e-01
2.924973485208779866e+00 -6.393934942434940094e-01 8.559026915917673783e-02 -1.329780513759604987e-01
2.829989936082153879e+00 7.612157176724977381e-01 -1.082670733036790456e-01 -1.463139040074099284e-01
2.964903218583383460e+00 7.476477068882196875e-01 -1.020674027820529517e-01 -3.681847049866343036e-01
2.897645993410996379e+00 7.495522132085992162e-01 -5.507037903613198893e-02 -2.541189366030345287e-01
2.911595712086540555e+00 7.506037549888306959e-01 -8.852098766813185082e-02 -3.521320993732128812e-01
2.813617619974212225e+00 6.889487820302774290e-01 -5.042328565420671482e-02 -1.928777732347383422e-01
2.853085427497379367e+00 7.429822625133906122e-01 -8.858018715665303550e-03 -2.992312959992068366e-01
2.951483641549874193e+00 7.144443747411983736e-01 -1.196642812185893384e-01 -1.470838360237683717e-01
2.868222590495614899e+00 8.090094396350411277e-01 -4.493497949771847050e-02 -3.835095490501888027e-01
2.791975439204564147e+00 7.347162314666141336e-01 -9.072202965089640192e-02 -2.555581440358689616e-01
2.812069231209571196e+00 7.909573420202763439e-01 -1.146763554955439190e-01 -1.627792821653550881e-01
2.852701603874674419e+00 8.880594013525644481e-01 -1.242037158746363973e-01 -2.136122370290275685e-01
2.930506760488496898e+00 9.291264394545919458e-01 -4.921842655390189225e-02 -5.103401867432333372e-01
2.811582501291600700e+00 -7.675380353058420813e-01 5.137994630196161122e-02 -1.925526424138898351e-01
2.927848214285195816e+00 -7.964914536176067594e-01 1.296176221162231301e-01 -3.070699259740273801e-01
2.896600778510272090e+00 -7.438909520968880473e-01 9.004968068055513308e-02 -2.527314617876961211e-01
2.940615706663716633e+00 -8.670188772371429931e-01 8.257950054693553865e-02 -5.957741694779159491e-01
2.923158449210299992e+00 -7.561647439109849822e-01 1.042538542619233649e-01 -4.321110650910037210e-01
2.899260438277500906e+00 -6.280515029515313374e-01 1.267664574111633802e-01 -1.747173354611533114e-01
2.944807073166289868e+00 -8.023831386320551262e-01 1.072395152435131338e-01 -3.545723607418110879e-01
2.968766062461697608e+00 -7.493493027808834084e-01 8.113808228929059174e-02 -4.046235350460785085e-01
2.971617152168753329e+00 -7.720842501294806759e-01 1.896970036023617467e-01 -1.141789264179710328e-01
2.862042421707025497e+00 -6.690635416560488657e-01 1.130406361604644333e-01 -1.185936936877357850e-01
3.154705085968648959e+00 -8.727324848690939385e-01 1.893478979764576797e-01 -3.752524200655799058e-01
2.911535293396592117e+00 -7.566827532174195126e-01 8.206634194467493648e-02 -2.756152354180723685e-01
2.967553688059410444e+00 8.326919018180748422e-01 -6.461719704057844460e-02 -5.253167627228527703e-01
2.859616679928215444e+00 8.290607303225695501e-01 -6.613607509439099752e-02 -3.346226642823434960e-01
2.832374425384486472e+00 7.686377535634776326e-01 -1.039756003193030853e-01 -2.053874417932522456e-01
2.818902919838635945e+00 6.509920543995403319e-01 -7.948277370816922427e-02 -1.907289390300362375e-01
2.774498354593473159e+00 7.017886006384764785e-01 -1.479352276999220117e-01 -1.599139141330321312e-01
2.929361601299701245e+00 8.452647503469166157e-01 -8.427745884184026370e-02 -5.048742664244011413e-01
2.836632516624606026e+00 7.627111907286521220e-01 -4.181913548345166792e-02 -3.384148219645759514e-01
2.919214814708578132e+00 8.177705224295066522e-01 -1.649094655156334577e-01 -2.138746407268247995e-01
2.903257803041146889e+00 7.532710690770305639e-01 -1.611892585054987559e-01 -1.090801462423823670e-01
2.879936841222049626e+00 6.608137437143486448e-01 -1.375766693895700554e-01 2.615360727815974756e-02
2.879292888668343764e+00 8.599896585966717577e-01 -1.925444955766487387e-01 -9.310472937673322513e-02
2.741135173297973626e+00 6.053434626564062615e-01 -6.317177083371534711e-03 -1.656034439651291601e-01
2.912499045887957383e+00 6.891278756671215255e-01 -1.609697989856792577e-01 -2.910606879727853924e-01
2.947480200866685607e+00 8.045611647077448580e-01 -1.309465309764622498e-01 -3.446745295500970863e-01
2.825218892299798057e+00 6.761452356194033175e-01 -4.507335341978392640e-02 -2.667374644272995088e-01
3.017308327744062435e+00 7.223855929335047943e-01 -1.953773004497081911e-01 -3.333793836380279374e-01
2.879368102191865120e+00 8.598579666427289547e-01 -5.562894514210491720e-02 -3.878447712220329247e-01
2.821303181758516132e+00 8.083129666807536973e-01 -3.265701353255468647e-02 -3.627077782187456134e-01
2.902572362546975260e+00 6.965985388615569818e-01 -9.659148812123451167e-02 -4.073965955186696908e-01
2.784859025359944340e+00 7.838441434157453758e-01 -4.379287677260180339e-02 -2.933601777135362298e-01
2.874095884940861101e+00 8.120694605131817401e-01 -1.716907149775567243e-01 -1.361634493537949298e-01
3.002931540769101293e+00 9.562210167462601440e-01 -1.827578510932060529e-01 -3.885534078824225968e-01
3.024678535990853234e+00 8.728605717739464920e-01 -1.089198410868488509e-01 -5.405171777999979721e-01
2.928382482695219835e+00 9.452228565902280888e-01 -2.031457482910414003e-01 -3.425291393343683488e-01
2.932640377167945012e+00 7.994366314556111686e-01 -1.215767519405466651e-01 -4.828351886214456989e-01
2.891715523023204781e+00 6.824798497670189201e-01 -1.009041236102050515e-01 -2.918272165417403197e-01
2.845497432279367800e+00 7.190301875599530712e-01 -3.385487174123975873e-02 -3.082375493467490180e-01
2.874548910443419647e+00 7.034619321407870052e-01 -1.020250190780893906e-01 -1.860921531911189086e-01
2.800161875867493322e+00 8.001622378279418246e-01 -6.208571775913963170e-02 -3.350267648368764339e-01
2.817569882705098117e+00 8.248169540773012676e-01 -1.025252050737224668e-01 -1.987328271160662130e-01
2.811554498063513208e+00 8.438694335175250805e-01 -4.669825911537733854e-02 -3.314722481755448813e-01
2.844023805224757506e+00 7.515936776923123341e-01 1.500724613861786905e-02 -5.086434017619457792e-01
2.912522440067534024e+00 8.220620062534158556e-01 -7.834180831677231560e-02 -3.997692032771824056e-01
2.830518017807245990e+00 6.961307637705104190e-01 -9.494323725582047568e-02 -7.632310731579859675e-02
2.807869725140207606e+00 7.475284876645492682e-01 -7.102014438247564176e-02 -2.348038584718617761e-01
2.890223568119252295e+00 8.452494400969232657e-01 -3.926102207999360855e-02 -5.315796660169069821e-01
2.983748024157822254e+00 7.840908056476609822e-01 -5.748043791095036603e-02 -5.914262410563465577e-01
2.956874393145959790e+00 7.990222043467554158e-01 -9.715232877943361101e-02 -3.882361176480254028e-01
2.825239516803108586e+00 7.141993539205959696e-01 -9.182474631302357804e-02 -2.097525381224424890e-01
2.934905865500880839e+00 7.918857768606539782e-01 -1.396628191977245803e-01 -1.534006994417311531e-01
2.816486910372695718e+00 8.112169099446905340e-01 -1.349978665915083365e-01 -1.166278920148234172e-01
3.007021814707777629e+00 6.489528694862632952e-01 -1.492021942425608427e-01 -2.364127454250795901e-01
2.918598131961657849e+00 7.702425992505659291e-01 -1.027629784229099896e-01 -2.963048599299634156e-01
2.938221698370444113e+00 6.533021238181113688e-01 -6.087741136424838773e-02 -2.150848021833542401e-01
2.915731127834263692e+00 9.496840591752427896e-01 -9.671114794324736641e-02 -5.538649032121389926e-01
2.991082216875977196e+00 7.373929184815638527e-01 -1.125382461045072308e-01 -2.438512565761506434e-01
2.836723193133010579e+00 6.328744197782301129e-01 -8.670608797095784304e-02 -3.062764229363596491e-01
2.870394423050112831e+00 7.652086123415957619e-01 -1.305746746404556347e-01 -2.049257638172515827e-01
2.841515154365764406e+00 6.966421107312437133e-01 -9.026014218597129546e-02 -1.909326776638556045e-01
2.978235240155512109e+00 8.285719312943726766e-01 -1.600311542952921884e-01 -3.731265125393219417e-01
2.961645334648355998e+00 7.780993369946979099e-01 -9.594632524196568257e-02 -3.087435862699650091e-01
2.771182439538395048e+00 8.183526587564475818e-01 -9.268794919986050873e-02 -2.624558446815067891e-01
2.791884196886276648e+00 7.655366226760059734e-01 -4.566283110893987196e-02 -2.947382554936097687e-01
2.994768144891073458e+00 8.770120260818791147e-01 -1.390787490132513737e-01 -3.963940267568012987e-01
2.927109899704133156e+00 8.434039505077484122e-01 -2.531074839073939597e-01 -1.399389833553208451e-01
3.101167864911477334e+00 9.166602410791611089e-01 -2.245763907086844868e-01 -4.433951244060866381e-01
2.964847922307393357e+00 7.849306833893928692e-01 -9.872416002201163387e-02 -3.884914107410246675e-01
2.953689727738356030e+00 7.704646133435953947e-01 -1.308632894190067952e-01 -4.063868926758303912e-01
2.878816625639005089e+00 7.627284930501271321e-01 -1.138237501024327164e-01 -2.358116382329868421e-01
2.908500969257785673e+00 7.562762530894067137e-01 -1.148609763214687440e-01 -2.671096692046556753e-01
3.043034341363299866e+00 -8.189256446906287845e-01 1.534737705173146449e-01 -3.746346755803472428e-01
2.927413514852980736e+00 -8.498947624946070478e-01 1.380147030389849983e-01 -3.373284373367135824e-01
2.854460774619504537e+00 -7.899925695357753463e-01 6.798127304266171622e-02 -3.158886689664299197e-01
2.851857892530416105e+00 -8.088524583182433725e-01 1.319322385159593658e-01 -2.654000950027112227e-01
2.845071023091555684e+00 -7.687979255482735308e-01 1.075158474652110341e-01 -3.571244029515908136e-01
2.922246338587393577e+00 -7.218894502700374805e-01 1.119581950362613654e-01 -2.298082251076974669e-01
2.940730689345981030e+00 -7.000001299236852104e-01 1.166530021111302079e-01 -2.480499057637453042e-01
2.972115186397556563e+00 -7.496738459461304016e-01 1.958076251498505893e-01 -2.578499519753029157e-01
2.815597531210390247e+00 -6.344899999849685779e-01 7.419045251000966346e-02 -1.275882589876038975e-01
2.903136048246776735e+00 -8.084059477683487316e-01 1.367324058015922938e-01 -3.005711326430566266e-01
2.945789347463520169e+00 -8.140539694269615101e-01 1.080450059509877464e-01 -5.324976451455633031e-01
2.822600713730472943e+00 -6.924182611057830838e-01 1.485138399176170743e-01 1.033695648015594583e-02
2.896104170640997122e+00 -6.590680787237233051e-01 7.707257082849219842e-02 -2.449782342376942978e-01
2.888155062594682576e+00 -6.673338207899548458e-01 5.803686933589003588e-02 -4.321346159414745092e-01
3.066193350792299377e+00 -7.669450470548010435e-01 1.915136338634072510e-01 -3.215738500596957983e-01
2.949786319364421594e+00 -8.333807152116161632e-01 1.771558070908120230e-01 -3.424606164206175918e-01
2.938750995564897384e+00 -7.973542890020343110e-01 8.064412958289424171e-02 -3.461854799885719647e-01
2.956857356978690010e+00 -7.631116483946686069e-01 2.323356013306529799e-01 -1.226135964062647216e-01
2.971051849545886636e+00 -6.656305651495018072e-01 1.640831591533863376e-01 -1.909944091075388428e-01
2.925347869567319847e+00 -8.418090896509641263e-01 3.939494247845667235e-02 -4.769564567619671291e-01
2.914638967431985250e+00 -7.962749244596687426e-01 1.160147399157887005e-01 -2.421465867124149296e-01
2.817065458633489339e+00 -6.859997624630669311e-01 1.194857468573364478e-03 -4.183943335768646188e-01
2.943530773563681979e+00 -7.276396320967110087e-01 9.596059208251840611e-02 -4.466000380411839221e-01
2.909954067680543766e+00 -7.975621514404027668e-01 4.076800251220022431e-02 -4.804023486947708865e-01
2.874826807763028125e+00 -7.410845310457270241e-01 9.726264095989518854e-02 -3.316129906326472088e-01
2.904132417742566474e+00 -7.252717419224461448e-01 3.229261518430638633e-02 -4.263205920848718855e-01
2.824801732029895707e+00 -6.549027210715091529e-01 5.045980485231654766e-02 -2.524479159061742140e-01
2.919825803829202204e+00 -7.279631770088321741e-01 1.596215301701366107e-01 -1.450393734332710016e-01
2.737829368182191025e+00 -6.543787674086215533e-01 4.461739356132918971e-02 -1.161473903359874077e-01
2.952752679850553896e+00 -6.739646247324753148e-01 1.717836032426626192e-01 -1.267572221407353705e-01
2.899359994076306180e+00 -7.619747459291986713e-01 8.388790181849418992e-02 -3.725916341885258110e-01
2.878438721800154365e+00 -7.218525556382714425e-01 1.203822599917860059e-01 -1.209101708500367883e-01
2.886201792895365603e+00 -7.590455640293618522e-01 1.911170495561442806e-01 -1.276349731872753780e-02
2.923441325048724337e+00 -7.517010273931793440e-01 9.578539267745476982e-02 -3.258495266532889789e-01
2.948045268620109738e+00 -7.618715626746794811e-01 1.033615416522333380e-01 -3.909727639107992703e-01
2.933025353903198518e+00 -6.194719653568718787e-01 1.318755347997743743e-01 -2.264057838908308806e-01
2.817534822249997184e+00 6.870346280477113154e-01 -1.068586366616979810e-01 -5.679181444076079194e-02
2.849357116906301446e+00 8.045130329663955360e-01 -6.533812781533117342e-02 -4.273555523916569565e-01
2.937591974506727155e+00 7.214052224778588762e-01 -9.327476892243012629e-02 -4.378263653752531570e-01
2.857770420863111394e+00 8.845462966976932462e-01 -1.167008049042997930e-01 -2.598773920761104916e-01
2.987472722361729005e+00 7.808826011484356622e-01 -1.578768093457807165e-01 -2.589612294485699739e-01
2.881072152463688418e+00 8.610610204202433504e-01 -1.227782715418004461e-01 -2.357917879707200903e-01
2.958133679150436901e+00 8.212386380230930483e-01 -1.621462665852120011e-01 -3.895090354120388509e-01
3.063977580581278115e+00 1.030875001995489537e+00 -1.193787000099847395e-01 -7.495576641695007591e-01
2.936755257739708025e+00 8.122911900804257179e-01 -6.426166970911109666e-02 -3.950204382026654693e-01
2.891020321179513797e+00 7.910912807680634540e-01 -1.476530822313307234e-01 -1.235845587846843285e-01
2.906318306068136792e+00 7.099980271337335003e-01 -1.221679295648995106e-01 -1.510517931261395330e-01
2.918226735571818775e+00 8.128452681857760709e-01 -9.680238222442776042e-02 -3.529630163213774985e-01
2.907891898862585034e+00 8.269428806690021228e-01 -6.038049131863788138e-02 -4.451319044672301106e-01
2.903804208972227130e+00 9.701690297143197306e-01 -1.239870213895970935e-01 -4.325302441895489958e-01
2.954971719362267990e+00 9.878742032015220831e-01 -2.028245960583877905e-01 -2.433641175856216254e-01
2.887518921681615058e+00 7.698540967792594225e-01 -1.054305099305651583e-01 -2.920424436265742218e-01
2.905564425255694250e+00 8.985403633480404384e-01 -1.879911702636917481e-01 -2.760986886241397209e-01
2.730390001350587958e+00 7.705854840634545067e-01 -6.960184290746457281e-02 -2.305687037088148816e-01
3.004488692721511978e+00 8.265489748539809334e-01 -1.768398796228818071e-01 -4.114967142131480404e-01
2.906237644150163391e+00 8.709528675242138585e-01 -1.472640783020753852e-01 -3.440733649323574617e-01
2.893354254185838581e+00 7.213734816820641660e-01 -1.342973123330177543e-01 -3.007634621857616097e-01
2.906222454759318286e+00 8.109759386573526241e-01 -1.433477591206926416e-01 -1.464275980556453971e-01
2.925603924494344810e+00 7.605388018222617452e-01 -1.179883565642038806e-01 -2.656674709850149751e-01
2.778477144456244385e+00 7.017839119641443579e-01 -1.072053614817977535e-01 -1.200459099867732249e-01
2.966710371737315555e+00 -7.080402062385682260e-01 1.339334909880752489e-01 -3.857965989875605239e-01
2.978127498947409801e+00 -7.636864019475259058e-01 1.508941009344737239e-01 -2.275784962516812504e-01
2.923913653703215321e+00 -8.256506521524817899e-01 1.313715421440288245e-01 -3.143746579022171361e-01
2.907652492505800268e+00 -7.671286773392135272e-01 1.580529251376686928e-01 -1.884651575054693273e-01
2.952573040581509822e+00 -7.385381299846454084e-01 1.222862750350102307e-01 -2.134365162847734199e-01
2.925609226522699391e+00 -8.021037471322826073e-01 1.206736345785583003e-01 -2.367919848174249720e-01
2.760256895688792955e+00 -6.517604967555398199e-01 6.655356985817016680e-02 -1.366987004818048801e-01
3.053331607840663597e+00 -7.754913439553245968e-01 1.780519190840429977e-01 -4.065158792831754520e-01
2.849467806297930395e+00 -7.009436000060864647e-01 4.113760428345410169e-02 -2.449151003584461583e-01
2.838446111573130981e+00 -8.379358445282247825e-01 1.237627324429602660e-01 -1.902973686083525295e-01
2.891723213424919336e+00 -7.888485379920335827e-01 1.451125865912095414e-01 -2.902900106399212699e-01
2.805036241539140551e+00 -7.193804070765488223e-01 9.481879276123970912e-02 -1.152350616776539743e-01
2.897011649000439615e+00 7.248110267369597404e-01 -1.210499060198901439e-01 -1.530319027097278572e-01
2.923336394481486078e+00 7.346805649940960636e-01 -5.727406259774894814e-02 -2.365505327684249148e-01
2.904618079153287624e+00 8.849823415575808205e-01 -9.437445575281590282e-02 -4.341261841801700161e-01
3.029580784045457165e+00 9.190957307192083592e-01 -1.645824447641688615e-01 -3.374717217151508852e-01
2.898154216000351724e+00 7.464889025565915048e-01 -6.523928296956280071e-02 -3.144135036036968534e-01
2.846451545699308916e+00 6.070666786142165927e-01 -3.676976660959653531e-02 -2.782402411509015128e-01
2.998459273719111362e+00 6.964948089626302741e-01 -1.754644039635139541e-01 -2.557525798220354751e-01
2.849547897074066416e+00 6.866356048840734916e-01 -9.540721269543764316e-02 -1.762390670637976886e-01
2.739756972037961535e+00 6.203067590494503181e-01 -2.608208844250335667e-02 -4.321529483980261072e-02
2.877684342262537776e+00 6.918961867013018185e-01 -2.203211689285744512e-02 -2.931801296189006645e-01
2.888121039496206688e+00 7.028126810670338731e-01 -7.903454435132992173e-02 -2.880014276730717415e-01
2.781596335118181607e+00 7.271073232179422474e-01 -6.708557478513201000e-02 -1.355986144601078192e-01
2.971848171133700589e+00 -8.291021233301508753e-01 1.561023359704024061e-01 -2.137653499104036070e-01
2.808941398961218194e+00 -7.476462166932381637e-01 6.397544822483543225e-02 -2.001995342759629593e-01
2.856986050618998352e+00 -7.962355078219075510e-01 1.456564072732418891e-01 -7.227039717042113565e-02
2.919155063750685120e+00 -7.024553776180031406e-01 1.369165779005941108e-01 -2.563682395927778246e-01
2.922412650732452821e+00 -8.231984251035652234e-01 1.945558250120743293e-01 -1.804812425664889808e-01
2.910329284743301770e+00 -8.028025870338274528e-01 1.452354528671575828e-01 -2.409852438139994391e-01
2.972711753319519978e+00 -8.139543960617952045e-01 7.135708154480252530e-02 -5.830432265150597981e-01
2.916747624476382583e+00 -7.506349529785177888e-01 7.787609131787319450e-02 -4.039233332317993530e-01
2.864584443885546339e+00 -8.222866131408670398e-01 9.402918331950387010e-02 -2.191287919262600026e-01
2.987189439770737476e+00 -8.096769566580680477e-01 1.344921438925760215e-01 -4.830718345712609607e-01
2.927467323652956921e+00 -9.051652920032300376e-01 1.782128094230366333e-01 -2.541458506313843957e-01
2.885915816208691531e+00 -8.183179650634635482e-01 8.287421617626875014e-02 -3.210189482462915134e-01
2.806371890253093415e+00 6.666317313233104391e-01 -1.008895644715478712e-01 -1.722758584300708440e-01
2.956071600013921330e+00 8.953869818244004630e-01 -1.361552514839622641e-01 -4.114292753412984172e-01
2.905076051250142122e+00 8.013358126119469738e-01 -1.075068344477301055e-02 -5.705812305521530403e-01
2.875062477407952954e+00 8.082172385005610415e-01 -7.467465940069205332e-02 -4.926509144611492808e-01
2.808398827276640031e+00 8.178841401184870907e-01 -7.264766508772228792e-02 -2.847783627076282964e-01
2.938335229830700168e+00 8.156628760243769261e-01 -1.932133974286833478e-01 -1.209242992324196242e-01
2.802623110654743233e+00 8.596038972547668244e-01 -1.620238192509593222e-01 -2.010738464709567186e-01
2.905335956867402647e+00 7.218716315620029578e-01 -1.280255607604575963e-01 -2.406909691469334422e-01
2.923712073579109560e+00 6.509852992458954324e-01 -1.456452194671920553e-01 -2.022991385210837212e-01
2.877357289347535207e+00 8.566357026511105532e-01 -5.576130849906985043e-02 -4.836511653590890858e-01
2.991227330464985457e+00 8.012093449754256191e-01 -2.003934738049667208e-01 -2.513685051544203297e-01
2.956241416733335736e+00 7.833435693353928420e-01 -1.253843110428818353e-01 -3.112543347687110051e-01
2.824315939617602300e+00 -7.004775279825339318e-01 -5.720298592486174234e-03 -4.117747493101847622e-01
3.015100365382143988e+00 -8.358869044465289111e-01 1.215351862344654921e-01 -3.187634991749295210e-01
2.907911765543149674e+00 -6.670098887948023858e-01 9.290510575785194958e-02 -2.252947807917309031e-01
2.943042077483934094e+00 -7.872436442089525421e-01 1.863050592903388036e-01 -1.024935313495109884e-01
2.874012842354874309e+00 -7.420099786861520386e-01 5.374494501693397736e-02 -2.585717062161917434e-01
2.820140290116252224e+00 -7.125340341796853050e-01 5.260198757387904434e-02 -2.306500541953793171e-01
2.959679143997574258e+00 -7.066989114295234575e-01 1.361799363116106554e-01 -1.587080876326874557e-01
2.895424932495868298e+00 -7.653957318932844700e-01 1.034832590492672233e-02 -3.585192318337167561e-01
2.889065883342571084e+00 -7.871315159740440714e-01 2.508252760851682403e-02 -4.169291601331390762e-01
2.932354971589659076e+00 -8.651856369161118332e-01 1.539714597605052471e-01 -2.186531855692541715e-01
2.950552930659026352e+00 -9.377497339515421526e-01 1.492277957520224685e-01 -3.143693299770222160e-01
3.002674141182547718e+00 -7.798960886151308225e-01 1.653004872379637280e-01 -2.192584966656317136e-01
2.885079292699940456e+00 7.248372753196959950e-01 -6.435169572378952874e-02 -3.967208893079569587e-01
2.976109748293149337e+00 8.018265953103359545e-01 -1.003133179203964803e-01 -5.278225227317097090e-01
2.872016775349058637e+00 7.132262053677320690e-01 -1.577898725688414439e-01 -5.305710715995406133e-03
2.952820668314916741e+00 8.980467307236064123e-01 -1.595704592055426363e-01 -3.596326241390046530e-01
3.023519317914770799e+00 7.907812447625189867e-01 -1.672096845878786875e-01 -2.581789939333110073e-01
2.903334057327781270e+00 7.436506189591938210e-01 -6.952985020946234052e-02 -4.020643704381114403e-01
2.874514807981829900e+00 7.723580070754472171e-01 -7.702307882145816020e-02 -2.535189134618759943e-01
2.987147735252676295e+00 7.988665646179918811e-01 -1.299443821055301929e-01 -2.236453295267003816e-01
2.976215507568505281e+00 8.937645805619424122e-01 -1.226475335792015509e-01 -3.714366206146842986e-01
2.844740695491401627e+00 7.681750495221165709e-01 -1.028795716202675209e-01 -2.971104712106053536e-01
2.876529900247152938e+00 5.732845236116571597e-01 -1.313757102790966413e-01 4.609445920772686778e-02
2.841960306687205229e+00 6.544557631108132156e-01 -8.198303497757514213e-02 -8.132169498874698699e-02
2.858737380788844096e+00 6.348992829531103776e-01 -6.176989837292214819e-02 -1.090873097602043373e-01
2.812138811706064168e+00 8.595110838562058930e-01 -5.719858906756424693e-02 -3.237208775586786214e-01
2.816124575670126085e+00 7.645088736492418047e-01 7.405468410048805794e-03 -3.582955076143246043e-01
3.088717748146796005e+00 8.760451052046420717e-01 -1.849312224539867988e-01 -3.715506355381896220e-01
2.803468110310386674e+00 6.748503292015339827e-01 -7.815213058764816645e-02 -2.074454184532795731e-01
2.946494860828930307e+00 9.538552974334881807e-01 -1.057944496880333929e-01 -4.065905712022429008e-01
2.851614626938349328e+00 7.964828381131828783e-01 -1.334765358950147918e-01 -6.064041028321690702e-02
2.861178391703954382e+00 8.345930548184007369e-01 -1.272318666472394000e-01 -2.453492735166896699e-01
2.849309736098852408e+00 8.062140405565344503e-01 -7.918803191519004081e-02 -2.774825500647183363e-01
2.843580086622737646e+00 7.475790066189269556e-01 -1.864195454782753836e-01 1.209460304878002060e-02
2.876694666830603264e+00 8.033719773593420710e-01 -1.493558078272249623e-01 -1.311389123125078215e-01
2.976384619074208260e+00 7.069052735425076506e-01 -1.159410084398855428e-01 -2.668346424777232606e-01
2.797147740444541064e+00 -7.627290537584701102e-01 7.385126350416609808e-02 -1.789672994140636408e-01
2.795985163847838795e+00 -6.878726788480057364e-01 3.871273812869170661e-02 -2.474508144178433622e-01
2.843935664881660497e+00 -7.780795324791527356e-01 8.593041068704969365e-02 -2.154172927146520422e-01
2.738695025334546340e+00 -7.367745008477802893e-01 4.353656966318913274e-02 -1.897595947343558298e-01
3.009633236260200739e+00 -7.528258307739507105e-01 1.645563225594969259e-01 -2.301919479944109503e-01
2.984231639128184455e+00 -8.984296936329644323e-01 2.973967631599445660e-01 -2.079799937073340543e-01
2.847282445270263640e+00 -6.690488459684232891e-01 2.029522962219440230e-01 -5.394112994273732309e-02
3.064386775451100497e+00 -8.449819102795593784e-01 1.531603165800907440e-01 -4.295719498777881284e-01
