1.205756184260035058e+00 1.116297172762994006e+00
1.251134176107196794e+00 1.152730289176452594e+00
1.361341569545056140e+00 1.265583332843851050e+00
1.276970163120078938e+00 1.175860578385795829e+00
1.212774573050906080e+00 1.268060052979896657e+00
1.162980170293331561e+00 1.071707651040575637e+00
1.211055778794381421e+00 1.212217046144882682e+00
1.105375456722838656e+00 1.234000042189569157e+00
1.241353740591942145e+00 1.213732587614909653e+00
1.264530491409038726e+00 1.098116501692058655e+00
1.246106116485715676e+00 1.083883560850258609e+00
1.136010457334411194e+00 1.083726697071811795e+00
1.325019829349615819e+00 1.350240108438323761e+00
1.231392714877077799e+00 1.276830631344185951e+00
1.189520982182043607e+00 1.057594251680618269e+00
1.104085674871044809e+00 9.811074386764886412e-01
1.206091023208756274e+00 1.158070325941090273e+00
1.290319953697423028e+00 1.338394061972411953e+00
1.289228570733557788e+00 1.218417524010913411e+00
1.191235657843930262e+00 1.196986968136547036e+00
1.426484151405656986e+00 1.328740583706478295e+00
1.255294736999330141e+00 1.186359737269068848e+00
1.118032424338100350e+00 1.091550150793156648e+00
1.258825267561863859e+00 1.309114468375404128e+00
1.104361479464187390e+00 1.059711290949059803e+00
1.151824052309811774e+00 1.029853151301749259e+00
9.745122431449504408e-01 1.130954365080885315e+00
1.269410238849360661e+00 1.281888452556414260e+00
1.289372656691459840e+00 1.105300900486759552e+00
1.255708861288785227e+00 1.181617912597141107e+00
1.332727958203490992e+00 1.227177537438168820e+00
1.104821050801244375e+00 1.272092722543410437e+00
1.230815236536484836e+00 1.126857431580019053e+00
1.230086514324766789e+00 1.227527914483584226e+00
1.162853405205125590e+00 1.180510018263310812e+00
1.344477549424371920e+00 1.209422939112226203e+00
1.087241625346740292e+00 1.123254054651617206e+00
1.246779390919523944e+00 1.106495851264567953e+00
1.246663919886949801e+00 1.226975064583886388e+00
1.311204624119351569e+00 1.191358885895703157e+00
1.098321217568301478e+00 1.206058433456012935e+00
1.446348906890398522e+00 1.210969974153812911e+00
1.355729575763542805e+00 1.308571724685598570e+00
1.331177881661478990e+00 1.100796284420558990e+00
1.197664073367928905e+00 1.107525812806596566e+00
1.377916473766538807e+00 1.113528785232924756e+00
1.304078858777270922e+00 1.179992237689938328e+00
1.207007012654075284e+00 1.161338323297077091e+00
1.203306265396792973e+00 1.219735806169458758e+00
1.208182490774180273e+00 1.300504059152156611e+00
1.244516013586563385e+00 1.073080215514332636e+00
1.186181768581287876e+00 1.208660157824756665e+00
1.215035820508722386e+00 1.091864013270693601e+00
1.251703849773186272e+00 1.141085006926852996e+00
1.074803890688832197e+00 1.048863886032331161e+00
1.143773014975498770e+00 1.122500109991990680e+00
1.253009624502302799e+00 1.182153032551389815e+00
1.134547686689326484e+00 1.259534548684981381e+00
1.238096465493377041e+00 1.048238734419175255e+00
1.278552999496182396e+00 1.160397482141273251e+00
1.165926429969368350e+00 9.912773239053718211e-01
1.233917026099649705e+00 1.012341397501535623e+00
1.309112956232555414e+00 1.396723880038387433e+00
1.259345746583861336e+00 1.104134651293871450e+00
1.420450116595076695e+00 1.272147718562911978e+00
1.178068657820305232e+00 9.728042392861089294e-01
1.262583159997760163e+00 1.241591417553842502e+00
1.198546815915311647e+00 1.121379575802596396e+00
1.076064663934809928e+00 1.059584909349365667e+00
1.174827267413421916e+00 1.088289668744553129e+00
1.231030113173021023e+00 1.074267506927401472e+00
1.205186038129525850e+00 1.057549882681048770e+00
1.249995802442174231e+00 1.106118768126387097e+00
1.257871640875942498e+00 1.026504010976170944e+00
1.337353122634441283e+00 1.113140690625671336e+00
1.273725592313550203e+00 1.178622851292836060e+00
1.118971473312944109e+00 1.160495839705088406e+00
1.421990160489593258e+00 1.340762704980009934e+00
1.392321576587087550e+00 1.147282116925496087e+00
1.098339440413920398e+00 1.239838744934807613e+00
1.285742602730095996e+00 1.276283014264805615e+00
1.239676008943763286e+00 1.125221707467397803e+00
1.287313750696391867e+00 1.254619755035634387e+00
1.129160632605341830e+00 1.361881882834808710e+00
1.374246987813358079e+00 1.165228797505746483e+00
1.094566089892292871e+00 1.041215047183232878e+00
1.217890171664675947e+00 1.103983686723360114e+00
1.116967480100514498e+00 1.285553173046282804e+00
1.196502688919544921e+00 1.201485681264413685e+00
1.091668405355820992e+00 1.252571781713818000e+00
1.350506275097158815e+00 1.225091761203584984e+00
1.209406048736836770e+00 1.130218737459859568e+00
1.143040565664924957e+00 1.141325870418614663e+00
1.313023451977758604e+00 1.402124926222610313e+00
1.295424162998930040e+00 1.155697742317345789e+00
1.334264484655252936e+00 1.187226367522487891e+00
1.310933479795539869e+00 1.187642715926060744e+00
1.217779116457919919e+00 1.060657245075772748e+00
1.222110784433599662e+00 1.083977023224012681e+00
1.275699807844284273e+00 1.313660082154467501e+00
1.212392655290279064e+00 1.248138045230718252e+00
1.161257620062548845e+00 1.130286980105080552e+00
1.264830067045222384e+00 1.146251986154371627e+00
1.180683824891453959e+00 1.241331225576251640e+00
1.355976807743071388e+00 1.250477023511071151e+00
1.275605766063935276e+00 1.178878976551862356e+00
1.360138383201679346e+00 1.169496104088351363e+00
1.130747202149438468e+00 1.278667789175364389e+00
1.189998566618287512e+00 1.163090586268246351e+00
1.118535072867281377e+00 1.017149709767628307e+00
1.304616224968376370e+00 1.252782757757869403e+00
1.246408714195069267e+00 1.144054744556580516e+00
1.457420178149414713e+00 1.369721648981612194e+00
1.263810632975284287e+00 1.026480066082969378e+00
1.244967610513500134e+00 1.185043086219493613e+00
1.270947975488137871e+00 1.224676999112511488e+00
1.092206813202076132e+00 1.080474140444289466e+00
1.130308132958613987e+00 1.152984606760480091e+00
1.184701177243741688e+00 1.065359292568444749e+00
1.147444802002955067e+00 9.122827434504865440e-01
1.331130504230225498e+00 1.341038565176153607e+00
1.371203800323080868e+00 1.210456394526863377e+00
1.169509379961460871e+00 1.182983368646142175e+00
1.352936905022591674e+00 1.056327200502022556e+00
1.208721853464520102e+00 1.254680542120401698e+00
1.378959092754317606e+00 1.265782422801609020e+00
1.143080356906484019e+00 1.066767048782276461e+00
1.193765719425728733e+00 1.116029827941477315e+00
1.196967381981282497e+00 1.128460716454593449e+00
1.309972778762162449e+00 1.198903526334569536e+00
1.264104834191900562e+00 1.183461617410390465e+00
1.147153145967217291e+00 1.112150305901111524e+00
1.366690809467961509e+00 1.192967814034340934e+00
1.312097558291135391e+00 1.215053657228537087e+00
1.197375430995951451e+00 1.132924582263100888e+00
1.221492812906685543e+00 1.249125737509342748e+00
1.238165811288342910e+00 1.334959338772892190e+00
1.123492481633388884e+00 1.219739186215723414e+00
1.335618748627364294e+00 1.253168769505325519e+00
1.171565038148956850e+00 9.857955381225906866e-01
1.396738631570662692e+00 1.278017690155177410e+00
1.276426210733976330e+00 1.105120204117798988e+00
1.272191475319942811e+00 1.281262869822277883e+00
1.276839244488088054e+00 1.239338812221083552e+00
1.168235846390593746e+00 1.123488819624547608e+00
1.226159408708619392e+00 1.177905635721049116e+00
1.184020882498338478e+00 1.071467044500003629e+00
1.205305538590771386e+00 1.123247077699843777e+00
1.424962074590030436e+00 1.356974880993802923e+00
1.354782152387578709e+00 1.134532488444649490e+00
1.198853360691480852e+00 1.145292073868842131e+00
1.226499234254238679e+00 1.083225065871446402e+00
1.143344309368455880e+00 1.158791338523308623e+00
1.273847707257917072e+00 1.001489992364801296e+00
1.158596500087665682e+00 1.165340859196172696e+00
1.183421693550283038e+00 1.149158858086724466e+00
1.203176571108508064e+00 1.211333677596598379e+00
1.131851784717916587e+00 1.155141387381794837e+00
1.240753204682386146e+00 1.163524264753985626e+00
1.352967518155178794e+00 1.152288753399351995e+00
1.305030856830050601e+00 1.165687755884798227e+00
1.210093263042529177e+00 1.033895026095020819e+00
1.221802269296943244e+00 1.226123675314837902e+00
1.167424203270625016e+00 1.191433578202480748e+00
1.194227446278879334e+00 1.083767844138487035e+00
1.246440409769436597e+00 1.142843214311160205e+00
1.256836091482379736e+00 1.199754461256835381e+00
1.342531078453688798e+00 1.145068241610988524e+00
1.186351442747821450e+00 1.108194041624636084e+00
1.175967697448645932e+00 1.079133580250164481e+00
1.389669232928043341e+00 1.239734766423083778e+00
1.214733949552254888e+00 1.260854807195554539e+00
1.418922543899345134e+00 1.298645526807756356e+00
1.158787967236486027e+00 1.040181942555251426e+00
1.200949453328651773e+00 9.993130742126350441e-01
1.152526141170742813e+00 1.010426725622681987e+00
1.099102710812602579e+00 1.273694020629369650e+00
1.212117723476419329e+00 1.124657817061911036e+00
1.334342572531319160e+00 1.291306570896687766e+00
1.235433723183582799e+00 1.104696703093265064e+00
1.272140091356211533e+00 1.271303399400942613e+00
1.209042494968821879e+00 1.217559539364211796e+00
1.277783583762074793e+00 1.216653411338745272e+00
1.059012074804298154e+00 1.118782287229212802e+00
1.246459099975983253e+00 1.202903580982058740e+00
1.201143079071715025e+00 1.161727643823018852e+00
1.124782711677857705e+00 1.188683624690811680e+00
1.196919225655662222e+00 1.109222615098214293e+00
1.031600263811705664e+00 1.175081381241295242e+00
1.274716737253150933e+00 1.174637854648438395e+00
1.332336245545649556e+00 1.128883329616608089e+00
1.146080570146907229e+00 1.025430161333070966e+00
1.347870632060410356e+00 1.200173795193837822e+00
1.091958897808610551e+00 1.213970231606683381e+00
1.296747481728398821e+00 1.283632741933229848e+00
1.138459812155099504e+00 1.262953155449581866e+00
1.239111776908622620e+00 1.188488447310004137e+00
1.197478197714660686e+00 1.141267781016259919e+00
1.176056680075609151e+00 1.199471330540071712e+00
1.236821387218144830e+00 1.219825846581830131e+00
1.153476785245968417e+00 1.242560537992688730e+00
1.193463490996285570e+00 1.171318516101833795e+00
1.235004307176838179e+00 1.257034929899384146e+00
1.256017783376462749e+00 1.195851600449273411e+00
1.234548114866093060e+00 1.164634848426707947e+00
1.174763909199842526e+00 1.015179590133793885e+00
1.297503587385963275e+00 1.121597875950438583e+00
1.148916478891077952e+00 1.312311423572908753e+00
1.075199718061129461e+00 1.133012914352357958e+00
1.165636089436319578e+00 1.144523528472927154e+00
1.290846448620458498e+00 1.230128796473342057e+00
1.175172755216665088e+00 1.157550910706069525e+00
1.185329352053962726e+00 1.206909099464366086e+00
1.068300687516140490e+00 1.215107018197236322e+00
1.182829404887657976e+00 9.191407353308413963e-01
1.195110287197006294e+00 1.067636358331915725e+00
1.301165177361454539e+00 1.163502272345601884e+00
1.257163175106823294e+00 1.315033195720641368e+00
1.167569952594407434e+00 1.045889427712913600e+00
1.359867538560692646e+00 1.258225393530439939e+00
1.064734553374522275e+00 1.037747682536617644e+00
1.258750434491809012e+00 1.179183910795785328e+00
1.116777440445868796e+00 1.192475532502416113e+00
1.300482204234965300e+00 1.296046906925811815e+00
1.274705104241496301e+00 1.340197796328412183e+00
1.194613432017700871e+00 1.095055139392193899e+00
1.172049492767200940e+00 1.122924994373154517e+00
1.360868489194645425e+00 1.184358894104583060e+00
1.370724585606403645e+00 1.216797343614190119e+00
1.299462687711587794e+00 1.232293278711907858e+00
1.234142993086697393e+00 1.245185697683638404e+00
1.327179526940194920e+00 1.159657232819635286e+00
1.434275494869932999e+00 1.367050719047536944e+00
1.149314463571323275e+00 1.075837033627817574e+00
1.066509504376866646e+00 1.120330934126330558e+00
1.144132077918981638e+00 1.235273824331584169e+00
1.240011883527284642e+00 1.295218160686136821e+00
1.115483360785125999e+00 1.184674458649229489e+00
1.119766747783342620e+00 1.208280051909517594e+00
1.107094132658537289e+00 1.054812130131799197e+00
1.187233485769983554e+00 1.106609446753800796e+00
1.180015533430462060e+00 1.082306261618243504e+00
1.193159645746127540e+00 1.220265723221653387e+00
1.268577078840830374e+00 1.214554404665342702e+00
1.344921536870685941e+00 1.149183740811474008e+00
1.304212941982797025e+00 1.129291829199594588e+00
1.203590137826977324e+00 1.113611082358327620e+00
1.329995276673255900e+00 1.081003043907900363e+00
1.332289609871044611e+00 1.249905652820174184e+00
1.280778849686039278e+00 1.193383748285284263e+00
1.363490786744223637e+00 1.181285211503877219e+00
1.228112553536566898e+00 1.327551117131315683e+00
1.214433746243657852e+00 1.175055707476560851e+00
1.262913853062087366e+00 1.199637039699704477e+00
1.418843055386911356e+00 1.275687923221039188e+00
1.224474783767706576e+00 1.054031071026433564e+00
1.208087560860923615e+00 1.055236143190950493e+00
1.208145082342599208e+00 1.129186356810162772e+00
1.461919343799066295e+00 1.303877948225652172e+00
1.212986804776799765e+00 1.163809135657721816e+00
1.394690978347714827e+00 1.244713067075917667e+00
1.214019147855010639e+00 1.122976642053449936e+00
1.147989925599531169e+00 1.135702073045452565e+00
1.337719817769012831e+00 1.140488166651957069e+00
1.283940397961250479e+00 1.157172315454527256e+00
1.238407854949202358e+00 1.083810811623637571e+00
1.256215680109375343e+00 1.120420733023016258e+00
1.200776004351098214e+00 9.935197965147747334e-01
1.331011962591655662e+00 1.121556601961138933e+00
1.179935179324886452e+00 1.133058103941259276e+00
9.671628957553700667e-01 1.139740485824974892e+00
1.345413463438600132e+00 1.264004949084484908e+00
1.251214786001736634e+00 1.269047884608935473e+00
1.341392449559302369e+00 1.250512615880470912e+00
1.278215102571562456e+00 1.095164710678526498e+00
1.311108473541944486e+00 1.186488186299473169e+00
1.218032405624421610e+00 1.268443273565318830e+00
1.251287295058592708e+00 1.175389125127945800e+00
1.198997991912566174e+00 1.142730312158880768e+00
1.072214593819958317e+00 1.124074569205349761e+00
1.261205908167026823e+00 1.230721572729037261e+00
1.124002071547019588e+00 1.122031331329160775e+00
1.226643171542578292e+00 1.254024235771059592e+00
1.329160088450908717e+00 1.229800042491522749e+00
1.089134411405743963e+00 9.578434887415174792e-01
1.232911720511075337e+00 1.187679867095136954e+00
1.195119767976428493e+00 1.333185377966178198e+00
1.242895777972451210e+00 1.148638089781411908e+00
1.251355667788333070e+00 1.291468717284525836e+00
1.132169583901808441e+00 1.186775072589766777e+00
1.147316191826908582e+00 1.098391953721361336e+00
1.232961447163031465e+00 1.065871754591310561e+00
1.205249938320746006e+00 1.281175889711846816e+00
1.243843841551364182e+00 1.018587587778764014e+00
1.145356531012037937e+00 1.161223908408153482e+00
1.346084480207315526e+00 1.291916588110743502e+00
1.059098238933388947e+00 1.065669380918082165e+00
1.144051086389959337e+00 1.246856704553638284e+00
1.297260306705618094e+00 1.275383294862320271e+00
1.355635790291052967e+00 1.194665201829148371e+00
1.279980681026978706e+00 1.076357780584600077e+00
1.073959559001357311e+00 1.029715714350084577e+00
1.301308434162928629e+00 1.212688445109070701e+00
1.048912072556322572e+00 1.129426925610659049e+00
1.257495897194004009e+00 1.162831184355386460e+00
1.321576362748382749e+00 1.203582972630788728e+00
1.299617670550938797e+00 1.285112074457849474e+00
1.184002662521043359e+00 1.021195673796019721e+00
1.309088886598720247e+00 1.209277472979935153e+00
1.036479457687165429e+00 1.104495726483961660e+00
1.323122514348720191e+00 1.356086191229060711e+00
1.216991108062426052e+00 1.283337681723897949e+00
1.230060103310523179e+00 1.311362790569404302e+00
1.335389207920031351e+00 1.260489586243131344e+00
1.200835328583137240e+00 1.145794522416178518e+00
9.106966654917584281e-01 1.237724562419882934e+00
1.227773015299570281e+00 1.128053573350402017e+00
1.209163720652839169e+00 1.179602551429620227e+00
1.264591091185291782e+00 1.176178904763369948e+00
1.209718266494951955e+00 1.093805287549666216e+00
1.375892548439898055e+00 1.316716711085326841e+00
1.198864013347771929e+00 1.139176874321925270e+00
1.130760161598163727e+00 1.138762266905893439e+00
1.301719422171286222e+00 1.337235021085926512e+00
1.221812531180762607e+00 1.119355099836385703e+00
1.174530124673419440e+00 1.273171257611287022e+00
1.333940473793457926e+00 1.164121476746048822e+00
1.194744626147940192e+00 9.756771805635695571e-01
1.211247211461837336e+00 1.233613637631493010e+00
1.350252548800215724e+00 1.155541982355120290e+00
1.205800313950295966e+00 1.249801338548180762e+00
1.237383513012285441e+00 1.303443059165267481e+00
1.124912482790169088e+00 1.238736387880637224e+00
1.221676351610173406e+00 1.115501770581488472e+00
1.387198765904473774e+00 1.242671927705348622e+00
1.376326460433979548e+00 1.247111232960981031e+00
1.226996372845043703e+00 1.331661021964390734e+00
1.165038911571106395e+00 1.204822880082949021e+00
1.203833071702615332e+00 1.081967235508468628e+00
1.177031618881451580e+00 1.156344345008446961e+00
1.222943690500724045e+00 1.019096439945544441e+00
1.126766728948972895e+00 1.148629904527677992e+00
1.174762040694501852e+00 1.216145738817782318e+00
1.268173028741210739e+00 1.139153715666903155e+00
1.193126317569553674e+00 1.204959932934096090e+00
1.116515315712776291e+00 1.201036027532512485e+00
1.005335692612624010e+00 1.074731417973474823e+00
1.224788433485445083e+00 1.155987767330425520e+00
1.095158171852163465e+00 1.154940220363969150e+00
1.243192375328062704e+00 1.224294913365449933e+00
1.198976947752678157e+00 1.141037732312850661e+00
1.096894014476076373e+00 1.144119808105065861e+00
1.304400129000344188e+00 1.317354600798308795e+00
1.366320202570853182e+00 1.358284106626294507e+00
1.123177766779646092e+00 1.179208417363241335e+00
1.228806995944232039e+00 1.170285428359572721e+00
1.329709934951906591e+00 1.147500220589900088e+00
1.184353708640939029e+00 1.146237594907839163e+00
1.205921277785216850e+00 1.132285693748134481e+00
1.162284320456327125e+00 1.174036110843726721e+00
1.163319899959543768e+00 9.385628528727927300e-01
1.151814299043377510e+00 1.054337379352561443e+00
1.212515917981414004e+00 1.116777195099578623e+00
1.236360887370153705e+00 1.252513067830264948e+00
1.198901466385452030e+00 1.039276517576976699e+00
1.243052611569925858e+00 1.156499231730192534e+00
1.260636064732690853e+00 1.222141286487717471e+00
1.222065628400996307e+00 1.207730048877738271e+00
1.238586289440027466e+00 1.138433947020677905e+00
1.148994550871609954e+00 1.101885906329592268e+00
1.226964347005378819e+00 1.252805314971552564e+00
1.147565706558335785e+00 1.151647323619123142e+00
1.088927264798796424e+00 1.061667909695028333e+00
1.211037018544169230e+00 1.158187312658209844e+00
1.203835713565207355e+00 1.063774357868495946e+00
1.253353094792654110e+00 1.221261116594587692e+00
1.182515844315096265e+00 1.178708465249238113e+00
1.378837687288758884e+00 1.361033635369226058e+00
1.205898916232544860e+00 1.135846636057986858e+00
1.261381668816919044e+00 1.232139135002420893e+00
1.142985231504557886e+00 1.229996744376041118e+00
1.107955168245686961e+00 1.183755623123955214e+00
1.352752597454473182e+00 1.264565193157331402e+00
1.285842615115498022e+00 1.237577345932348249e+00
1.340651121216023478e+00 1.159449644853649541e+00
1.281199115381823628e+00 1.341788342178994675e+00
1.131435544304164820e+00 1.209957018516981897e+00
1.312086465616714159e+00 1.262863705818728866e+00
1.270867933758440094e+00 1.158072541002006961e+00
1.158233491849340879e+00 1.148609540480644897e+00
1.240718642484869072e+00 1.329451745612811653e+00
1.155314111505841179e+00 1.144374390506615047e+00
1.025061376894823795e+00 1.202507450725984528e+00
1.366192771108567072e+00 1.277800583188865025e+00
1.270479123015260559e+00 1.136669083807984482e+00
1.214390037876525774e+00 1.242524624071267514e+00
1.290051874164414247e+00 1.270943426323545511e+00
1.116443641837073342e+00 1.127737928638055998e+00
1.108856916558307537e+00 1.058510634176501819e+00
1.254471020563439509e+00 1.255058653354395259e+00
1.255678654610582479e+00 1.247277041443649592e+00
1.166591187414348196e+00 1.226826936824373604e+00
1.279545940804321713e+00 1.293798173365541704e+00
1.295999099895429385e+00 1.186266703516502430e+00
1.513643720581356211e+00 1.268797331813977136e+00
1.290737097631074581e+00 1.428948802034259336e+00
1.393173440783665340e+00 1.232144784331115517e+00
1.086075550289534508e+00 1.059610106959000042e+00
1.154890766434417682e+00 1.254445549766484813e+00
1.332724068357763691e+00 1.136824328617776603e+00
1.284158440440073878e+00 1.161015538621436471e+00
1.155019252001031616e+00 1.144131508755775961e+00
1.257805340842575337e+00 1.199040417005136527e+00
1.219035023847777177e+00 1.145362013657178046e+00
1.114238098146204337e+00 1.138107328196393597e+00
1.169971850517868228e+00 1.122806383489247217e+00
1.337591205911379033e+00 1.356416270992966355e+00
1.295725628980999522e+00 1.244151390328245954e+00
1.150562032744657293e+00 1.128615285744787533e+00
1.308266176137193648e+00 1.303052538856353637e+00
1.285819904436712235e+00 1.131785524316725633e+00
1.166830648029612671e+00 1.122672580120103181e+00
1.277708287738701820e+00 1.224157961207818390e+00
1.218018063334688206e+00 1.181766754833496247e+00
1.185121421631582850e+00 1.194285122817522193e+00
1.433538087715814591e+00 1.181232610316509613e+00
1.398401466345664979e+00 1.323939924900822351e+00
1.284274707629106560e+00 1.104423150534706188e+00
1.139493607894760618e+00 1.200637281991766114e+00
1.269384325523201351e+00 1.198649584540663282e+00
1.151328232884869962e+00 9.738502936753166139e-01
1.232600473323268719e+00 1.121590682330193101e+00
1.482216045714097374e+00 1.444279888420424429e+00
1.305766953798080054e+00 1.351029153453685128e+00
1.480933651349379154e+00 1.343890041782497269e+00
1.127806880607943096e+00 1.262178720860957171e+00
1.156797590949998122e+00 1.192212172137984139e+00
1.254680653462596274e+00 1.080694738821497358e+00
1.155718524113048096e+00 1.258178763868645911e+00
1.169440139149262814e+00 1.139915747735903873e+00
1.299669409034480250e+00 1.405420377667314646e+00
1.211125757064819952e+00 1.135745691517382028e+00
1.044717314756851367e+00 1.063504075739718058e+00
1.169335617923881188e+00 1.218540549325859423e+00
1.278225140531684900e+00 1.210475833970801940e+00
1.170633507606477552e+00 1.217378039126692402e+00
1.236915633383327773e+00 1.149750711418850546e+00
1.190009173391716413e+00 1.149885241366551458e+00
1.289935687768118955e+00 1.086116908505721401e+00
1.108053318075648885e+00 9.092674963778206720e-01
1.298267116449522307e+00 1.364005689749223427e+00
1.002102197273638584e+00 1.249887816313143496e+00
1.363376062768207220e+00 1.192097939523767858e+00
1.112086851647263064e+00 1.161748176502127139e+00
1.257848609098279002e+00 1.164756630529427683e+00
1.258978565778006820e+00 1.147817841448020459e+00
1.342864874221289639e+00 1.076603272685688673e+00
1.304972727677020439e+00 1.147077289435313840e+00
1.345242378773401581e+00 1.462449023408774362e+00
1.222730757002657320e+00 1.159952688419124023e+00
1.334408626425640287e+00 1.264484688884763175e+00
1.252349040178455830e+00 1.170968867264230440e+00
1.257156458875891891e+00 1.123282835535721835e+00
1.302270807410248699e+00 1.199931712514406446e+00
1.253200542466879730e+00 1.206415692034802811e+00
1.061291921835689767e+00 1.162646060908894663e+00
1.160882309738345608e+00 1.204746636512247671e+00
1.356296559294924764e+00 1.268153245498282233e+00
1.002034464802975311e+00 1.142499923519862737e+00
1.565265593702468427e+00 1.345908894953128598e+00
1.123111306708148849e+00 1.193960778977863235e+00
1.136784198397075896e+00 1.067273296606993105e+00
1.289387361115583275e+00 1.107411632061894080e+00
1.186990112349598281e+00 1.085599208783928349e+00
1.216301553836646621e+00 1.117193260075267425e+00
1.254638098520201250e+00 1.266583319423097764e+00
1.392302262095356680e+00 1.129942385931356874e+00
1.178087150260922478e+00 1.081126584421768788e+00
1.241846863627326325e+00 1.122955258119274324e+00
1.142447763533264604e+00 1.294782145954971542e+00
1.266300344489142082e+00 1.224371614790304985e+00
1.221050911825919183e+00 1.251508533943940016e+00
1.384561197162251123e+00 1.413466305745040286e+00
1.379621757986635666e+00 1.228053085373674191e+00
1.200719916950085731e+00 1.114514821556656265e+00
1.479451852767524667e+00 1.179636483304253636e+00
1.234849598514567992e+00 1.115972854935419534e+00
1.220989866553563674e+00 1.215671692686317806e+00
1.338666613780775450e+00 1.223235574332893316e+00
1.178207532793203782e+00 1.156118944956182171e+00
1.059156879063234857e+00 9.371986544222316029e-01
1.180126744762696633e+00 1.200160095294059426e+00
1.302504907742691342e+00 1.151895731887845775e+00
1.265375915508628601e+00 1.116135781529887350e+00
1.287663338621131137e+00 1.201479065461696027e+00
1.278889756766294017e+00 1.199716381893874972e+00
1.108851782085397586e+00 1.126467374032088964e+00
1.305304679255102407e+00 1.351266299574795049e+00
1.055684275180542642e+00 1.051141271671662381e+00
1.206340807683848215e+00 1.213496326611389176e+00
1.213104371710105767e+00 1.017944963491305144e+00
1.209926762248704879e+00 9.777108447554809789e-01
1.207837883008313407e+00 1.321726827647933478e+00
1.187306494489533737e+00 1.169884548137049229e+00
1.306950356545699687e+00 1.306650462377982880e+00
1.385286742070756416e+00 1.300661742376534757e+00
1.273124711797711139e+00 1.192999174271374363e+00
1.204055238369586611e+00 1.136439268544065628e+00
1.234471209810477088e+00 1.248937519172764077e+00
1.334554467458499705e+00 1.176523807811523659e+00
1.206149552399542690e+00 1.137050378602885159e+00
1.193035502141324367e+00 1.214780644133461873e+00
1.270468872833388607e+00 1.242195989013608948e+00
1.156766595837690481e+00 1.224617655140581185e+00
1.151454429658228973e+00 1.182013728852552070e+00
1.246725997000575736e+00 1.143059157306906881e+00
1.215264576818166242e+00 1.087865540198725167e+00
1.268775278017384656e+00 1.286793031931661613e+00
1.221142340212842958e+00 1.089272027671688292e+00
1.286732517548348165e+00 1.184355809196013576e+00
1.338623364857628895e+00 1.200530711885712476e+00
1.151909466991753783e+00 1.187617538543504603e+00
1.256969979096198120e+00 1.192239145398011457e+00
1.268688203186120855e+00 1.119274027616758982e+00
1.312095771919021159e+00 1.279520978649704599e+00
1.073866862713840131e+00 1.144256587034720996e+00
1.281456161155837714e+00 1.286794075034725093e+00
1.243281567902238427e+00 1.093949025362432659e+00
1.249404690574929200e+00 1.129865340694782949e+00
1.322609734816232674e+00 1.247761176427954588e+00
1.203390012349317750e+00 1.181461419556192327e+00
1.358892072317229971e+00 1.305670680253674387e+00
1.275004350941830955e+00 1.102644885663165653e+00
1.221345648365934622e+00 1.250780287759726273e+00
1.074288756822107560e+00 1.317614550911268001e+00
1.229911927912988645e+00 1.114803916530616501e+00
1.492436165949213578e+00 1.168370238104108338e+00
1.232557750518313844e+00 1.135511571765218219e+00
1.108252552217123155e+00 1.011465891074696533e+00
1.152141135252020554e+00 1.199801784388180526e+00
1.186047741778724518e+00 1.151059593768814615e+00
1.350892160106869744e+00 1.178547215115790303e+00
1.171980336932722633e+00 1.133463198719398601e+00
1.207882316246859933e+00 1.104780657822135526e+00
1.214010203679428690e+00 1.142979101269616660e+00
1.135727914895407586e+00 1.088815285090636964e+00
1.168960132306354094e+00 1.300452975417217605e+00
1.262474433077830804e+00 1.172904478227793312e+00
1.263004379756471174e+00 1.132660734178014605e+00
1.214594913021194156e+00 9.390135793391789498e-01
1.388651874320471435e+00 1.406209026325845768e+00
1.268258091808845078e+00 1.265010495711649030e+00
1.307242762530207880e+00 1.304946263025033026e+00
1.224592719914700645e+00 1.138719943725582828e+00
1.367915134186926451e+00 1.186391401921787825e+00
1.162238115094586854e+00 1.116911991383660707e+00
1.250804082887166047e+00 1.265970696338107659e+00
1.136703555543838950e+00 1.130831562728198181e+00
1.236488148103447315e+00 1.064994648966053115e+00
1.093720615960690035e+00 1.141516548748703785e+00
1.327422960244720063e+00 1.285166662000012616e+00
1.243793231067448879e+00 1.209647855849191878e+00
1.233959301568987366e+00 1.270909306237146374e+00
1.408062175640808933e+00 1.353170958120498257e+00
1.318379757113536721e+00 1.248121699447372723e+00
1.276171578509952553e+00 1.196786304861165329e+00
1.179848361336600870e+00 1.314209429945338625e+00
1.225599960063009641e+00 1.068837212973215545e+00
1.083237120790301544e+00 1.113513381931911406e+00
1.375482425742892811e+00 1.289705868386709309e+00
1.323414801552778464e+00 1.298300886045279601e+00
1.062677974801343739e+00 1.154241202813113487e+00
1.259835776983644795e+00 1.257381880145156838e+00
1.465605021824799792e+00 1.186404633456693336e+00
1.156304239037767578e+00 1.102769468284462873e+00
1.076810232967911674e+00 1.104902872525632018e+00
1.221179447344285851e+00 1.045047627374936505e+00
1.128877943811876783e+00 1.130843918426142292e+00
1.405106956572235610e+00 1.388909710979213896e+00
1.275159369187381486e+00 1.155664434759915871e+00
1.226740127784821333e+00 1.128328736904964824e+00
1.293077890668582253e+00 1.190775539434910657e+00
1.183381861936287915e+00 1.251768829221706847e+00
1.135894156744016614e+00 1.137202915833379624e+00
1.156868325214378324e+00 9.498198843208721653e-01
1.275171305436448410e+00 1.185206798080927548e+00
1.146413385877454560e+00 1.167217631326221028e+00
1.244378506888500713e+00 1.232269190251683799e+00
1.227446442163556473e+00 1.116670156762375354e+00
1.302324980236475138e+00 1.069578891560837519e+00
1.251016819817379222e+00 1.225191066065124845e+00
1.205962411933165557e+00 1.123418595216703952e+00
1.172350245215763698e+00 1.105171630788860160e+00
1.152977458751418549e+00 1.177621243425813757e+00
1.294579578441586110e+00 1.250593523019202902e+00
1.089529593968189713e+00 9.835174289101459300e-01
1.149352243489978331e+00 1.171869415154858984e+00
1.401518771231557547e+00 1.295072773393855625e+00
1.183174420187560250e+00 1.231594173830854677e+00
1.134358104657646971e+00 1.301134508709190341e+00
1.400634743667755311e+00 1.272715119859177513e+00
1.345682361771069813e+00 1.311949652538585198e+00
1.309787263717216543e+00 1.288808521075121671e+00
1.043668550183169064e+00 1.042040777293240961e+00
1.220885784741627900e+00 1.182034872244154711e+00
1.322407168128893140e+00 1.202778184449826870e+00
1.357809055901138873e+00 1.313154038841291893e+00
1.262177321855402434e+00 1.128809049818735533e+00
1.214446545205477124e+00 1.185520915082355797e+00
1.281956043182907568e+00 1.340498413438965253e+00
1.373354123812613237e+00 1.285415032195884599e+00
1.371827644005399804e+00 1.138689406572596541e+00
1.130377372402231906e+00 1.124293386451356902e+00
1.129850735918303872e+00 1.065160424848003995e+00
1.221901579381740932e+00 1.187686626643934984e+00
1.362176568054023873e+00 1.251346062713753149e+00
1.076885484950889760e+00 1.109976470484887789e+00
1.221767299785594396e+00 1.108563425934046887e+00
1.142981527876836489e+00 1.162839864603973483e+00
1.161051016366485777e+00 1.079654340755359154e+00
1.128977921314330723e+00 1.284358012374087865e+00
1.324196320166787233e+00 1.372551043227170808e+00
1.186328640655804900e+00 1.109196259543794305e+00
1.393712595894467832e+00 1.361251124864345075e+00
1.149593465040999574e+00 1.106245332186184038e+00
1.363977228694031263e+00 1.359472857871381057e+00
1.136812621177905713e+00 1.251736378413718098e+00
1.160697801472343471e+00 1.155878331411529514e+00
1.233166891948982213e+00 1.226804252251240790e+00
1.301597914697024017e+00 1.202477876144730562e+00
1.277047712791477885e+00 1.160510830919796010e+00
1.256421363610068731e+00 1.194938375772812922e+00
1.256213132162651069e+00 1.188588292305279959e+00
1.203642173607452293e+00 1.078361845229664606e+00
1.298107776835036864e+00 9.437860667010005145e-01
1.171617431106844798e+00 1.112798019103525382e+00
1.336071937004460475e+00 1.285147091478914483e+00
1.272609634343490503e+00 1.199414493030117823e+00
1.266626470996451648e+00 1.285193838381929243e+00
1.196637453095754422e+00 1.221133077223983232e+00
1.167536503574771345e+00 1.118344085218136996e+00
1.240595124621302059e+00 1.443762641552089887e+00
1.298720334002627652e+00 1.109807448170857969e+00
1.296085870952718988e+00 1.135406672235145464e+00
1.167174078415837535e+00 1.264281825998479158e+00
1.286679182382738595e+00 1.202785375807071899e+00
1.207542039124692712e+00 1.086950151624500815e+00
1.372304401252740114e+00 1.181885478008292578e+00
1.324433321471095271e+00 1.179764453864049045e+00
1.214681066601741577e+00 1.140646317016133615e+00
1.368187291597266153e+00 1.169261958601794937e+00
1.356263807424189283e+00 1.299248817445222359e+00
1.247454568570713684e+00 1.027341346187356619e+00
1.088186575708555148e+00 1.191240711194675006e+00
1.223113661576378464e+00 1.335020562931190646e+00
1.128580167682382562e+00 1.099788804047284740e+00
1.153622758893333211e+00 1.169370318109086426e+00
1.268493815197453189e+00 1.270366014692815071e+00
1.185506127067587290e+00 1.229911823487854328e+00
1.162874650629025508e+00 1.200536227420555990e+00
1.203278090287001501e+00 1.175595608568369643e+00
1.315194620902374600e+00 1.298018565220961928e+00
1.304524667189240095e+00 1.222496472366741527e+00
1.199687808123731436e+00 1.164999091508502893e+00
1.060486084777265692e+00 1.210628005727886647e+00
1.163655208823026754e+00 1.210660246195735867e+00
1.193038107399702064e+00 1.147328280839502224e+00
1.284005611521002344e+00 1.090134698126911994e+00
1.361706833178056852e+00 1.284349731211575918e+00
1.289284706523218915e+00 1.109696668910513884e+00
1.205906425540468119e+00 1.137976251619737811e+00
1.279986419890033478e+00 1.134719761582300590e+00
1.321316896298041277e+00 1.187801175356818506e+00
1.274245228791907270e+00 1.209037644259605582e+00
1.353279213190883068e+00 1.130901383384242287e+00
1.053921013663689621e+00 1.273444229843672115e+00
1.419451551354022012e+00 1.245240397109631969e+00
9.946142080939313068e-01 1.158964929489910478e+00
1.246948213602347977e+00 1.056792290000912127e+00
1.405921938890040357e+00 1.239640894993241815e+00
1.200757113531180531e+00 1.114072825306068104e+00
9.935911625209333797e-01 1.084552131603075509e+00
1.011363863479445069e+00 1.095431798862453565e+00
1.091518185075390335e+00 1.126910589029954002e+00
1.164272715846106809e+00 1.159253914224039450e+00
1.251561263211532271e+00 1.147353902904601375e+00
1.372797949915646853e+00 1.252625196242741046e+00
1.176256607999503601e+00 1.120876220243537169e+00
1.049667489634174666e+00 1.241221174189096610e+00
1.147887025422622997e+00 1.185982563197470085e+00
1.436088237821562696e+00 1.284724747666571298e+00
1.277082696896001179e+00 1.084169257699139965e+00
1.348281535317953139e+00 1.299700263758635455e+00
1.206586175664104532e+00 1.117011180760285161e+00
1.279653021506247601e+00 1.219789876682250140e+00
1.336862680787020752e+00 1.156256222631468988e+00
1.326783944837908402e+00 1.133627526863850932e+00
1.361321886109483570e+00 1.331911510799204557e+00
1.199897824807292679e+00 1.205224448758948963e+00
1.308423425770038673e+00 1.212993558563854712e+00
1.231177589127294469e+00 1.317453325944629050e+00
1.227185195919392457e+00 1.233516191728236677e+00
1.437963367503066525e+00 1.307871791142226847e+00
1.349325879527314864e+00 1.140479548783475794e+00
1.184481778441392352e+00 1.178715244808159479e+00
1.347041081682156749e+00 1.058910027393383357e+00
1.164213095593895408e+00 1.047071343670284982e+00
1.010029332391205070e+00 1.139482639040642953e+00
1.460318161963536365e+00 1.242419900632025342e+00
1.149700936412272556e+00 1.271255850231505891e+00
1.266106740131474506e+00 1.123335575150258947e+00
1.253653168357711456e+00 1.232258591126586422e+00
1.446866710395999567e+00 1.197213873831586284e+00
1.140000270526355219e+00 1.083608210433233410e+00
1.225470704117361587e+00 1.167657449197532227e+00
1.084246317914575819e+00 1.006361042340562006e+00
1.368771316854232145e+00 1.289654732011708438e+00
1.203713189524714844e+00 1.324175986136627570e+00
1.120190602523616796e+00 1.089272233134651824e+00
1.231990578605298925e+00 1.128806364527432882e+00
1.194123666353627211e+00 1.156628220170287324e+00
1.171272505360100968e+00 1.172156314305262015e+00
1.294162739822057651e+00 1.179381870873340121e+00
1.235168852091927061e+00 1.240547263685558566e+00
1.233656412099509936e+00 1.292302139554874829e+00
1.395083702375470525e+00 1.333284224140645069e+00
1.199488943151691522e+00 1.100392342903806941e+00
1.128854084222922882e+00 1.308445489043338128e+00
1.283335821350644501e+00 1.113711261978538314e+00
1.161763633808976293e+00 1.046122970055372692e+00
1.216792360866844946e+00 1.164339275628830439e+00
1.182378262911378597e+00 1.143238559074568395e+00
1.150493077708883316e+00 1.178969607292537525e+00
1.263470500824252607e+00 1.216810670502041614e+00
1.534985342131595543e+00 1.377065281740170510e+00
1.266664646209524570e+00 1.271042724454375827e+00
1.084503731469846244e+00 1.103251944837972953e+00
1.160400325895974749e+00 1.122979096014246947e+00
1.225208997029957114e+00 1.243282148480354898e+00
1.483376008118878042e+00 1.363181517536152576e+00
1.296699642246958994e+00 1.075788860980869233e+00
1.224321260004126666e+00 1.175032593262983038e+00
1.421791074483527151e+00 1.077652864910596531e+00
1.283914851033383542e+00 1.152348637862292913e+00
1.209329617691884184e+00 1.127205707769010967e+00
1.342136396180338753e+00 1.145680883859513832e+00
1.121272039208839777e+00 1.061050365994089306e+00
1.176646347108543544e+00 1.194438571816643924e+00
1.218468962457240456e+00 1.054366708553899468e+00
1.126738700084910061e+00 1.169929070939029758e+00
1.255041329628272084e+00 1.131898649639528465e+00
1.319071387839799270e+00 1.223750091397045825e+00
1.184089050873558646e+00 1.193971924166035814e+00
1.194354972426089789e+00 1.111678202683381800e+00
1.223067430418624424e+00 1.142199428399804928e+00
1.298508240159379712e+00 1.223238204176783972e+00
1.197309949758528225e+00 1.216756028923367872e+00
1.249351275343581147e+00 1.085570503363921580e+00
1.105541256542874384e+00 1.211472413437210349e+00
1.437572261634030735e+00 1.251202486736786135e+00
1.255531004156044794e+00 1.091885495840495768e+00
1.302380179724769382e+00 1.253323926869127192e+00
1.402579668634319265e+00 1.180715891157926745e+00
1.369540123522847042e+00 1.323476774622181162e+00
1.102220121930135743e+00 1.194565194935295560e+00
1.232091421687353527e+00 1.230452201796242928e+00
1.238069308608000574e+00 1.218809830318375198e+00
1.267285098058460457e+00 1.161136592188645400e+00
1.054331657256659893e+00 1.179463589931815104e+00
1.179538115318730762e+00 1.255637976985733539e+00
1.424780573045566490e+00 1.229007673496753661e+00
1.084972836602248636e+00 1.216952889625672274e+00
1.196506658386216282e+00 1.241949499758038700e+00
1.347482630722107055e+00 1.151364715310555953e+00
1.239973355948119638e+00 1.049924686562302423e+00
1.106015934365821352e+00 1.292234421737717520e+00
1.191619715949954195e+00 1.190738327057367485e+00
1.303359426580720903e+00 1.216620161193854299e+00
1.259135032573888813e+00 1.361347452653070889e+00
1.272999241371640222e+00 1.172588678826558262e+00
1.131391601385661749e+00 1.170220066955985017e+00
1.115473688858588108e+00 1.069626217868564488e+00
1.446700157188644642e+00 1.141204619832026701e+00
1.335863318255338772e+00 1.187871740690413791e+00
1.258858180134228455e+00 1.241036883569778038e+00
1.116906392970559825e+00 1.158541341221938747e+00
1.270378619314426638e+00 9.816411832757498956e-01
1.243087912769695880e+00 1.246412241800558096e+00
1.253583279423947427e+00 1.353077298262334693e+00
1.305389328336336696e+00 1.201650983389570770e+00
1.271600855640526939e+00 1.354225686311963051e+00
1.189802632042812114e+00 1.116817337515586983e+00
1.230023308016304551e+00 1.155495609939074297e+00
1.282290895194281966e+00 1.205308440236432022e+00
1.245217971612744723e+00 1.163417548099105359e+00
1.088995845459310274e+00 1.313491895066250192e+00
1.206370860008767254e+00 1.270248694911074949e+00
1.373170438112151004e+00 1.173057853008934615e+00
1.241581315976807876e+00 1.211532800968280865e+00
1.270783737018507997e+00 1.111178653045660436e+00
1.230323453523454846e+00 1.150325605099561166e+00
1.273387862249711455e+00 1.197428653180532043e+00
1.317885002904523040e+00 1.054044795838722237e+00
1.212723480972020429e+00 1.193807478886410811e+00
1.181875448866023692e+00 1.179068021404005018e+00
1.160057456857322755e+00 1.312342858223503050e+00
1.188932174987919588e+00 1.014848860173882761e+00
1.159228349937349245e+00 1.103971251974123380e+00
1.307531266176054530e+00 1.209240145609938422e+00
1.353594252966912270e+00 1.100992489100083738e+00
1.297075806393658715e+00 1.354364591049363575e+00
1.239970409664489237e+00 1.203625854942015128e+00
1.261547248436065249e+00 1.069999230187282713e+00
1.190618992568110102e+00 1.063304890222706245e+00
1.225225417546485396e+00 1.233549712074303750e+00
1.244313579291393745e+00 1.121276411394547923e+00
1.232491498897072102e+00 1.280633195186717144e+00
1.192368776226535143e+00 1.211204726532412845e+00
1.230273906906086179e+00 1.176867564596594029e+00
1.297332086900429005e+00 1.193420613988726675e+00
1.273874036612798077e+00 1.150504164321213718e+00
1.282839310961277235e+00 1.134120631561613468e+00
1.284406975441556797e+00 1.259363607652587591e+00
1.197484894240879783e+00 1.296598626698176826e+00
1.253416387751620231e+00 1.276551195610204026e+00
1.311060800645419411e+00 1.144096976791992404e+00
1.344244508510055391e+00 1.247768156549180940e+00
1.226979049862915172e+00 1.144004360370562745e+00
1.470664900822423737e+00 1.256295691267514281e+00
1.245161773344542144e+00 1.155367019118292760e+00
1.136616182425905341e+00 1.257570406296998788e+00
1.262860698484571831e+00 1.093800806667977632e+00
1.357566242457382222e+00 1.256430476157147424e+00
1.242642913285307626e+00 1.184043318674926404e+00
1.339287496065499017e+00 1.318259954362086761e+00
1.414693309713585645e+00 1.266525094759716197e+00
1.167083022316141694e+00 1.061989728384829190e+00
1.253250897799319308e+00 1.156810752877919013e+00
1.207791465608759163e+00 1.122152786850836970e+00
1.228909434218139030e+00 1.193499010403111349e+00
1.334945216284822767e+00 1.156894851738424324e+00
1.160040645238036516e+00 1.333593015237926505e+00
1.165004247944545046e+00 1.150493074165848340e+00
1.310649788527158854e+00 1.172009791404513113e+00
1.390671977608680443e+00 1.345118947448153746e+00
1.313676586954978909e+00 1.269828440698259397e+00
1.224032205465061418e+00 1.177471112008544596e+00
1.260498197588249214e+00 1.096662530351606213e+00
1.238984108972162490e+00 1.129414200503104260e+00
1.322952152185556063e+00 1.203159948145486879e+00
1.234034243413880905e+00 1.098142596799785542e+00
1.140307880120428274e+00 1.163493293137383811e+00
1.248869727825654641e+00 1.200016604729458924e+00
1.436956810510794824e+00 1.370099894729992052e+00
1.245853013033954682e+00 1.204685504441866728e+00
1.238539394948975803e+00 1.226507506433649475e+00
1.074565064080289289e+00 1.160737446202258383e+00
1.392500467704277600e+00 1.279678003308612588e+00
1.157605205106761126e+00 1.013605629019110221e+00
1.560732527131031722e+00 1.369651297711381499e+00
1.273659564220892326e+00 1.181422273306315995e+00
1.150938011967380437e+00 1.032202805029218018e+00
1.428157593619066024e+00 1.203359391625553165e+00
1.123551820409361302e+00 9.886584453716945609e-01
1.210196651298705905e+00 1.259481594064107313e+00
1.151990081095142449e+00 1.203081347564511683e+00
1.185534436482024612e+00 1.196746074267147630e+00
1.194748243150074662e+00 1.231106575971060657e+00
1.124404371751290821e+00 1.044675959756008021e+00
1.233610972929042537e+00 1.128211830212022537e+00
1.235502412688244345e+00 1.310138788367461782e+00
1.218040161573228142e+00 1.209622009790187080e+00
1.138387547148344670e+00 1.135219585783896479e+00
1.319833138699493702e+00 1.288392176398802658e+00
1.383679595702229204e+00 1.156986025470434942e+00
1.271829310734397867e+00 1.169748092232812287e+00
1.280303494489938299e+00 1.205330894132381259e+00
1.307065103870832301e+00 1.306120606596731459e+00
1.222645623801062120e+00 1.032557213116358952e+00
1.247185701397284463e+00 1.054707594683419236e+00
1.119213609685074662e+00 1.133446929533917791e+00
1.119401489607385614e+00 1.118571741958670263e+00
1.190859980587041234e+00 1.056498457291010107e+00
1.155010144416996232e+00 1.225271750098317902e+00
1.306554458269975960e+00 1.306958102791674570e+00
1.249138089333917012e+00 1.282907620791907455e+00
1.293397446137543927e+00 1.154317928339879673e+00
1.407126964987870377e+00 1.297904730314048516e+00
1.291888661809774907e+00 1.387978609991641576e+00
1.335339380392584596e+00 1.379061343340534096e+00
1.101197209516417530e+00 1.191158075608830691e+00
1.175119039950585087e+00 1.112227723836694215e+00
1.224728100213835935e+00 1.017709115637122519e+00
1.127478492818099864e+00 1.226346139916340672e+00
1.208445294624209909e+00 1.247569446890689493e+00
1.208336237491225651e+00 1.094216482250644384e+00
1.258046169216234800e+00 1.093162693340507863e+00
1.274982753413676173e+00 1.175023598889032739e+00
1.286842107560658865e+00 1.105512738395111771e+00
1.339453712558351217e+00 1.207190442264487906e+00
1.263058051802838921e+00 1.186831851116546988e+00
1.251634159131023827e+00 1.165260659621255357e+00
1.422679740930469894e+00 1.439039681241441437e+00
1.122219863686743979e+00 1.037470122603585621e+00
1.337169686051873585e+00 1.297621010569469657e+00
1.410617441069283773e+00 1.259040795607232255e+00
1.259822907681961590e+00 1.093580050810902815e+00
1.287675831219994071e+00 1.196044405149118806e+00
1.264276063544944595e+00 1.114641789092129187e+00
1.050670209202356320e+00 1.216538369054344093e+00
1.395493619524693640e+00 1.275453978090246521e+00
1.187234901650758401e+00 1.083415259183445389e+00
1.262789367333038371e+00 1.123220115129943020e+00
1.488499641827010445e+00 1.360385405772179812e+00
1.261142760219215120e+00 1.248505964105939503e+00
1.157751215551062751e+00 1.112613244883031927e+00
1.188450749896125203e+00 1.180903459340263195e+00
1.154855131814770619e+00 1.122151326911123626e+00
1.337191517171640642e+00 1.216902286531981625e+00
1.530980488192776212e+00 1.287727351878169335e+00
1.145160853047077820e+00 1.298473848667126340e+00
1.247931948555491610e+00 1.145713450046530024e+00
1.441001877599419556e+00 1.365012295759474137e+00
1.296082291221233751e+00 1.203562936318498311e+00
1.515285509784000340e+00 1.229291187696923693e+00
1.090443815048485199e+00 1.192124872402533065e+00
1.092513593829846696e+00 1.132196867334476886e+00
1.263017695752892022e+00 1.333828278620859287e+00
1.166798057309491154e+00 1.191747832112758809e+00
1.243317781616089412e+00 1.218853595941105983e+00
1.075431169292884848e+00 1.265390468031249993e+00
1.225911874431871107e+00 1.108722084865050972e+00
1.359962180049477665e+00 1.368454284358604500e+00
1.293415735182863013e+00 1.170121745803633040e+00
1.265796420290763891e+00 1.104618416969322725e+00
1.104667277524651769e+00 1.246195916424483796e+00
1.283491715859825355e+00 1.147773859807979413e+00
1.322922362572028332e+00 1.238687339826523237e+00
1.364069706237732937e+00 1.307500381025877623e+00
1.260094125876888738e+00 1.209852499999803266e+00
1.224056402022604573e+00 1.102998299665813642e+00
1.426061899232546670e+00 1.263134138000072459e+00
1.222184259700370035e+00 1.351917154742542593e+00
1.187063670818235606e+00 1.081161946396922868e+00
1.244521036388943402e+00 1.179875893107370288e+00
1.323455460023851948e+00 1.309128056331790413e+00
1.112342707128642694e+00 1.162251467316395948e+00
1.120332201706673247e+00 1.085035394447573021e+00
1.486546028529188268e+00 1.301353233978857160e+00
1.233403282256217759e+00 1.165368069818699448e+00
1.330267884855031779e+00 1.340634703470696021e+00
1.209159227834846195e+00 1.116811036055721962e+00
1.207830251830840362e+00 1.086859203797127194e+00
1.144026122911713017e+00 1.110729182180312469e+00
1.367411626076672437e+00 1.100256222886783153e+00
1.149424248171847296e+00 1.148180118695204310e+00
1.316811901438562638e+00 1.271691031334375666e+00
1.425145354030993072e+00 1.242017662685145130e+00
1.222777465232410377e+00 1.338637793768172379e+00
1.153898407240962598e+00 1.113851431665605185e+00
1.134005829414359789e+00 1.197328955420261520e+00
1.355864632117270485e+00 1.254723179816872092e+00
1.150706707361192294e+00 1.010410759132969627e+00
1.197929576058166523e+00 1.295096169950493481e+00
1.235038564530932526e+00 1.404326111874674821e+00
1.175064420296302536e+00 1.068993500389098461e+00
1.200980142755226465e+00 1.136964389854920210e+00
1.348353354668187398e+00 1.379021628173469294e+00
1.333526208840456695e+00 1.227385775923142797e+00
1.293065676929338714e+00 1.089679894447029840e+00
1.112178247474324921e+00 1.114933521139719996e+00
1.145738438108649504e+00 1.229574208220898024e+00
1.111744528415693711e+00 1.019158505445486140e+00
1.354620444454380568e+00 1.186447734645420082e+00
1.193979284726965240e+00 1.256857376642894542e+00
1.155048354003369138e+00 1.170774481421428259e+00
1.400951481629949091e+00 1.301894027649848518e+00
1.322603091490156535e+00 1.246771904129137853e+00
1.269285439451333097e+00 1.152627052761002524e+00
1.268215049779509718e+00 1.233251154540106809e+00
1.327063928011697813e+00 1.200318107681954016e+00
1.125153701257463723e+00 1.256011235330472653e+00
1.316683035080741693e+00 1.114993451630659882e+00
1.192908368740229985e+00 1.075752005246942034e+00
1.139145446148213559e+00 1.125832770819922057e+00
1.277927382432052950e+00 1.209504267806993383e+00
1.302517463440060919e+00 1.216174580542510153e+00
1.294076179647869251e+00 1.420176637649733120e+00
1.147950244853368273e+00 1.121798868678332894e+00
1.269578672916510387e+00 1.295046506148065379e+00
1.389037751268609622e+00 1.351729753054866423e+00
1.064021401366788799e+00 1.071043739629683911e+00
1.206920075802323300e+00 1.361710037053692979e+00
1.222052415711313733e+00 1.184814607748360116e+00
1.493705425206067527e+00 1.260533245250177403e+00
1.190610659591067710e+00 1.225610188168845927e+00
1.341844423326209679e+00 1.261636881691196255e+00
1.146256109294004899e+00 1.063742545150155872e+00
1.159234216695859576e+00 1.212119815983771165e+00
1.250980213906048411e+00 1.113159691357846537e+00
