1.240442544770706590e+00 1.371290214794678164e+00 1.359760734702730067e+00 1.288906978640529610e+00 1.314550940971677795e+00
1.587283785897003696e+00 1.380294096933165404e+00 1.469068058389215059e+00 1.546730802854528797e+00 1.287025594609531698e+00
1.543482695220906642e+00 1.366634822923592063e+00 1.335799875429651840e+00 1.470821390156533015e+00 1.611966750727296338e+00
1.522396674082359347e+00 1.504541057711658025e+00 1.437778619972899463e+00 1.499977608303900922e+00 1.559323973274688635e+00
1.434456353225056491e+00 1.427958419763855735e+00 1.431851702939763937e+00 1.384492965052265046e+00 1.514836257994042867e+00
1.412863913241972691e+00 1.428703143911487672e+00 1.346556377272631444e+00 1.359406633239283124e+00 1.430036106937182971e+00
1.409151416715331617e+00 1.349984274101599935e+00 1.407495846269829487e+00 1.253036668663365161e+00 1.363035450092250800e+00
1.416859507226561954e+00 1.306370380407992471e+00 1.265012313327124271e+00 1.395712154348835776e+00 1.357808203549893955e+00
1.470614976682157460e+00 1.312500846468884319e+00 1.400798337030497720e+00 1.455750114946163576e+00 1.492403764910096964e+00
1.428626828223382272e+00 1.450104085892621297e+00 1.472912255275515392e+00 1.380825782233140009e+00 1.419633778458064155e+00
1.121121947621374293e+00 1.319212798420784871e+00 1.357057980671095621e+00 1.322119621391708133e+00 1.293439685110212567e+00
1.373650415710655048e+00 1.427351904535428817e+00 1.453294592422801346e+00 1.375573538247320426e+00 1.399447871334491111e+00
1.628950287636717009e+00 1.584954478888056517e+00 1.562325523151749884e+00 1.523868098776240521e+00 1.736790507858421373e+00
1.298181876674060264e+00 1.397330107800417220e+00 1.224310026883088875e+00 1.526253167939063182e+00 1.509140949424940370e+00
1.327141449239815474e+00 1.315260105238906130e+00 1.545026852056591959e+00 1.434125226232964678e+00 1.460017262760001211e+00
1.152081746857532174e+00 1.386488308236729194e+00 1.350318124627581051e+00 1.455466436243409989e+00 1.392517703151403330e+00
1.261334456745966781e+00 1.320400006913238444e+00 1.222525527551259206e+00 1.355939360953008155e+00 1.442216141419174757e+00
1.514767358989634882e+00 1.488976146133827116e+00 1.302448402595686172e+00 1.389559653695619179e+00 1.347746989772993231e+00
1.286598179330394220e+00 1.472591650495466808e+00 1.451516152280599492e+00 1.493888850763593013e+00 1.433679044727452556e+00
1.242151695674983181e+00 1.263391043234259881e+00 1.234068285958128008e+00 1.343264938993846913e+00 1.263106705675876684e+00
1.435571337745408904e+00 1.581493065259125252e+00 1.492521695489730016e+00 1.565802348159296864e+00 1.600758443471590242e+00
1.478996775788154805e+00 1.438064384858801059e+00 1.551828311889707379e+00 1.616399952688280406e+00 1.640966223256991263e+00
1.244017299079354766e+00 1.297451972810453880e+00 1.246217842950729793e+00 1.398964821425759508e+00 1.344046766721980202e+00
1.527972793965305831e+00 1.527418924154388291e+00 1.465539440845218255e+00 1.423944701364442178e+00 1.529675521368326629e+00
1.383078962196019779e+00 1.314265812733049765e+00 1.308999268884960321e+00 1.247442208776003980e+00 1.441401646754042032e+00
1.512815737241181901e+00 1.431179233953239427e+00 1.375663361963391784e+00 1.485024924477126307e+00 1.541600828771394038e+00
1.194817654866585865e+00 1.359763451266962742e+00 1.337330628257056064e+00 1.278035186722632721e+00 1.310793635659814660e+00
1.355109236227307168e+00 1.407760084870610218e+00 1.338531961425162953e+00 1.317644093583293818e+00 1.522851807876062447e+00
1.283309756935507639e+00 1.364010114223554115e+00 1.294898025219661575e+00 1.356811233600943245e+00 1.250250611592429673e+00
1.492750519111828655e+00 1.302939496981270207e+00 1.493372257597921360e+00 1.334421749043324557e+00 1.481269297050436418e+00
1.342447636145727374e+00 1.498989036457573309e+00 1.413344258274669363e+00 1.457020281428011765e+00 1.486620911266887113e+00
1.341053283041712119e+00 1.352550372473631191e+00 1.257228799495296867e+00 1.286330965364882450e+00 1.471172821881210346e+00
1.268087416022060321e+00 1.420530546788455251e+00 1.266209281822216370e+00 1.312947802970607203e+00 1.572829431751396001e+00
1.370931698925378139e+00 1.397367578214990358e+00 1.307200994609222899e+00 1.353787153274555566e+00 1.396814627164350453e+00
1.335292482216635213e+00 1.369096934372056706e+00 1.349502242934360607e+00 1.304692877581932198e+00 1.258497740409916021e+00
1.335456056890330645e+00 1.385619011909491771e+00 1.378107388078190887e+00 1.495534119205897294e+00 1.418387131916513555e+00
1.294015755070218932e+00 1.368727364203040642e+00 1.522442434745268969e+00 1.543517633352437191e+00 1.572835198301982151e+00
1.310827378355524653e+00 1.321230769883399603e+00 1.327661440511758162e+00 1.307501433827832349e+00 1.317216020163055168e+00
1.341048557776049810e+00 1.375847972069078384e+00 1.411794512347136266e+00 1.369401756710127760e+00 1.196480347747478357e+00
1.384832382206688139e+00 1.355928944286335591e+00 1.448972077257933977e+00 1.422810501511674985e+00 1.436999644830875278e+00
1.413456477875996820e+00 1.459515349341511836e+00 1.496033590526387291e+00 1.384791911396619613e+00 1.430806425731199427e+00
1.463660253659668120e+00 1.398054374388334464e+00 1.490435048089388204e+00 1.520303802948257399e+00 1.574028606048713197e+00
1.511614360887427733e+00 1.414447841533653438e+00 1.452015844532541511e+00 1.436141494033035260e+00 1.627504717477401774e+00
1.359031330827005224e+00 1.364830686915583513e+00 1.396812025316462202e+00 1.511344776196589690e+00 1.377970681819999932e+00
1.314306914479810073e+00 1.410318430119822830e+00 1.409340879493597543e+00 1.352958413147264949e+00 1.387376817204897028e+00
1.391861153190031786e+00 1.526052490392948879e+00 1.612481471789579013e+00 1.451097809415911710e+00 1.569266524603298629e+00
1.389238666965405322e+00 1.508650256247243693e+00 1.324307451454248774e+00 1.354718502839647565e+00 1.451454430422052466e+00
1.384739024511819627e+00 1.442914045506518361e+00 1.451655798748200166e+00 1.374084698379987257e+00 1.395309138209702038e+00
1.446732547619063558e+00 1.494180831963534350e+00 1.436109022395042789e+00 1.428139690776904613e+00 1.496650774456436128e+00
1.356271394433371080e+00 1.327403474832187014e+00 1.454458894268964686e+00 1.404599005482202623e+00 1.375237835737415759e+00
1.453075495648816773e+00 1.331099894320481702e+00 1.441251088389384538e+00 1.356609794835244021e+00 1.352708301228131793e+00
1.435017187130602556e+00 1.584791326602345674e+00 1.541876626737217704e+00 1.609240216385001920e+00 1.460871985100502535e+00
1.223690379267211803e+00 1.287419366181026259e+00 1.352069085066755827e+00 1.144955661447123907e+00 1.318400758759902036e+00
1.445220011401872284e+00 1.419155168760104502e+00 1.364074735002633210e+00 1.477009137407653716e+00 1.505223321001730952e+00
1.304194908563522493e+00 1.358822216683322370e+00 1.113113207932740378e+00 1.359954537990203161e+00 1.319354662543933410e+00
1.367921622516879765e+00 1.326300147859988954e+00 1.280770149016555948e+00 1.365067878774298915e+00 1.394630392133557883e+00
1.425918217760163031e+00 1.472473077843932998e+00 1.433622903799193882e+00 1.304341625434258356e+00 1.329365901910564585e+00
1.357607570727520807e+00 1.373575823579224586e+00 1.535706314790093563e+00 1.335569676506398462e+00 1.379205984838536292e+00
1.270510684857195871e+00 1.398325929392542299e+00 1.286486973991216365e+00 1.423692610983811946e+00 1.350901722620679868e+00
1.307524596053434074e+00 1.397477425974363419e+00 1.398620897561799525e+00 1.377347711850370526e+00 1.409763982305993757e+00
1.288386612850467738e+00 1.495267836348996626e+00 1.367796732657539982e+00 1.375510642720163323e+00 1.343845710596269560e+00
1.528393857826676472e+00 1.486789395505800693e+00 1.457386156906294250e+00 1.526919768357696938e+00 1.484643006734070791e+00
1.427471339037172271e+00 1.471867858399511508e+00 1.450302091845369734e+00 1.499794354659433004e+00 1.586578714497376419e+00
1.360358281509408185e+00 1.463160430927946454e+00 1.191852396873826381e+00 1.409060680870547699e+00 1.421834176513243175e+00
1.447446535610931839e+00 1.648617096016384842e+00 1.470193800099067305e+00 1.625614560337376835e+00 1.540667078647123489e+00
1.302216920277052825e+00 1.366338919710905264e+00 1.285324627860980451e+00 1.362484043604943240e+00 1.313606585506559066e+00
1.488013416570989733e+00 1.465552568727841454e+00 1.475746065790554784e+00 1.547713296070630573e+00 1.429694765902995490e+00
1.172738718342824393e+00 1.129344350248869810e+00 1.181803299507845795e+00 1.250051444945390555e+00 1.242238446669978735e+00
1.204889450399472484e+00 1.211445067877690240e+00 1.423157528276763895e+00 1.082679321740274148e+00 1.287905093178130400e+00
1.354584476238274826e+00 1.431682260454868016e+00 1.352083655992001532e+00 1.315573735442321146e+00 1.353364162977886531e+00
1.270279239658734571e+00 1.300216226021944754e+00 1.429373181874493470e+00 1.333723142965870689e+00 1.537481190405918907e+00
1.422241213669555693e+00 1.405429641917935957e+00 1.411326422970126115e+00 1.223841773788796550e+00 1.241286654477515627e+00
1.225352948634243377e+00 1.388407684291693256e+00 1.308459465272815203e+00 1.409918585978259475e+00 1.237325162405308765e+00
1.279555015348596392e+00 1.451649272332057317e+00 1.568906831864253393e+00 1.399560708697890066e+00 1.313987339401487597e+00
1.332308320587191952e+00 1.372628498863937452e+00 1.394963281082291395e+00 1.469091425421908959e+00 1.499357310607842830e+00
1.328659946027619165e+00 1.472328557485306000e+00 1.327109612551712559e+00 1.450893586109904376e+00 1.427888056119467119e+00
1.340618447945174596e+00 1.188213720605946877e+00 1.390733403765281651e+00 1.338421536535290945e+00 1.606742221864214448e+00
1.462815367276505851e+00 1.621804377360772209e+00 1.558748260568138422e+00 1.375651209416773657e+00 1.424008020018040277e+00
1.496370382655341169e+00 1.405214001876796459e+00 1.483627332069817228e+00 1.624417634402675947e+00 1.603270950998586075e+00
1.237529509254335691e+00 1.226041923829167102e+00 1.298559217130620391e+00 1.248303114362696808e+00 1.249495784241918983e+00
1.525606437817556893e+00 1.533016786811619347e+00 1.510865701573918196e+00 1.454407589738268225e+00 1.546582360491043806e+00
1.236221368002855092e+00 1.387716889313421742e+00 1.436001515398086514e+00 1.482630693420122769e+00 1.583329559849102841e+00
1.539499841166686256e+00 1.479828122768383158e+00 1.377897441155610858e+00 1.539367494871102471e+00 1.450100979364927767e+00
1.332071866669118920e+00 1.274442893670199695e+00 1.364995615592760947e+00 1.343538941650509910e+00 1.205157865750283941e+00
1.323682424474112773e+00 1.277281541353203043e+00 1.208139907398721125e+00 1.430438451702938485e+00 1.266046041793325028e+00
1.229106551375217293e+00 1.442645311750094361e+00 1.192611346920858351e+00 1.258687331708282287e+00 1.314549232559036218e+00
1.370809723224680532e+00 1.408899009670729896e+00 1.467281214389639876e+00 1.538222774293744655e+00 1.378509699326387006e+00
1.184033397425981349e+00 1.360850746846103743e+00 1.257494540176565145e+00 1.225656670109774637e+00 1.422380333504381200e+00
1.158288672960736454e+00 1.253005892538392896e+00 1.286335217895309135e+00 1.244093486836940210e+00 1.376187240747738683e+00
1.357156382404197892e+00 1.388249317356778034e+00 1.371154801587602723e+00 1.470947717586882142e+00 1.428804618970451523e+00
1.430915748379047336e+00 1.449283553596301566e+00 1.432038358780926446e+00 1.387198319486188325e+00 1.508327105963150450e+00
1.187791504594828407e+00 1.300864323073210871e+00 1.250035431781306938e+00 1.212072923563814575e+00 1.395981061011478008e+00
1.452629646402801677e+00 1.505995359157525249e+00 1.490975312413512333e+00 1.437809654367826706e+00 1.471205967702578166e+00
1.488481740888294880e+00 1.377144402186869288e+00 1.485532043842540562e+00 1.536838561022456862e+00 1.573374797858751561e+00
1.425514188440936358e+00 1.478998751727385041e+00 1.509821465821898911e+00 1.339164075287814004e+00 1.385481362909728231e+00
1.470466336785441586e+00 1.567392653818681980e+00 1.494106152205373350e+00 1.402152678977872213e+00 1.587403987632587388e+00
1.458842301844939460e+00 1.455265274006818599e+00 1.409371368988559636e+00 1.543973873746300018e+00 1.485021675146884323e+00
1.262016372550385901e+00 1.274876735922850779e+00 1.167439493447254062e+00 1.287686348753561916e+00 1.305591405736457711e+00
1.211768670242542090e+00 1.291290084308283070e+00 1.325855934536634528e+00 1.328420107151883078e+00 1.239788478079498990e+00
1.392529733294057825e+00 1.445402026255805383e+00 1.493726285392179998e+00 1.393533364128902052e+00 1.388207834204505220e+00
1.444027681065813251e+00 1.268387927686127625e+00 1.519625872858148652e+00 1.522566959848972612e+00 1.626494289336907428e+00
1.327968546820603057e+00 1.369931484651289999e+00 1.435607537934050049e+00 1.363095136730656520e+00 1.478847485035886589e+00
1.310971107639613997e+00 1.525789923115455027e+00 1.394867746213055426e+00 1.371155950589185268e+00 1.484881983800771632e+00
1.213393615797444092e+00 1.292360730405961000e+00 1.330835002589621396e+00 1.337523844791072225e+00 1.314972435916217153e+00
1.540119311326903384e+00 1.542758635407476930e+00 1.394256282769397837e+00 1.376567918628597953e+00 1.453377635290954206e+00
1.648928708999331416e+00 1.678764199008972779e+00 1.760085816078082122e+00 1.501851640508103714e+00 1.713931798027354070e+00
1.303121159675703522e+00 1.483658678556690091e+00 1.380969024727661587e+00 1.258836227722380352e+00 1.404514081314089058e+00
1.225350000037975340e+00 1.273028314960434670e+00 1.150245876279495816e+00 1.149300220726180877e+00 1.339856690741648482e+00
1.304327924086279955e+00 1.331106605431463308e+00 1.399740912700413009e+00 1.392115326423342569e+00 1.357605946370263661e+00
1.363587776346012692e+00 1.482653736227042884e+00 1.335741740913646058e+00 1.436044789338167149e+00 1.451281618942124263e+00
1.373449980182883667e+00 1.515016420157662802e+00 1.312310400608612149e+00 1.488561430428225085e+00 1.391691065977792130e+00
1.383117069956527168e+00 1.293581319016348763e+00 1.400204171315992285e+00 1.352223119619869962e+00 1.465600108502667309e+00
1.589048745170223542e+00 1.687057428607785070e+00 1.773510090563650277e+00 1.646161107260955214e+00 1.721067388488582983e+00
1.334264236140524140e+00 1.364959669291381905e+00 1.348770742937638767e+00 1.285525988044877277e+00 1.372916124354599310e+00
1.362121698355516886e+00 1.336768009874919283e+00 1.434970768133787766e+00 1.501893297779752334e+00 1.534374559410689676e+00
1.599149625577144018e+00 1.552283693088708727e+00 1.539682495953753616e+00 1.672905768193280185e+00 1.572961767242712749e+00
1.257972978317267732e+00 1.400465597359641157e+00 1.328872891917941113e+00 1.508471118627290108e+00 1.412992205695939196e+00
1.199696502717042312e+00 1.378925291016801280e+00 1.184997910293998924e+00 1.148192827500505997e+00 1.313554946193246531e+00
1.198772806291858117e+00 1.346674823751306427e+00 1.284648523694834399e+00 1.244196495340323283e+00 1.327212145912605390e+00
1.193992782972908673e+00 1.346313169371339713e+00 1.319762876094527027e+00 1.414551677618460568e+00 1.257969618805165668e+00
1.519329333749615651e+00 1.533148274424535717e+00 1.340510615789832771e+00 1.486649156625334367e+00 1.538573532115507847e+00
1.455600357768751740e+00 1.480887779284557171e+00 1.421444620425462269e+00 1.441574982039388608e+00 1.421514541559152800e+00
1.281275145901981771e+00 1.311422353583775680e+00 1.387141682072862370e+00 1.314492016578889810e+00 1.370732652378805261e+00
1.298723033256185877e+00 1.273944145309244380e+00 1.301914912316027406e+00 1.482427289490257261e+00 1.454525363576571806e+00
1.489797328868070814e+00 1.518718312247260283e+00 1.434178419775530289e+00 1.397271240717267160e+00 1.357250713359448246e+00
1.601841902792202843e+00 1.490330731712577794e+00 1.652505282712868118e+00 1.719899451882954899e+00 1.633783405477954753e+00
1.231046805109839326e+00 1.175936670398654460e+00 1.285444255388525914e+00 1.288406481723971320e+00 1.293788191258252951e+00
1.335415467242486942e+00 1.291506967359007829e+00 1.235678666668593495e+00 1.390988676149799375e+00 1.225308030794031389e+00
1.342154432997507474e+00 1.329039809179291654e+00 1.443062500252076497e+00 1.406658845828332005e+00 1.323197142409045846e+00
1.353979387955418279e+00 1.234688703586875658e+00 1.406386766934759169e+00 1.333071362194504283e+00 1.434381922665838971e+00
1.257108954117476030e+00 1.464054307730853433e+00 1.408346404606256597e+00 1.243856943720972996e+00 1.330638480850495409e+00
1.347142517683356244e+00 1.423276149885644326e+00 1.302219075487288436e+00 1.324649288933693159e+00 1.403566886698050409e+00
1.513811102605546299e+00 1.525525182586779493e+00 1.579446207871839647e+00 1.530947410267374797e+00 1.561004093999879494e+00
1.423605098882614550e+00 1.494506342776819485e+00 1.543502699945002776e+00 1.390549392740020540e+00 1.619733579540305168e+00
1.485420152801445237e+00 1.399436624585153055e+00 1.465258865597075300e+00 1.541354732890728219e+00 1.427459272697588544e+00
1.335954055899169157e+00 1.330099241817056077e+00 1.361812667126027998e+00 1.279131843629623289e+00 1.416104315588784246e+00
1.455147531213542900e+00 1.413076279666552804e+00 1.328384328579938822e+00 1.469482817875364278e+00 1.476283450033819111e+00
1.292925402650131339e+00 1.220935204322792345e+00 1.564913366135998407e+00 1.344043487239797718e+00 1.474016143935761969e+00
1.387716831078890989e+00 1.505613384942613875e+00 1.379989396963667403e+00 1.409321297307776000e+00 1.512364296299671507e+00
1.152942905472178481e+00 1.236423338236744662e+00 1.356773219059046909e+00 1.391892680126768367e+00 1.338611164216535698e+00
1.381564647124154943e+00 1.477978946834921148e+00 1.581443014038964812e+00 1.431398960016836641e+00 1.383673806339312584e+00
1.358210661091323823e+00 1.420975182761655020e+00 1.330549733319905004e+00 1.470397448791471939e+00 1.517514231336035913e+00
1.564084854885115172e+00 1.532342923506389232e+00 1.506012922562535383e+00 1.550156837368690033e+00 1.616584223925341179e+00
1.345703625110525881e+00 1.488423705157144283e+00 1.353537190211353547e+00 1.459925897235244907e+00 1.574546638807291954e+00
1.293506649861334568e+00 1.316174134339461510e+00 1.362515535115360166e+00 1.367308417533385612e+00 1.429073604322008917e+00
1.391060234613485047e+00 1.364455307194711864e+00 1.526267028279074900e+00 1.472807384288516763e+00 1.390655442897736016e+00
1.420123297622554404e+00 1.359828459799900635e+00 1.259350839594493898e+00 1.314033613286736291e+00 1.429736087403901346e+00
1.409655312465124766e+00 1.509840063808769228e+00 1.332064497175837747e+00 1.504779627961295274e+00 1.425579015228176427e+00
1.739910108625076113e+00 1.696735975166242083e+00 1.495600405076052519e+00 1.625411653945336932e+00 1.732541398056864468e+00
1.267245701631241284e+00 1.323430651926194468e+00 1.271021133405039416e+00 1.296808993412382538e+00 1.406024748126649460e+00
1.456960550963529055e+00 1.503413220109490744e+00 1.412699031028890273e+00 1.514635678512800787e+00 1.369350756651976697e+00
1.309195864857362279e+00 1.369556113529072139e+00 1.205540681628518351e+00 1.336983290036833694e+00 1.370356352016704582e+00
1.296193571881307349e+00 1.286883245511815321e+00 1.394888057781822122e+00 1.334840261011227103e+00 1.410817656770890105e+00
1.369245548904122423e+00 1.467809972562533760e+00 1.302894145022943428e+00 1.384217911343931906e+00 1.377636516997589489e+00
1.352281771451931069e+00 1.453300611176281620e+00 1.396451499428115417e+00 1.472991307916028170e+00 1.438741696788516267e+00
1.449507483949356690e+00 1.442099638895496971e+00 1.530556182395481413e+00 1.449818723609217264e+00 1.542749353056780182e+00
1.384198987458548080e+00 1.339652996978520694e+00 1.424176114650195890e+00 1.327546232340822030e+00 1.441724419721619910e+00
1.303890351127244163e+00 1.397088546398044473e+00 1.297196959095776148e+00 1.472032975744581140e+00 1.486659803716191774e+00
1.312722471538707136e+00 1.401443093754302982e+00 1.415326074652155430e+00 1.546567275009226750e+00 1.440712079698873938e+00
1.681776301600106160e+00 1.649378460830450921e+00 1.494963584474287677e+00 1.623511667913883905e+00 1.656797544163945757e+00
1.308813226641492466e+00 1.353858051182363464e+00 1.341779610780215570e+00 1.473432504614465177e+00 1.420029235320352301e+00
1.480820905800339427e+00 1.416334521422328185e+00 1.464548153944984499e+00 1.370812509674921742e+00 1.589312560627085702e+00
1.273122750970467676e+00 1.477117361728138345e+00 1.367303721805089189e+00 1.340246965693192793e+00 1.307447141636272292e+00
1.395245877721324801e+00 1.459098387021803500e+00 1.399706980241145926e+00 1.399705396344024244e+00 1.288842382339673076e+00
1.495792689101807182e+00 1.424358856663956452e+00 1.436737602438727057e+00 1.452078203842779525e+00 1.374917044445583159e+00
1.264261938178527167e+00 1.347982484795407387e+00 1.399528179195024924e+00 1.428386035242336316e+00 1.480212548865969424e+00
1.393252529414575447e+00 1.529848102763156081e+00 1.533000599505790484e+00 1.382249047974933864e+00 1.358991082039913811e+00
1.477779756978042203e+00 1.527655882505402962e+00 1.372161643729388203e+00 1.426387837162737870e+00 1.486264179162938959e+00
1.382486949864843551e+00 1.492216399888561806e+00 1.401913333601851885e+00 1.435986949323209583e+00 1.442673558058795269e+00
1.218252364437192758e+00 1.309385843365276969e+00 1.331520803451414103e+00 1.246301560447666823e+00 1.217093528828598670e+00
1.452860619855351310e+00 1.385328527465163440e+00 1.377996872823576080e+00 1.463229000971463245e+00 1.564355727856241440e+00
1.402301210721607738e+00 1.447503700592348785e+00 1.384660411604031083e+00 1.472595312474839213e+00 1.451738083366306942e+00
1.372160585058725957e+00 1.362387098926071349e+00 1.500234605015818401e+00 1.460945050404682144e+00 1.432921728212124490e+00
1.293385977380105745e+00 1.248814489158478480e+00 1.167643098437234350e+00 1.287027567776298786e+00 1.264333746982410078e+00
1.383509260931133911e+00 1.383881615811447308e+00 1.358989416908119141e+00 1.273609518830309817e+00 1.328973722081475239e+00
1.425731044312367191e+00 1.446669530955241534e+00 1.423709230139843518e+00 1.476577992545089701e+00 1.538620518132521431e+00
1.308979814393344432e+00 1.490683837423710356e+00 1.342571788681754308e+00 1.407689922592099574e+00 1.474281034107797428e+00
1.273681906351170401e+00 1.336539773120419827e+00 1.254317399095257413e+00 1.305764471705535446e+00 1.363574221393487829e+00
1.319451111635185914e+00 1.455159252167623540e+00 1.338785323827412777e+00 1.573712222830522034e+00 1.437317656967376234e+00
1.355277918211144961e+00 1.383066307145330631e+00 1.282060321151530236e+00 1.289493005038250262e+00 1.348021728709302147e+00
1.383953274881236650e+00 1.517535987317385482e+00 1.532172945660942975e+00 1.544570574751032321e+00 1.500742989633076840e+00
1.498281562195428851e+00 1.508827054386179478e+00 1.492046806114907254e+00 1.482178712619374616e+00 1.547076368452264816e+00
1.236381201695785581e+00 1.291669608364811372e+00 1.321048094448969312e+00 1.163196691537606187e+00 1.328480298626157241e+00
1.237646790832023003e+00 1.325333925618890074e+00 1.413440081364823575e+00 1.246927878514220822e+00 1.430187689258343831e+00
1.577351592509290912e+00 1.446064332675256692e+00 1.474538877541503146e+00 1.426425872596218891e+00 1.531041503868486586e+00
1.452554370126164063e+00 1.524611212463587329e+00 1.535415761945108537e+00 1.414636921069672759e+00 1.518578156603381357e+00
1.303781797550523702e+00 1.462810386336704127e+00 1.260186684091739506e+00 1.353960312482339390e+00 1.610402325965142545e+00
1.350366221859984339e+00 1.458612446407228758e+00 1.266159230681566994e+00 1.318855854454842103e+00 1.329761194294040827e+00
1.218847980912421303e+00 1.401015448476325531e+00 1.267168350559181533e+00 1.261391994131138672e+00 1.407645726128424757e+00
1.386059857610525636e+00 1.540033895545261267e+00 1.378667367803911414e+00 1.448548892144857048e+00 1.484497002271308652e+00
1.518998079443188542e+00 1.430372643919503028e+00 1.386199702639491882e+00 1.483390196559003282e+00 1.529309032293989734e+00
1.158955559902009158e+00 1.370656509578670024e+00 1.512984197022540389e+00 1.368553442404652598e+00 1.403182391975063226e+00
1.480149985677594371e+00 1.501347009529639287e+00 1.444057543345555805e+00 1.437485222005093322e+00 1.437211287925496794e+00
1.239785059920035071e+00 1.349733252226547719e+00 1.322958357983850419e+00 1.219196601910736089e+00 1.456048472696123364e+00
1.501746092920922537e+00 1.520822383510944675e+00 1.461943550438525863e+00 1.474145852097327625e+00 1.645592238858795131e+00
1.227221881422579930e+00 1.232542476751389948e+00 1.346576000627262459e+00 1.267289137369123964e+00 1.017698154280654466e+00
1.208583775474044941e+00 1.389072155346380066e+00 1.433689742275716439e+00 1.331256605909885815e+00 1.498303429270994469e+00
1.261788896427514794e+00 1.433609069977249018e+00 1.329909803653039901e+00 1.487590581034847315e+00 1.485472763515924388e+00
1.245933029594062713e+00 1.412119723034174434e+00 1.395230556299610791e+00 1.218993404520038792e+00 1.338540073997531721e+00
1.180457976028318923e+00 1.289819550742950849e+00 1.331748115920114328e+00 1.137023711446037755e+00 1.231039266933203979e+00
1.295800119752773760e+00 1.312086260930241277e+00 1.290050555457596060e+00 1.338204402812387839e+00 1.347269233089885665e+00
1.317142672777333878e+00 1.344034304592766071e+00 1.389778167889756721e+00 1.331389164686296755e+00 1.439210255366887514e+00
1.355011931080678078e+00 1.439853469249562368e+00 1.449668104439481020e+00 1.438069801961235239e+00 1.547427254473434877e+00
1.450996060452503400e+00 1.450777303100164284e+00 1.379703732561996743e+00 1.604924009174141020e+00 1.461526909190154377e+00
1.186182206425493657e+00 1.304486920333843614e+00 1.258923471150013462e+00 1.221732274506318383e+00 1.400624663314437246e+00
1.223519368114680095e+00 1.272006402292271687e+00 1.325609186582363375e+00 1.263128914449796358e+00 1.294094409071421703e+00
1.390450757303616891e+00 1.580568321777239271e+00 1.472644415506805915e+00 1.644172822353619834e+00 1.616474736095913078e+00
1.479316783581657857e+00 1.430085098472922311e+00 1.373609471274699567e+00 1.470862307763989962e+00 1.408483949082438125e+00
1.285913732981293967e+00 1.326873556125423903e+00 1.174624289761721396e+00 1.380180069953455879e+00 1.489375729141090288e+00
1.354826095016590015e+00 1.460357700606417453e+00 1.353570132865751230e+00 1.513097949589462532e+00 1.481210716732866306e+00
1.464214784616088227e+00 1.439556277158250852e+00 1.581174882691936512e+00 1.344687822077622608e+00 1.551379516867875452e+00
1.582884303594887410e+00 1.486725796636497510e+00 1.496725121020937577e+00 1.483035248669038131e+00 1.405658262143184567e+00
1.405229202170567904e+00 1.409626499177741854e+00 1.421870433740249240e+00 1.286466858563931615e+00 1.307043751743672599e+00
1.250036191456963541e+00 1.464427271186668822e+00 1.201063096133052621e+00 1.262436259999792476e+00 1.467023277741879905e+00
1.135275748998304968e+00 1.270495391074352165e+00 1.436577651509752585e+00 1.400495437645502994e+00 1.483517498757150888e+00
1.352250665169890675e+00 1.257019830490268442e+00 1.405864365904657465e+00 1.242163952331002408e+00 1.419874614521130729e+00
1.370744148345098390e+00 1.330202603545235229e+00 1.262024074216212544e+00 1.296399692167820694e+00 1.396692433604855843e+00
1.328811840516235465e+00 1.419181417818380142e+00 1.375861585004996002e+00 1.388490631256342533e+00 1.342702879907049063e+00
1.545050898728525191e+00 1.531653282676178396e+00 1.427373207783749320e+00 1.636323725058099754e+00 1.546296126119067971e+00
1.548951327405956757e+00 1.612671436079820886e+00 1.487613044625742287e+00 1.504709605163525366e+00 1.508953051411849433e+00
1.322203793212767264e+00 1.328301402825648792e+00 1.283705123170788776e+00 1.330344149240027418e+00 1.325754886057757043e+00
1.325466056164000817e+00 1.444651841658049163e+00 1.400253370452018586e+00 1.462585105671834640e+00 1.343373598902276811e+00
1.325479093703847644e+00 1.349860428902896592e+00 1.380011158798895021e+00 1.298820354005396416e+00 1.403893416258241489e+00
1.528189274457985913e+00 1.428479666304282913e+00 1.397527189119568192e+00 1.430867345365778975e+00 1.500727477797138221e+00
1.316063949692104718e+00 1.361825446511202520e+00 1.499650887041659164e+00 1.422713471961390086e+00 1.511119142326321052e+00
1.314272061399816893e+00 1.401494828160060102e+00 1.241851759338941097e+00 1.251759762712896018e+00 1.407217454589556827e+00
1.462279518740269735e+00 1.473687996915119536e+00 1.376955682646910040e+00 1.419943813111066433e+00 1.416549831525850012e+00
1.358307395432266418e+00 1.449252087584685045e+00 1.435292451476000819e+00 1.470214355426116448e+00 1.446406810890816574e+00
1.242105417196801564e+00 1.270054680448393869e+00 1.419867331989680181e+00 1.295578834707661553e+00 1.416809757158931760e+00
1.283814380638288677e+00 1.447660517331104346e+00 1.425285784352806839e+00 1.423594374003570806e+00 1.368813551382301208e+00
1.417834648851244994e+00 1.431329093470039115e+00 1.570738151950650918e+00 1.464059977557818026e+00 1.508014986704463656e+00
1.334381462496671444e+00 1.350797972255709078e+00 1.354047258432717893e+00 1.385661094351783529e+00 1.539088052147075558e+00
1.594285705073069215e+00 1.574223697099082386e+00 1.626801363304120507e+00 1.644828114069031955e+00 1.695714952037789214e+00
1.295823787728029641e+00 1.399835214935905459e+00 1.266092837166754359e+00 1.236593749158892086e+00 1.375163136969838273e+00
1.077597999969843290e+00 1.186356507045271291e+00 1.097448009963951865e+00 1.219067316834764103e+00 1.471924119034357936e+00
1.234652887413512534e+00 1.275552421146030735e+00 1.468919445972459714e+00 1.374402973927249416e+00 1.384169769559505214e+00
1.399105454916786506e+00 1.452060002772650238e+00 1.444219984444631510e+00 1.381969345108449598e+00 1.335755428482611862e+00
1.233620132789354118e+00 1.378433409125696230e+00 1.113732621943147150e+00 1.188234697229243908e+00 1.238427670447640239e+00
1.281333827972186867e+00 1.413607866171033178e+00 1.161814044128181456e+00 1.180411642225543289e+00 1.417974331573035540e+00
1.407378383519174436e+00 1.267077671022084351e+00 1.397065002850582438e+00 1.413523930311691545e+00 1.495488033602800471e+00
1.353796911499896671e+00 1.442812925573137228e+00 1.270484830999737191e+00 1.426055136728222372e+00 1.362872140341552907e+00
1.398900507677204752e+00 1.368847733307026360e+00 1.454869555796718839e+00 1.539235940560303995e+00 1.493230159331055074e+00
1.450606126674792051e+00 1.494804866336698401e+00 1.512032694588111070e+00 1.536591323279453469e+00 1.536131619419462302e+00
1.535515804809657991e+00 1.402405564817555073e+00 1.505210232907541412e+00 1.619336927790684166e+00 1.614918017736257871e+00
1.385461958698894991e+00 1.364471344716027712e+00 1.408989536563008960e+00 1.529337917348027043e+00 1.492682637100045451e+00
1.341349082565929329e+00 1.465092866252804882e+00 1.457966749206864643e+00 1.398196281477325886e+00 1.501252273159283002e+00
1.319551150221413449e+00 1.377429184332910506e+00 1.315737515447253037e+00 1.192403158227583360e+00 1.373388179104305884e+00
1.453927562471825974e+00 1.250042765185289895e+00 1.409153993376039082e+00 1.289569445439406437e+00 1.360466111646956522e+00
1.440727133872100607e+00 1.464720609179307687e+00 1.417011597054954830e+00 1.470436664786574088e+00 1.708512108609999691e+00
1.551909815744701326e+00 1.653027886012857772e+00 1.721596762232454170e+00 1.638128007402635866e+00 1.688949179296386216e+00
1.500746451887043253e+00 1.377207295122119701e+00 1.349541746559265398e+00 1.466539856524351704e+00 1.457322530414001838e+00
1.373753754530309790e+00 1.303999747086356686e+00 1.385285027814899372e+00 1.282135468422794355e+00 1.493506635971072249e+00
1.345486592230474621e+00 1.391852994909680952e+00 1.395290858784700827e+00 1.348753511507425173e+00 1.477440812796236180e+00
1.416163149735360172e+00 1.492239968725565857e+00 1.457545928289848192e+00 1.335489160081060112e+00 1.478196690851159456e+00
1.562994927112976384e+00 1.554288814476409986e+00 1.613009949704522938e+00 1.746912799105175385e+00 1.581443253026904694e+00
1.454173384816487502e+00 1.388896003471382645e+00 1.452708385903259014e+00 1.509773839451053146e+00 1.514460713039702755e+00
1.425803911268332280e+00 1.299991476414279035e+00 1.528374577666155032e+00 1.426625986167633808e+00 1.558862550499886312e+00
1.353841252079140745e+00 1.240249893099247602e+00 1.445948543588270185e+00 1.372985702504251559e+00 1.488234243065176488e+00
1.471545880654914429e+00 1.577442174411805009e+00 1.583659941682100003e+00 1.443779342714630376e+00 1.553401842881940054e+00
1.483765450410245545e+00 1.472769421227219988e+00 1.396720649195988040e+00 1.431051382619165979e+00 1.467101105639278646e+00
1.638119255997086965e+00 1.541888174387707533e+00 1.499048936404953070e+00 1.560029599547013479e+00 1.631894435575609315e+00
1.246148014181181374e+00 1.241328085169270956e+00 1.482838317325607891e+00 1.450202626838537734e+00 1.553619882730014057e+00
1.280703532285531576e+00 1.271557673370603547e+00 1.393949913212269243e+00 1.387277142823549525e+00 1.473488689837334276e+00
1.326104498895142259e+00 1.469364112391563282e+00 1.446967755569963821e+00 1.475744241648424326e+00 1.514518758266897080e+00
1.455015464765814226e+00 1.368116230155829838e+00 1.396990637655151080e+00 1.378237507755630809e+00 1.536685725952859016e+00
1.249149202753350840e+00 1.290603788093084070e+00 1.293747755144417644e+00 1.413828301758996764e+00 1.442325096537885543e+00
1.339320459904603799e+00 1.275312579677431835e+00 1.390014920772292273e+00 1.258769184647882122e+00 1.388389173124293219e+00
1.376556650109341584e+00 1.444236426476910085e+00 1.355680560602860130e+00 1.361004470679719081e+00 1.397923308543562726e+00
1.390580098216755545e+00 1.543290245090840562e+00 1.341611417092192893e+00 1.317524691279660320e+00 1.510914868213650619e+00
1.219602866845222788e+00 1.344491459171315295e+00 1.415811759343418741e+00 1.252631028487261045e+00 1.325281627022571795e+00
1.178873897471506282e+00 1.431325264690673116e+00 1.331074011815684521e+00 1.383780720231068129e+00 1.501234303486189692e+00
1.545489592462941264e+00 1.606352765234403623e+00 1.681158678681503149e+00 1.578908902195245156e+00 1.665539440369981472e+00
1.469993698302303420e+00 1.446065644020054552e+00 1.556136513656105391e+00 1.426622391880732366e+00 1.300415379635241564e+00
1.397048783122640581e+00 1.468999364083028114e+00 1.627510810890976156e+00 1.544547646299719856e+00 1.558591453164521745e+00
1.440648608222790950e+00 1.533033293212086923e+00 1.457420836476828852e+00 1.520506286582985256e+00 1.525679876243177802e+00
1.328224288830050170e+00 1.555346457123234938e+00 1.500525130258365314e+00 1.364644992954931357e+00 1.504903192409103641e+00
1.446629436325430618e+00 1.423415254417842446e+00 1.307647092102138586e+00 1.347052426085427967e+00 1.405965919000808251e+00
1.348962837557141414e+00 1.271182149312478193e+00 1.402916405121046095e+00 1.355025998266538245e+00 1.440326703129139130e+00
1.281971820607770374e+00 1.210851964429904060e+00 1.277555142886226403e+00 1.104713700077968541e+00 1.380338904278590073e+00
1.267248292816499422e+00 1.161564121135666205e+00 1.192059895458735586e+00 1.203421350771789244e+00 1.212314964568878883e+00
1.392934554967863336e+00 1.409774371986314501e+00 1.485674141135010284e+00 1.321327501121489334e+00 1.299856470006676590e+00
1.325803176209311651e+00 1.446167325845850726e+00 1.444360431130521594e+00 1.411271487601021501e+00 1.284381399439386673e+00
1.289528518335165685e+00 1.370011675076656443e+00 1.352974665776986551e+00 1.362207674818188607e+00 1.336446256111441189e+00
1.260033737973939250e+00 1.380478694921437377e+00 1.374972704259463718e+00 1.327983911650627347e+00 1.435969928363601822e+00
1.468908032273608777e+00 1.463961226247790792e+00 1.420937549699722080e+00 1.449424982247781601e+00 1.461796418766591499e+00
1.298900586420859593e+00 1.230846519104704662e+00 1.299446528255658873e+00 1.281700995399720933e+00 1.166680335627841014e+00
1.450489487022410096e+00 1.413421515218428848e+00 1.383985279797237844e+00 1.366823579558888113e+00 1.454831192992320332e+00
1.531765027590823003e+00 1.547099970615968934e+00 1.433884204873315582e+00 1.368718976927308706e+00 1.464868906331095566e+00
1.459397731371703921e+00 1.399810864754110540e+00 1.392859127364111993e+00 1.471167483265505727e+00 1.570934618420918083e+00
1.374459170734836588e+00 1.338151400841814276e+00 1.388925652831160651e+00 1.375521512304889171e+00 1.474209621569367634e+00
1.403795142700520193e+00 1.495540706682157106e+00 1.422915661928032538e+00 1.493770389344068361e+00 1.297530872109523337e+00
1.467023790706490027e+00 1.522938463019401389e+00 1.486319939890343722e+00 1.347156887919087609e+00 1.477502704049538540e+00
1.555648769953797750e+00 1.436854841221897772e+00 1.681760834111789338e+00 1.563294725159366072e+00 1.737656843032658438e+00
1.212677426413109494e+00 1.276241170292597982e+00 1.295516863116278339e+00 1.268334223820736018e+00 1.251665760286978735e+00
1.368905204242496509e+00 1.402890064846617602e+00 1.395834647739568224e+00 1.282939862645520401e+00 1.401995414099172610e+00
1.400484105932792822e+00 1.405183814370844164e+00 1.452085915731074817e+00 1.483149894976034888e+00 1.481838332716347129e+00
1.313896240179724950e+00 1.230621742346064362e+00 1.261443045769227389e+00 1.302139634827584214e+00 1.404722420136932604e+00
1.452078225183614846e+00 1.385769766766846267e+00 1.414509596126501290e+00 1.398328087878509152e+00 1.455655620631943314e+00
1.343719302954160977e+00 1.324087065061388069e+00 1.487393913821113411e+00 1.487230127477748187e+00 1.549659993018279058e+00
1.292380245561267627e+00 1.333992684273546114e+00 1.405865676253335028e+00 1.369612955618374039e+00 1.492618156278990860e+00
1.376949230013154279e+00 1.308324746252409687e+00 1.382205401234813058e+00 1.273991602421332026e+00 1.281777230141641688e+00
1.497791452506967991e+00 1.341053314949322450e+00 1.247653483745722491e+00 1.360327224415605940e+00 1.346630610753355439e+00
1.437278283326816286e+00 1.540820670551245497e+00 1.590179843547353089e+00 1.397081035229732260e+00 1.416820280280552291e+00
1.369643379878972000e+00 1.342282308915766942e+00 1.251473443495044080e+00 1.367066683804178506e+00 1.370311789733580810e+00
1.386575546866413600e+00 1.420333490497489137e+00 1.304420487840787901e+00 1.446493064643169069e+00 1.356292963462799150e+00
1.404397700908182944e+00 1.333095092271125326e+00 1.518304486623411220e+00 1.595676566995905210e+00 1.511134441401557726e+00
1.474839166216283193e+00 1.372133415500419007e+00 1.419881281305740206e+00 1.444352306152400622e+00 1.498868298004769839e+00
1.281534626729004422e+00 1.359858607137875541e+00 1.251274545502653934e+00 1.257252745594397147e+00 1.474131537428806205e+00
1.569506528709233129e+00 1.511882317573010948e+00 1.671498815632395107e+00 1.513358415516415922e+00 1.579880301480958149e+00
1.236097377921135276e+00 1.207936982509506540e+00 1.283653904801521861e+00 1.267101732309300566e+00 1.396013714069429756e+00
1.509796735325994455e+00 1.491811605943321961e+00 1.535872866582750795e+00 1.299052004952903516e+00 1.471709374188732600e+00
1.190908473243921684e+00 1.341976931603684031e+00 1.369671281583873856e+00 1.403372520639214693e+00 1.300159444221320237e+00
1.245042630891704638e+00 1.289939216490678664e+00 1.296264819531013579e+00 1.394884286796529205e+00 1.335567453175685371e+00
1.483883744014397488e+00 1.471974144988478894e+00 1.559388587957578398e+00 1.304608137158357106e+00 1.456229488197120281e+00
1.218105423719205271e+00 1.418477713742658075e+00 1.245747207671448198e+00 1.323747515801782404e+00 1.423425765674960708e+00
1.220831512147312115e+00 1.330178603286992445e+00 1.238207565455074155e+00 1.317854644908900585e+00 1.370195236276958051e+00
1.306318261857806196e+00 1.380154722517519028e+00 1.541539851224285940e+00 1.274371466462987268e+00 1.413005474650043558e+00
1.570629838069906414e+00 1.498963028059798086e+00 1.570928525435413059e+00 1.533812316115189311e+00 1.577720887913199865e+00
1.244276114666256650e+00 1.311538385687416319e+00 1.260748833444440997e+00 1.362390140800209259e+00 1.327731417347672194e+00
1.414778318705114168e+00 1.562479578215012266e+00 1.396595270647333242e+00 1.427740300627956982e+00 1.429301166693158320e+00
1.477003091965467307e+00 1.503005172012474411e+00 1.556532580911314634e+00 1.522249532406880101e+00 1.552553971541804634e+00
1.546498134245691380e+00 1.552827303025232419e+00 1.521766185611197031e+00 1.589181245211946703e+00 1.624371410731634713e+00
1.603301161217889792e+00 1.494046475999946333e+00 1.621912574877348412e+00 1.518682974995688717e+00 1.639069880261049272e+00
1.430551609935979185e+00 1.361446141905217733e+00 1.521520463917237720e+00 1.469248372252496493e+00 1.557465219540485002e+00
1.255815426711104354e+00 1.389782077470081090e+00 1.305879673726263235e+00 1.305446103145253334e+00 1.511636982528897999e+00
1.307443689890622540e+00 1.194659872678791146e+00 1.357260223319534775e+00 1.318989510579984037e+00 1.425378406311322399e+00
1.537513831949499421e+00 1.649527797052436462e+00 1.530888000490830736e+00 1.449896321928236143e+00 1.611061949813602734e+00
1.302406512786210557e+00 1.320150262525270790e+00 1.307244498350192297e+00 1.284532489227598662e+00 1.299602634390813805e+00
1.472776313447133223e+00 1.481302902992992943e+00 1.492444401089269013e+00 1.459442171939043131e+00 1.698835826108595182e+00
1.513285007175037888e+00 1.533254098832779411e+00 1.449223394431559342e+00 1.505016370907010126e+00 1.428669867396552773e+00
1.552302069956110975e+00 1.449797537906900136e+00 1.495579401159488064e+00 1.596485742888926973e+00 1.559930091195509849e+00
1.347394530327715945e+00 1.341332868174117676e+00 1.366094443230712940e+00 1.374834163191672509e+00 1.488955921719576470e+00
1.299420005276626933e+00 1.347937725088153682e+00 1.307988968606123237e+00 1.401973188593230502e+00 1.350034317736936940e+00
1.446389254213352071e+00 1.457049591575490410e+00 1.296446558056276954e+00 1.214173764425420909e+00 1.290486070066260371e+00
1.500393819811715490e+00 1.426298243402026822e+00 1.526224418944869710e+00 1.393070674717872492e+00 1.579472079991297351e+00
1.484913482635254578e+00 1.552421247267086635e+00 1.474170110965387748e+00 1.341194916547036931e+00 1.489180738901140222e+00
1.361364852947008153e+00 1.277034122855189802e+00 1.265008065459976017e+00 1.297448906285720405e+00 1.391477346767600931e+00
1.273305210229643158e+00 1.343124269629161205e+00 1.404793098250085137e+00 1.468086163934147148e+00 1.414533634415362506e+00
1.343536914684780648e+00 1.288872564573419366e+00 1.264874585908175364e+00 1.405827143103361543e+00 1.428419908203965027e+00
1.244806145318681834e+00 1.441907333509083067e+00 1.441170290783517993e+00 1.427447753329425417e+00 1.332976745056913881e+00
1.540516025301249758e+00 1.455526363539154211e+00 1.648660890504124010e+00 1.459598554786929014e+00 1.550771373977898548e+00
1.460994701590432099e+00 1.431451070911560874e+00 1.371741800894422880e+00 1.439146475914470980e+00 1.435328704194949623e+00
1.463841092164859914e+00 1.401804111832640976e+00 1.431116534326524636e+00 1.427540624187253249e+00 1.485684754721864786e+00
1.386728387035165877e+00 1.261322522509532584e+00 1.337593239066043216e+00 1.250297392475997249e+00 1.199644460583416894e+00
1.338745543079219891e+00 1.180587650882966244e+00 1.399543039492586738e+00 1.391048873077061376e+00 1.508788836211412354e+00
1.275524015603928030e+00 1.283723423303021027e+00 1.164229501880586382e+00 1.290321704469580943e+00 1.265570744302788597e+00
1.398081933329910376e+00 1.406118142363393053e+00 1.430405434795244846e+00 1.410663436533941661e+00 1.357225844793456204e+00
1.482988251932987778e+00 1.346932631500454169e+00 1.444364064627271738e+00 1.349924634177689597e+00 1.466642888457290850e+00
1.208222432011476499e+00 1.311260578632235108e+00 1.200664622125962033e+00 1.307590048486078294e+00 1.343953921563471710e+00
1.396572119498953990e+00 1.324426260442264525e+00 1.266695368029737701e+00 1.329114038049271862e+00 1.351134950425900705e+00
1.189110433904118969e+00 1.358710902686814048e+00 1.362931685167037665e+00 1.316190923326004070e+00 1.229126131241074615e+00
1.373952079142544580e+00 1.383882774700862628e+00 1.374109432813394926e+00 1.406761537262457784e+00 1.476037990541151368e+00
1.405883348083027062e+00 1.182614503133153860e+00 1.499016022519645830e+00 1.424037678046170097e+00 1.380558627473046140e+00
1.612682016015056785e+00 1.506350388776833471e+00 1.657752544372148584e+00 1.674634595318596819e+00 1.765835188940849232e+00
1.167749630990880361e+00 1.214849774559998208e+00 1.248103278052720588e+00 1.175507476367073645e+00 1.337573035167103352e+00
1.418466435924856883e+00 1.447212439521420757e+00 1.445692840672681001e+00 1.476361543015763278e+00 1.440995629606610207e+00
1.394311168817612634e+00 1.583323701746362611e+00 1.499364174348939649e+00 1.427707003619842041e+00 1.424408986706598546e+00
1.377931884788760275e+00 1.433431186455667916e+00 1.399752558460954477e+00 1.470501255912819660e+00 1.530585055090986080e+00
1.398826487750787440e+00 1.455850056875479526e+00 1.264737497548751755e+00 1.344444871480134251e+00 1.406465779419133533e+00
1.370682925806721242e+00 1.470003921784433176e+00 1.420708839273718382e+00 1.419679393693931369e+00 1.467876809298016116e+00
1.396012177861347459e+00 1.363326864688868101e+00 1.301533847029455959e+00 1.267123533312285888e+00 1.416450726524221881e+00
1.433170719981042396e+00 1.542369606877354693e+00 1.327748657570158919e+00 1.436373842380564758e+00 1.542888791513846058e+00
1.435441000187312577e+00 1.428932465971884724e+00 1.631265968829150204e+00 1.378463889996171199e+00 1.370650662730968694e+00
1.292451538021248014e+00 1.345843635278479500e+00 1.342462008471570156e+00 1.423773871914858269e+00 1.360585517585379156e+00
1.258394903702798162e+00 1.303715849800721971e+00 1.297382654293253390e+00 1.326092553093546345e+00 1.328865852588737129e+00
1.477758585695390536e+00 1.506591755569168356e+00 1.485909256990135541e+00 1.485542362957531948e+00 1.524929329689836521e+00
1.406108607474745309e+00 1.456482133205727392e+00 1.176550605630861446e+00 1.437216747419509666e+00 1.506196216383952624e+00
1.307116797052704005e+00 1.346575136120300442e+00 1.366870372667221334e+00 1.491905714405669325e+00 1.443021567137423133e+00
1.262063465487954783e+00 1.413756310727049215e+00 1.270589932194543525e+00 1.470001323882898836e+00 1.544715350067348503e+00
1.467651967287325387e+00 1.477265200482819507e+00 1.549351278064885262e+00 1.405625514052103009e+00 1.562207596967460033e+00
1.363418869169705783e+00 1.371847589847983162e+00 1.306192198446797681e+00 1.370447243282909344e+00 1.281502319972645632e+00
1.398467236965874383e+00 1.392634704695174808e+00 1.387556395091239292e+00 1.341832987781174769e+00 1.384333477665250722e+00
1.381952077646969590e+00 1.337913344249980652e+00 1.319594017908536365e+00 1.313313648594880867e+00 1.326380347457503994e+00
1.230993260978536785e+00 1.307017637479396921e+00 1.315283918580940625e+00 1.094727910836207352e+00 1.179413595977152340e+00
1.253338723837158053e+00 1.337618672766395900e+00 1.340922797150428059e+00 1.273971696297568013e+00 1.337059410898501888e+00
1.541822384321688055e+00 1.354360531492605269e+00 1.476121931763537232e+00 1.486487872159659496e+00 1.517236369566422383e+00
1.279102220214835883e+00 1.373123905529378241e+00 1.336923254449312148e+00 1.369682577888403419e+00 1.301286800166133517e+00
1.295601518537461194e+00 1.472750557755217127e+00 1.299970363989548794e+00 1.380230072486632986e+00 1.340825988169304761e+00
1.424835879401086469e+00 1.523739929308662866e+00 1.510825895747883285e+00 1.479022962395840635e+00 1.503280576281500469e+00
1.564530705086511153e+00 1.513401257126109289e+00 1.526311144110239937e+00 1.467754807521864935e+00 1.451628734040707469e+00
1.324909805396854878e+00 1.265868364162529680e+00 1.373687951126538298e+00 1.388045514481027531e+00 1.458119259628056108e+00
1.309491592910087432e+00 1.321636885145070162e+00 1.181207827652435149e+00 1.252317794295686015e+00 1.268689410933420803e+00
1.330422708723807412e+00 1.442075230882079451e+00 1.391289807945931933e+00 1.551176630863648764e+00 1.440529920668232489e+00
1.456145714094042809e+00 1.414426388383462685e+00 1.415465058494377759e+00 1.534033280052048864e+00 1.550451178470241498e+00
1.261968657393069515e+00 1.364733020896962579e+00 1.311871694540358568e+00 1.314619798387001604e+00 1.446934410381412794e+00
1.492597150440019949e+00 1.518676700557375803e+00 1.587428103994623196e+00 1.558557827012538421e+00 1.524810739337372878e+00
1.169008672221582001e+00 1.286837238790346394e+00 1.230111145913780568e+00 1.192137482702641860e+00 1.319030545369299423e+00
1.529325392071952061e+00 1.187917191710171627e+00 1.382312907571225713e+00 1.396678589565699902e+00 1.389804499608454869e+00
1.438502601060208885e+00 1.481717019976347416e+00 1.494490421771355493e+00 1.441368529161545231e+00 1.340894547334295472e+00
1.367444829891631519e+00 1.519612445413079937e+00 1.496823868888096154e+00 1.503832001141748531e+00 1.452011078064681326e+00
1.399971118947351378e+00 1.426363471408713890e+00 1.370605121043852126e+00 1.534826131067591026e+00 1.349053768503905681e+00
1.267415442222609157e+00 1.204218181889332939e+00 1.500276939916654229e+00 1.302564444138826438e+00 1.385969214290270202e+00
1.324224652916562439e+00 1.400136712697862551e+00 1.417142765864487952e+00 1.473859384978335907e+00 1.484539398351277351e+00
1.246213819004521994e+00 1.330896834150827379e+00 1.398117043230917123e+00 1.375445493552392096e+00 1.331857280687039680e+00
1.376248719153154942e+00 1.344708213704288724e+00 1.402384445037865301e+00 1.411658373213759976e+00 1.606300498724352543e+00
1.500157518487867048e+00 1.417842830313781111e+00 1.540613491219388731e+00 1.505836646305078297e+00 1.382125583177980399e+00
1.354892924402272492e+00 1.414321435667559079e+00 1.408253138589639297e+00 1.356027466154386962e+00 1.395499566326849239e+00
1.286312937822005287e+00 1.260600026130237916e+00 1.301647601348458583e+00 1.527717146187671959e+00 1.388706044940541062e+00
1.366820752204706224e+00 1.449119351663013644e+00 1.292262923010134568e+00 1.227276959457660022e+00 1.294640965994589443e+00
1.556034411264701323e+00 1.278477666970043281e+00 1.514106145143915505e+00 1.399486508663980944e+00 1.494802954306416520e+00
1.470694107337699119e+00 1.298289249873208595e+00 1.444594942033761820e+00 1.411816134271670187e+00 1.471849872612835730e+00
1.385394582165273558e+00 1.261878358119280730e+00 1.275888095559982283e+00 1.410281355649083856e+00 1.561843271259307775e+00
1.674859244925726243e+00 1.523106240395633026e+00 1.466719715028624860e+00 1.542331737284092563e+00 1.638381680788264960e+00
1.347346780513925646e+00 1.270407211054038088e+00 1.217095596842380445e+00 1.296373715919237224e+00 1.485992971072743973e+00
1.487808691593698329e+00 1.548429101805073538e+00 1.454622374108855976e+00 1.467628842907010123e+00 1.494121362727199420e+00
1.514938927422300186e+00 1.610825030865013163e+00 1.409841085487014922e+00 1.647745968494043867e+00 1.634628460855906296e+00
1.469374646451423905e+00 1.396899047594832632e+00 1.487015244314519036e+00 1.444679992851517714e+00 1.409570924826821114e+00
1.465466246456462285e+00 1.288479443543967262e+00 1.203526288463111271e+00 1.394110479592395757e+00 1.482388457232583612e+00
1.448793112787716719e+00 1.388231446600018959e+00 1.489906386949249928e+00 1.409976441299128025e+00 1.484712321700413229e+00
1.470345660932037113e+00 1.543344376110193705e+00 1.438002928399094049e+00 1.494251739509087074e+00 1.538628004983759734e+00
1.220181773728197028e+00 1.395370263518386444e+00 1.217866580281099953e+00 1.110567408556474511e+00 1.431924010071856435e+00
1.217488672623186829e+00 1.246737332009062449e+00 1.354643477415406583e+00 1.289205431437915328e+00 1.398239125130477989e+00
1.545642405869652736e+00 1.628840761097255951e+00 1.497668744362138149e+00 1.534299392099734316e+00 1.627877586973910606e+00
1.323537015025270991e+00 1.392110916249944319e+00 1.387405812585334353e+00 1.303272095730875435e+00 1.336527540886347287e+00
1.389390034210415958e+00 1.444767293922453177e+00 1.419155051959496427e+00 1.399378839972283739e+00 1.598717341742010190e+00
1.246942788704536786e+00 1.321030944801293794e+00 1.468134122261760544e+00 1.307449835852565245e+00 1.456334470456071228e+00
1.308860665664486111e+00 1.322417417742980161e+00 1.335755483216342521e+00 1.304191367331044349e+00 1.364186087872409914e+00
1.396082202842447550e+00 1.386626116298083744e+00 1.369323412168891307e+00 1.316599250181131886e+00 1.395337293598303052e+00
1.324234910778177454e+00 1.543214066735999035e+00 1.387393246199192687e+00 1.488494237011600330e+00 1.401161860336064713e+00
1.467116745458249438e+00 1.405845637137862481e+00 1.403645919866539193e+00 1.422744000585316915e+00 1.440669653146335660e+00
1.313807644374000327e+00 1.476906857410517748e+00 1.443121966795640310e+00 1.330825635568539500e+00 1.426793451300415461e+00
1.150280303133366155e+00 1.293666968828104835e+00 1.237881074253768920e+00 1.294438614059755244e+00 1.333139722918218473e+00
1.269500636538230198e+00 1.263976233553771200e+00 1.257974985735599738e+00 1.269690064960887321e+00 1.479483594823696402e+00
1.357399616904267470e+00 1.506841848640987580e+00 1.447571883869120724e+00 1.409191197974547283e+00 1.520548288131614134e+00
1.317901619423288206e+00 1.259903746214268150e+00 1.261972110994502128e+00 1.220382222170612652e+00 1.355712510854289787e+00
1.476247677633380606e+00 1.462273423372951964e+00 1.391413630659207090e+00 1.469688608221863202e+00 1.605395512858037943e+00
1.464555043224268216e+00 1.504820144493543843e+00 1.567751960861480942e+00 1.481392481008977358e+00 1.471427965609545918e+00
1.377200283811013337e+00 1.558964119103986690e+00 1.482284751156788705e+00 1.386846308401741945e+00 1.318999768738513101e+00
1.447569837951438343e+00 1.331203172168453630e+00 1.266170243507433790e+00 1.385664022460183054e+00 1.361348428371909058e+00
1.483623005492477498e+00 1.541135396123446188e+00 1.507804499552581667e+00 1.427238789022917453e+00 1.525644563690548239e+00
1.229636320036419983e+00 1.359869779889158137e+00 1.202094774938274213e+00 1.292398324940157828e+00 1.234291389251290338e+00
1.391941861845810369e+00 1.478225701516908464e+00 1.379851875882214474e+00 1.358055371656744725e+00 1.595181940297213163e+00
1.646015055903364832e+00 1.507386894172114022e+00 1.674559933781705423e+00 1.698274736667227058e+00 1.645017356755583693e+00
1.344541062398199260e+00 1.619409150988789348e+00 1.558878679756386498e+00 1.527497119435792472e+00 1.572330726621877117e+00
1.642319730922823906e+00 1.580751230548190556e+00 1.463885760103196487e+00 1.519723185249203690e+00 1.685180265065199468e+00
1.296656936789281955e+00 1.289004255561862600e+00 1.275183271371472360e+00 1.354938956300546726e+00 1.255764568873521281e+00
1.515367207686021400e+00 1.410524711241448292e+00 1.493822161818382233e+00 1.454495664737446958e+00 1.509126336113343125e+00
1.306138623820624733e+00 1.348916264143199539e+00 1.218714091680773270e+00 1.408166279494744266e+00 1.380647443930233864e+00
1.371897364780856110e+00 1.183908873405937534e+00 1.326950270174218405e+00 1.358466553065422744e+00 1.353060881116806113e+00
1.488584039566589468e+00 1.570889475620459219e+00 1.446935151807907660e+00 1.523808026042699826e+00 1.558248874806156703e+00
1.455105205404957802e+00 1.479336812590513306e+00 1.444274774999171340e+00 1.394933246945556871e+00 1.560091529690706302e+00
1.427718947479276634e+00 1.353941317344353523e+00 1.453255427747178308e+00 1.430731796140894962e+00 1.484918155499242109e+00
1.409702476221418976e+00 1.362246966564740758e+00 1.436903783464178019e+00 1.502817111944213080e+00 1.549404413363453692e+00
1.357086968975595775e+00 1.332229784005840800e+00 1.472359356876002945e+00 1.407016807949007520e+00 1.382041189171344442e+00
1.301479292277744726e+00 1.307561368019043435e+00 1.348026641187141328e+00 1.266920060563136330e+00 1.418681113823297313e+00
1.405299839418258312e+00 1.399420569355148913e+00 1.258747146717854148e+00 1.353692154100822664e+00 1.349453337561645316e+00
1.313415914138618357e+00 1.503527737043805823e+00 1.298948964221836366e+00 1.311917276524839027e+00 1.202867454916420664e+00
1.261824297214817925e+00 1.346823446045968486e+00 1.372639041837435903e+00 1.326449895763233355e+00 1.321571426767548241e+00
1.310356165816440877e+00 1.281301918360223890e+00 1.362620952256335061e+00 1.154765190581665379e+00 1.336349278964511722e+00
1.405686938635453798e+00 1.399014822642480116e+00 1.260616942050252431e+00 1.350481374365967824e+00 1.440179668508663191e+00
1.546106493249155056e+00 1.353308379009726448e+00 1.462314750324632984e+00 1.414962785770436327e+00 1.546666992616815950e+00
1.242972189705191077e+00 1.437701352142637168e+00 1.424551970201624496e+00 1.477394868430255581e+00 1.466474005854679685e+00
1.338798991820328688e+00 1.432251838656576126e+00 1.428624649848653227e+00 1.581793076776025764e+00 1.546335373723569440e+00
1.366275661006320918e+00 1.459610370030102411e+00 1.484958095547502799e+00 1.577195937551068239e+00 1.515064552895286853e+00
1.402275017561940729e+00 1.489006761722383665e+00 1.350024698285749336e+00 1.276583315557123788e+00 1.484065272003186609e+00
1.385239155296700941e+00 1.401976507074982115e+00 1.331844421816836821e+00 1.568753379129427694e+00 1.477427377186181223e+00
1.433652687507169565e+00 1.511484880414474041e+00 1.413468504294481454e+00 1.347408167353938646e+00 1.332683897116020200e+00
1.550419004362884490e+00 1.509572680139910972e+00 1.530054220390482778e+00 1.493990718789546257e+00 1.631825574993295724e+00
1.629307453620370216e+00 1.380038025949070102e+00 1.494144160278016997e+00 1.464904980160609993e+00 1.458841057768182292e+00
1.548435440479682290e+00 1.449271377912718650e+00 1.400827999220916720e+00 1.581463836262734457e+00 1.570870744828657850e+00
1.589697115470295463e+00 1.466118845678606952e+00 1.515730966978422245e+00 1.513431287392026592e+00 1.511310323942827605e+00
1.420545864502511080e+00 1.520202949501769041e+00 1.429377375508730008e+00 1.407292842296192781e+00 1.524325717239421341e+00
1.349176558383454738e+00 1.435351909329388942e+00 1.441428776766761954e+00 1.285680479124018838e+00 1.420316522419721617e+00
1.382544533031281997e+00 1.341919832789940425e+00 1.483987244127731975e+00 1.370689781454803136e+00 1.464260730686518963e+00
1.487525023544505443e+00 1.508370406612913550e+00 1.615122932880067586e+00 1.531375377154963191e+00 1.509908256170068519e+00
1.238765828537440328e+00 1.299926628115429139e+00 1.434929595032637506e+00 1.247380960572947117e+00 1.271578552752505642e+00
1.468604740670045095e+00 1.448396955177825074e+00 1.473949672302380165e+00 1.529740088109499574e+00 1.475573842611437314e+00
1.445554214616729949e+00 1.373005128509139361e+00 1.324490230600741336e+00 1.426222769179971150e+00 1.502734920619656300e+00
1.241951801557553248e+00 1.364369620050529752e+00 1.339201503626950229e+00 1.451270353974214000e+00 1.376677056951040035e+00
1.501049677189655096e+00 1.493680007022478051e+00 1.484343683876540032e+00 1.564892579235798387e+00 1.569259832223573570e+00
1.169314739354025079e+00 1.304008951820111673e+00 1.214405906998509144e+00 1.338934180462434620e+00 1.349977571802345233e+00
1.188197347588600516e+00 1.274238559016822148e+00 1.251314203439749528e+00 1.124755785208531922e+00 1.310287345751648180e+00
1.411587067132161755e+00 1.325185810209840165e+00 1.450710198120759742e+00 1.445153949015956396e+00 1.399301554144797288e+00
1.192103847572298925e+00 1.330802842745175463e+00 1.377485225014486003e+00 1.334330718403187399e+00 1.374108186703445478e+00
1.471785587780053417e+00 1.517091313543315501e+00 1.645717911694802416e+00 1.531005240707115078e+00 1.621552431419827967e+00
1.361623843578781745e+00 1.382552654236592460e+00 1.394696938270331366e+00 1.414301899724956346e+00 1.367126943310496667e+00
1.409836347427285030e+00 1.319965853997308480e+00 1.373106057659992052e+00 1.290110307612130525e+00 1.276352675389231806e+00
1.242515823660480523e+00 1.190091715895906344e+00 1.240404792409976586e+00 1.182388482594777468e+00 1.371938500368397706e+00
1.237533285894439672e+00 1.300116589861081806e+00 1.420766872069147979e+00 1.326939265621240205e+00 1.491497380807124351e+00
1.383667980282665910e+00 1.332722675767063381e+00 1.365260915405920317e+00 1.338113144734883297e+00 1.512333829154254294e+00
1.316553347876085356e+00 1.414171200242203774e+00 1.417822166994703759e+00 1.412523184524699049e+00 1.386210403694825732e+00
1.308647310467505598e+00 1.310414331438784385e+00 1.469555814458678222e+00 1.267939488576610874e+00 1.430915522402325335e+00
1.471571442396038654e+00 1.371447248208382819e+00 1.388582379491401619e+00 1.457121287233304807e+00 1.468002839334333176e+00
1.613258338951793380e+00 1.619342170951127091e+00 1.556497814572210592e+00 1.473849002927200891e+00 1.768611775260174213e+00
1.395405374627927353e+00 1.445371435146163952e+00 1.429716045519003664e+00 1.589082775014882598e+00 1.588361976000165265e+00
1.452135246074165442e+00 1.568356102818325937e+00 1.567531071241007989e+00 1.578065223516653459e+00 1.562711149267040689e+00
1.465025218723841061e+00 1.354715137650753354e+00 1.502970256629728274e+00 1.415497237108891637e+00 1.518100981945025296e+00
1.460322833558655997e+00 1.402567774224238173e+00 1.419404570102844154e+00 1.427263853574856967e+00 1.367056945901831799e+00
1.216179617004808033e+00 1.446660057811537170e+00 1.487275448846833159e+00 1.379770977600749848e+00 1.366101112491225900e+00
1.324999946280232210e+00 1.302881071852606487e+00 1.364949065890182833e+00 1.337873674238816868e+00 1.509531313830298815e+00
1.170365078976510986e+00 1.283091451210906619e+00 1.247930362150189376e+00 1.265827085555688569e+00 1.232054895495235725e+00
1.303282136183244289e+00 1.314475092944828782e+00 1.360910952758486392e+00 1.258385819707197761e+00 1.452267567729522035e+00
1.632545983433734804e+00 1.522815066306222986e+00 1.554517950029682627e+00 1.587955571108497832e+00 1.651513451158534540e+00
1.417582934563414554e+00 1.477100598823870792e+00 1.437409295890230920e+00 1.362361684673590201e+00 1.528280013377875779e+00
1.396954712301823553e+00 1.362854736173366721e+00 1.331227893664236106e+00 1.441992621061209068e+00 1.424411577332075796e+00
1.428952582439998897e+00 1.383863200830362628e+00 1.340279789538771249e+00 1.448323505908657660e+00 1.410632713168799901e+00
1.315583422204555708e+00 1.429284958733497701e+00 1.329354989116210195e+00 1.328567575175800819e+00 1.538484732311112380e+00
1.383161015101604496e+00 1.312680080311338315e+00 1.426478381061673018e+00 1.507446229281730554e+00 1.519095282804797886e+00
1.340206679230826037e+00 1.459906455708708695e+00 1.519540543252984488e+00 1.429133465743477993e+00 1.390573427880030133e+00
1.522073577333342254e+00 1.439435063556715244e+00 1.379908839316092095e+00 1.418558315174395457e+00 1.392604176541660355e+00
1.201811091204394888e+00 1.189565981719670651e+00 1.281289079991444924e+00 1.226265767996992162e+00 1.276563403463534918e+00
1.549364021203743613e+00 1.580844954273803005e+00 1.535813176297873284e+00 1.403168332249750572e+00 1.540440052143887018e+00
1.366214382220436674e+00 1.420563469370448750e+00 1.455330885648212780e+00 1.501569476553978655e+00 1.561905219661728683e+00
1.377540222695419425e+00 1.368074556657968621e+00 1.375786055184561762e+00 1.526989629892397726e+00 1.445018971309816713e+00
1.414417146320934071e+00 1.493323816419931838e+00 1.368872400375437559e+00 1.422024201519501041e+00 1.352417303709585461e+00
1.360838037285391877e+00 1.459425597450203727e+00 1.514358260418436686e+00 1.450418388678419657e+00 1.517126978716892394e+00
1.445918982050955925e+00 1.437951480310539321e+00 1.587003037178283948e+00 1.576819419086804119e+00 1.508775914165887411e+00
1.248260014610977686e+00 1.271736136055848121e+00 1.372048000198008433e+00 1.214592922428740840e+00 1.258701309253666301e+00
1.445930447136397623e+00 1.404245277119908764e+00 1.272297135982833227e+00 1.238514787151119734e+00 1.476604696703840203e+00
1.408575021301317509e+00 1.405768238099191159e+00 1.354694185552877572e+00 1.395923006067956829e+00 1.549551826410522803e+00
1.268814303296313284e+00 1.338783424127864441e+00 1.250927632124427813e+00 1.337737540879635922e+00 1.321812209752193157e+00
1.322947981065503154e+00 1.336716594500991118e+00 1.272171848089735491e+00 1.324072443040099190e+00 1.338731696407133187e+00
