3.018167557112879429e+00 1.066869491861618613e+00 2.057903505344538253e+00 1.017875660461996061e-02
2.990030704412169005e+00 1.076182454333540539e+00 2.123401830575513127e+00 5.667357791773885642e-03
3.042947334863164599e+00 1.115242542771482936e+00 2.007192288297787286e+00 -1.982103242628303896e-02
3.022220667243485703e+00 1.036170094930285224e+00 1.977897662878759233e+00 3.121037882422280155e-02
3.022922934429587372e+00 1.089767781916012312e+00 2.102949029556162586e+00 -4.788396950094043689e-03
3.033978719760284548e+00 1.080578794113156826e+00 2.024474363045337011e+00 4.084535634525750768e-03
3.016530293550048647e+00 1.048222159962648892e+00 2.027515401998706501e+00 2.003364559020054392e-02
3.080044934404277956e+00 6.373327679798698187e-01 7.678920179673670576e-01 3.254742683045874219e-01
3.024969308419091618e+00 1.004340509503727663e+00 1.935680221087846320e+00 4.964706385163915325e-02
3.050001708925955679e+00 1.085878882964127268e+00 1.939510482691896520e+00 -1.874696287238241787e-03
