1.001056724281324195e+00 9.603462594897475002e-01 1.136351382788451492e+00 1.004878788343083862e+00 9.897938791917264556e-01
8.753044155283191685e-01 9.597267262743813809e-01 1.122379480663476148e+00 9.363459482330741546e-01 1.019390582027415393e+00
1.027908269095532789e+00 9.968145211481599377e-01 1.019879049772074886e+00 9.039938444082807889e-01 9.329232139141589997e-01
9.571011792694268383e-01 9.512654184964938198e-01 9.887198756014914380e-01 8.789328185713077835e-01 9.860397134879931302e-01
1.010474064716200049e+00 8.360702987111373607e-01 1.139742434014772821e+00 8.091632737658210894e-01 9.391086652681215341e-01
9.754306018312429716e-01 1.009507394724069584e+00 1.201521183299356865e+00 1.013733865228410913e+00 9.732694145506347594e-01
1.057503696962896589e+00 9.914488572171396008e-01 1.169191357451830005e+00 8.473521585228450670e-01 9.058625144321353906e-01
9.196819086026644108e-01 1.025799025048749202e+00 1.193068497474862211e+00 8.641831977582998814e-01 1.047713912701886185e+00
9.259365745225212052e-01 1.043830029180525365e+00 1.028174167351120438e+00 9.924377018300032383e-01 1.184330405432610256e+00
8.719455911781629487e-01 1.009136225142173382e+00 1.066186617776409884e+00 9.974827874268298311e-01 1.184265975532432513e+00
1.037543250095533498e+00 9.471686789456578159e-01 1.116195147243574937e+00 1.063265130542900838e+00 8.727685576239232468e-01
9.360605982288304761e-01 9.966478665964708661e-01 1.119333570836669622e+00 9.942592456988983418e-01 9.223997840028717032e-01
8.863689056571039115e-01 1.025488692390944756e+00 1.069857035760248376e+00 1.055380968520619689e+00 9.391082768612901699e-01
1.009257426815350689e+00 1.131932995164149469e+00 1.051852219171412139e+00 9.738553814654663521e-01 8.790900671083748952e-01
8.688269173015056301e-01 8.545976880618342264e-01 1.043100622077675510e+00 1.011734304833346698e+00 1.147166123262455706e+00
1.016749223439190164e+00 9.746778251969224760e-01 1.016996412524214577e+00 1.006501815094638541e+00 9.326663918486777227e-01
9.713524525037958712e-01 1.075198833041168145e+00 1.054458720992840659e+00 9.518020638238355868e-01 1.016650455293854005e+00
1.069084103102817984e+00 1.001963731197748952e+00 1.047494123849485703e+00 9.789888580179070265e-01 1.031183905726683836e+00
8.360260755126462939e-01 1.015189497336487889e+00 1.092207164141251630e+00 1.018541084575038447e+00 1.036287666326572543e+00
8.625491833627819682e-01 1.035047480784282214e+00 1.032459703517675020e+00 1.089915625704259927e+00 8.016564566678191506e-01
1.012247177370689144e+00 9.433737924258998042e-01 1.132005276949868522e+00 1.013265599756635549e+00 1.008862760349962029e+00
9.593842791016186089e-01 9.408256402039343325e-01 1.081446804979669274e+00 9.990996886041002556e-01 1.045761357616599163e+00
1.009536264426648344e+00 9.717542143719455350e-01 1.234598584555335776e+00 9.343290171112793585e-01 1.054333868644265593e+00
9.785368684580779686e-01 8.991777463537105053e-01 1.143269751612590701e+00 9.250129896544558861e-01 1.010145214938237279e+00
1.057823010456459212e+00 8.790652761867191467e-01 1.010017752250902401e+00 8.287216430992611071e-01 1.044014923901257275e+00
1.076911863714768769e+00 1.015748563319215814e+00 1.112776101049856692e+00 9.876139963150633028e-01 9.273789431912596859e-01
8.534701663782638947e-01 9.628348006264052517e-01 1.074096354364202810e+00 9.660303439421376037e-01 9.704923247329471092e-01
1.011676808907177039e+00 1.068572843567223263e+00 1.038099041113317300e+00 8.465415498926479598e-01 1.014194555839221579e+00
1.053164298838789703e+00 1.103803144479135190e+00 1.028761967197666438e+00 9.733680748607594913e-01 9.848385860637449696e-01
1.023015566878147542e+00 1.001593669713415569e+00 1.170236164108491961e+00 1.093609903298169872e+00 9.887591623875822133e-01
1.024960549677294885e+00 9.861313520530702315e-01 1.198902878057532595e+00 9.368244779229287778e-01 1.025313617308763803e+00
8.963872382554042284e-01 1.077367823272209035e+00 1.127884613157632332e+00 9.331448002396848240e-01 9.187510383590690166e-01
1.017815455941464498e+00 1.153270753522737113e+00 1.023403939752679737e+00 1.030204252867734649e+00 9.901757936297641560e-01
9.192190720063386777e-01 1.002891276698380185e+00 1.034847583468290422e+00 9.101178746961950949e-01 1.019428138234432124e+00
1.013636895609006938e+00 1.007648995868048791e+00 1.175701325681892673e+00 9.288243774250322105e-01 1.118438612313404912e+00
9.465505931495084013e-01 1.067525056246505510e+00 1.220584218486834072e+00 9.864085853700454987e-01 1.051644870611205151e+00
1.173040315690667912e+00 9.221873369509754337e-01 1.080153109816385237e+00 1.069796093894778366e+00 9.256664763182325117e-01
1.020325347080675904e+00 1.066615408633087458e+00 1.142753527364306798e+00 9.633347290915874606e-01 9.794621089656799784e-01
1.057552220841392332e+00 9.664785819024127589e-01 1.053741851569473198e+00 9.345054755825578097e-01 1.163559926853164450e+00
8.479849476783816176e-01 9.530791219028397210e-01 1.184394639729148491e+00 9.836438388736811200e-01 9.274186591636971455e-01
9.624920079458288980e-01 8.994149469468408764e-01 1.051652790708406782e+00 1.003192752478308414e+00 1.024398384671953766e+00
8.658943677321818688e-01 1.071178338993682200e+00 1.037554273252057957e+00 1.078814971996661098e+00 1.098687016756666690e+00
9.856886312737407341e-01 1.031714512548706608e+00 1.072117046301106047e+00 9.246363648695152815e-01 9.287245804527444193e-01
9.200548285577202501e-01 9.452895945572260539e-01 1.173767710537120923e+00 9.500142469997738814e-01 9.796967236602545093e-01
9.261614035203725726e-01 1.012638336388676841e+00 1.074396973992245874e+00 9.422416562277429186e-01 1.044850451107950162e+00
8.891406786636029125e-01 9.554381877180578853e-01 1.201076937565130009e+00 8.902434145413138378e-01 1.027262341341783625e+00
9.176400764625082251e-01 9.859779912712116623e-01 1.245003701081466296e+00 8.948144888312340450e-01 1.117747835833065473e+00
8.777026774201490689e-01 1.121734804811912234e+00 1.109204746652589169e+00 1.076829776788298387e+00 9.842356674719551224e-01
7.874492693984453950e-01 1.028135588574126125e+00 1.099566258608202229e+00 1.009891917085307123e+00 9.128637693634797934e-01
1.029247780378157673e+00 1.013308738660614994e+00 9.778608790990831467e-01 9.106642291677011780e-01 1.008017587350252597e+00
9.538763663530592796e-01 9.546868896613888156e-01 1.052544203366028386e+00 9.366593762327649619e-01 1.071940535961621865e+00
9.622330319358044504e-01 1.004863190146909169e+00 1.137173666846917008e+00 9.042698563107443022e-01 1.125178912777533569e+00
9.697843533087820989e-01 1.003471368305747902e+00 1.031299025165223870e+00 1.120236952913632678e+00 9.774720757985729813e-01
9.348769652155861642e-01 1.003869293762474468e+00 1.148650211114985220e+00 9.236619431979677941e-01 9.172574461849555272e-01
1.078950500174806537e+00 9.784804887929234862e-01 1.097233474794218067e+00 9.268960183915988527e-01 9.817765719856758055e-01
8.878981978565279043e-01 9.069725049423685848e-01 1.132695243434353571e+00 8.620386396183196132e-01 1.029023230750729434e+00
1.136838104063688570e+00 7.745364340132683267e-01 1.166469327970953929e+00 9.308955310370218283e-01 1.076189061659960311e+00
8.747466352000224932e-01 9.064687973375032959e-01 1.101412129648536853e+00 1.066089620251979397e+00 1.028662382773598560e+00
1.028296278559987842e+00 9.335157045113081642e-01 1.052126759768493569e+00 1.011325344365124668e+00 9.615400024935387702e-01
1.041908648313817576e+00 1.038574260724125731e+00 1.124671660010710061e+00 1.008663209471643230e+00 1.038861919345197338e+00
1.000069342951390272e+00 8.728879893786102295e-01 1.174075222084099090e+00 9.493907290771934626e-01 9.879390437571878847e-01
8.828485192040710361e-01 9.490700130815020730e-01 1.024832133375504828e+00 9.392859432384907947e-01 8.620965319948404870e-01
9.687690205633696650e-01 9.045074718760994781e-01 1.051017316032945903e+00 1.020978847833794889e+00 1.029604946319345293e+00
1.064719802022694228e+00 8.574917349576903769e-01 1.188845844369818661e+00 9.897954172822478469e-01 1.014919690477671166e+00
1.018860937321967031e+00 1.009961367064967419e+00 9.669834093313722789e-01 1.032708920756263860e+00 9.740651244774964912e-01
9.248628641575898923e-01 1.026804611917748078e+00 1.127821109293737578e+00 9.541667935666934275e-01 1.032577143765050831e+00
9.615774275451318687e-01 1.022649709531040951e+00 1.149354957770071906e+00 8.637829600795364771e-01 1.016367099096419091e+00
9.526192326089586437e-01 1.075652362451969601e+00 1.080284896692047969e+00 1.084229727381822439e+00 1.030155343512127342e+00
9.193916293402544238e-01 9.258042497962609696e-01 1.047889469687565134e+00 8.983294728142692254e-01 9.323205235166248661e-01
9.985605591819168847e-01 8.491912094974491954e-01 1.047875754160690898e+00 8.980592269271456818e-01 9.736955331902690247e-01
9.476196837859199862e-01 1.072259704163571969e+00 1.211375550359939712e+00 8.323986690306088843e-01 1.056716088550372579e+00
1.048248699282374741e+00 9.930971406628160691e-01 1.086534026243637596e+00 1.023171245039539157e+00 9.660687835164195603e-01
9.737194843369756381e-01 9.122674037877865905e-01 1.121984163522821820e+00 8.725209951981094392e-01 1.080020315222691485e+00
1.031770083907272095e+00 8.783890694127342025e-01 1.080985791948308572e+00 1.130002244381188792e+00 9.328128338187959834e-01
9.436030036117140085e-01 9.092786854624682613e-01 1.061710505441116226e+00 1.020978744343660205e+00 1.159620053442900645e+00
1.097505780222118865e+00 9.898228962033535083e-01 1.099126044251425904e+00 9.538336222607272097e-01 1.017048289495728008e+00
9.030228240732772749e-01 9.676144119204216354e-01 1.106778727882530067e+00 9.793385556075114851e-01 8.968417818466004610e-01
9.869143350389537606e-01 8.282677044083797124e-01 1.029903952177254167e+00 8.424449364996745571e-01 9.734196509691970256e-01
1.010063541884954841e+00 1.031119427851677983e+00 1.045024148362322380e+00 9.770930017823550306e-01 9.222345507904693429e-01
9.963301801508476219e-01 9.494244899555362993e-01 1.053049147856411460e+00 1.025642011807472498e+00 9.717320762088800246e-01
1.131512309754830303e+00 1.066182495157419252e+00 1.103598738140744162e+00 9.027046762323678308e-01 8.961560745804024730e-01
9.892638656331270708e-01 1.058653717466206512e+00 1.139310028612381842e+00 9.836018880063330805e-01 9.493746186953478938e-01
9.815401216808113949e-01 9.171631637956495497e-01 1.109938962538183693e+00 9.944812686588340167e-01 8.246279284926528730e-01
9.861858505531847507e-01 1.052675766769638921e+00 1.025798244110165847e+00 9.999694080748332548e-01 9.794759729332104259e-01
1.022428474163966206e+00 8.488255995101947615e-01 1.178798284740161240e+00 8.350854445654161129e-01 8.064910385962077433e-01
1.076659947412275331e+00 9.456062620701173316e-01 9.650330405304323733e-01 9.593911539372208530e-01 9.996281081005740088e-01
9.836490482501808463e-01 9.305045091929293744e-01 1.067300889013904852e+00 9.636107651150565001e-01 9.347681540104635367e-01
9.767479353176615753e-01 8.885842403117671928e-01 1.122338691440490699e+00 9.637538199742020639e-01 1.075996320765572500e+00
1.088139032076584245e+00 1.074897871622047862e+00 1.164563912984347249e+00 9.552920402347786499e-01 9.598430596343272558e-01
9.800695228382192425e-01 8.684087422181980820e-01 1.098401456752241545e+00 1.018586876610141356e+00 1.121682316807166346e+00
1.024308722817435902e+00 9.451031620006442591e-01 1.042331500723259197e+00 9.850935291581724984e-01 1.012533005066704517e+00
1.001233980300551885e+00 9.613034282095489491e-01 1.089772469675539535e+00 9.049528756863227663e-01 9.237513551168962112e-01
1.031354599815515360e+00 9.871347427328116542e-01 1.195135173220004399e+00 1.013688110177692003e+00 9.993600520832948142e-01
1.081762049966653594e+00 1.063720645112283147e+00 1.273487414845872578e+00 9.486962546247423855e-01 9.784493667475868683e-01
1.011814965077387329e+00 8.953409202021661573e-01 1.079478050312809634e+00 1.009802277388148983e+00 9.615512981924149161e-01
9.900768820159155936e-01 1.053235843618070211e+00 9.398404404646549803e-01 7.507723964450176979e-01 8.729077590494331851e-01
8.849723635169646219e-01 9.714934904906434854e-01 1.119860694394110068e+00 9.794975719598806307e-01 1.048623372927346642e+00
9.984824072113065441e-01 8.848964889095772834e-01 1.082407420003507204e+00 1.055871011770340928e+00 9.722393972177739707e-01
1.025364125955229300e+00 8.707686752135277430e-01 1.128824854144992340e+00 8.865062813406512365e-01 9.858814217834636073e-01
9.850283573103163492e-01 1.018591302167648704e+00 1.018789696755376895e+00 8.972774005607342396e-01 9.101912902699382801e-01
8.522161966799541855e-01 1.018342175156260021e+00 1.056997076048857842e+00 9.880346357523787093e-01 9.593712752792580289e-01
9.992621593392538859e-01 1.035124317613514755e+00 1.150464575490296237e+00 1.056379347993619433e+00 1.000514495339747123e+00
1.029418922725785057e+00 1.015421591571044280e+00 1.131357215570517827e+00 1.060617985453992329e+00 9.371059268244008589e-01
9.159409973285422835e-01 9.976142589526414417e-01 1.179531822084756154e+00 1.008566172500076297e+00 1.008159310400286390e+00
8.921528724235537888e-01 9.038063869492791724e-01 1.095312414979902282e+00 1.129300506943100135e+00 1.148079342895754973e+00
1.027092311183508633e+00 1.019967729590656624e+00 1.069392829088182006e+00 9.312478288269909754e-01 9.832008007737964572e-01
9.476222941702906466e-01 9.224217808925460060e-01 1.156339874749834573e+00 9.784895105170230423e-01 9.807493232939218375e-01
9.789547932600390912e-01 1.021439699262134404e+00 1.109527068675683292e+00 9.032418123982105529e-01 1.016792961200714496e+00
8.601657142598978512e-01 1.054517635061045899e+00 1.088312545301083345e+00 9.929720653350337933e-01 1.082423459899560125e+00
9.808888284038244088e-01 9.450675906196774889e-01 1.057521174623918592e+00 1.002623604126751999e+00 9.789328220622574017e-01
9.842591851682137571e-01 9.900707332445705111e-01 1.247156626806859014e+00 1.000853466457713559e+00 9.944051649554689343e-01
9.208228643271317848e-01 1.011152467195509663e+00 1.028506442461228243e+00 1.041257328864791054e+00 9.608151439942397287e-01
9.496892203535067800e-01 9.178770993281132329e-01 1.148225561294507813e+00 1.077536593612741678e+00 9.383311484179306383e-01
1.133592316770048125e+00 8.807247056471365632e-01 1.083746283713783232e+00 1.080862592092482588e+00 9.406040483962890830e-01
9.762323281756563054e-01 1.059982465571208454e+00 1.054226806060820421e+00 1.093568337449972727e+00 1.066998145057691749e+00
8.877258241970151786e-01 1.063651759286417198e+00 1.232224593634320797e+00 8.843771271746349028e-01 1.020246983505150418e+00
1.027839332504979497e+00 9.071842269734464725e-01 1.028295647984957650e+00 8.568484127867587175e-01 9.160227649392942428e-01
1.216881604277966433e+00 9.904873495840599285e-01 1.046515103910850897e+00 8.650185514761464800e-01 9.069290304893972143e-01
9.175084594407079130e-01 9.989659084223179164e-01 1.043062363666676262e+00 8.189010556103233363e-01 8.243066645094375700e-01
1.160604024653548061e+00 9.366125014262056681e-01 9.488136025470131907e-01 1.045066892321770080e+00 9.230812970280561913e-01
9.658712146810958243e-01 1.017912429034434574e+00 1.180942478929712713e+00 1.011929462855061912e+00 1.075948861015838975e+00
1.129495673161914349e+00 9.287595044785826870e-01 1.095487265565310286e+00 9.384683647699111342e-01 8.102679377665403804e-01
8.642498333792554277e-01 8.816307860780863148e-01 1.074677886513172753e+00 1.022458837483761762e+00 9.910216628989273469e-01
9.758078543238201119e-01 1.047009593163650498e+00 1.083031969513976955e+00 9.552438980111186417e-01 1.056215991012869004e+00
1.032200850379270118e+00 9.006833887013160345e-01 1.086415659731052585e+00 1.001948378875723300e+00 8.961402335868512425e-01
9.118079864519265110e-01 1.032153381965383421e+00 1.081867209180079170e+00 1.044663180660740709e+00 9.726364851546039914e-01
1.064742992402586186e+00 1.000153748729474268e+00 1.220656825448909188e+00 9.215844220337825465e-01 9.913874706044062401e-01
9.544089923803793507e-01 1.176862883490080725e+00 1.056125624092802973e+00 1.018923591850825261e+00 1.114641828716949501e+00
9.882913978369336494e-01 9.563095155230286748e-01 1.140630417650221995e+00 1.036316287523104229e+00 9.328620142286773165e-01
1.014013637671641099e+00 9.378064413661673093e-01 1.106350523487667381e+00 8.654863650447934820e-01 1.000302288783601723e+00
9.927378560611977987e-01 9.274915458980528271e-01 9.996288170609772816e-01 9.780757123983465640e-01 9.080279104957308389e-01
1.040623777974414077e+00 1.071248844455952032e+00 1.039479438916671938e+00 8.632369498832368482e-01 8.812575576156930213e-01
1.036023959488263868e+00 1.056179847971003172e+00 1.096463137499354978e+00 1.005984906334586704e+00 9.083623056463657752e-01
1.107118190955196368e+00 8.875202248702319663e-01 1.135730213457646354e+00 9.651027347297373993e-01 1.042720115519093493e+00
9.281743122355867737e-01 8.493685418416231370e-01 1.167823561377951069e+00 1.026796275937105429e+00 1.086207108880924643e+00
1.077960550935471939e+00 1.069124151123794331e+00 9.746709782611983064e-01 9.691381807082848354e-01 8.623181297589171956e-01
9.356792391408349507e-01 9.766882629714458419e-01 1.066248252124206042e+00 9.569596945677655286e-01 9.787366908768440066e-01
9.126823141322925048e-01 9.678316044956870590e-01 9.686010993610504327e-01 1.002606930858736645e+00 9.803442763660623616e-01
1.024765009078095757e+00 1.102566412234228910e+00 1.205985378564981003e+00 9.596445995786950789e-01 8.995172012743285483e-01
1.010403790074431596e+00 9.301132712335751229e-01 1.026558997467202472e+00 9.862226240648099829e-01 1.017501101883091508e+00
9.110619075501398267e-01 8.807357113489799882e-01 1.115614714189606449e+00 1.012276657265213320e+00 1.033178996076623779e+00
9.069855830624595772e-01 1.031348441921075665e+00 1.049025021484981002e+00 1.020816852992709745e+00 1.024496682122016056e+00
9.778285578354816154e-01 8.781151386812341419e-01 1.216022356250358705e+00 9.653911749428740752e-01 8.997513446867144715e-01
9.585580942381941583e-01 9.309489913614733547e-01 1.111470140616549029e+00 9.273951430850928546e-01 1.036130260578456808e+00
8.339690564633148728e-01 9.767562992398131083e-01 1.174005914409047113e+00 1.045412470735884058e+00 9.409073482850907055e-01
9.740881499491361728e-01 8.704955009768708951e-01 1.112136327195234697e+00 1.037369480590876192e+00 9.480490793384456216e-01
9.998777724096030717e-01 8.891408426219385985e-01 1.067142303743736198e+00 9.825120129667176405e-01 1.045782546032112403e+00
8.587631656165225502e-01 9.644083289655951408e-01 1.190360333308379648e+00 9.962779806722046327e-01 1.013660098292294309e+00
1.040104850400711323e+00 1.032335806117469890e+00 1.054028255918830093e+00 1.055320846026647219e+00 1.002450238089560131e+00
9.805519390023108572e-01 1.005167181658233488e+00 1.056577445038509921e+00 9.613268779403879583e-01 8.995709672447563809e-01
8.687328954930279012e-01 9.801342153983220173e-01 1.156912516345033337e+00 9.084683831957427458e-01 8.209177276074781648e-01
9.966804421005954762e-01 1.068221612003226628e+00 1.137198478002814150e+00 9.695824140961173399e-01 9.804221404289028552e-01
1.020919219100923314e+00 1.052159666625437584e+00 1.088620011319127778e+00 8.988109666719026336e-01 1.080036302406208959e+00
1.112381391923835450e+00 9.201540538871153529e-01 1.142731433514059480e+00 9.506191799065838444e-01 1.090327599698142746e+00
9.213105194190063241e-01 1.011955878582371682e+00 1.091791561020407197e+00 8.653585849599039204e-01 1.083236699531839875e+00
9.592727968721522780e-01 9.769643000909616903e-01 1.182533550713187553e+00 9.569086331886649255e-01 8.666247946998273388e-01
9.803211963672558982e-01 9.662909012391917019e-01 1.005155842123126142e+00 1.023835848038572971e+00 8.442461643520915437e-01
1.091410914547246591e+00 8.479530820253804446e-01 1.149667540775507923e+00 9.746938236236712960e-01 1.087604055747149356e+00
1.044130244710699040e+00 9.656513352041073972e-01 1.163438077853334640e+00 9.765100076316891586e-01 1.021959647318910314e+00
1.092281693152737931e+00 9.791373371420215577e-01 1.007849235738046856e+00 9.906532394480495052e-01 1.007643489425610328e+00
1.046497523546955799e+00 9.870620148934252658e-01 1.105011412528191794e+00 1.023494615380535766e+00 1.078709149742783202e+00
1.084238735705483236e+00 9.474099768475068295e-01 1.131493351361980038e+00 9.387576025124646506e-01 9.476741002489849075e-01
1.048374386744645337e+00 9.588085758866289332e-01 1.112005098466533504e+00 9.075302081416866118e-01 9.594948393245830154e-01
1.122798859600918853e+00 9.330326316632960859e-01 1.203927925833667922e+00 9.109640214360436028e-01 8.454905275314821278e-01
1.096134487124397205e+00 9.832889059743058491e-01 1.116538398231435858e+00 8.920499258302257983e-01 1.000788169639247549e+00
9.021701495212420818e-01 9.313900791888523045e-01 9.784574061178337168e-01 1.026176965740946523e+00 1.078558291936654312e+00
8.510333785690387121e-01 9.057371273642880194e-01 9.873954040999599613e-01 9.818036053857482903e-01 9.286044987359688418e-01
1.008577255840086728e+00 9.357390689134926776e-01 1.136643332873132461e+00 9.510281656505810144e-01 9.200773632996066542e-01
1.017899140815835102e+00 9.627754147330179757e-01 1.169676466740840137e+00 9.366172357169971763e-01 1.050883624078051692e+00
1.006100075144776174e+00 1.018470427234325015e+00 1.007056009029182464e+00 8.322856945623959835e-01 1.096926692030024908e+00
9.951091978336227273e-01 9.375544655271343952e-01 1.175623217482988148e+00 9.956936658717032707e-01 8.736360044054701790e-01
7.835637321236595954e-01 9.968891061630255068e-01 1.102726909692415713e+00 1.004521101810325723e+00 1.021697926316859517e+00
9.334950207153080992e-01 9.072499506404487768e-01 1.220318180397535812e+00 1.026398352136503211e+00 1.001301742219158131e+00
9.804477553879002993e-01 9.962003588219948691e-01 1.051787232711655529e+00 9.581608703285333650e-01 1.051970276878667176e+00
9.188772190665496220e-01 9.332986236204512398e-01 9.646187806006745191e-01 8.405325388283417798e-01 9.583498268276205989e-01
9.934822726116648850e-01 9.972077292787434599e-01 1.138091667249203409e+00 9.972233367968211804e-01 1.112929915891728516e+00
9.448488372826684412e-01 9.810777105698228473e-01 1.106382614841879386e+00 9.094188802507220393e-01 8.930117020284367158e-01
9.434954910422980179e-01 9.546006003960373354e-01 1.046905537598597391e+00 1.038921815385309699e+00 9.748406018963909903e-01
1.008704288421210071e+00 9.761094931069919101e-01 1.029181637523207460e+00 9.424523995290511325e-01 1.090522983231191789e+00
9.563355939566562380e-01 9.360809321515899395e-01 1.227235119549202835e+00 8.871211120777923176e-01 9.973203271357049537e-01
9.418602309267013473e-01 1.006468656087163849e+00 1.154321621371526163e+00 9.278251894487017370e-01 1.049684337070605045e+00
9.779791660586940605e-01 1.003308869624830901e+00 1.038436597574021736e+00 9.302416113341723802e-01 1.099360205713974414e+00
9.723991557243312212e-01 9.825608932644339655e-01 9.905158409406518150e-01 9.543759204799217022e-01 9.585270552293406743e-01
9.646943625123058919e-01 1.022332500781431897e+00 9.281122347625725411e-01 1.028626258226937207e+00 1.018346012363567477e+00
1.035638006863599747e+00 9.499072874332294969e-01 9.894039848628032319e-01 8.772684281942778606e-01 1.033088481305855844e+00
9.956487865373984114e-01 9.211560944768374393e-01 1.158573934627378899e+00 1.018768410284406345e+00 8.501767302891627409e-01
9.999800124537655543e-01 9.389513133979623394e-01 1.174185639266962511e+00 9.449440236851724961e-01 9.065311981043800982e-01
9.595595839934863980e-01 9.634129198021273988e-01 1.099686547407632498e+00 9.394670315087080281e-01 9.346562813761433164e-01
1.019683932160303730e+00 1.005605481153677427e+00 1.088985495484000587e+00 9.455213026057408543e-01 9.750665923860813988e-01
1.043601885861782375e+00 9.311354732003617185e-01 9.304723109946352322e-01 9.075534059711277690e-01 1.181094446772997575e+00
9.578223614463627911e-01 1.179450903303861820e+00 1.102809462823588049e+00 9.897850822027847162e-01 1.084717689048509071e+00
8.364190576020308354e-01 9.599912753778175878e-01 1.059539844626881333e+00 1.022074997523469753e+00 9.848000779111568681e-01
1.016195986706808219e+00 9.870219210000503729e-01 1.223996966342126846e+00 1.035175953751614752e+00 1.077656721835685616e+00
9.531218174145957844e-01 9.805006518808624394e-01 1.338910535509661104e+00 9.933449912292386941e-01 9.838956510088519014e-01
9.228118695181137809e-01 8.934856189470251620e-01 1.150674531265807099e+00 9.190884089978715865e-01 1.030044601032406693e+00
9.560181337751314512e-01 1.050952431794217379e+00 1.078478428393568000e+00 1.040375990481866575e+00 1.120431125462931554e+00
1.004221426681821683e+00 1.113326571607623494e+00 1.049218821549711356e+00 9.547504644246305183e-01 9.141797649396982139e-01
9.577435002080559867e-01 8.806494142721446039e-01 1.086543394300761189e+00 9.915609793799433636e-01 8.949522459434877675e-01
9.628252118121802816e-01 8.791366804017000103e-01 1.122573710063377472e+00 1.024386756601623816e+00 9.890098526872294071e-01
9.665396276574227397e-01 9.785779327161038266e-01 1.225244727048075744e+00 1.028641396580247891e+00 9.721685968996016669e-01
1.022362760009128069e+00 1.033610578156578530e+00 1.135548423054425493e+00 8.903502540919749908e-01 9.436543818974802988e-01
9.823831873803703374e-01 8.749201940742216133e-01 1.123248326695065913e+00 9.987635045794188704e-01 9.830357063374985938e-01
1.064521545996803153e+00 9.883549852726242202e-01 1.002929602690260102e+00 9.788446865267751429e-01 1.012596117049031630e+00
1.042617268203755998e+00 1.130782560775421608e+00 1.143384753866455439e+00 9.282821274316365168e-01 1.010751345920059663e+00
1.031742598705576608e+00 1.018166120602433278e+00 1.116706890922451789e+00 9.734991264323258342e-01 7.929131411206377100e-01
1.044127107720075776e+00 8.952041695534640464e-01 9.290039003853168831e-01 9.413570741523763497e-01 8.877164105077294254e-01
9.381695503510976142e-01 1.087335491979231294e+00 1.184417001827949401e+00 9.282430950799787084e-01 1.047230574564837369e+00
1.051215683267747059e+00 1.085424092145767849e+00 1.088111767458081580e+00 8.304645726045496446e-01 8.587992201861034403e-01
1.020774983802148483e+00 1.117364102232300205e+00 1.074708256451126775e+00 9.854856878180341395e-01 8.982115451870219536e-01
1.005436797185295106e+00 1.021439910861971612e+00 1.149947899185756128e+00 1.003810538592017521e+00 1.097393729271305629e+00
8.038797972557990557e-01 9.047661424390337492e-01 1.237897803423509080e+00 1.147133467879212665e+00 9.459503500225716621e-01
1.148224341785770708e+00 1.053065130995151089e+00 1.133968606560383785e+00 9.170475193795324387e-01 9.791146340941890847e-01
9.574696693436576256e-01 9.498778103525059580e-01 9.911178925224405356e-01 8.601075124632622249e-01 9.470398131668121833e-01
1.053280299198265935e+00 9.263978326295410071e-01 1.179779197139916747e+00 8.755337409339205568e-01 9.474683089700165484e-01
9.104524412972668790e-01 9.913570079054867534e-01 1.156741179579583223e+00 1.003816933585503612e+00 9.608682026281110122e-01
1.017376086334804475e+00 1.012910665767948082e+00 1.139420832236130998e+00 9.898832017021662599e-01 9.570452442086837541e-01
9.927628929828644644e-01 9.746081712342296033e-01 1.196624937842288405e+00 9.545615850484114873e-01 1.140683570242881473e+00
9.746695109855001427e-01 1.080060227907256643e+00 1.131754230502529213e+00 1.046078230244673613e+00 1.096644096760059250e+00
1.082302227175480080e+00 9.182261956957505911e-01 1.134723233220314098e+00 1.025556844882670404e+00 1.002184230458340375e+00
1.058024209208442645e+00 1.107741296217936267e+00 1.163221272996844302e+00 9.538368021294001409e-01 1.008420595862901337e+00
1.039560932608413202e+00 9.673686163012769068e-01 1.007390034595223138e+00 9.409332115986528411e-01 9.933356949216499698e-01
9.052861263182410134e-01 1.036914068007253276e+00 1.084500348881102916e+00 9.976836744560348968e-01 1.026402738090799849e+00
1.004310677809038488e+00 9.621530888456917285e-01 9.783147586722236166e-01 8.918631778464954918e-01 9.983557079821497870e-01
7.830012442721533406e-01 1.130527892127135559e+00 1.070677665510394005e+00 9.064109796256184515e-01 1.060730683750586323e+00
8.993619217596245941e-01 9.687406823876641981e-01 1.087482152832232929e+00 1.078063099822187398e+00 1.050905241488507391e+00
1.091440194049513090e+00 9.086997327092372068e-01 1.072618154186533834e+00 9.749819881079676565e-01 9.304982655967584115e-01
8.019491368028260903e-01 9.511616558560730406e-01 1.206764326907232121e+00 1.056768077673072348e+00 1.089199464351354063e+00
9.319072000437785830e-01 9.441888933167174036e-01 1.186464158425998283e+00 9.682277928694233982e-01 9.823354906600262337e-01
8.561938738574388363e-01 9.107217281523896091e-01 1.089439253389401285e+00 9.340866480972043195e-01 1.048336201943494306e+00
1.024199619901343228e+00 9.959319767127609024e-01 1.187661040518842359e+00 1.056920540568559774e+00 9.776249369072483875e-01
1.019822384946752036e+00 8.764648219454687084e-01 1.206127009638835457e+00 9.696816712660791815e-01 9.980877885335613930e-01
1.123947500826140589e+00 9.919849537316007826e-01 1.048774394251972497e+00 9.953241013443551166e-01 9.115582554604937382e-01
9.146852670493683668e-01 9.362028610436977649e-01 1.179355398602112359e+00 9.962883820389941691e-01 1.038449578277818697e+00
9.015273312747863477e-01 9.258264352612540771e-01 1.069447765067212730e+00 9.723452692094095573e-01 8.457472477789493848e-01
9.576493618528760798e-01 1.001264239183171867e+00 1.137972825909080221e+00 9.514009209554199487e-01 1.010216844974705319e+00
1.048454279014669810e+00 1.002491961413226385e+00 1.196080861510334215e+00 9.345885719131986624e-01 9.772885451690550562e-01
1.021439794359749520e+00 9.745625876210355365e-01 1.095415448368736389e+00 8.874526145731342908e-01 9.317437731036595228e-01
9.928817416388411310e-01 9.862065241177762065e-01 1.111451071551325276e+00 8.682735697656940310e-01 1.101858159758923206e+00
1.101059986483558184e+00 9.120601416544950046e-01 1.164997360355192857e+00 9.701741619206596390e-01 9.713212311891727957e-01
9.634691000171429209e-01 8.441914242185194484e-01 1.085733866742774056e+00 9.841125394199218279e-01 1.117600059606419061e+00
1.130545457130157194e+00 9.701631989562718994e-01 1.175130280320466403e+00 9.929877914748989065e-01 1.033465554947706533e+00
9.539691137733934401e-01 1.035146262279838414e+00 1.158496792933436659e+00 9.516903658704102265e-01 9.827935723994981609e-01
9.961632035368205296e-01 1.100857679720316229e+00 1.214387458261654285e+00 9.545280182640659694e-01 9.066655658680986551e-01
8.271157977802841010e-01 1.065021944721996405e+00 1.149582286746888782e+00 9.942232028350778128e-01 1.007421890860009439e+00
1.077900664496088456e+00 1.057212201293790788e+00 1.098865106009705439e+00 1.014723365786114551e+00 8.577693050896714189e-01
9.718757542924536530e-01 1.048617918368382806e+00 1.180681099756728081e+00 9.652639969199748871e-01 9.647943919982620020e-01
9.027613074170849350e-01 9.540486225902893302e-01 1.171615536742953934e+00 1.001060611457203819e+00 1.070262942578717569e+00
8.689369334463049599e-01 1.091464185123345532e+00 1.228377402285067976e+00 9.042157224833730078e-01 1.012023049752913684e+00
9.071579284023899570e-01 9.337536748926621444e-01 9.931249795488534815e-01 9.671560267202770067e-01 1.039386727931250087e+00
9.454346172340059029e-01 9.217075700569583585e-01 1.206614523689850671e+00 1.027509641250707872e+00 1.047959366338114817e+00
9.502719237105675676e-01 9.844661047980285407e-01 1.184503280742446041e+00 9.876955339354251961e-01 1.034939749065038717e+00
8.936528357710590287e-01 8.172285656249963504e-01 1.072611019676227295e+00 1.033439316494963789e+00 1.129169708904720792e+00
1.030258326952856018e+00 1.083057970610344478e+00 9.214991009104201991e-01 1.044675606157640990e+00 9.738923579011516951e-01
9.889615176712753808e-01 1.006230602221200643e+00 9.642977398450476301e-01 9.612046659274008364e-01 1.031243722833994347e+00
8.561746674104314669e-01 9.267137501538791344e-01 1.120007714375271135e+00 9.040191642429484808e-01 1.084725882261481589e+00
9.939226794839239876e-01 9.561510134188716536e-01 1.151706515162925548e+00 8.931946676680486696e-01 9.891784122439870597e-01
9.228536534616985643e-01 1.029683798266112671e+00 1.119771496224502227e+00 9.438468303649910629e-01 1.014696678721882295e+00
9.870285954196900136e-01 9.283581185989630002e-01 1.000918997842230818e+00 9.330091103966506871e-01 9.193421490547710739e-01
1.031532762433519101e+00 9.339486516207046174e-01 1.059328929240094253e+00 9.640239486597990126e-01 1.001790121821162227e+00
9.945954220132122714e-01 1.117387770293807314e+00 1.113468018385579406e+00 1.043922767107933192e+00 1.131733328018614371e+00
9.433103497256104530e-01 1.045196986540187112e+00 1.111420310751235707e+00 9.410837554285372830e-01 1.032299736763174991e+00
9.377875329057635545e-01 1.025504769961946616e+00 1.187688454095826351e+00 1.129883617802808660e+00 9.973498160325217077e-01
9.723212319922392988e-01 8.203953586189428604e-01 1.045604789554997804e+00 9.481591622689865551e-01 8.044293145986826099e-01
9.913488700195928205e-01 9.009645504786453207e-01 1.121641903009198860e+00 9.945704794966567786e-01 9.388008088451349487e-01
9.903921328652062206e-01 9.420232033573390229e-01 1.157838650704246186e+00 1.070806420201277920e+00 1.058140347688119265e+00
1.110984719699394052e+00 9.499326774298291198e-01 1.133675848799676311e+00 9.642686489497356295e-01 1.024432338617390581e+00
1.012351298880785455e+00 1.016754749119649359e+00 1.097289348995548197e+00 9.368180092729604391e-01 9.601824058195547185e-01
1.070137810483148044e+00 1.069932376770294624e+00 1.134403063349196161e+00 9.718493914563273162e-01 9.699920858455207684e-01
1.068063644233096632e+00 8.103705589919011354e-01 1.115297980711259074e+00 9.506849558593090110e-01 8.481748368340443767e-01
1.047528733395854506e+00 1.164124054174276335e+00 1.119028704340677027e+00 1.045914465521725178e+00 1.025493788341070633e+00
9.177522061236143003e-01 1.107893559413653639e+00 1.221876966654271479e+00 1.022319314696990444e+00 9.325333575336282044e-01
9.382185463218601917e-01 9.792968800673909069e-01 1.087119698680963253e+00 9.806767201755924868e-01 1.050959619342299645e+00
9.954882260428945528e-01 1.005599907285835481e+00 1.198065721628057023e+00 9.081960494327875333e-01 1.066051098279162668e+00
9.270060946118855449e-01 9.568055278773823780e-01 1.146103102094973902e+00 1.039910085410850726e+00 1.065406875373549722e+00
9.253385618733184215e-01 8.829345855446234514e-01 1.145373004782647808e+00 1.018861884314861799e+00 7.971296207593956407e-01
1.003696500943022096e+00 9.846787468223858752e-01 1.090457807369076937e+00 9.948929103172204913e-01 9.115680006724398154e-01
1.080891252879017328e+00 1.070558177583742498e+00 1.063327735002441488e+00 8.800378662692648346e-01 9.713780121290283009e-01
9.945739427259501220e-01 1.121652907573626567e+00 1.157640666848303912e+00 1.061219524770774081e+00 1.115112841494053653e+00
9.339861383008140061e-01 9.018035043731944533e-01 1.079451571932287468e+00 9.783447359860072412e-01 8.746859985348696132e-01
9.809550078273171492e-01 9.950271548072844308e-01 1.155354060667276528e+00 8.190554692518311475e-01 9.388159249815085650e-01
9.913756309918312359e-01 9.881153677360761112e-01 1.182533570884482410e+00 1.013231329280050774e+00 1.050079874367225274e+00
9.148178374768874965e-01 9.167418447479216415e-01 9.862848179407227578e-01 9.743212025479461857e-01 9.394177383761548317e-01
9.803384441307139152e-01 1.023352716084478420e+00 1.128710563782008069e+00 9.966991097304714886e-01 1.069298499123328972e+00
8.675111556444432548e-01 9.530426022730031921e-01 1.094639464044213417e+00 1.062538246411740106e+00 8.463172328540984335e-01
9.755468425434883351e-01 1.002084797162848373e+00 1.135430164936596098e+00 1.030247498924905969e+00 1.030641773192656263e+00
9.536337988554641765e-01 1.103237531360441892e+00 1.159205122085601891e+00 9.261289850874560026e-01 9.386013787791740448e-01
1.025907227809363498e+00 9.072161296985286061e-01 1.142321092534070326e+00 1.007389523880009685e+00 1.004330680322211400e+00
9.352725712461812391e-01 1.058561777331358478e+00 1.176571791435743419e+00 9.134073346477712407e-01 9.554965331768011660e-01
9.063941921025910897e-01 1.024152720404549521e+00 1.158911479117922028e+00 8.172369930542262573e-01 8.944523891946626337e-01
8.975829274862473506e-01 1.028987432876334207e+00 1.166570205344017008e+00 1.002523981489740645e+00 1.030316127819715488e+00
1.021082323437042527e+00 9.046408315021995383e-01 1.176354617678586401e+00 8.570952539440499507e-01 8.588750950531182093e-01
9.707449827784668805e-01 1.052335426673122187e+00 1.050360935235100879e+00 1.005863463320388451e+00 1.033870542095637335e+00
8.895184518183788525e-01 1.046479500481011016e+00 9.834663828723535506e-01 9.461300911541373759e-01 9.483340879794123213e-01
9.285597174657960196e-01 9.173200156839788066e-01 1.066915736517270119e+00 8.889691647770430194e-01 1.004883842520295945e+00
1.049206036915851126e+00 1.027815310046002129e+00 1.059171808701518946e+00 9.623473740240719998e-01 9.920662577910485114e-01
9.831814167326158316e-01 9.623537179917361906e-01 1.103520931697031804e+00 1.068872551047430619e+00 1.027901231777273550e+00
9.346781252602687218e-01 9.108478842851321922e-01 1.044705458452409363e+00 8.842347296397985446e-01 9.937105423569739804e-01
1.095999017893118266e+00 9.605533564984282124e-01 1.103258496169049918e+00 9.414202551926242890e-01 8.706795716005140129e-01
9.506760475496883744e-01 1.093036821594800756e+00 9.640919882083586190e-01 1.026589457952386208e+00 9.454297964026027179e-01
1.096520485783007093e+00 9.614906790297179651e-01 1.222414527280130336e+00 9.649014988463111564e-01 9.785075513822804050e-01
1.019502326087756261e+00 8.376886015767867066e-01 1.110929388712091681e+00 1.016330585350961435e+00 9.382697349812367804e-01
8.993662986292729755e-01 9.561745990819420227e-01 1.064531663465044131e+00 9.150690486331988227e-01 1.056914870587617461e+00
9.847615785709469272e-01 9.075236690181329724e-01 1.113849711916393481e+00 9.564573482658377257e-01 1.010447051683182274e+00
9.849663282800338315e-01 9.076895497774952748e-01 1.086063244194079180e+00 8.616493711888374429e-01 1.029409540814129942e+00
8.518070291834028973e-01 9.679169432644292304e-01 9.059017417022694474e-01 9.424648927927063990e-01 1.072341130025195488e+00
9.651641827249523020e-01 9.531428825668800675e-01 1.066961994105640965e+00 9.056868677534533063e-01 9.944891429247353365e-01
9.562051282041440503e-01 1.008873794356515807e+00 1.141589177255515120e+00 1.023830760870992451e+00 1.026860064590215060e+00
1.056747673328767512e+00 9.214225187553747309e-01 1.121662342004862811e+00 8.836299666112190643e-01 9.428771447082667789e-01
8.828034815544787417e-01 1.019966881864124764e+00 1.157886906172996389e+00 1.086717521482591042e+00 9.588201995758780516e-01
1.101440142078582207e+00 1.010846822112691168e+00 1.121214494583718801e+00 8.501369306674072535e-01 9.574960368605003325e-01
1.035980655933723682e+00 9.126129610373716616e-01 1.213881331029625033e+00 8.973043708212871117e-01 9.086441206183710761e-01
1.033463361396582902e+00 1.097666478583122496e+00 1.169125249802582145e+00 9.915855417174422870e-01 1.022078861280024897e+00
9.170439123151787886e-01 9.800772598795632895e-01 1.118717086700404595e+00 1.008920607805522174e+00 1.146920188776531013e+00
1.042591765730642273e+00 9.741858133389269536e-01 1.039508489552369852e+00 9.569607781142124292e-01 9.124882152826876425e-01
1.062502274836049754e+00 1.067131261627718875e+00 1.085043296835761506e+00 9.272664250401851938e-01 1.054438043654427393e+00
1.064567906835579336e+00 1.037274298520056703e+00 1.169045359704714793e+00 9.068689964623579680e-01 9.669691607819420609e-01
8.743713424198040762e-01 8.949996167335279029e-01 9.322869989227697829e-01 1.026828535084638228e+00 8.535986618105031454e-01
1.055828025387250069e+00 9.531145492350791004e-01 1.092692193546906942e+00 9.392389375108451954e-01 1.133281862127673012e+00
9.583248058560540628e-01 1.014263592076966036e+00 1.129763818113216356e+00 9.596443495891383568e-01 9.394229521061672195e-01
1.129031088180470599e+00 8.410151454155723183e-01 1.030559980950740862e+00 9.513996663094510531e-01 9.656025445567125720e-01
9.509392216033283329e-01 8.834328254959551430e-01 1.077275282110771171e+00 9.085137915577956580e-01 9.823042973010004397e-01
9.609675657637111179e-01 9.156490788096662836e-01 1.147880973866782339e+00 8.840611734978615077e-01 9.928638614865961110e-01
1.060615023400343304e+00 9.341932314227000544e-01 1.163110190499258678e+00 1.021257797107026022e+00 1.039822829594279074e+00
1.029167418285267255e+00 1.091171112980350966e+00 1.111021559130036307e+00 8.127875635890210448e-01 8.163373261476604137e-01
9.886348313287598444e-01 8.930985230451906620e-01 1.037863085428216703e+00 9.275626624919256491e-01 1.084563838960233673e+00
8.884119314771509179e-01 1.047034494229468260e+00 1.162931468244383426e+00 9.635480701126084568e-01 9.288476885373864178e-01
1.067563792303814596e+00 1.048749673579830732e+00 1.103571105019871545e+00 8.556434088915134684e-01 9.369757584323866739e-01
9.798034904280104040e-01 1.088107529436467491e+00 1.181484821467956303e+00 1.012227822544500944e+00 9.931406087131499083e-01
9.298281488118560478e-01 9.958932834392509870e-01 1.044319005466528560e+00 1.056797151459842654e+00 1.001094980018087277e+00
1.185852901498882117e+00 1.074652050914657764e+00 1.173574974909984414e+00 9.445282038589123408e-01 1.050492458096672133e+00
8.728910547977355439e-01 9.321378034838774251e-01 1.059873133904924547e+00 1.143886623164172889e+00 8.953894722442755638e-01
9.143845639747925080e-01 1.021801891840661058e+00 1.145784122925934234e+00 9.274836347858129715e-01 9.373481797759396494e-01
9.634585443776414460e-01 1.088250006547060167e+00 1.127935860723985328e+00 9.426904732071051951e-01 1.001166562349648403e+00
9.263627367539434276e-01 9.150335402701560428e-01 1.184792973346784128e+00 8.862768350448027022e-01 1.055368330512239439e+00
1.037609134903950459e+00 8.731162714401291547e-01 1.094752360140379022e+00 1.018392375006836881e+00 1.044536173974319970e+00
1.071228455934454482e+00 9.807246767431697654e-01 1.086837408885639844e+00 9.380306952045671665e-01 8.984032967509288925e-01
9.511048423820244180e-01 1.056732415153757598e+00 1.036838661944421203e+00 9.199790040857287465e-01 1.067767855358995543e+00
1.100818569484970588e+00 9.700563219597790887e-01 1.087863433590904094e+00 1.028581736250028911e+00 1.015600551524462603e+00
9.448946839592224922e-01 1.024072575102075167e+00 1.052073675381273832e+00 8.952494135973277922e-01 1.103910506712160622e+00
9.409161960376759559e-01 9.141475379423695813e-01 1.126248871609406565e+00 1.066485543102163147e+00 7.434812540988916529e-01
7.494982891810887393e-01 1.097009498712357090e+00 1.127811802168676492e+00 1.082471119850107355e+00 9.571739292913761243e-01
1.095107006165654262e+00 1.055336352363031693e+00 1.178187837267376192e+00 8.762338461514177501e-01 9.922694473030411189e-01
1.040078009057720188e+00 1.033970481021921684e+00 1.098176806494284286e+00 1.088401938244462963e+00 8.973051287468634118e-01
1.049605637389594337e+00 8.607137229156532898e-01 1.051271780864062810e+00 8.402602719593706970e-01 9.893538801491988943e-01
8.227950375165355990e-01 9.912979228556821898e-01 1.066134960798949871e+00 1.014664285491174489e+00 1.062813883937670845e+00
9.708972791265944036e-01 9.424629508535653510e-01 1.212877384594205576e+00 9.475410239906520982e-01 1.049454052867379472e+00
9.836130561738113398e-01 9.487803516219219802e-01 9.883971514697574845e-01 1.023100444995648006e+00 9.893168965184385710e-01
9.432199034011496952e-01 8.800688053162140090e-01 1.208911032649625295e+00 1.064359633571793751e+00 1.098218564147356968e+00
1.054304690537738010e+00 1.091805174184977023e+00 1.057808319572433930e+00 8.989424236118583877e-01 9.212814830759022966e-01
9.327188419831443644e-01 1.100268463310992040e+00 1.077026251638147469e+00 1.001544859821332123e+00 1.019590318841219423e+00
8.481325490074286266e-01 9.378631742949962158e-01 1.180245011066290539e+00 9.532012867887080798e-01 1.030800890166854167e+00
1.099503973726889017e+00 1.140482416564300383e+00 1.136021566433310426e+00 9.660190820135142742e-01 8.926525275674428439e-01
9.130552168916528100e-01 1.107994830366282102e+00 1.080785231452007222e+00 8.847808964757014616e-01 9.128460982383657107e-01
8.574381357538244375e-01 1.077571561489661711e+00 1.087072929229833562e+00 9.365582442927807838e-01 1.181170143481735879e+00
9.003144449592127563e-01 8.319144681486632109e-01 1.007317915495671068e+00 9.467775471224216810e-01 9.278965854092662280e-01
9.763373892562798861e-01 8.701924675172389989e-01 1.095347400011011052e+00 1.003086081943680874e+00 1.103455183234482107e+00
9.212312533528489444e-01 8.965234180856761492e-01 1.173553123493709327e+00 1.124767072620543651e+00 9.163841045597866941e-01
9.535476712907360319e-01 1.119446276659395556e+00 1.054679704668842977e+00 9.544059143900478492e-01 1.040727657666040251e+00
1.004500715404771816e+00 9.971613344405404478e-01 1.094596973211884317e+00 1.048179579899160663e+00 9.151135030090006284e-01
1.033258797092096559e+00 1.068886736657759240e+00 1.154503916974830791e+00 9.436923315864735873e-01 1.039529378487005218e+00
1.034806053301669415e+00 9.631815678648447676e-01 1.083732567848422867e+00 9.316615150952225477e-01 9.898127654983218671e-01
9.473836764453463788e-01 1.007963992159463196e+00 1.040964441901419013e+00 1.050777619417734954e+00 9.225902105612299176e-01
1.024134450438534794e+00 8.919709062753402584e-01 1.144093455740958554e+00 9.490433335692332051e-01 9.123718610626444514e-01
1.101118625061731082e+00 1.067160455155614862e+00 1.164185054199362357e+00 9.705268337022384673e-01 1.004891715093756854e+00
1.007446967249886693e+00 9.057793877380969638e-01 9.564605935482813903e-01 1.075277693827069836e+00 9.657045217070904242e-01
1.003461676179707940e+00 9.840919748879705109e-01 1.049119299537289995e+00 9.740692152759652389e-01 8.847533753893844777e-01
1.084867484010700434e+00 7.880323671698803434e-01 9.637161403421392603e-01 8.543052207470918091e-01 1.048321515523857661e+00
9.265198490835211409e-01 9.431117856789305032e-01 1.052235743956242642e+00 1.011935627226506096e+00 9.964536432823529744e-01
1.093762396416468663e+00 1.024089400778995573e+00 1.177648446083872980e+00 8.893213181592840577e-01 9.388094823843476933e-01
9.056571906728755339e-01 1.061769246175824577e+00 1.143434064808451112e+00 1.057742851180922150e+00 8.755707914900469069e-01
1.017934384687092075e+00 9.154936099286663520e-01 1.047684986774200633e+00 9.218332375299413961e-01 1.011156595581646833e+00
9.494937050222296282e-01 8.664891957230094199e-01 1.138402335150591860e+00 1.035333416981560006e+00 9.851479885764067301e-01
1.012114817166214653e+00 9.646612652269427324e-01 1.017390480768219918e+00 9.436493223025637089e-01 9.926041223728865326e-01
1.093250606516331436e+00 9.259990116411477290e-01 1.076606730802637690e+00 9.320601306249896023e-01 9.822224518122081305e-01
9.163215026719722101e-01 9.355903481954471745e-01 1.131076283024730511e+00 1.049319840301321083e+00 9.759473945612869850e-01
9.637115226758675712e-01 1.003498844952608104e+00 1.265848734275167198e+00 9.486719582583094112e-01 1.045265622785855664e+00
1.050854484473821904e+00 1.007645008844729517e+00 1.064896752995415197e+00 8.857660693806237440e-01 9.869050109485790756e-01
9.284545880343892943e-01 9.326165856534862630e-01 1.103524864013968321e+00 9.307233094155387132e-01 1.005787009146956290e+00
8.917941453733798651e-01 9.593998786488789898e-01 1.079497716944642915e+00 9.502270804036576646e-01 1.139810875842272697e+00
9.610424290437411532e-01 1.038682649139197833e+00 1.124834630409822012e+00 9.743724207037178786e-01 1.068174594121733545e+00
1.051135570829178745e+00 9.644768671158572282e-01 1.128546185189755136e+00 1.118309797309981368e+00 1.045735612156615035e+00
1.078584219012810985e+00 9.931619203412280772e-01 1.123910421130389636e+00 8.685095485634857226e-01 8.765311088865586076e-01
9.226514229910607323e-01 1.078539388709561120e+00 1.130729704170059913e+00 1.006609145756677259e+00 1.084344729835545751e+00
8.729263937387494732e-01 1.085099345623246947e+00 1.012638663950966134e+00 1.004933504912983722e+00 1.131598912935659396e+00
9.348973237566929884e-01 1.049436430746588877e+00 1.098659397270808968e+00 9.264658317418560385e-01 1.037590942358375345e+00
9.215779077315565671e-01 9.731380606517942011e-01 1.074850058841872791e+00 9.237924402841347638e-01 9.342687229860971998e-01
1.013949600997144040e+00 9.700920392632068623e-01 1.050079306526119138e+00 1.020120309783332235e+00 1.016841555261497110e+00
9.224538468356631160e-01 1.094657066935866174e+00 1.154087680682009953e+00 9.000131923987031435e-01 1.038132456899009792e+00
9.179009379800265878e-01 1.014986726818617901e+00 1.156715319800789121e+00 9.582171657088761618e-01 1.026642621515929887e+00
8.807092911750221687e-01 9.670539733459840859e-01 1.116679435221333394e+00 9.682197733941153572e-01 9.040739907680147569e-01
1.080078133686699138e+00 9.928001012407388082e-01 1.168836036175489257e+00 9.320250810635377636e-01 9.891425275748741974e-01
9.480550637098916766e-01 9.703130036337616060e-01 1.097383204998309880e+00 1.103824247613585996e+00 1.109885581038529745e+00
8.656746194167984632e-01 8.975860798330731471e-01 1.131537563958411985e+00 1.005838050673495854e+00 9.193932773452204721e-01
9.047312670378175881e-01 1.033152752683746511e+00 1.140746998992132388e+00 1.027095720239967314e+00 1.014558928024432038e+00
9.585195177041045955e-01 1.044728946086939780e+00 1.052505042931887846e+00 8.913269910800093454e-01 9.006879223169246274e-01
9.075861419607510472e-01 9.992483813663717296e-01 1.084749611956966842e+00 9.038780284586240832e-01 1.178794281509084163e+00
1.050566615278211602e+00 9.276491129102694133e-01 1.158524173231950005e+00 1.011124836180390840e+00 9.624506997199294700e-01
9.716831831553721655e-01 1.104514088247506409e+00 1.056380496867182162e+00 1.112304916580403313e+00 1.089908508519512598e+00
1.032849223303305086e+00 9.600407822788766810e-01 1.097290734056421524e+00 8.839308315313457731e-01 1.071570364853089874e+00
9.864622814276602369e-01 8.992859485038382505e-01 1.189030513048567217e+00 9.569193892322920281e-01 9.356674035760348396e-01
1.001980888447177032e+00 1.071061488356640723e+00 1.141058995158317213e+00 1.031537051024233653e+00 9.886641224512163761e-01
8.969282176667673356e-01 1.070492796252370260e+00 1.118851565016534044e+00 1.043333796188164797e+00 1.079233218700800245e+00
9.977523991066813425e-01 9.653205736534697934e-01 1.167294116006967419e+00 9.358356877414607533e-01 9.503318375368282611e-01
9.725900581698835312e-01 9.499512599754041942e-01 1.053195625560210846e+00 9.535717338261009424e-01 1.030610932230998866e+00
9.095273000998623791e-01 7.847141857012048805e-01 1.034150582286447184e+00 9.778761418272042816e-01 9.792610256532952029e-01
1.110802811094397491e+00 1.105859974368559762e+00 1.173341962250971093e+00 1.028171603980133408e+00 1.058280608763739083e+00
9.917638859067884338e-01 9.154958273440031435e-01 1.043219140569682901e+00 9.811289088999823882e-01 1.017079483527661310e+00
1.011331017968782220e+00 1.038463603883877262e+00 9.807589032633563519e-01 8.947367249458386684e-01 7.612740824894801417e-01
9.863174643075971471e-01 1.040611708423822668e+00 1.125316502239842364e+00 1.029238613941090508e+00 1.157752547576582414e+00
8.123937352466538142e-01 1.009162494921372000e+00 1.093851597450937740e+00 9.783601784520465916e-01 1.040415278967790291e+00
9.271906329479431275e-01 9.836647065261163725e-01 1.000050413455563669e+00 9.405804755314600696e-01 1.064043036960758082e+00
9.451657281403318400e-01 9.371490868787476503e-01 1.132397467497847643e+00 1.030937621507989732e+00 9.631793570783407921e-01
9.813285903639604735e-01 9.571951116277397364e-01 1.151460527883932272e+00 9.418570561801341556e-01 1.023422124148573920e+00
1.151166986375591339e+00 1.056955984641473334e+00 1.190380597972743093e+00 9.962030704822154581e-01 1.038708457977177702e+00
9.149698190787526331e-01 1.129705886384304359e+00 1.130359969022062261e+00 9.542657811725114847e-01 1.116328448859396971e+00
9.689412546097295742e-01 9.360098240854308749e-01 1.141714406454616304e+00 1.035393834736025864e+00 1.019500667790275594e+00
1.022155386480110728e+00 1.024797568140726867e+00 1.056476944794841000e+00 1.089527768666488372e+00 1.037696767822950505e+00
1.015114622407684575e+00 9.445915730879301808e-01 1.164954050684667175e+00 9.065094055384304017e-01 1.131855624374407565e+00
1.072491013969979257e+00 1.070574530795448842e+00 1.233946790668875915e+00 1.027831186884397452e+00 9.422350752334159862e-01
9.829453462332971014e-01 9.504384980881440681e-01 1.141195321301464727e+00 1.062497141806166612e+00 1.117301794075373556e+00
9.613497000403671278e-01 9.400849744941435215e-01 1.136222923386901007e+00 9.670782616486512939e-01 1.057448564200052399e+00
9.466746478479188820e-01 1.054344662633232010e+00 1.099362854229355202e+00 9.389733189280492498e-01 1.115993751271889822e+00
1.166815237349502654e+00 9.658618996649677158e-01 1.115657299831934512e+00 9.773646554511883355e-01 8.785080440740395957e-01
8.844692394646669342e-01 9.479465130184026034e-01 1.063872296690496988e+00 8.647542174121166658e-01 1.011199025971119214e+00
9.864928463978965834e-01 1.063444507971605502e+00 1.059965021977778976e+00 9.259113441512812903e-01 9.555969518625768711e-01
1.014563796799409667e+00 9.937732492633268855e-01 1.123460464498967637e+00 9.697416088873672679e-01 8.993057415787698572e-01
9.988447572218352999e-01 1.068745321615307331e+00 1.180696583506908759e+00 9.873779716521421390e-01 1.000651443942564445e+00
1.014018528266897201e+00 8.084884938811920385e-01 9.946041205713045397e-01 9.039701769902063200e-01 9.869581876994792946e-01
9.855500464935705862e-01 1.005759497543769365e+00 1.020333371107460252e+00 9.998746662309505595e-01 1.112750405078067661e+00
9.277469627465873003e-01 9.247861510927721795e-01 1.302177314592764867e+00 9.055115004390397182e-01 8.547307483503387981e-01
1.014203185763067561e+00 8.960434816806592817e-01 1.127364129153185957e+00 9.230359892845403369e-01 8.837401654651290128e-01
9.374414821623880956e-01 1.028770214029998575e+00 1.138587784987674878e+00 1.002416400882830239e+00 9.566682025136131751e-01
9.008761420438636813e-01 1.042980205887865885e+00 1.160549126868001490e+00 8.717899232073799132e-01 1.159948932283599632e+00
8.712553717937450148e-01 9.513886116778289548e-01 1.203148840844690870e+00 1.052473383588054645e+00 9.886638382416098603e-01
1.003656044280307524e+00 1.002763775775736166e+00 1.082471395797870661e+00 8.958174419416332634e-01 9.311552237881266514e-01
1.114357901626243041e+00 1.014881043814947592e+00 1.062399931845215084e+00 9.166163110962612937e-01 9.973580662749067516e-01
8.584604510415705381e-01 9.341945235219187849e-01 9.847420975097133100e-01 1.066976908848791039e+00 1.031800571868137117e+00
9.305039459166333238e-01 9.655557268881955757e-01 1.052970602918385179e+00 9.691976730434391785e-01 1.074041591748575053e+00
8.408938864284535297e-01 9.468642632480507304e-01 1.175857713899605139e+00 9.496594059850035352e-01 1.080453413972212173e+00
8.907625867297023214e-01 1.122559121830293050e+00 1.158773588269339960e+00 1.071835806897962762e+00 8.897527621047589541e-01
8.364812283285906203e-01 9.486646716832302095e-01 9.933910920463709937e-01 9.686261968745178974e-01 1.072763132702532651e+00
1.062913032771439781e+00 1.028608490672390463e+00 9.648657537536071693e-01 8.770890486708837752e-01 9.786789362045963392e-01
9.537691385127470278e-01 1.013325175734172579e+00 1.138959477553483035e+00 1.002711443034969951e+00 1.022319835908053642e+00
1.071993720373534797e+00 9.159124812700923934e-01 1.073115270904824392e+00 9.817858516290675075e-01 9.399945899725761222e-01
9.186775667688454883e-01 8.791090819287590286e-01 1.136846255243340487e+00 1.071317315152847227e+00 1.036068668876541476e+00
1.026609764320719043e+00 9.825907297182697731e-01 1.090357433495239059e+00 1.034958061888783920e+00 1.080147100556661410e+00
1.049177266620686888e+00 1.002370884232121950e+00 9.979519478297468327e-01 9.429343984890715680e-01 9.595392453090774154e-01
8.764140637475681395e-01 8.687868383627315172e-01 1.063133559640231596e+00 1.039020276340076654e+00 1.014500284956273646e+00
1.009124249995535738e+00 9.309298803077741269e-01 1.084154265545279161e+00 9.648008966030884315e-01 1.067394401685084038e+00
1.059108269022520865e+00 9.127909531986780900e-01 9.845051619002215260e-01 9.607001459161499390e-01 8.420517256674147077e-01
9.782437140537832976e-01 1.080097526531189844e+00 1.027426772028093849e+00 9.863817755659524122e-01 1.058362006759798302e+00
9.881809284074944966e-01 9.967900901150199555e-01 1.143103443120035090e+00 8.916592834180305793e-01 9.952399984396258503e-01
9.744149229416370073e-01 1.008540350382509443e+00 1.089641656239217049e+00 1.059505072046850849e+00 1.111692356364413437e+00
1.056946430346706656e+00 8.732973402649002459e-01 1.176413814377813116e+00 9.463871272650044020e-01 1.035000130340398838e+00
9.313961688803754635e-01 9.332807896697329353e-01 1.262719673091557526e+00 9.853188929750440472e-01 1.033631911961633953e+00
1.040011278421278718e+00 1.086131019632530670e+00 1.097589176037542247e+00 9.254753211398226709e-01 9.863192783594962876e-01
8.331501333354022210e-01 8.902827510599159444e-01 1.160804574200652306e+00 1.041697547401055246e+00 1.031091665409129998e+00
9.033907233029194739e-01 9.090005614016383184e-01 9.884650741901594984e-01 9.059774519815043670e-01 8.772508839425225968e-01
9.826440721866002148e-01 1.001024034344428326e+00 1.112466000044321168e+00 8.844733371300252944e-01 1.006457644481355995e+00
8.685086496034513104e-01 1.057198485851208458e+00 1.072860474666212927e+00 9.924606707843836029e-01 1.000632299216951182e+00
9.908227338610140489e-01 9.974912134338417280e-01 1.129247732385969316e+00 9.846372318193978845e-01 1.023521460723002541e+00
9.488641520784758532e-01 9.843864745036338126e-01 1.162041504293098715e+00 1.015172460590803238e+00 9.818695859352790656e-01
9.761088593531926927e-01 9.108480899820236010e-01 1.155223005257567381e+00 9.930421848628309123e-01 9.010609421195777680e-01
1.023291951490565621e+00 9.169613665886272580e-01 1.083202347030311374e+00 9.686345125319556493e-01 9.769805070301770256e-01
9.488871759802062211e-01 9.924127018192347993e-01 1.169140280951762811e+00 9.871916221070652364e-01 9.778171097539893886e-01
1.046248865021794039e+00 9.553843354661110121e-01 1.029621297225342680e+00 9.436841184832124307e-01 9.648509927019378596e-01
9.339571422872989803e-01 1.032244423480739526e+00 1.090995572210027520e+00 9.490373846422041071e-01 1.010932886430411903e+00
9.173835615165203405e-01 9.310342397430296790e-01 1.162810611306189346e+00 1.094584932099647023e+00 1.093044098436700029e+00
9.472239573265027746e-01 9.731952580689434695e-01 1.190289468420121066e+00 9.992321759080948773e-01 1.043905862687566799e+00
9.286636179147442771e-01 1.003882934812602157e+00 1.243556468543384641e+00 9.382496939160547278e-01 1.111547762319721855e+00
9.229745786709493416e-01 9.934760959776027800e-01 1.066520748845846800e+00 8.057381218953227897e-01 9.733782176002041542e-01
1.011664645461110013e+00 7.795766421856926698e-01 1.061834838447359264e+00 9.774556475452150783e-01 8.047073093415411105e-01
9.592516818234518849e-01 1.115294716741871417e+00 1.162647132846133857e+00 9.683955921942187794e-01 1.067655108079693660e+00
1.025584544669202902e+00 1.005036489526263788e+00 1.178661474405951815e+00 9.365804118574462267e-01 9.911721579832475371e-01
9.178058551793607522e-01 1.001370752022889832e+00 1.033098523360302057e+00 9.449274452298244142e-01 9.081006167552407859e-01
8.714755014293098512e-01 9.443893249830892511e-01 1.100640693922421365e+00 1.121979265228186584e+00 1.007556609145348725e+00
9.988984991330154273e-01 9.277625882743366637e-01 1.094807401160404536e+00 9.735179607934860702e-01 1.041613467962065664e+00
9.576777238203869613e-01 9.547297021651663940e-01 1.085822345417478463e+00 1.032999143476305282e+00 9.717357219028880388e-01
8.937506086409690020e-01 8.039434872287908318e-01 1.093633695614512291e+00 1.010168740972941404e+00 9.231809709914046147e-01
9.143397232360834792e-01 1.025052437329152522e+00 1.155536902414944223e+00 1.058130042507528623e+00 9.183255974703481428e-01
9.506123573471390031e-01 8.654859739730119683e-01 1.180732939016810201e+00 9.855568861468693154e-01 9.586490251779251626e-01
1.010748801112372863e+00 9.516506399774857794e-01 9.624318231099737719e-01 8.926657148153553933e-01 1.085751488649862484e+00
1.015504226190905968e+00 1.028400014289793329e+00 1.173001627274312231e+00 1.049494633811648425e+00 9.500545831417525067e-01
9.251163155119601633e-01 1.087083873632152864e+00 1.255557236026867196e+00 1.027833118820774549e+00 1.005646650886646398e+00
9.801069269535350736e-01 1.068004985048320421e+00 1.153690997811841923e+00 9.931341886706008815e-01 1.041203617035492801e+00
9.708933759608352476e-01 1.070838673101104588e+00 1.017093099306491943e+00 1.025971738419258372e+00 9.640612502529805061e-01
9.385842411454043965e-01 1.043896158015532372e+00 1.042804557269339183e+00 9.957899892013988286e-01 1.023312890490924110e+00
1.061527299346606945e+00 9.164606464084543713e-01 1.208277725383928303e+00 1.133461431115653895e+00 8.811976900992181116e-01
1.020049228728101109e+00 1.029720757534442033e+00 1.207123765109539448e+00 1.089837852932210582e+00 9.514761271165406153e-01
9.877025156645852233e-01 1.055370156432681839e+00 1.154989407271580726e+00 9.215878938333623704e-01 8.767327558095390216e-01
9.245367717100499982e-01 8.656165241796870413e-01 1.039334049244193148e+00 9.591247862402546565e-01 1.001324405592322941e+00
1.052772096508404864e+00 9.154145394426996818e-01 1.105567252946210832e+00 9.906692759416140248e-01 9.517476365008061823e-01
9.258496738288464201e-01 9.572698965525365811e-01 1.051890072122557029e+00 1.020103040070785561e+00 9.972543813215809516e-01
9.020052443654743568e-01 1.043264342155311386e+00 1.005579398068077612e+00 9.180038097577370992e-01 9.591205814837207022e-01
9.495977373998590876e-01 1.123149573913330368e+00 9.872633900596872181e-01 1.071732624016674240e+00 1.097660885135593567e+00
9.244009483408952565e-01 9.450892474243475228e-01 1.106940509842945009e+00 8.375263985161884861e-01 9.280890030509830746e-01
8.969960711217340732e-01 1.006234546721948897e+00 1.033524398492744689e+00 9.329789583663981034e-01 8.566274354053007301e-01
1.010788188758727335e+00 1.036399075881476950e+00 1.070835172367062826e+00 9.655187381406129532e-01 9.417808744388416198e-01
9.831827464571314401e-01 1.134429941425539212e+00 1.217514919456024414e+00 8.610767514271431278e-01 1.091996444627228335e+00
1.006436046669777706e+00 1.041763672717925138e+00 1.051452875236519979e+00 9.334053484741247075e-01 9.778588154254235221e-01
9.249421736478318223e-01 9.718851482322049540e-01 1.118759983795948765e+00 9.462364074464385544e-01 8.859887698977975123e-01
8.704991303924731749e-01 1.037143503803241495e+00 1.083466472991486906e+00 1.053884724536070960e+00 9.380814256438094745e-01
9.478483239897353974e-01 1.048478942395906000e+00 1.130566179313009512e+00 1.076219214732422103e+00 1.062136458840862163e+00
9.382623552235709319e-01 9.552612767574036878e-01 1.020345371015833891e+00 8.983756037139487560e-01 1.048205990034984270e+00
9.211469764081000600e-01 9.526707928926276825e-01 1.210434622585857767e+00 9.546925634658527393e-01 9.328903662820803300e-01
1.021485262042359343e+00 9.252829593746276782e-01 1.043251319062452387e+00 8.541679628947446146e-01 8.342040458566812866e-01
9.822470452692735332e-01 9.541115146141503356e-01 1.097871133043782255e+00 1.045842539676812954e+00 9.726977029286318910e-01
8.546439311406568429e-01 8.622252483983197102e-01 1.058049781735385997e+00 1.148949405259672929e+00 1.160950714279350038e+00
8.862064634094719562e-01 1.047541623977632286e+00 1.084510646870563422e+00 1.085069608618494552e+00 1.032720669812857039e+00
8.791141530040539331e-01 9.317543479137307960e-01 1.103555033855642575e+00 9.942680257845010194e-01 9.273695106098328589e-01
9.874345255056560244e-01 9.014090020644096590e-01 1.074129117754917706e+00 1.074350505515998755e+00 9.632428890619051387e-01
9.828102590156434504e-01 9.466284502577504423e-01 9.765809270733242231e-01 9.743843537060238313e-01 9.460004387332725528e-01
