1.325334298231303665e+00 1.350184165276142156e+00
1.462651620743650849e+00 1.535988584848636762e+00
1.577206571756603726e+00 1.489225537071818817e+00
1.538489770679362101e+00 1.542530512658162989e+00
1.568369588770520240e+00 1.475004969638675556e+00
1.442623775361368876e+00 1.481444339904751439e+00
1.363078174900841821e+00 1.458820873084263114e+00
1.219630333423325386e+00 1.308493910055327669e+00
1.271886853709630394e+00 1.477304496833070413e+00
1.565535596278280650e+00 1.458821313749436799e+00
1.458183491568072920e+00 1.348898157860624503e+00
1.398518053784143733e+00 1.476710680805382481e+00
1.771763533679233449e+00 1.708421832680915298e+00
1.374139529409355465e+00 1.428788415545953372e+00
1.502720456627245404e+00 1.467767374342669573e+00
1.245260580044635690e+00 1.418271890164185089e+00
1.407186467014054587e+00 1.472670999802102809e+00
1.317397469210621175e+00 1.489269664785429326e+00
1.462176440532981125e+00 1.549245846463196408e+00
1.187252046133029149e+00 1.310223126908626412e+00
1.505128463066751188e+00 1.564733923618299993e+00
1.624892637947787044e+00 1.648380257568378582e+00
1.379417936179971438e+00 1.389081875147753831e+00
1.607522176872485442e+00 1.627380559067616250e+00
1.484273329369504735e+00 1.416693310332175937e+00
1.543355841027679753e+00 1.605833935377672939e+00
1.384126469529238790e+00 1.321978160412088821e+00
1.376702058513147531e+00 1.526071856731375576e+00
1.211128747854799181e+00 1.374394217395344731e+00
1.421621687792764099e+00 1.384743020797534863e+00
1.418684895064636464e+00 1.467267700714071976e+00
1.294295859080468958e+00 1.356766774625232763e+00
1.392289060898305619e+00 1.427990966279681029e+00
1.387454256916290429e+00 1.333318465681120335e+00
1.334340146689682483e+00 1.331660116465342547e+00
1.434239840658114939e+00 1.457003428861361582e+00
1.470244428700205663e+00 1.483590390111626078e+00
1.218398443890288396e+00 1.428694439099415847e+00
1.355132413322551521e+00 1.370862404253738065e+00
1.469909227347701242e+00 1.504439695139621058e+00
1.312800625009616917e+00 1.513115938049239384e+00
1.333609568894892128e+00 1.677246162615172231e+00
1.363404395583770023e+00 1.534758739561074892e+00
1.437994618046467998e+00 1.624714115803217007e+00
1.402777215776142450e+00 1.415411258291772167e+00
1.634850340884042685e+00 1.656390251995046414e+00
1.363420059224983882e+00 1.548879697754825813e+00
1.408700190945033848e+00 1.466784998312242072e+00
1.511133333119948796e+00 1.681173214842171415e+00
1.412566550482993843e+00 1.510852375428442418e+00
1.408213462177780873e+00 1.471922375716897990e+00
1.414586005419687043e+00 1.473684505592049554e+00
1.237264617760154284e+00 1.439080217334026468e+00
1.421279619873490274e+00 1.432752454266060793e+00
1.291309126037003319e+00 1.382584608629662926e+00
1.397078106846940893e+00 1.427455739408745261e+00
1.445558402754256289e+00 1.365163497780769397e+00
1.338072072597675799e+00 1.406951523730721298e+00
1.360384016087962777e+00 1.428536684838289883e+00
1.321106381603413871e+00 1.386809818230772429e+00
1.454928327287350776e+00 1.253942313010952381e+00
1.620946135561189827e+00 1.453796392951476335e+00
1.508369139324053032e+00 1.565520564986491836e+00
1.432441208879126293e+00 1.332632163751592769e+00
1.444770158568960516e+00 1.698956878799599668e+00
1.365205317711695843e+00 1.407054638474601660e+00
1.292764811621339494e+00 1.588756040560888483e+00
1.286309019469775716e+00 1.413735697621961718e+00
1.323337815483362823e+00 1.395166753469780252e+00
1.354177192196002188e+00 1.388557957042940050e+00
1.565888284729646918e+00 1.408406368253225738e+00
1.363735206827539903e+00 1.449693398874187134e+00
1.299091285704979892e+00 1.461957504404500563e+00
1.541880009203671742e+00 1.457566580747691409e+00
1.475880135391330672e+00 1.510016020243379220e+00
1.395424202484443432e+00 1.453291009079687113e+00
1.459586256602363852e+00 1.528149460385213265e+00
1.461051707395603971e+00 1.561970996272251000e+00
1.601193115115399968e+00 1.456546213458375538e+00
1.221237515182544531e+00 1.396312595126499412e+00
1.491300144641164227e+00 1.526887110836921968e+00
1.549062374167903711e+00 1.555220529970424259e+00
1.537674984185200211e+00 1.665623474600691267e+00
1.254178541730580854e+00 1.384107820454996141e+00
1.342326357779944024e+00 1.327707399421645285e+00
1.330805116890538820e+00 1.449896825368566233e+00
1.484022965021688734e+00 1.520219628391404232e+00
1.225531947043585923e+00 1.341639116584758318e+00
1.212495849282462679e+00 1.291115600909154226e+00
1.318929761756789887e+00 1.475809617005224172e+00
1.374407216586059688e+00 1.473882837652388700e+00
1.364544319066303135e+00 1.389395673774857176e+00
1.337513865171491512e+00 1.531101264051069943e+00
1.588618206715190384e+00 1.655853680821647522e+00
1.433017834712210670e+00 1.453017392135535157e+00
1.507883769599033252e+00 1.681337685009444360e+00
1.342479418930194957e+00 1.481024436635213437e+00
1.169615135109560278e+00 1.554345462356609309e+00
1.380266352980198175e+00 1.361234766695076148e+00
1.338922287757108087e+00 1.482022703109325157e+00
1.427483862697526140e+00 1.512137191294385952e+00
1.316006586928628819e+00 1.448536399485529813e+00
1.399411607403179270e+00 1.501849338659624777e+00
1.340640797399289319e+00 1.407068974890189894e+00
1.423494110623842568e+00 1.457453222564437434e+00
1.653539925398755273e+00 1.603797444152304852e+00
1.425437562432192440e+00 1.501037783618296206e+00
1.260172099238569654e+00 1.285251914201591905e+00
1.326158504579344255e+00 1.489094182645077202e+00
1.520361780527327733e+00 1.467477418227694841e+00
1.492494751742903691e+00 1.437416878877338045e+00
1.174440654216238666e+00 1.448182146421874705e+00
1.807518734303986241e+00 1.704855872290080177e+00
1.480221690387673039e+00 1.268642015100551523e+00
1.473005416292437086e+00 1.425070292775152625e+00
1.539113639197997818e+00 1.589999886228925519e+00
1.421822280446042974e+00 1.448189433462341968e+00
1.140530268993423135e+00 1.337011782462829368e+00
1.359294430942415310e+00 1.406026925403907057e+00
1.362750342696002370e+00 1.305193390084899319e+00
1.488690595630925984e+00 1.597514952147432776e+00
1.577406440214204064e+00 1.563261495372102461e+00
1.372082116624407933e+00 1.423057599632391534e+00
1.427749318246868349e+00 1.454966389536080040e+00
1.466551930117398150e+00 1.470631473835164904e+00
1.719982922301068307e+00 1.545295092066011344e+00
1.368907838932511334e+00 1.358255626253092929e+00
1.153494283108888130e+00 1.259905106095369209e+00
1.471225910400987491e+00 1.447069065139798161e+00
1.474208947744003462e+00 1.542329139134167582e+00
1.372905113046191783e+00 1.396138614127752975e+00
1.347044498885247688e+00 1.464307663020055994e+00
1.646330397189829098e+00 1.544755796715114204e+00
1.600591111073409012e+00 1.603136627803987801e+00
1.342090193749235327e+00 1.504014699387208776e+00
1.388475756638525516e+00 1.406062489898036505e+00
1.304514325505900185e+00 1.444018861602553550e+00
1.352872883890731792e+00 1.484315735160018912e+00
1.361626470788063870e+00 1.537615722698451703e+00
1.356771363423069809e+00 1.427492706526098276e+00
1.500948119130180558e+00 1.596880264121066206e+00
1.442295048642140864e+00 1.572569779841173077e+00
1.593572843220965707e+00 1.616860261137252452e+00
1.439163568712917174e+00 1.571218645270270109e+00
1.365801645986086887e+00 1.425437657410607795e+00
1.439743479795017267e+00 1.549846944863475517e+00
1.418054251671083454e+00 1.382597786722209232e+00
1.393003529515152605e+00 1.635900776859763983e+00
1.674552646088375507e+00 1.818047413267361856e+00
1.366626570084741310e+00 1.323810301006802526e+00
1.590173137768045919e+00 1.596416918022000919e+00
1.432806261836180761e+00 1.495340643729077046e+00
1.346592358104214515e+00 1.466928880975928884e+00
1.351640610060195646e+00 1.458379252965724904e+00
1.411048405289968111e+00 1.578756690459645728e+00
1.610970597158266626e+00 1.582139298269600980e+00
1.433840878929012463e+00 1.430999089408502956e+00
1.448243958316226099e+00 1.598887483659548581e+00
1.498452684326910367e+00 1.408178468415034468e+00
1.779334702168800186e+00 1.714355851221744054e+00
1.331463573332633210e+00 1.490900444064162222e+00
1.485269824361764579e+00 1.546793669892965184e+00
1.351285575233955649e+00 1.415350382931046980e+00
1.380320450985322855e+00 1.401662513059436010e+00
1.428580678371432322e+00 1.494975112828341945e+00
1.331194507700613316e+00 1.473302659484178712e+00
1.440771667631321584e+00 1.563038036978565248e+00
1.477840527154983929e+00 1.401037140268839742e+00
1.600103556893002210e+00 1.487966218089880055e+00
1.276571574582835655e+00 1.364422672794674662e+00
1.573857895253856443e+00 1.639960807132085696e+00
1.360705391690729016e+00 1.545979983061727348e+00
1.450685911447864518e+00 1.499202697362903347e+00
1.186477499946291259e+00 1.312072050468872764e+00
1.422560714462942411e+00 1.439295349521805933e+00
1.500161721665743020e+00 1.459422421305629269e+00
1.268007748214803110e+00 1.525596651411510241e+00
1.363766470303844347e+00 1.330305665157927475e+00
1.408970753145328825e+00 1.579751100247401396e+00
1.482084416668943305e+00 1.392317249616249253e+00
1.297728236649261513e+00 1.640985282026799608e+00
1.448170397635512474e+00 1.640466098689883578e+00
1.289483693943654030e+00 1.368746985981221798e+00
1.211671366297975005e+00 1.312130638763440826e+00
1.551280512636188824e+00 1.625641398207176680e+00
1.611801551600649862e+00 1.589968585044529759e+00
1.433387262092346237e+00 1.341097268338746540e+00
1.234774332916205308e+00 1.468204027410054291e+00
1.319705510802145598e+00 1.468426906543801369e+00
1.433104572386307396e+00 1.456436679276836177e+00
1.466701782280207755e+00 1.441990320043150531e+00
1.505198778249452030e+00 1.371881308120783904e+00
1.582334239657340547e+00 1.458480259509216115e+00
1.306827248567925315e+00 1.234755471665260895e+00
1.631143784164768906e+00 1.654424059429786098e+00
1.196772310449458532e+00 1.340139147300677180e+00
1.338252678099521864e+00 1.523961835942021059e+00
1.481629475836453658e+00 1.381566255323476433e+00
1.459816492799023813e+00 1.541024892084863929e+00
1.236802883506646022e+00 1.367562600481735835e+00
1.230193203005487623e+00 1.479591857700787827e+00
1.499260763067763680e+00 1.441567104802816468e+00
1.517843543363649683e+00 1.455055243944628485e+00
1.533290494261067449e+00 1.375252783915024812e+00
1.349285494165455068e+00 1.354747986524434511e+00
1.390948805503904540e+00 1.297660015898076891e+00
1.493208860297651874e+00 1.520213607387425059e+00
1.332146161157479858e+00 1.441910944612396106e+00
1.317319899379816084e+00 1.288344036583692009e+00
1.377193613259039884e+00 1.400540999665671471e+00
1.713615724191034584e+00 1.616178695940948096e+00
1.489521700383811709e+00 1.487769372853008365e+00
1.295319544531125189e+00 1.449759327089119587e+00
1.296646129642863965e+00 1.263215942359831701e+00
1.599384601723024213e+00 1.336544022215836902e+00
1.494530205026582736e+00 1.404693649436324021e+00
1.531949906506742343e+00 1.400687128222192213e+00
1.391567051323013393e+00 1.439670799618688823e+00
1.526948764101830003e+00 1.579508814848687992e+00
1.436171713900692426e+00 1.663365502149482200e+00
1.242693094516881924e+00 1.395070724793136652e+00
1.474771571620711041e+00 1.327067546367100004e+00
1.368885732627121543e+00 1.334234757084245215e+00
1.318038518633465328e+00 1.535567537610271982e+00
1.524878659980789308e+00 1.568677672564779746e+00
1.374764526714506108e+00 1.478624449934104579e+00
1.376028096898712860e+00 1.444631536218591306e+00
1.471885860251092915e+00 1.451580269675683432e+00
1.264146765385124160e+00 1.351732469885939869e+00
1.500266994470422555e+00 1.425191444944428287e+00
1.491832964650181559e+00 1.526169314725285053e+00
1.439276568706916670e+00 1.370255786874529980e+00
1.603465227138124449e+00 1.696857146260667193e+00
1.202912393051268847e+00 1.411696042609190238e+00
1.219336182793864243e+00 1.291529565738118057e+00
1.310790622743055689e+00 1.369298865947352395e+00
1.407728624405014450e+00 1.529982889597134132e+00
1.262925378451851266e+00 1.359123222794026198e+00
1.136229263235614573e+00 1.238455271108102496e+00
1.333110118429192692e+00 1.402088141936736809e+00
1.403312250697832164e+00 1.422552326133452283e+00
1.452802629087180053e+00 1.473403696753406544e+00
1.406371110463371599e+00 1.546003721660817343e+00
1.429232154661002951e+00 1.508697406454795109e+00
1.670107457039798016e+00 1.548838158944670917e+00
1.608159802588980725e+00 1.466020448117711927e+00
1.414493892539454123e+00 1.350547959579929014e+00
1.330822878424203548e+00 1.600125387965015467e+00
1.582051054919297650e+00 1.386406764487759791e+00
1.760689442130170645e+00 1.758494787082454769e+00
1.413852112657666416e+00 1.348091358142328167e+00
1.524414730525609718e+00 1.433864155876619195e+00
1.386903209171959750e+00 1.429731909182736294e+00
1.288430234112784012e+00 1.510683116853495100e+00
1.591727071054808595e+00 1.667431331829167362e+00
1.308747134599038908e+00 1.510442771688245367e+00
1.441828897396251863e+00 1.465925995546823124e+00
1.346705940940652324e+00 1.413867538322550521e+00
1.530745944197031916e+00 1.728560801235253797e+00
1.520116784739789173e+00 1.557495479536396221e+00
1.626052264167285877e+00 1.688672608378870565e+00
1.430780951094479336e+00 1.500532833952600287e+00
1.481971419518646860e+00 1.457403473578507747e+00
1.543067919633927199e+00 1.563062952146539342e+00
1.354806601049927561e+00 1.512705468063172187e+00
1.579507694045304556e+00 1.431215863573745750e+00
1.474790977558743998e+00 1.372033199675614989e+00
1.447612034496459144e+00 1.355274188613109665e+00
1.652638322611091226e+00 1.441336556045987205e+00
1.314341146961187201e+00 1.442481936343587012e+00
1.382157059051576375e+00 1.414103571310809215e+00
1.595585641545637756e+00 1.600910289522695429e+00
1.411749927544966310e+00 1.402453901532163760e+00
1.572327938408216497e+00 1.549733816763429362e+00
1.468126865283719162e+00 1.496401930024069848e+00
1.347212047589269712e+00 1.350456113227347155e+00
1.322094337679699416e+00 1.443423881444170886e+00
1.397999254039939965e+00 1.349614343728136046e+00
1.277394509286241986e+00 1.360212586796538448e+00
1.243371776072970336e+00 1.327479610596122850e+00
1.248292142587342557e+00 1.426834464969892302e+00
1.373661295215612865e+00 1.456768973739517081e+00
1.315550092620335176e+00 1.431218212852666039e+00
1.302858915590792366e+00 1.356330952788993738e+00
1.427504935246584283e+00 1.505669451779045209e+00
1.272368122943874580e+00 1.341441361779539321e+00
1.207619330593157958e+00 1.450834940987256072e+00
1.613001327956042674e+00 1.451009828700025706e+00
1.357111179008499757e+00 1.430528245090297856e+00
1.209005463337992525e+00 1.506973543876563904e+00
1.521124823051958730e+00 1.479343347192583868e+00
1.411859356040319202e+00 1.560558135435588634e+00
1.614595490060635852e+00 1.674188338609621463e+00
1.336619478976389663e+00 1.250921593557613898e+00
1.354377862475774297e+00 1.381216608213542640e+00
1.439940106364029582e+00 1.512153881678474754e+00
1.237090823257523953e+00 1.322909022848505423e+00
1.329977755245179249e+00 1.546353721339850606e+00
1.444602738696121547e+00 1.391829967597381090e+00
1.527113501683566632e+00 1.377130305723494930e+00
1.355683569430238933e+00 1.425136164643429071e+00
1.317725156120241881e+00 1.324177147260926057e+00
1.532213046328091410e+00 1.458566431846686440e+00
1.252043843953174029e+00 1.402546591127135756e+00
1.375309448150596081e+00 1.369757877097791843e+00
1.592768928309059362e+00 1.647107319605218612e+00
1.356443260246401383e+00 1.487869539806220054e+00
1.342064707375307586e+00 1.356252857733839745e+00
1.627111115766925575e+00 1.630226262550948491e+00
1.361357979765871917e+00 1.278051172967312299e+00
1.436670116287001697e+00 1.558134956335408328e+00
1.327644706023286325e+00 1.453102921734376052e+00
1.296308207099352350e+00 1.471233533242406910e+00
1.441857363605991926e+00 1.505149865922322583e+00
1.323259289526141025e+00 1.364394889092404251e+00
1.297145070358459717e+00 1.400890709522702560e+00
1.368335796589676523e+00 1.409051244163299410e+00
1.660114603183866500e+00 1.588268910310904225e+00
1.161256390768349078e+00 1.448989344798218504e+00
1.639204512027811367e+00 1.549292934484777895e+00
1.427972965300108976e+00 1.466208683419147674e+00
1.589680963019388660e+00 1.618336400300779188e+00
1.594899149948594497e+00 1.562921036587209267e+00
1.648900611302143382e+00 1.552941133166001908e+00
1.299260210039852037e+00 1.297096945939904211e+00
1.336327405673712665e+00 1.393739835139937711e+00
1.517292122657824871e+00 1.413301796403654054e+00
1.273532691134439565e+00 1.317653645727727252e+00
1.500987348664518661e+00 1.692389188379816334e+00
1.578552947934041439e+00 1.469868528462005441e+00
1.460057971638154317e+00 1.673492927788912565e+00
1.398013985377128288e+00 1.516086258704879786e+00
1.334379199578304087e+00 1.508689506849740791e+00
1.366653381482785701e+00 1.455780678574990050e+00
1.472761881219091906e+00 1.537194376482851066e+00
1.497132039069935638e+00 1.578828468811974917e+00
1.412882288810082043e+00 1.388573397369101903e+00
1.451371214281794497e+00 1.460341940489831014e+00
1.248538336066075560e+00 1.347589936704542746e+00
1.458063450033052044e+00 1.456610562257536268e+00
1.553676641352559562e+00 1.522943991978405798e+00
1.382960061268573737e+00 1.398619686276892926e+00
1.518599531358386656e+00 1.485229883558916830e+00
1.319054513920301819e+00 1.352652390454534004e+00
1.198990057396252640e+00 1.571610029117282537e+00
1.270360094729654943e+00 1.342981991214850401e+00
1.226416985828537420e+00 1.535321606603775146e+00
1.358853746883519786e+00 1.330674835179656013e+00
1.326730886351487282e+00 1.399096947393773105e+00
1.342899339778525380e+00 1.411720814972027505e+00
1.292374604879457545e+00 1.328067908613038028e+00
1.346081874851592364e+00 1.496223013037597083e+00
1.339927883313977386e+00 1.428159844709786963e+00
1.646594006434415114e+00 1.682552345449628506e+00
1.426638347307319865e+00 1.418094545301760823e+00
1.483330568742177835e+00 1.446272683868960796e+00
1.485300466007945408e+00 1.561758535210607590e+00
1.416163170196103271e+00 1.551759749926958198e+00
1.411098518367754462e+00 1.335787734075671196e+00
1.292859740483640385e+00 1.488820367025125657e+00
1.413102939987357143e+00 1.332044801869334272e+00
1.484179313408325651e+00 1.521110894091537213e+00
1.490748258554326355e+00 1.522513128411388195e+00
1.395425170182507557e+00 1.410032230672736198e+00
1.271364288606779080e+00 1.346032826300790575e+00
1.461657367848711253e+00 1.561815030200865762e+00
1.461487115952002203e+00 1.562647339035656113e+00
1.359469900008833276e+00 1.303261760204156072e+00
1.396922680136345907e+00 1.478596300618554071e+00
1.552515224359076296e+00 1.622884867532049524e+00
1.321748224958964046e+00 1.398990753630492412e+00
1.354570825253688549e+00 1.425642610603582661e+00
1.337668336913037548e+00 1.547305124093249162e+00
1.176488301070052200e+00 1.376034981008921854e+00
1.478180418926747342e+00 1.283030905622815965e+00
1.561041660249438356e+00 1.532405113639802696e+00
1.233866165831811301e+00 1.413046253641281780e+00
1.319709533754092945e+00 1.511406418135358587e+00
1.533084090410111733e+00 1.532294137614605978e+00
1.510792631144693976e+00 1.485739967019150898e+00
1.361369108912448000e+00 1.437238593268120201e+00
1.268350558924268956e+00 1.342525612511058730e+00
1.455498682728292970e+00 1.481943199829771629e+00
1.561043260989406489e+00 1.627326011053923827e+00
1.451577515845895672e+00 1.381552957544334603e+00
1.589415662468930401e+00 1.668878408915269063e+00
1.172790262549102236e+00 1.299477273377987796e+00
1.376981588460187256e+00 1.343340090389126606e+00
1.404283742472606678e+00 1.462261297043756514e+00
1.424879735542758041e+00 1.475546520474182000e+00
1.241582284205829056e+00 1.488676517000749655e+00
1.357279839787514097e+00 1.333219910134654906e+00
1.383466802340752144e+00 1.453133871354683082e+00
1.343829945075370569e+00 1.420218749947483650e+00
1.494038259532006085e+00 1.433994222383947026e+00
1.521922321930881505e+00 1.603366414516250726e+00
1.440739392246249029e+00 1.420097263217924954e+00
1.443669149754066350e+00 1.429120887153925157e+00
1.449189031796534799e+00 1.523123451363742387e+00
1.500117534566555610e+00 1.519492624521628477e+00
1.427074293318081111e+00 1.360503467891872376e+00
1.461522666576849705e+00 1.408424259529538425e+00
1.555111700676544917e+00 1.618342741355776049e+00
1.522166116657424073e+00 1.229265297097641207e+00
1.289010006118974205e+00 1.548470987077043448e+00
1.536169668012137057e+00 1.690646221929576587e+00
1.416546991579640036e+00 1.527319869061767976e+00
1.325446826682296519e+00 1.399803450004544425e+00
1.551453511321382983e+00 1.532461131770543883e+00
1.582248669585475609e+00 1.479334503448412441e+00
1.284008051394644356e+00 1.195148707802650589e+00
1.388342215829280857e+00 1.390903053456310490e+00
1.484604107992186783e+00 1.625812708685994146e+00
1.300964411486831063e+00 1.467861088671691405e+00
1.434547197577692224e+00 1.479802221492844794e+00
1.244099831009861212e+00 1.325311288048105940e+00
1.202340711621710190e+00 1.442613184292465878e+00
1.333639332259339616e+00 1.499504436616171166e+00
1.336781617851957815e+00 1.422623830678788392e+00
1.538336306535666775e+00 1.522574108407378279e+00
1.375575407274193918e+00 1.464324718901031330e+00
1.388203260414937690e+00 1.455315181522845336e+00
1.381944706813266421e+00 1.402763553739361901e+00
1.498527589023370243e+00 1.499270101778816588e+00
1.196015680714691776e+00 1.387072957450625754e+00
1.507039888392526450e+00 1.590817052953928279e+00
1.491735341343428445e+00 1.588402165001022270e+00
1.421419281138596169e+00 1.528363160612580041e+00
1.267322722464606644e+00 1.422208949032364389e+00
1.403674213104988855e+00 1.588451901455362858e+00
1.233204618457620194e+00 1.350994455232777725e+00
1.433926552147943623e+00 1.390543056058259230e+00
1.551863894218560525e+00 1.699192979008381954e+00
1.497286912222886901e+00 1.504563551348223616e+00
1.627895386862441507e+00 1.803314917943846796e+00
1.307803117008541349e+00 1.390104298586549936e+00
1.325682854559134149e+00 1.593833503962577725e+00
1.299480049613429111e+00 1.540586653872235035e+00
1.158846303176165327e+00 1.480486461519196384e+00
1.366978845479954741e+00 1.532764305705654140e+00
1.298625834633704290e+00 1.600071470272959040e+00
1.406385332586185255e+00 1.668322895341745937e+00
1.540662487132330005e+00 1.628800172800752177e+00
1.608202231291927964e+00 1.462585476025780151e+00
1.475829690371409875e+00 1.351292388605923600e+00
1.293606064102067021e+00 1.368765078198745488e+00
1.257444609574644101e+00 1.413374003108256893e+00
1.355337003229306836e+00 1.401784259877509653e+00
1.428306636671929919e+00 1.305810655806053822e+00
1.624458458021340590e+00 1.331902483802574588e+00
1.553594406605143252e+00 1.552771310418630035e+00
1.435601100013457865e+00 1.543583802961058016e+00
1.580125322537430987e+00 1.457596173998870759e+00
1.456352996692037216e+00 1.571237216361281996e+00
1.373295758766397423e+00 1.420985784337922109e+00
1.344200178361526943e+00 1.454460458450256732e+00
1.536623795754777699e+00 1.436997365902780155e+00
1.801474138516309775e+00 1.548677422869951359e+00
1.373316827170230736e+00 1.559979882236834703e+00
1.535753836071405365e+00 1.685762504293940367e+00
1.495675904982652682e+00 1.625139632931368538e+00
1.399137078980849269e+00 1.441513417875341929e+00
1.386998353976313547e+00 1.490801077108569350e+00
1.370349055341418154e+00 1.487178997893419341e+00
1.490962632245733888e+00 1.567942781059344926e+00
1.494138469933626423e+00 1.402006758603782544e+00
1.509045288218957115e+00 1.589744924950864613e+00
1.567759181042048366e+00 1.380736542552070567e+00
1.414267399376160306e+00 1.336160894133168853e+00
1.438344096789498039e+00 1.485144258996687672e+00
1.353881275361474623e+00 1.359991164901108052e+00
1.413307987950450872e+00 1.285805197900396379e+00
1.313700068689611200e+00 1.268811842706464965e+00
1.451548154176321548e+00 1.388054142938036639e+00
1.468101107913240444e+00 1.782139026201594367e+00
1.483323508794492263e+00 1.481214197311551128e+00
1.387696195933701526e+00 1.392963120695252854e+00
1.206299606982969008e+00 1.267704166048126524e+00
1.500480295560311594e+00 1.368905804848452590e+00
1.347150960261373820e+00 1.445511106243490884e+00
1.599709428566601366e+00 1.483379911374972826e+00
1.393120777520002074e+00 1.425572660700330063e+00
1.454362969661374683e+00 1.460023504884222723e+00
1.724328624075272653e+00 1.511375507129609552e+00
1.483761068285540219e+00 1.586086470989975350e+00
1.556377151268574677e+00 1.466229698867099529e+00
1.481619457073337642e+00 1.597490824239414131e+00
1.270375546934889632e+00 1.288155759026162528e+00
1.444114332468222406e+00 1.449379354486149740e+00
1.386007218791227791e+00 1.592251441970141013e+00
1.212145551191145421e+00 1.376251202309264121e+00
1.431657175383223901e+00 1.486449789044020697e+00
1.526005926341661656e+00 1.634442407118162910e+00
1.567735335877288749e+00 1.503407593488974792e+00
1.396385165873062162e+00 1.373750245229846012e+00
1.464233158337495455e+00 1.482246058096193808e+00
1.282556879033871500e+00 1.486918190489328717e+00
1.499393343135922985e+00 1.477065780163552056e+00
1.539571227935577324e+00 1.469097713490520540e+00
1.414146789150674932e+00 1.405208654774192878e+00
1.205679704735152180e+00 1.190242286046528708e+00
1.577098424184148584e+00 1.598395834781044744e+00
1.424940613006663526e+00 1.404569103984893319e+00
1.395549245845803199e+00 1.635178535315206405e+00
1.374648772821290166e+00 1.469053379383767455e+00
1.548161770266562431e+00 1.648143021392996177e+00
1.516784043324017617e+00 1.670079258292858970e+00
1.170712997323992477e+00 1.248710828879511459e+00
1.275536963159892068e+00 1.431910714505509663e+00
1.398275654436843540e+00 1.435960676808023084e+00
1.246332479532568538e+00 1.367950375651628470e+00
1.147697835979871739e+00 1.298710918193344055e+00
1.549407020748441166e+00 1.598722712333340068e+00
1.529450178154628137e+00 1.496941081937739559e+00
1.373839940437476148e+00 1.328076490650568431e+00
1.255745907769370895e+00 1.357463603186530365e+00
1.430940835470024375e+00 1.369281915421685314e+00
1.419330253295209676e+00 1.507700032974437443e+00
1.440592624498999719e+00 1.468609896624078814e+00
1.631032422368408064e+00 1.719016339284027861e+00
1.371746662609976575e+00 1.320822738274679775e+00
1.392198658964149738e+00 1.409954845499326703e+00
1.514980964837918664e+00 1.518892363731909834e+00
1.219454654055890375e+00 1.303110761823892183e+00
1.487414091395198090e+00 1.561721521793121292e+00
1.262474953259375976e+00 1.179066491497018809e+00
1.262310517307609237e+00 1.525426863942385136e+00
1.294123198532526997e+00 1.446108585039686867e+00
1.429565026031154540e+00 1.492357360625923501e+00
1.391032013471546369e+00 1.388767187875705744e+00
1.359898170322997091e+00 1.543794131563521077e+00
1.654700415675107950e+00 1.482929099144497886e+00
1.449390059853848944e+00 1.416209590428704423e+00
1.423433570600198594e+00 1.465818865944652494e+00
1.321632135436246802e+00 1.339533476044075133e+00
1.404799706843186557e+00 1.496889017936291699e+00
1.431448278986624967e+00 1.479657892599485436e+00
1.447240344156365266e+00 1.572943073879927267e+00
1.270447414574485956e+00 1.347467834036395029e+00
1.390976290783920488e+00 1.494742365872257617e+00
1.415327159507261179e+00 1.399451836702018781e+00
1.439609331182196916e+00 1.566408026735549575e+00
1.565971735765245398e+00 1.651541137518256708e+00
1.476202724372706054e+00 1.548157806161564842e+00
1.491480423123050514e+00 1.507149396466945568e+00
1.433674798413479667e+00 1.516926740922665884e+00
1.386578175185469775e+00 1.508524887343472232e+00
1.473910217080410590e+00 1.530330919377725918e+00
1.569903046267765889e+00 1.506154400010540906e+00
1.504164347842679605e+00 1.230269878370195968e+00
1.440803988014043746e+00 1.679329487223024886e+00
1.412219863251929164e+00 1.518020517376431622e+00
1.314858296724098041e+00 1.326497053884196253e+00
1.233138510631730300e+00 1.314193700446779633e+00
1.636529449786569668e+00 1.763205809869236029e+00
1.440373407870594979e+00 1.527644562702594966e+00
1.447725659277361299e+00 1.557674844191560659e+00
1.317626459131987060e+00 1.372180759890932800e+00
1.611786879022540031e+00 1.389438870826215311e+00
1.250682261842014364e+00 1.278563560117971898e+00
1.478656235939269870e+00 1.633122282755475885e+00
1.401232565793697260e+00 1.331067278230828377e+00
1.445746011445258494e+00 1.592879527411140472e+00
1.285615924320261838e+00 1.386063705073926844e+00
1.442131266474062423e+00 1.405630609478922155e+00
1.407496678789405653e+00 1.420519108976628253e+00
1.335736203938198585e+00 1.402806704166972285e+00
1.419962520540970052e+00 1.380988084480412104e+00
1.397517822928735498e+00 1.545027848132929371e+00
1.520439498246916266e+00 1.587242625067927682e+00
1.413146686002411556e+00 1.482321047536522940e+00
1.236589226368884020e+00 1.388505520741580623e+00
1.413325407174993442e+00 1.495776027609465375e+00
1.520062640774671792e+00 1.612447339523171097e+00
1.108875833806247657e+00 1.426989607224761425e+00
1.327300549227894200e+00 1.450589312790990126e+00
1.426600308642452797e+00 1.341685950880259437e+00
1.313915570531137167e+00 1.513152219005390320e+00
1.507159733440942562e+00 1.529564321228815471e+00
1.312194628780950723e+00 1.520389066521183441e+00
1.414119586228379077e+00 1.432462275284593911e+00
1.508027362232878144e+00 1.432172255388614257e+00
1.496458757043083398e+00 1.523792158025759624e+00
1.519549810503921350e+00 1.583437465863703597e+00
1.416249050713612734e+00 1.368266902036695765e+00
1.379321753605777578e+00 1.492607186990570156e+00
1.174567567888148645e+00 1.403275691054232555e+00
1.368843152324572321e+00 1.352664491290758608e+00
1.552204177644610494e+00 1.522134550995308366e+00
1.484033095512536038e+00 1.458493038543550835e+00
1.385239406866630274e+00 1.530992333812877026e+00
1.287243409566035446e+00 1.432786217067459233e+00
1.424761859857301527e+00 1.647841517775368025e+00
1.225973128198400985e+00 1.347137792032567338e+00
1.394150897310181492e+00 1.500299484364317149e+00
1.418357353743678884e+00 1.551834012557290920e+00
1.343761380147270090e+00 1.421295652421701305e+00
1.380937296991034513e+00 1.445706625544878943e+00
1.227726915764404403e+00 1.352730096986887176e+00
1.338478746930728436e+00 1.548189443199565751e+00
1.653643813660883533e+00 1.538259148438530399e+00
1.614569264052108766e+00 1.479064889048546050e+00
1.454141463202420104e+00 1.272999744351063667e+00
1.350550862367035698e+00 1.505916792296594142e+00
1.541157474423322071e+00 1.410903535699503220e+00
1.392780027342102711e+00 1.308809477940731103e+00
1.430559333908325570e+00 1.610459196625718459e+00
1.438934660148369460e+00 1.332854966812036634e+00
1.432790871450007275e+00 1.543845513915837797e+00
1.384079076663942587e+00 1.387865481835809156e+00
1.527172498085022534e+00 1.592083183301538307e+00
1.428481135222513299e+00 1.517365735204730726e+00
1.279459026756352369e+00 1.278850590204962501e+00
1.369049824649307467e+00 1.494293076479169979e+00
1.386276210951262300e+00 1.308115579283603891e+00
1.410152774332783743e+00 1.544716868846564228e+00
1.183099648692283123e+00 1.304301983163993262e+00
1.458511289745882733e+00 1.633174002738687181e+00
1.392058686496077557e+00 1.544917739057241279e+00
1.345603399179043702e+00 1.426444389615321606e+00
1.256771419830684966e+00 1.309279906584801312e+00
1.427906921631647563e+00 1.588377588349015879e+00
1.346347025168803890e+00 1.515095536343233018e+00
1.482909316808810551e+00 1.555633272645899901e+00
1.256306086359527008e+00 1.332673377130136450e+00
1.306304897429574341e+00 1.570551669669411732e+00
1.170405121990697017e+00 1.339694741211289175e+00
1.339153624917749363e+00 1.356863254543074104e+00
1.480220341243059456e+00 1.609681375290103134e+00
1.505068950680398920e+00 1.519359938518963116e+00
1.478738106711982248e+00 1.415792902649471108e+00
1.281560469768049826e+00 1.471107889455275375e+00
1.417838163182342903e+00 1.373491720147237194e+00
1.579783131735710500e+00 1.543695120124532805e+00
1.455895811277965635e+00 1.391429581362624290e+00
1.283551164434172831e+00 1.311533021718800152e+00
1.455085509925362564e+00 1.569749181636755697e+00
1.494282084529930499e+00 1.484241588310325710e+00
1.396099654921741040e+00 1.447289866770266498e+00
1.563607715895338757e+00 1.618468309840219499e+00
1.513153845371938200e+00 1.488560001715703018e+00
1.436113480333514936e+00 1.463288399423970487e+00
1.391239230729227616e+00 1.450245064606975109e+00
1.534249460572081780e+00 1.510805858164394389e+00
1.468084634513670883e+00 1.440107123133358646e+00
1.439691074866643605e+00 1.457012735710396578e+00
1.425177508696412687e+00 1.452251941983355277e+00
1.458530144449095456e+00 1.660663793586836023e+00
1.579101091169208937e+00 1.612837929593827990e+00
1.366277927527766556e+00 1.415997485725512428e+00
1.481653922378222576e+00 1.422126270736687736e+00
1.480690830513366141e+00 1.559807843990587584e+00
1.408740239267788796e+00 1.338261554103063800e+00
1.225475032568377642e+00 1.348439353883656544e+00
1.337745250207144743e+00 1.454983991829944756e+00
1.397519698702027302e+00 1.400106139007032402e+00
1.270745326388398322e+00 1.528480623826965035e+00
1.558819866892671380e+00 1.559838326065029479e+00
1.250799734026193377e+00 1.461503504722377222e+00
1.326963847855797463e+00 1.382497995878859243e+00
1.420729074573732431e+00 1.483117191686245340e+00
1.471190743701879411e+00 1.440425103019925546e+00
1.515610143312311253e+00 1.578984263513305564e+00
1.404136214260078841e+00 1.485362935731693534e+00
1.281424745184333025e+00 1.393917109269187993e+00
1.468784641717458817e+00 1.561852511063885007e+00
1.175014268101404191e+00 1.313254358753073170e+00
1.530160026013035912e+00 1.463070191562960254e+00
1.802508029638332454e+00 1.767692929445910499e+00
1.457927315478406927e+00 1.339522226276740779e+00
1.251037934610288671e+00 1.444310520163478717e+00
1.425177977751017178e+00 1.431933089901125333e+00
1.322198847955635470e+00 1.591556228375189841e+00
1.467350953194331620e+00 1.456148390236106760e+00
1.448618409069691193e+00 1.398582863635201345e+00
1.363482321124339647e+00 1.550493079665224982e+00
1.542828134204739854e+00 1.693692785167072667e+00
1.407634024793730232e+00 1.398032415445567000e+00
1.448354155000165733e+00 1.364683078634709723e+00
1.610655544896129721e+00 1.521839501063998235e+00
1.346365467450399533e+00 1.525626545022960689e+00
1.304215461532407749e+00 1.265318331135803387e+00
1.471065372051394649e+00 1.557009124603831562e+00
1.556578135526865081e+00 1.526303638725719392e+00
1.464136591446753233e+00 1.483963407638716037e+00
1.314094535966050969e+00 1.575321288340944648e+00
1.473415830698409756e+00 1.478758875960288321e+00
1.395048195986246409e+00 1.565504605732478627e+00
1.245470980861513866e+00 1.505935580231023474e+00
1.555645440573337313e+00 1.602612783554524967e+00
1.558974751880062293e+00 1.617148197055613412e+00
1.340337295609982604e+00 1.392755701851360106e+00
1.414757566422543578e+00 1.566750294396675569e+00
1.619073487060491034e+00 1.568240576473790560e+00
1.484559484178634925e+00 1.560475404666940902e+00
1.238289917066986545e+00 1.356542187910778852e+00
1.532874377769469776e+00 1.476423130547677820e+00
1.529672741210425180e+00 1.557547190986368735e+00
1.486419653266913832e+00 1.436520493906541462e+00
1.502242153089728305e+00 1.432106100595373022e+00
1.482505986882766358e+00 1.489816344932123782e+00
1.482203097548574044e+00 1.374582217697288389e+00
1.439650625482110646e+00 1.518013289383476128e+00
1.689691007694584801e+00 1.642503853352946797e+00
1.302242779556877839e+00 1.453438323317167713e+00
1.597485114451699717e+00 1.627471118978045084e+00
1.491543788887541355e+00 1.431881001920303875e+00
1.391186736324130147e+00 1.418515863990062797e+00
1.473956932696298017e+00 1.517091300115047225e+00
1.257802000552235899e+00 1.403211004670726902e+00
1.411237061928001912e+00 1.504268023469919280e+00
1.414606128035481580e+00 1.529997731250407167e+00
1.532753827772577404e+00 1.679684102146048241e+00
1.601667174783884651e+00 1.571049359442740156e+00
1.286651969139509299e+00 1.446018363038769072e+00
1.373051339318720254e+00 1.523736632506313748e+00
1.522606828253836087e+00 1.587888653422614871e+00
1.220050463862196066e+00 1.472061763824131120e+00
1.315741626896504091e+00 1.479277632716270219e+00
1.309665164506121915e+00 1.349598121864297617e+00
1.490066904725835251e+00 1.472317469415552971e+00
1.367456192637675594e+00 1.526214580695825163e+00
1.390517994581936145e+00 1.355378295304803027e+00
1.242914660793439152e+00 1.356385913203381754e+00
1.329522214578104489e+00 1.596471982014967983e+00
1.651134402609015783e+00 1.547485969405850037e+00
1.314894674817797648e+00 1.414592411260966243e+00
1.355008104977195593e+00 1.682117044257440686e+00
1.317153590024736642e+00 1.308845577736003740e+00
1.454096320904529227e+00 1.424232493055843207e+00
1.361954442044975622e+00 1.296371762123869731e+00
1.231141874927606628e+00 1.300853574701310356e+00
1.468106434557172824e+00 1.576669328456338670e+00
1.332798519732610432e+00 1.436005675138863236e+00
1.535694306069871784e+00 1.496121073132132828e+00
1.427551190791441771e+00 1.625286684412268867e+00
1.485872919166702388e+00 1.380237099123965194e+00
1.433989675090961313e+00 1.546550970408768100e+00
1.462765113164013586e+00 1.587938744239965949e+00
1.476730103997764276e+00 1.730226166784748276e+00
1.480147763798486116e+00 1.482776452760138142e+00
1.417979519876644279e+00 1.510104940443251831e+00
1.503365077467048394e+00 1.639388440037037986e+00
1.360463629396511553e+00 1.482584436118749016e+00
1.406182034922682567e+00 1.373516784481221942e+00
1.382913569717317381e+00 1.662260166161444674e+00
1.332910012783306231e+00 1.401474597122345234e+00
1.558585750958075611e+00 1.667137922099482417e+00
1.676902612401027115e+00 1.511441919463078154e+00
1.443947080548983797e+00 1.392052977167959060e+00
1.438724510075629404e+00 1.499782277412659459e+00
1.421739777957415241e+00 1.609895448898936543e+00
1.536178119051188951e+00 1.397910404312024957e+00
1.336665223946343906e+00 1.476798868535292852e+00
1.200720662926158644e+00 1.231484679137104354e+00
1.524247556351733257e+00 1.508274617928164307e+00
1.159468924646735566e+00 1.492856363572755196e+00
1.436881581035924782e+00 1.540440974346262815e+00
1.334252154887475728e+00 1.344879753502240094e+00
1.490054291953571308e+00 1.539745156203109477e+00
1.489246267224425768e+00 1.375226091976933462e+00
1.328780402330050903e+00 1.505683980247506160e+00
1.427314766975991800e+00 1.581822765503113626e+00
1.446652232989172893e+00 1.453787493020619381e+00
1.499618524972038403e+00 1.396927199838226441e+00
1.476580384300141269e+00 1.437666620870364786e+00
1.438039417320948310e+00 1.459874470094545629e+00
1.448664239457459812e+00 1.536932892407223639e+00
1.422895452355198431e+00 1.459957786814873426e+00
1.579786261363028466e+00 1.617007700472735232e+00
1.427725054100264179e+00 1.500307332054277687e+00
1.418349603613034082e+00 1.557688135667439466e+00
1.444073316110150662e+00 1.444567274295056380e+00
1.211785540775872416e+00 1.336355284945319077e+00
1.334746975891738074e+00 1.429963308210958184e+00
1.472856995146046621e+00 1.555959588413589056e+00
1.374565726527645859e+00 1.342597882390639930e+00
1.453587508396501748e+00 1.484142444388018900e+00
1.581499814805817250e+00 1.602800143095244545e+00
1.372354212738839285e+00 1.394516027374199885e+00
1.345408042276401872e+00 1.546494484420073645e+00
1.315254794623388790e+00 1.379840917871733907e+00
1.638654214802637732e+00 1.450758560422408028e+00
1.437063466813500723e+00 1.490844486730495744e+00
1.336948954655112098e+00 1.331315593239281725e+00
1.511377846983336992e+00 1.483596236612720443e+00
1.388944685601376072e+00 1.443013060750825360e+00
1.409654531332611871e+00 1.526840777387560744e+00
1.329006188981779246e+00 1.490438677530106171e+00
1.579728382890485117e+00 1.520044283224462722e+00
1.377492438736002800e+00 1.444249126826790075e+00
1.513701522449147019e+00 1.466574952614599914e+00
1.442447054493112057e+00 1.580945896739304191e+00
1.291842530757498997e+00 1.574393004134874596e+00
1.401820533389085410e+00 1.501505491274784054e+00
1.220871617470404624e+00 1.401676688502537127e+00
1.512205398038381832e+00 1.643573774815496380e+00
1.458891772125951780e+00 1.761413689078638711e+00
1.367367995792626578e+00 1.428569138883743594e+00
1.623311318850885421e+00 1.428567190266599063e+00
1.468831856844081241e+00 1.711217932377628870e+00
1.545089757096271388e+00 1.464082482338785240e+00
1.402341066424257265e+00 1.445678410289471083e+00
1.508661335044358509e+00 1.464185357224398798e+00
1.459210814488572927e+00 1.357499004184197222e+00
1.363132364912191141e+00 1.579395447146890730e+00
1.245886483133909373e+00 1.495105758986901012e+00
1.338047080390312171e+00 1.364816931213246542e+00
1.485601368547891932e+00 1.647506179785666491e+00
1.550466402613228212e+00 1.539566949051887512e+00
1.612777301783456352e+00 1.539738387442471268e+00
1.553787388000099634e+00 1.536207246973757545e+00
1.512521034118158303e+00 1.524782149817096144e+00
1.388980918664520559e+00 1.278417964252299477e+00
1.491872313955855178e+00 1.570103327314797959e+00
1.482166406993487673e+00 1.511372346251164567e+00
1.350339784168789858e+00 1.477374160060919150e+00
1.443797789051971092e+00 1.609493608630292005e+00
1.599099101130691647e+00 1.555511509613210386e+00
1.466990972941880633e+00 1.509890138044819086e+00
1.550922600920575656e+00 1.454677545601781086e+00
1.423332596512599357e+00 1.417431546628759254e+00
1.403943532029808150e+00 1.491385461052888495e+00
1.472892115429565330e+00 1.534166476695839609e+00
1.368930089944402351e+00 1.577618776084885432e+00
1.417384165517300287e+00 1.439411715497892041e+00
1.508959247311123519e+00 1.502411911233507036e+00
1.462482266641341733e+00 1.327462155642204600e+00
1.532604495977266224e+00 1.581414028490914170e+00
1.549219174141862831e+00 1.528053491404438136e+00
1.468840592377718135e+00 1.406745674631935561e+00
1.414629316127911984e+00 1.464377091233839412e+00
1.385879631852125149e+00 1.464620928931054333e+00
1.384378526327872727e+00 1.443628725880088171e+00
1.683628585292302304e+00 1.721443024660489485e+00
1.573204289485223617e+00 1.621987193880039646e+00
1.494227986091411164e+00 1.493480786004896199e+00
1.474972759900299968e+00 1.527398225705033585e+00
1.401822512089440087e+00 1.426012592567498016e+00
1.347270515365418309e+00 1.383088926450746881e+00
1.291017164297595166e+00 1.482200651290202842e+00
1.348673913117054868e+00 1.522109268461847797e+00
1.403960891768967434e+00 1.647348287179188020e+00
1.446039147013817638e+00 1.404810195660663119e+00
1.565972799097618218e+00 1.536334516900194069e+00
1.492696227119851393e+00 1.587735141715698406e+00
1.521118900125554729e+00 1.544759724307972926e+00
1.284423390380039942e+00 1.514182528072208767e+00
1.473589846734450370e+00 1.266918251010777929e+00
1.528707129947505239e+00 1.592776165882006323e+00
1.597955559928455171e+00 1.611377903139426193e+00
1.364246878192451273e+00 1.387635738860409695e+00
1.327813074774885305e+00 1.363126732627985227e+00
1.617859270823804430e+00 1.532639000986190103e+00
1.438006660401708547e+00 1.300273423890812463e+00
1.622714397130141872e+00 1.669028939275130741e+00
1.366133961060766344e+00 1.352715425665835802e+00
1.538030791056492985e+00 1.546573815913980354e+00
1.485776833498196225e+00 1.595108915588015375e+00
1.573216954755006558e+00 1.558682019913815830e+00
1.503244114821572275e+00 1.514682833420044172e+00
1.378336613126422305e+00 1.544619516505334911e+00
1.759052192177393836e+00 1.705413842864942797e+00
1.231536636314632505e+00 1.291236714265606489e+00
1.328180138273841182e+00 1.500811785176343394e+00
1.457617821033452055e+00 1.390829572021370808e+00
1.453745261993516946e+00 1.433649250074707560e+00
1.454116895873613924e+00 1.558742025509994855e+00
1.422583218967459429e+00 1.508835629164773762e+00
1.496990786296545028e+00 1.434247939842874908e+00
1.388084172805135630e+00 1.403908938601361456e+00
1.236884039694543524e+00 1.438629941995885231e+00
1.266590600594661886e+00 1.277035968121409848e+00
1.491782358452020896e+00 1.562877034827329092e+00
1.422650855316365703e+00 1.383024874082613209e+00
1.201461896742927360e+00 1.406993952302561635e+00
1.348894416122742301e+00 1.341489451306800307e+00
1.469150076113938219e+00 1.322463397097072280e+00
1.465050413057834566e+00 1.559757083414569312e+00
1.398087449913654190e+00 1.351297604328733026e+00
1.418282851987400228e+00 1.606773746463273422e+00
1.468334331394745895e+00 1.513408511538103518e+00
1.370016276428162483e+00 1.490989986591734207e+00
1.495029615001754575e+00 1.483651225428072262e+00
1.561260704991156212e+00 1.629178715763622387e+00
1.461433737523272214e+00 1.562821973442725776e+00
1.533749295925784795e+00 1.624486010725977758e+00
1.430545092104334781e+00 1.462166200575497177e+00
1.440052438847255978e+00 1.588654589168149167e+00
1.304119246235760921e+00 1.524852408796649961e+00
1.390638279438854763e+00 1.466446671022224146e+00
1.414922549532988683e+00 1.416131552491209256e+00
1.338000973759053913e+00 1.400356128605724004e+00
1.248934260382174033e+00 1.293121280315449928e+00
1.297160852404053433e+00 1.504385176726464213e+00
1.484455835286950354e+00 1.532634712978641733e+00
1.451920386954004272e+00 1.285533592320897922e+00
1.586293978561817308e+00 1.507369530178475969e+00
1.306559131218545833e+00 1.289200139327422390e+00
1.326759604475395982e+00 1.443038685549490330e+00
1.279284187773992665e+00 1.287567986240119922e+00
1.317915287314422423e+00 1.423875852343875925e+00
1.463795849869087062e+00 1.584608903946588709e+00
1.315424719046598412e+00 1.366481586374957757e+00
1.395771981066014966e+00 1.502241662257256083e+00
1.487375710501906090e+00 1.478723461346600487e+00
1.374569921587412535e+00 1.455474921782031084e+00
1.528852964688493632e+00 1.549871309192571545e+00
1.401671442173670457e+00 1.369031686773966694e+00
1.287063132112919561e+00 1.436725522914194197e+00
1.380441598008447235e+00 1.357965864245357146e+00
1.443846946195932901e+00 1.355182446972940769e+00
1.372264474987799021e+00 1.453845685924320508e+00
1.379767385722326267e+00 1.495857727176738372e+00
1.433527911628186935e+00 1.478729338534192639e+00
1.417040117511471964e+00 1.365206022919896789e+00
1.322785773559272293e+00 1.422668931541137383e+00
1.385148386945526555e+00 1.401570022846251540e+00
1.493300264331101523e+00 1.460365665045780137e+00
1.572005631338660336e+00 1.507041674653487373e+00
1.493212543292656624e+00 1.501163429728048060e+00
1.452220328870788668e+00 1.717448060494109585e+00
1.521857385113664751e+00 1.598092895134431091e+00
1.449595432596183286e+00 1.550055669235950617e+00
1.731582539527371623e+00 1.614872676076458458e+00
1.403132807549206218e+00 1.480481990558317085e+00
1.448372993244130491e+00 1.541058350168017510e+00
1.607475398501330588e+00 1.649987213729865232e+00
1.381715908993884634e+00 1.492759740021808890e+00
1.264284071428570355e+00 1.197789899732415675e+00
1.249036877920195687e+00 1.359662280039809046e+00
1.323611377355391694e+00 1.506848978397262284e+00
1.519897870673352802e+00 1.417784972260992982e+00
1.408399483728844492e+00 1.373650819216054808e+00
1.435991190709603904e+00 1.404468877326981113e+00
1.206737956662244260e+00 1.409288400294125942e+00
1.532133921910310281e+00 1.591123909208665532e+00
1.418544017896067988e+00 1.367559206043486020e+00
1.456041523468682763e+00 1.594403166709198905e+00
1.272965600363607619e+00 1.489936698234948453e+00
1.448926859763732589e+00 1.522800142294521653e+00
1.523447958504403621e+00 1.611626719011449715e+00
1.377964987763367066e+00 1.581232174979630090e+00
1.513508610227212614e+00 1.361848280180476767e+00
1.612364973003216351e+00 1.735712644244494784e+00
1.488347972902345884e+00 1.515346475286202477e+00
1.326712091671278682e+00 1.563206446465481347e+00
1.283243512976785849e+00 1.508544716599127034e+00
1.475672094015606284e+00 1.587146546393462643e+00
1.299437792314005025e+00 1.381159124458517962e+00
1.368128403079660993e+00 1.465158891865074198e+00
1.357827466609859091e+00 1.471906787223394186e+00
1.233881366967970017e+00 1.339454831267810730e+00
1.318604471260579558e+00 1.328668410102285646e+00
1.326478224075986256e+00 1.360178297055004704e+00
1.339053918137342203e+00 1.276168818997734489e+00
1.563287713594776029e+00 1.593304746598367183e+00
1.560421034093836035e+00 1.531493285598804821e+00
1.380783663601769851e+00 1.609342798859916934e+00
1.358345321158971553e+00 1.422935453358870950e+00
1.214961681583507147e+00 1.341465051518577756e+00
1.587336314162156814e+00 1.526440847042153548e+00
1.291879291690556597e+00 1.464965092100556365e+00
1.357582751548375155e+00 1.465534278560919113e+00
1.414653611700632085e+00 1.539367432721999718e+00
1.438522040360208587e+00 1.413310472318391353e+00
1.417213055188697668e+00 1.374257141994636777e+00
1.557440097244591870e+00 1.644790963801675554e+00
1.465262035838121424e+00 1.737779181446219345e+00
1.403922562340302216e+00 1.378295531678771946e+00
1.204786441376471728e+00 1.363044196281832043e+00
1.417400379437335323e+00 1.471656259934258637e+00
1.344691390509674234e+00 1.337197250076515687e+00
1.468640267536060806e+00 1.586117340146393273e+00
1.419311104018422087e+00 1.609110786706551721e+00
1.244654625823661265e+00 1.391876965311519054e+00
1.549376070636717229e+00 1.449246974261921395e+00
1.361112522403595815e+00 1.652529132511756593e+00
1.663681835169871226e+00 1.534446544938618207e+00
1.465399222147274694e+00 1.433206742894755692e+00
1.548478994420502852e+00 1.620370980491762092e+00
1.343040568418564007e+00 1.365711899792241502e+00
1.268808161252748423e+00 1.404121023243899868e+00
1.424017575323484719e+00 1.350922305804961754e+00
1.454415205445442671e+00 1.433095789563591405e+00
1.306147794535822859e+00 1.308406042499718147e+00
1.496181059384212420e+00 1.439450339471134654e+00
1.418898292031115060e+00 1.540207134687133772e+00
1.334850062045162655e+00 1.474149620598263155e+00
1.372154603052734956e+00 1.502624880118547113e+00
1.531101032452031552e+00 1.591734170038550333e+00
1.246033485071518454e+00 1.293200674585330612e+00
1.191002408590435602e+00 1.471833727992583718e+00
1.486303878469416251e+00 1.476575184788567974e+00
1.606486821810610977e+00 1.687998741427012339e+00
1.462882958084140039e+00 1.553483971474870051e+00
1.470285598718209741e+00 1.441460827902468766e+00
1.359073357972880203e+00 1.286861809431015358e+00
1.429996587437078359e+00 1.594761326909808652e+00
1.462845987130196423e+00 1.540520235108090219e+00
