9.385377891011943419e-01
9.316996425629000544e-01
1.039021684194133543e+00
9.589520625097432971e-01
1.099958078980302734e+00
9.810893191160641180e-01
1.047634129462269970e+00
8.104205897377412260e-01
7.809319182958722738e-01
1.131961567376426503e+00
1.079883400067643606e+00
9.210036253201038248e-01
1.120853289169337019e+00
1.052706726291788852e+00
1.033722939995543211e+00
8.209930875909652315e-01
9.946715557831375953e-01
8.682884751885711072e-01
1.072282545893782135e+00
8.618656836118984144e-01
8.989887605191255737e-01
9.848221633787076490e-01
9.510749077186061440e-01
1.121913455350765920e+00
1.132822637110978192e+00
9.973313767261702267e-01
1.202197317890645101e+00
9.201952367679175904e-01
8.023235451960856190e-01
9.550995138549026597e-01
9.037385493534513259e-01
7.830538337883228284e-01
9.707831068141539177e-01
1.027174729684444898e+00
9.771085383524893420e-01
9.555095416849209711e-01
8.240786790991522226e-01
8.451792254805048366e-01
8.985438380940056202e-01
9.567456900964346200e-01
8.176502777723333448e-01
6.981606811454511563e-01
7.573077320963642611e-01
9.650607931481232082e-01
9.714395074845565414e-01
1.038232154438013755e+00
9.273188786994429611e-01
8.528446469011184972e-01
1.020171508113170811e+00
9.613482382003805116e-01
9.996074184202460300e-01
8.873790707627784435e-01
9.430651216938187309e-01
8.939387023478845284e-01
9.030398693196163284e-01
9.632516660814496312e-01
1.025226328988056546e+00
9.373506806383641310e-01
1.022750114069659544e+00
9.138105795285552668e-01
1.019407538159472049e+00
1.127830741562381833e+00
9.776356385401920868e-01
1.099155945873734330e+00
8.358832230767582194e-01
1.034530432773285602e+00
9.099272037250768497e-01
9.660268842873132034e-01
9.953535847877099663e-01
1.026647663748492478e+00
1.181981176439634629e+00
1.026539065926161731e+00
8.578078357061472703e-01
1.116051578173090864e+00
1.018387447636036169e+00
8.540445795352746838e-01
8.793988211082277573e-01
1.010558621091579790e+00
1.025158898667849483e+00
8.737352009976893097e-01
9.211779635237968833e-01
1.069784780088282705e+00
8.204887887001687252e-01
7.819631253705265905e-01
1.077446450730302541e+00
9.686087778503505996e-01
8.343591483519702257e-01
9.350144780660898380e-01
8.258790224965160132e-01
8.052456023037692923e-01
8.979149819221664552e-01
9.353260884256433538e-01
8.240966677659824491e-01
8.803693200019540033e-01
9.389609524625470716e-01
9.852787573230722407e-01
9.059357080457121070e-01
6.398415925038639651e-01
1.151098773495452088e+00
8.728801884193041483e-01
9.261398063971812977e-01
8.741796867870013088e-01
9.009003749652452209e-01
9.310323250629661818e-01
8.934639278828324649e-01
1.099228573441607182e+00
9.172907891111616863e-01
9.914771220372471383e-01
9.561897612692518145e-01
1.095607087980389860e+00
1.113521921061396025e+00
7.063913687642232597e-01
1.234246914386363914e+00
1.023324954586421365e+00
1.041156675821390820e+00
9.004106204162344307e-01
1.010908256828974894e+00
7.505863839204722776e-01
9.847192438814205140e-01
9.984526971624999581e-01
1.018021199629982387e+00
1.081129981635790216e+00
1.051478301087297229e+00
1.015848159034648646e+00
9.647762980611177541e-01
1.026985989733384175e+00
1.086846028023958688e+00
8.643442230590682174e-01
1.022023099269347313e+00
1.143545060020723092e+00
1.042344283438791486e+00
9.463156465079792801e-01
1.087591135604862869e+00
1.173611611567352053e+00
8.835996437040724016e-01
1.044398036290242526e+00
8.588326625239414147e-01
9.515470662021561221e-01
9.398867582914035568e-01
8.987086763516357601e-01
9.708464445890312433e-01
9.442875708381309741e-01
9.921876870511329161e-01
9.382133188698558168e-01
9.527984557405347887e-01
9.794909577439574466e-01
1.097046227304698807e+00
9.358036926254664767e-01
1.151261315775364613e+00
1.040608928030831937e+00
1.093043276132655173e+00
9.956969034732318091e-01
1.087229488898909802e+00
9.013845874930723756e-01
9.442446952040600694e-01
1.107288765157833144e+00
9.266913003564675178e-01
1.004807397050535789e+00
1.002544357873163872e+00
1.120728518166303367e+00
8.321478447823679181e-01
1.010795970596007898e+00
8.702612941759054754e-01
9.736620102198062510e-01
9.823183933483157215e-01
9.269538560234306113e-01
9.810418932049267404e-01
9.615169521381226048e-01
1.120315163286821791e+00
1.012487209289093970e+00
9.414630439157305464e-01
8.083807430783441772e-01
1.109695514278335571e+00
9.030960319978623696e-01
1.152961526064940845e+00
9.803951151562607658e-01
8.986086902102008445e-01
1.058304355846642286e+00
9.791511399404155824e-01
1.123029627670749209e+00
8.397685308316366060e-01
8.806077457562306865e-01
1.010093569044205886e+00
8.339604651218290865e-01
1.075234749394460732e+00
1.043310848617797770e+00
8.991675993506456077e-01
8.001300207236259343e-01
9.278584413079632442e-01
9.094462122231884438e-01
9.332616328839730135e-01
1.108779657372090055e+00
1.075023802861495792e+00
1.002725745877763863e+00
1.157259973811547216e+00
8.534244226136663558e-01
8.773281308931373257e-01
1.064975346538009848e+00
1.037102336789618162e+00
9.223072857437030203e-01
8.732323637627616986e-01
1.103392256286494844e+00
1.091541034922823394e+00
1.068109576912499969e+00
1.019262796678307215e+00
1.124571391120798403e+00
1.047526614691267843e+00
8.973336178879748326e-01
9.554693420410798055e-01
9.372750613213376436e-01
1.142574405787710745e+00
9.668536439497996682e-01
8.819259369667048487e-01
9.700952973338210494e-01
1.165273885689006361e+00
1.095696019079058114e+00
1.115958130186414987e+00
1.002825043862053178e+00
8.524599168352168244e-01
7.911897791578683670e-01
8.956859334691679164e-01
1.012613488842465381e+00
1.022533218365410113e+00
8.696502923197449997e-01
1.034714246509579549e+00
9.486438282361874252e-01
9.014392475875014910e-01
8.898598987346839628e-01
8.838921638084166199e-01
1.151415232171893344e+00
8.544723465879739965e-01
1.064957784722462497e+00
1.126266265591129301e+00
7.405718870296842393e-01
8.977058270421178765e-01
9.701296967902904855e-01
8.675938375511539347e-01
9.945942992897310875e-01
7.440586920572038743e-01
9.435934317919274505e-01
9.702549068662862375e-01
9.216837549863010626e-01
7.777526483929764201e-01
8.619678202111551446e-01
1.211116449699415343e+00
1.221249378993379153e+00
1.056812858996653448e+00
9.303708713455707269e-01
1.112199261817622187e+00
1.048708897240209437e+00
1.025370146823366913e+00
1.069979976194447735e+00
9.305623634748692030e-01
7.493008604285013030e-01
1.003422051731474696e+00
8.349858875689634141e-01
9.933091322039840909e-01
9.894669905399264831e-01
8.910773122738636642e-01
1.069759744115690525e+00
1.160861560989280727e+00
9.095169610313749153e-01
1.148442489536741773e+00
1.003946643007875839e+00
8.674357580478015972e-01
1.101746609741456995e+00
9.273520776697221635e-01
1.088090804495001063e+00
1.171091805845405842e+00
9.728956761293114930e-01
9.155246648606468751e-01
1.031788949841394132e+00
9.203388726084463789e-01
1.062490785235929547e+00
1.049364774929959276e+00
9.025969982997958940e-01
8.618647609771914464e-01
9.911230471129867103e-01
9.511211103835665037e-01
9.033519728336681931e-01
8.315996524967779191e-01
9.590439489773411319e-01
9.107249573335698400e-01
9.084956611225806222e-01
9.932656133663311238e-01
9.924585895763051724e-01
8.248193608509420960e-01
1.092851143467983510e+00
8.852523119346205061e-01
7.741953984116859422e-01
1.033512696371444051e+00
9.482196607791338883e-01
9.803899842562219247e-01
1.025263563538569178e+00
1.000025131010509494e+00
1.060332347504855388e+00
9.577560531596557292e-01
8.554972588390982180e-01
1.007941570864338887e+00
1.122966898744448327e+00
8.489754038494007338e-01
9.648403285139963703e-01
1.072485058356715149e+00
9.213379275082675957e-01
9.165146197985886145e-01
1.048628108227622757e+00
7.389520561144677924e-01
1.027465283468615542e+00
9.195977149872535117e-01
9.961804984629363258e-01
1.005673332764588812e+00
9.025015290742276486e-01
1.029946324116312484e+00
9.989874232721729364e-01
1.018818268537032390e+00
1.037515711111191674e+00
9.603244835794798595e-01
9.976387432525020138e-01
7.363343464481603151e-01
1.162662031171597166e+00
9.754741995460023407e-01
9.709106099541029433e-01
9.702917806163859904e-01
1.251777727818421893e+00
9.244021684151694229e-01
9.418773825788316900e-01
1.003739063918432706e+00
9.561939454195753640e-01
9.376255630780465644e-01
1.037742040673224508e+00
7.178287668197527172e-01
9.763949081493605853e-01
8.740998235712125197e-01
1.042840055710584801e+00
1.075115208604551231e+00
9.451950413687085772e-01
1.029830535120652479e+00
1.050044303361601150e+00
9.038162030160912241e-01
1.221385499242805039e+00
1.072522932097991433e+00
9.599351410899019665e-01
1.101139671317209245e+00
1.067098355491082229e+00
7.515792063165387393e-01
9.693981704889204076e-01
8.524147101496215573e-01
9.231240280679429144e-01
8.719522083022911429e-01
1.008518166256870074e+00
9.239575503496746389e-01
9.328935310180858087e-01
7.969242877526210300e-01
9.957918551253162054e-01
1.173229829040441707e+00
9.771539622515345025e-01
9.563576445599101250e-01
8.212515545580777454e-01
1.065343172647198244e+00
8.711697026141098643e-01
1.034710357657363078e+00
1.036331241007343973e+00
9.607160109029800887e-01
9.342062947974546505e-01
9.477881772084324474e-01
9.750243418448069077e-01
9.345975584400538771e-01
9.866220886873078300e-01
9.792534730554188771e-01
1.094587909217427546e+00
9.799930909753046260e-01
9.072530823206993444e-01
9.121194145611791759e-01
9.000451198971730626e-01
1.119353567306906605e+00
9.500968281855748376e-01
7.940682990790456364e-01
8.866403539619975849e-01
9.434317241851482017e-01
9.840317969566746426e-01
9.491191839207974157e-01
7.684410210539904806e-01
9.559145701820941365e-01
9.826314621178278141e-01
1.139411879123874538e+00
9.329565443997310803e-01
8.665270127276561984e-01
9.375062219010317222e-01
8.905380359675133528e-01
8.399597619073027044e-01
8.043930464504468469e-01
9.864745175754621176e-01
8.644543284734432786e-01
1.019691499719918681e+00
1.026441508790777890e+00
1.068838794828789185e+00
1.098294633068525039e+00
9.451678440585247198e-01
1.069867154028669276e+00
9.974195845490223533e-01
1.034169430050295713e+00
1.063259552406680353e+00
9.363665995143177767e-01
1.234597688117154091e+00
7.580778278579262119e-01
9.708252851954853879e-01
9.249729668788947423e-01
9.382989935683153648e-01
1.096611535638482682e+00
1.140054509484518253e+00
9.082050677851100096e-01
1.127673028980897607e+00
9.324903689028432030e-01
9.137156229814571429e-01
1.054564925265962794e+00
8.519522999298765331e-01
8.123207159197072258e-01
8.757130876688133947e-01
8.605418248276706095e-01
1.052162027495093355e+00
9.269559419626092200e-01
1.005014675758012288e+00
1.015605453371164923e+00
1.001814393245706203e+00
8.555762035141030175e-01
9.162081563073938284e-01
1.029123433951754540e+00
1.000154673056808941e+00
8.476878734184105646e-01
9.394720383991386203e-01
9.290013337489022582e-01
9.436120183825166263e-01
8.972227493926713260e-01
1.063736051076759948e+00
8.698211933602771895e-01
9.833993034585064574e-01
8.543960602502376211e-01
8.266608241915998079e-01
7.579161893446330067e-01
8.806070247790177552e-01
7.647643592058936957e-01
9.180480414872315142e-01
9.725008514900924661e-01
1.289783641128482206e+00
1.058675720410266585e+00
8.649054591025718830e-01
8.750998389028210589e-01
9.924541605557937185e-01
1.175149970125189514e+00
1.205194221668700161e+00
1.066112304586159576e+00
9.915549245293866498e-01
1.033307782710977341e+00
8.730804611362866785e-01
8.828457227688198961e-01
8.384941493011033309e-01
9.419836720147224396e-01
1.294836529044058882e+00
9.022064875741221401e-01
1.008718622224196615e+00
9.350248249831744074e-01
7.695296704119454212e-01
9.546029976465281175e-01
8.540875264669203215e-01
1.029484500448035078e+00
1.064408374359883558e+00
9.845721897992997240e-01
1.178072119734464573e+00
1.012748940414943233e+00
9.042095023872107618e-01
1.015411385801323840e+00
1.088158041283942667e+00
8.932144326931472644e-01
1.104487620389855040e+00
8.698168258076162118e-01
9.747143103745602444e-01
1.051012145872263659e+00
8.184380767168781823e-01
1.047533370745110659e+00
9.249643505377687092e-01
1.210688078310770077e+00
9.536061707612543126e-01
8.677016094453433581e-01
1.134209333359001537e+00
9.713292325627506107e-01
9.930208826438354786e-01
1.065573973411306108e+00
8.510190800479355833e-01
9.907188299622115002e-01
9.517297693867385888e-01
9.129781254989310924e-01
1.010643252876914699e+00
8.743654663985994668e-01
1.038706350517591970e+00
9.838636442236069479e-01
9.556668970789189421e-01
8.962193395615893898e-01
1.009688601427871424e+00
1.044633715867190116e+00
1.049622740338847837e+00
9.121911201179032647e-01
1.062164266663356837e+00
8.332041247137653706e-01
9.398251704792276451e-01
9.495991458760509873e-01
1.047205176951953920e+00
8.767547847979658693e-01
7.933015327130150673e-01
8.473357400406411610e-01
9.465603782296210245e-01
9.314373659167320962e-01
8.483195865637722655e-01
