1.069614097405450215e+00 9.696682649373123963e-01
9.854815007539838856e-01 8.241639301236558524e-01
1.040777354831933899e+00 9.106617822744281776e-01
1.041501775019987752e+00 9.242496330184382103e-01
1.004910569394778186e+00 1.031292591428716321e+00
9.946529331729646595e-01 8.667118150428437806e-01
9.995411742416545620e-01 9.456070756241070629e-01
9.210394554724277150e-01 1.052038279625130635e+00
1.032513203033177174e+00 9.535941981411981683e-01
1.105087222220261456e+00 8.672718327731385735e-01
1.069399765535073765e+00 9.252431014141363486e-01
1.000077951942994758e+00 9.327346066388946255e-01
9.788793551898911094e-01 1.062400426202373627e+00
1.053785598029044257e+00 1.097477821298700196e+00
1.095214086853556035e+00 9.317391301660359337e-01
9.594699691540176101e-01 8.270993116120614053e-01
9.892951319926635012e-01 1.003201428737222178e+00
1.008818446687757220e+00 1.034400751928656437e+00
1.096565131550566452e+00 1.042013637517906322e+00
1.130064731925742860e+00 1.048090798013591840e+00
1.113129201893016562e+00 1.032897792281985749e+00
1.050592918545187660e+00 8.841472202676989856e-01
9.364363319453249401e-01 8.944359832307725577e-01
9.727182820079307568e-01 1.008233273685489761e+00
1.100930772890560627e+00 9.654997864437957489e-01
1.120205804662695703e+00 9.657451860595658300e-01
8.435119959856499650e-01 9.818374528560934733e-01
1.017636908841266452e+00 9.943145697116969606e-01
1.147268224843592588e+00 9.128503544216834964e-01
1.137347719528783774e+00 1.041762277245574353e+00
1.108474813813507653e+00 1.000312961455646299e+00
9.072792969845376865e-01 1.119395387804763331e+00
1.080373223985956921e+00 9.430334979890814262e-01
9.158893128752150226e-01 9.721766505623242738e-01
9.904368554779179323e-01 9.366261678498463139e-01
1.113326565178999417e+00 9.628220653163857001e-01
8.956263424049272226e-01 9.448789990566530683e-01
1.058081384532621350e+00 8.877046922827868114e-01
9.629690541632819345e-01 9.829616919386485741e-01
9.682180572398514373e-01 8.729046118400975995e-01
1.029394155025355806e+00 1.063833337731723505e+00
1.176596873446837055e+00 9.402106244218847442e-01
9.998964016823361778e-01 1.016075795511180102e+00
1.097676833873414193e+00 8.503864411610955187e-01
1.057447342987099859e+00 9.664201538172864092e-01
1.191040080953504665e+00 9.634218129069502812e-01
1.169770741469502440e+00 1.078037889189251919e+00
9.706213253550727282e-01 9.413208293924589798e-01
9.458356488230620363e-01 9.541652391006485434e-01
1.066536696732083955e+00 1.149735737477736386e+00
1.069340826277457746e+00 9.165240233990726848e-01
9.245787731472059345e-01 9.263794790700008441e-01
1.099947640823058626e+00 9.591522841753886697e-01
1.054770761157170167e+00 9.815770710850174607e-01
9.097596873402595818e-01 9.076206366686868643e-01
9.537631084827791206e-01 9.563253149597324976e-01
1.007784264019176312e+00 9.164687938899674924e-01
8.526198199032604119e-01 1.014163202386245466e+00
1.032439637060239557e+00 8.627975074836257141e-01
1.142714124215891580e+00 1.055558332744372052e+00
1.017124636014815620e+00 8.281678075963890828e-01
1.136975676709116145e+00 8.772614230195063811e-01
1.072185721176432516e+00 1.096658474403040540e+00
1.021346698630104521e+00 8.101276170643367802e-01
1.134004120266011384e+00 8.504922856536110132e-01
1.018327010043588388e+00 8.129519185468719877e-01
1.019849719488020501e+00 1.040895755794094102e+00
1.048577138075805326e+00 9.349540300136554016e-01
9.618317061303488513e-01 9.475776038797490974e-01
1.013163397607274474e+00 9.624887389892127221e-01
1.122993449228478546e+00 8.861587497657368306e-01
1.062070335555587164e+00 8.634312365841853021e-01
9.912383924238652444e-01 8.626724601153786809e-01
1.102496179910956497e+00 8.920827323136927278e-01
1.096375156719471944e+00 8.889935582611211418e-01
1.107626458699238370e+00 1.044781267309908168e+00
9.821908289848686469e-01 1.015294925208957810e+00
1.118680412123970180e+00 1.033224634238778084e+00
1.115964813149106671e+00 8.983026182382963798e-01
9.129030405968401318e-01 1.035517889587538543e+00
9.793713802598967844e-01 1.024352443448592886e+00
1.103723173661447454e+00 9.468910147690204893e-01
1.009285086328866932e+00 9.730941888570943110e-01
9.060554841806562898e-01 1.243325019676488230e+00
1.203686914046653289e+00 9.753150512326987931e-01
9.023994677583050406e-01 8.203398558313281796e-01
9.227903909947616778e-01 8.888101899591805966e-01
9.215369665914746600e-01 1.037231269244041965e+00
1.089628717594001595e+00 1.058025549588632375e+00
9.020594040453340234e-01 1.110960232954796512e+00
1.182394160973792019e+00 1.011953325398918579e+00
1.002263022015704497e+00 9.770084702419492562e-01
1.023358352867640653e+00 9.103592665574274934e-01
1.000358465714711764e+00 1.118843264116627712e+00
1.179542603309212234e+00 9.543033388670497663e-01
1.155333085220411116e+00 9.823887744586369264e-01
1.060256609634917080e+00 9.397169354508412287e-01
1.069565423060992782e+00 8.913732248987473739e-01
9.948966847738264230e-01 8.973406169614632777e-01
1.129427263482926547e+00 1.115296192431329381e+00
9.454339005541203544e-01 9.651587880007288511e-01
1.021650540814871722e+00 9.336568240859055567e-01
1.034442272469996649e+00 8.166925966990042918e-01
9.777870128769530211e-01 1.056036029512921415e+00
1.015630847143863758e+00 1.005388188805666605e+00
1.067714668407845791e+00 9.608886733009289749e-01
1.097749307512190686e+00 9.858162683351519018e-01
9.694697940352905441e-01 1.078485182723088132e+00
1.023154618022402707e+00 9.630438895655295539e-01
9.739780270213906910e-01 8.276789275651826872e-01
9.996286801574034708e-01 1.002483494909148343e+00
1.151198023086853484e+00 9.901909152957126814e-01
1.071252916680365708e+00 9.755817313774298727e-01
1.187567227075404741e+00 9.026127241428562042e-01
1.051185703197634158e+00 9.163720119457416935e-01
9.323687841115824160e-01 1.010403331076009881e+00
9.469803387925446181e-01 9.014691408013050244e-01
9.385920312483440053e-01 9.284112413460088309e-01
9.784406768187038361e-01 8.794822911201803928e-01
1.046322966415198064e+00 7.892374606702553530e-01
1.080644541108366052e+00 1.017317134862729455e+00
1.096741469731840946e+00 9.270694617573888019e-01
1.042203135646345258e+00 1.024675119483841490e+00
1.224981906785188812e+00 9.085202381357796453e-01
9.903914898192808236e-01 1.072353184759205824e+00
1.129124910274463600e+00 1.031153771622920434e+00
1.042393032734455716e+00 9.197557205983543094e-01
1.012980427797885774e+00 9.343944482919473993e-01
1.095394921587365733e+00 9.745935650530147543e-01
1.207263668247788191e+00 1.144195970949270835e+00
1.011305391437519852e+00 9.500172356394698259e-01
1.011564459043941655e+00 9.846667534643707143e-01
1.076396694405282961e+00 8.877645695596968478e-01
1.034470709842105984e+00 9.080468359712950965e-01
9.555900070958385228e-01 9.182695555608816340e-01
1.078652657363262213e+00 1.117187000108137873e+00
9.446916946110714974e-01 1.118909748747610289e+00
9.350707183176273363e-01 1.052830701260937474e+00
1.092495728800733978e+00 1.055451386438432282e+00
1.070584851137388105e+00 8.619547148135332515e-01
1.102054261167605409e+00 9.866515521480178075e-01
1.018135353587458658e+00 8.982291684565498757e-01
9.702771265528759015e-01 9.825444469727827590e-01
1.027050627958312479e+00 9.795471767358657766e-01
1.037555315555582780e+00 9.964521575671202447e-01
1.132759831488341362e+00 1.058749131786093756e+00
1.027639488297048986e+00 9.319546499953641483e-01
1.006403072145103605e+00 9.760450770575606061e-01
1.056162521869875803e+00 9.956105849807338481e-01
1.223622119487206117e+00 9.118187875186031244e-01
1.033682285968695380e+00 1.039364255157046779e+00
1.020175027203083395e+00 8.494986778941767680e-01
9.669114179284132859e-01 9.585090057605293312e-01
1.093350445713385577e+00 8.096405447966242841e-01
9.645415390044995707e-01 9.879376469121622373e-01
9.045268404752567770e-01 9.301815327394021837e-01
9.718388592522199110e-01 1.017099393934840945e+00
9.369638590167913561e-01 1.030349261051249687e+00
1.033578674441120393e+00 9.440096648757397846e-01
1.163708866691272492e+00 8.903489477942452268e-01
1.042211942403079794e+00 9.131869835647188349e-01
1.054257684507825754e+00 7.868943097660481278e-01
9.627145049142138422e-01 1.035790776436619431e+00
8.944498994991829655e-01 9.148392312697343209e-01
1.014633812824514925e+00 8.775170752029238797e-01
1.036230737802744883e+00 9.526732880516882718e-01
1.025022904995704698e+00 9.850509870251744626e-01
1.023110995463831330e+00 8.691452198108859939e-01
9.690778972766231902e-01 9.102034766318671810e-01
9.911037369776350969e-01 8.736052230686045528e-01
1.046474090658692235e+00 9.405345365252419931e-01
8.588192310426421283e-01 1.062583460667780866e+00
1.096716222493301585e+00 9.501285484480304078e-01
1.085209414201770084e+00 9.176621263254710614e-01
1.077026849760880589e+00 9.110967736254986793e-01
9.910837931663851741e-01 8.264491630176022952e-01
9.233495388429159290e-01 1.058111253304574007e+00
1.028198543781841501e+00 8.826910920437639474e-01
1.025392477698198856e+00 1.011257780077375878e+00
1.047581425861060955e+00 8.432494936000858310e-01
1.115479562024296323e+00 1.090283897883857378e+00
9.956015664467099402e-01 9.501759453798525046e-01
1.153763646222647932e+00 1.094914540465072639e+00
9.297211743816935492e-01 9.469283889724463554e-01
1.105471679701381493e+00 1.045664395488861143e+00
9.839926718565473740e-01 9.350711484899512094e-01
9.668132560211092352e-01 1.085306517937374648e+00
1.000871538860370169e+00 9.260785504361583875e-01
8.684349385841579894e-01 1.071578539748096581e+00
1.067642565502307184e+00 9.467984094723737032e-01
1.126854974378044050e+00 8.802783373154735580e-01
1.100549702257407114e+00 8.913352035469163104e-01
1.058164341503658124e+00 9.077840369406786625e-01
9.034210263622858283e-01 1.052344008171069767e+00
1.049390547378633798e+00 1.050072617515395601e+00
9.607517970008501162e-01 1.093251146342209879e+00
1.017682704418778394e+00 1.024888388232990000e+00
9.924478683326846129e-01 9.734971493169425338e-01
1.007401059724952752e+00 1.056396246309688092e+00
1.099648818746424839e+00 1.079715227423281299e+00
9.223093981575002376e-01 1.075774360257314877e+00
9.996730934843445215e-01 9.771966141567264286e-01
1.007629473139281195e+00 1.056268359452382954e+00
9.619069907980832834e-01 9.579740145489165082e-01
1.071284166399470772e+00 1.021206640503209417e+00
1.108271926486933401e+00 9.263058389792042657e-01
1.106684641105890377e+00 8.783001930671305857e-01
9.341262823978446761e-01 1.095613517244473423e+00
9.303053385155739541e-01 9.808758984061051178e-01
9.504937195422433760e-01 8.540411409023027645e-01
9.777513470085096303e-01 1.018829415671470340e+00
1.050282933143434683e+00 1.009094178432575317e+00
9.447030247343715104e-01 9.472259301965900713e-01
8.841443153224747276e-01 1.020495610030410116e+00
1.089690164910860570e+00 8.069657666486055314e-01
1.010414828500123319e+00 8.413195974290434975e-01
1.073388706890348931e+00 8.837479953801659072e-01
1.012087948462665477e+00 1.031737053443846808e+00
9.226052435112913619e-01 7.791036983725523335e-01
1.018006708342079847e+00 9.442526979173181401e-01
9.482406523419354416e-01 9.227811042767227745e-01
1.019626806181819445e+00 9.700905791263974010e-01
9.963845280703557128e-01 1.051021667857559683e+00
9.905253504097367712e-01 1.050125895822860755e+00
1.021101112067638983e+00 1.095796387211475320e+00
9.869556576488659472e-01 9.129593816680718898e-01
1.020276647070221587e+00 9.380379520320772935e-01
1.040352894967319308e+00 9.313237124773249276e-01
1.248042532592201104e+00 1.039826055274223338e+00
1.129756938020757717e+00 9.758812453953572552e-01
9.272499188925066305e-01 9.757719169518431768e-01
1.046183660148780392e+00 8.850769638413228391e-01
1.074742915519866671e+00 1.026437710792036606e+00
9.262270794101783444e-01 9.130871118360596173e-01
9.437938176765473530e-01 9.679701717025621654e-01
9.704970162747720286e-01 9.937283318261084242e-01
1.007399582312958231e+00 1.057461185151026717e+00
9.996956785440769266e-01 1.081622957441780386e+00
9.713879487777544730e-01 1.041075321429800526e+00
9.257107431262630026e-01 9.039433192118238036e-01
1.001202751661860901e+00 9.642251190805855021e-01
1.096758130347142535e+00 9.841661308372774419e-01
8.993536820417842303e-01 9.342672499712909584e-01
1.089806621553711441e+00 1.018274717436606247e+00
1.044406729874280737e+00 8.733237953325129199e-01
1.123198242941965797e+00 9.170020262614460016e-01
9.536906880216954319e-01 8.841867768521286530e-01
1.203858360744816336e+00 8.715142994163421752e-01
1.145139106272744733e+00 1.036285240829767140e+00
1.029989510668255503e+00 8.852347782965881429e-01
1.184956564619883634e+00 1.000919669289531466e+00
9.701735594737385115e-01 1.038231489774661176e+00
1.029038599274258781e+00 9.742432308104318484e-01
1.035912232283479728e+00 9.389432654215734697e-01
1.064354569204391421e+00 1.018421980974946628e+00
1.100742390554229067e+00 8.865930081707675825e-01
1.061545771206610311e+00 9.136507957351892584e-01
1.110751077195240910e+00 1.033882479419133249e+00
1.067647207726045933e+00 9.893957183993865589e-01
1.107168387606970006e+00 9.588828670097307993e-01
1.130641172438529907e+00 9.679888507420442156e-01
1.001495010914110084e+00 9.007352095602528808e-01
9.955426217833787117e-01 9.729893796516050353e-01
1.072828025354646275e+00 8.949454471441394832e-01
1.027554607713803803e+00 9.136634450185726619e-01
1.051539758260147339e+00 8.697106538356231820e-01
1.120186665880473109e+00 9.676743630449076150e-01
1.082267182284407214e+00 8.373378026906360683e-01
1.133119027901459130e+00 8.601774393428157639e-01
1.132659653946607392e+00 9.660717944008988534e-01
7.841591626299125872e-01 9.963066102897458753e-01
1.058604760807351663e+00 9.222549838993192584e-01
1.040989978324823761e+00 1.007815423024094770e+00
1.032017493449386425e+00 9.641412592457286879e-01
1.054649261230491630e+00 8.154761812295443502e-01
1.106810997773067351e+00 9.678065264731444683e-01
9.706777680207506753e-01 1.051875676173858576e+00
1.040430932746097437e+00 9.639606720116086214e-01
1.042464538460653234e+00 9.454273608910882531e-01
9.072139799653290426e-01 9.948745514682695301e-01
1.039760822268725349e+00 9.921140894590271264e-01
9.667973452993257055e-01 9.849847594110383575e-01
1.066022865776119488e+00 9.596028956748675620e-01
1.023426238775193564e+00 9.310045198243720455e-01
9.525746657165441444e-01 7.953784065008993043e-01
1.130618881560399025e+00 1.071205717625448584e+00
9.420352482564078311e-01 1.107445583227811392e+00
1.016057840830253634e+00 9.337702267387808508e-01
9.858178055370055981e-01 9.804215376677190008e-01
9.633400515965112598e-01 1.060232922676095813e+00
9.543065353567644626e-01 8.980796760650767707e-01
1.151414078975581790e+00 9.027023847922710509e-01
9.475861440321321494e-01 1.020485359387819813e+00
1.166076038763989020e+00 9.676316372245979958e-01
1.026703406951616326e+00 9.162354142012564262e-01
1.077487200875919093e+00 1.011597690009206962e+00
9.871910616876897748e-01 9.678515927368483984e-01
1.033174537926992098e+00 1.091733663381256214e+00
1.055063139248872961e+00 1.034224402003938170e+00
1.144724443473865039e+00 9.302778492866295990e-01
1.152567046728162570e+00 9.849376725593446125e-01
9.762038749438831653e-01 9.409476916994173878e-01
1.093801385048758457e+00 9.796735690681908082e-01
8.518349980355924833e-01 9.387571015223562521e-01
1.044140127551304476e+00 9.703934111179151056e-01
1.038302290570116693e+00 9.265300956138170507e-01
1.070182831713414773e+00 1.097181335287673587e+00
9.814301878488447262e-01 7.869025200411664533e-01
1.068049022326479802e+00 9.911509319452274092e-01
8.157170872610742807e-01 8.767098202193465140e-01
9.912211840578702970e-01 1.007437043293624823e+00
1.072788800874274306e+00 1.061533021337061289e+00
1.028303150026566914e+00 1.103956004196589014e+00
1.184409200817126084e+00 1.042897159343977975e+00
9.999171066108640815e-01 9.646272499768288045e-01
7.511453020270117964e-01 1.084685221290108803e+00
1.088510563311585910e+00 9.777356461821302691e-01
1.099295696647069498e+00 1.040218339322761532e+00
1.033130848362810328e+00 9.480435286633528413e-01
1.000645291217780342e+00 8.305369397938993092e-01
1.062847106277550635e+00 9.761946382820176904e-01
1.016611921922129458e+00 9.116921842046474822e-01
9.598456776115450451e-01 1.010337453040554667e+00
1.066221447035836434e+00 9.953029748186438264e-01
9.919938621949576651e-01 8.955223475125825283e-01
9.496158966804200130e-01 1.068450794830695605e+00
1.165457035786649387e+00 9.265805696866651342e-01
1.109305251984256557e+00 8.467313953536540483e-01
9.593144617479421044e-01 9.816224557897891279e-01
1.053417149895660820e+00 8.456795629964636296e-01
9.453935796605626996e-01 1.046625517879111955e+00
1.072442021293666947e+00 1.097310381710196348e+00
9.056288773714968876e-01 1.030412866494726742e+00
1.135629879611714577e+00 1.050255502856578982e+00
1.226615277568501750e+00 1.075246587691996103e+00
1.178709541568244257e+00 1.038185535270198745e+00
1.097381218229380284e+00 1.207796886450461571e+00
1.027153590473273148e+00 1.039251216533218836e+00
9.999069420744807202e-01 8.681481454667046016e-01
1.018196852695719690e+00 9.823474668416972699e-01
1.093398663371419222e+00 9.056223140483201650e-01
9.416559677918417970e-01 9.115881713744359294e-01
1.032585427902120712e+00 1.065841007924103190e+00
1.144631398004717360e+00 9.619233985158864852e-01
9.918859851926991045e-01 1.005293343787602156e+00
9.973380598195471514e-01 1.071736341824850225e+00
9.468350286812154959e-01 8.911318415728789466e-01
1.020274099561867986e+00 9.365553740558849594e-01
9.152671656352934226e-01 9.826050847869197691e-01
9.980901726912801974e-01 1.080977426181747525e+00
9.621310679104529973e-01 8.881450813198195071e-01
9.189563987965257974e-01 1.016381492383881646e+00
9.673199645639480870e-01 1.047819824466662553e+00
9.674428917705256703e-01 1.055318363120050007e+00
9.734089880311308507e-01 1.012707190555388159e+00
1.042668871412095299e+00 1.033843708076183976e+00
1.114184603310232946e+00 9.260300943879086200e-01
9.900226249251882216e-01 9.343874813316728201e-01
1.038030836727042772e+00 9.470934055678771335e-01
9.718199706363040979e-01 8.746005810665894442e-01
1.049997894160058509e+00 8.320518164773964553e-01
1.096157602142534770e+00 9.419053227459582844e-01
9.604064889581520603e-01 8.985828999889124979e-01
9.309186925216380581e-01 9.999533073514073056e-01
1.060503080098700313e+00 8.881312056478726236e-01
1.101897228310470433e+00 9.647338370870114366e-01
1.001235708499389698e+00 9.722657751455741071e-01
9.133608619915316584e-01 9.735655699956504705e-01
1.010969375369390022e+00 8.993182482329611371e-01
1.003386461598781310e+00 8.971966900023445879e-01
1.030190656972662211e+00 1.032996602153365640e+00
1.020557110480657448e+00 1.007838812676234985e+00
9.739472455757061109e-01 9.481547624909190120e-01
1.091641281274492226e+00 9.429453226171872204e-01
1.103532107291969266e+00 9.547595740347890603e-01
1.118114355203560839e+00 1.017488939496895783e+00
1.016653932874837185e+00 1.057437714155003095e+00
1.073714879687884816e+00 1.095918074996474978e+00
9.924123751622252465e-01 9.339279619682552269e-01
1.023875935027767525e+00 9.882072062050670791e-01
1.027845160551299708e+00 1.071742923335031961e+00
1.005392732317325510e+00 1.022955025475473345e+00
1.059786705846964994e+00 1.073696590534596762e+00
1.063538459893219379e+00 1.007715873001966633e+00
1.251147960656473712e+00 9.848359169411927683e-01
9.672336346991475819e-01 1.028400684327036130e+00
1.008678210155980137e+00 1.112999368744739037e+00
9.954221168884193061e-01 9.531031809275576361e-01
1.105431685388909013e+00 9.652719804002609649e-01
8.808589567202534942e-01 9.508813630529482364e-01
9.973073112212426095e-01 1.081619431924336183e+00
1.069168807682747468e+00 1.002337292528246770e+00
7.400294036629069261e-01 1.020227702215727783e+00
1.197103200425169600e+00 1.049481017525254023e+00
1.153967805698115301e+00 9.492807987365030620e-01
8.604926521917248827e-01 9.718936410740059983e-01
1.081459812345039850e+00 1.016124551679491006e+00
9.246644456237339549e-01 9.460627674897852391e-01
9.016306055571567946e-01 8.863337038364683673e-01
1.052269361191265240e+00 1.036002116551860253e+00
1.133008284075529781e+00 1.071030180637881024e+00
8.712104570743867127e-01 9.905897146049180702e-01
9.639410014660474424e-01 9.631349239635369486e-01
1.059980206925628110e+00 1.004016496153749216e+00
1.219087246665255142e+00 8.876569462123198306e-01
1.003731256952956397e+00 1.061032190903234307e+00
1.204471378796704295e+00 1.023737023636323240e+00
9.817555698993606361e-01 9.091648068731355004e-01
1.019900263079650982e+00 1.046374748695111156e+00
1.139576653655241190e+00 9.032991935438152709e-01
1.053688811305325546e+00 9.587983761918469350e-01
9.920068950617523251e-01 9.606228275619914658e-01
1.009919731327540759e+00 9.215525469255401170e-01
1.019384129097131275e+00 8.861592094813541820e-01
9.296181644679092360e-01 9.596624644146015681e-01
1.004842338063356877e+00 9.980100893210617219e-01
1.091812482493953462e+00 1.123516587367362485e+00
1.049661020056241068e+00 1.000819871164553954e+00
9.620868637343091834e-01 9.686428113428984243e-01
1.019463948524781616e+00 1.050460121437757355e+00
1.021547887366070828e+00 9.081641948520421392e-01
1.014192493099779657e+00 9.506504824909089990e-01
1.098885706117574523e+00 1.016792458128306764e+00
1.087570509066611679e+00 1.029741310372084939e+00
1.053099338908053406e+00 1.079526524390295172e+00
1.180067699955642757e+00 9.410979517547591877e-01
1.097325659888798599e+00 9.851018954192929389e-01
1.068046220605539887e+00 8.418313461909315842e-01
9.011230223314942167e-01 1.019997992078691906e+00
1.011692716032506656e+00 9.211902088135605071e-01
1.026445234719177924e+00 7.709634593498218003e-01
1.031704673036146769e+00 9.104905036520385408e-01
1.086672758357450030e+00 1.067215730312756738e+00
9.481079262553229192e-01 1.040278353306165693e+00
1.048730335731812069e+00 1.024989631238097942e+00
8.918647132527665056e-01 1.032083770652336030e+00
9.644124478209172846e-01 1.022685956215139580e+00
1.069202786575155883e+00 8.754818108851869507e-01
9.749280783611210532e-01 1.085835689742639554e+00
1.001079761460303530e+00 9.729979278273606091e-01
1.036772772663572928e+00 1.131095484325837175e+00
1.016711462570297320e+00 9.428775775608718712e-01
8.988023760669211493e-01 9.572155960071089265e-01
9.099025171214579766e-01 9.764294140342706374e-01
1.038052140628942022e+00 1.039413483824245255e+00
9.785130258475163156e-01 9.479943849828322833e-01
1.103477216775149872e+00 9.695714087199674980e-01
9.686074374241641083e-01 9.747586818805672459e-01
1.206966150551983974e+00 9.320138567936910867e-01
1.027927565815631716e+00 8.274477262275492517e-01
1.048050293508911990e+00 1.114699459718750951e+00
8.068051480963255306e-01 1.135566622268703529e+00
1.090557144818767421e+00 9.624610922391857448e-01
9.040749289443802406e-01 9.820734976727675258e-01
1.042391876863003386e+00 9.850212327416907332e-01
1.102820931674186822e+00 9.405439688102044116e-01
9.701252497566384969e-01 8.372725103329310414e-01
1.157913294024487172e+00 9.869488055659573211e-01
9.616766582372360261e-01 1.080119948237042049e+00
1.001184426347838219e+00 9.444362617633392798e-01
1.042273455772191992e+00 1.010928515858173560e+00
1.106931081862777555e+00 9.895656122674141297e-01
1.129537989992564606e+00 9.101318673441325391e-01
1.052009682785554734e+00 1.018295682046435058e+00
1.031984617764358569e+00 9.567719347362535487e-01
9.252662587796385285e-01 1.031657997313410347e+00
9.166636745554705978e-01 1.022134042063983506e+00
9.959469429146889929e-01 1.059091930526944170e+00
8.275081288969460269e-01 9.940256746875704152e-01
1.274148924057816101e+00 1.097733580634713269e+00
9.242750715962431141e-01 9.975953294678153727e-01
9.990932831303126482e-01 9.189360162773178020e-01
1.157946928244301121e+00 8.472778916758313406e-01
1.075056058739477960e+00 9.177609718233903369e-01
1.067598217031950014e+00 9.320023420966574434e-01
1.081100432273926826e+00 1.104567751234042605e+00
1.214121630241025596e+00 8.975185777463779990e-01
1.046390915087726858e+00 9.067334967897079379e-01
1.026212654423024784e+00 8.750411384296572503e-01
9.755553847233155995e-01 1.147336522757193444e+00
1.043662956608555348e+00 9.373263395210349458e-01
1.017123040264718670e+00 1.086874129656784760e+00
1.127232681409112480e+00 1.105803330755284586e+00
1.123087103561958067e+00 9.907956985513256543e-01
1.013401525742912979e+00 9.251130554083908386e-01
1.180969308022576714e+00 8.555279572438203584e-01
1.140326933627492600e+00 9.952664488185157809e-01
1.039105251681530007e+00 9.720750102454153163e-01
1.115168703652892113e+00 1.008193110255914737e+00
1.000577181754791489e+00 1.027063218351164320e+00
9.335920201453744571e-01 9.006017300897607436e-01
1.029851237177657364e+00 1.024864966306737735e+00
1.019728617840257145e+00 8.515769667775313634e-01
1.071499064280020841e+00 9.230252187767332694e-01
1.104223098140257431e+00 9.548884993678719013e-01
1.043256370296636870e+00 1.021432966600337000e+00
1.013442862419800417e+00 1.016259410303669064e+00
9.207859116071118732e-01 1.029080481663899871e+00
9.820692798188175310e-01 9.330971311257891809e-01
9.698852373624858858e-01 9.063852889064927254e-01
1.073360920571109434e+00 8.862179033630613878e-01
1.246243854381567262e+00 8.984643049104744650e-01
9.838140005154577539e-01 1.153969730998013032e+00
9.773239789211606299e-01 9.444560586149568504e-01
1.026509693172349413e+00 1.015410812297683929e+00
1.036487463225543415e+00 9.025462250477080950e-01
1.002690751224564192e+00 9.635250295309921720e-01
1.048609054034936872e+00 9.875975064662781966e-01
1.080514388358333022e+00 1.103164346152854636e+00
1.111172394689267540e+00 9.134953670711279949e-01
1.081456367565885923e+00 9.363125702705877851e-01
1.088600981986985961e+00 1.109175967948167640e+00
