3.018262602528688721e+00 1.017436156217012000e+00 1.137684484960481690e+00 -6.556350343646685230e-01
2.958361183811902606e+00 1.024201961829481089e+00 1.077222444868454199e+00 -7.057498110815546566e-01
2.986853733996081228e+00 8.962615231349672085e-01 1.020120892808084712e+00 -5.251471947515032879e-01
2.972349367586326618e+00 9.162293298339231340e-01 9.965796065888931077e-01 -6.133405227908306223e-01
2.963573723728808673e+00 1.015605486343806207e+00 1.030190274462173816e+00 -7.414568331227973097e-01
2.966369824544949463e+00 1.008422474976521377e+00 1.187309076963376286e+00 -5.403775108115763670e-01
2.982942402050474673e+00 1.045236286481502352e+00 1.015937908043099913e+00 -7.878102182643241802e-01
2.968394809803231116e+00 9.702790829857352861e-01 1.201825008891129531e+00 -4.836805203126225972e-01
2.945163919582647782e+00 9.514522673554061116e-01 1.044532917553913531e+00 -6.660859771624741965e-01
2.941324269861765206e+00 9.305274313875319114e-01 9.867068544579749023e-01 -6.093106726478392243e-01
2.961797064911761979e+00 9.389501679908469622e-01 1.046466618576104235e+00 -6.186400513366915321e-01
2.959593006706717322e+00 9.510029502459036443e-01 1.053819030834182380e+00 -6.250136108608381758e-01
3.007860707118173327e+00 9.914446267827130566e-01 9.962358400109552203e-01 -6.746965290173133623e-01
2.994703045892183280e+00 1.020334310748775231e+00 1.072280434326389642e+00 -6.386717749457171411e-01
3.041691517704017578e+00 9.515259797786308482e-01 9.802310104604802232e-01 -6.371293054741948847e-01
2.965824953168773259e+00 9.805444388578162807e-01 1.037055367142747375e+00 -6.474301469405516762e-01
3.005995936860881290e+00 1.035901115834251707e+00 1.234001494695561529e+00 -5.500870306317623415e-01
3.023602773173170277e+00 1.027383214896995689e+00 1.048362808574838434e+00 -7.193417127630294949e-01
2.939439224240765203e+00 9.500041773741957352e-01 1.025002747611441167e+00 -6.642125403130397787e-01
2.941012214045045869e+00 8.954951867201559335e-01 1.054347061489020687e+00 -5.367601280799965124e-01
2.955791596933142529e+00 9.365388767306646045e-01 9.884107198795725191e-01 -6.428738624006336000e-01
3.024206709475854016e+00 9.728068713342438167e-01 1.066729456452029989e+00 -5.968460406517372974e-01
2.989197957594907251e+00 9.963693239386658407e-01 1.086111867434586431e+00 -6.023840109816902544e-01
2.992621160625144050e+00 9.865193757970647237e-01 1.056439147915388066e+00 -5.979057520473883836e-01
2.975624587914271757e+00 1.033905655289998560e+00 1.044165037167876564e+00 -7.441819558331994600e-01
3.011539006850802558e+00 9.861880525814228360e-01 1.222343870974187396e+00 -4.756318277622536006e-01
2.973520863329635500e+00 9.744623631880381387e-01 1.202756850758827545e+00 -4.907145375607979143e-01
3.020729048608963740e+00 1.035448935862031350e+00 1.131090358950169739e+00 -6.231171970083467793e-01
2.997543618730023951e+00 9.630520237784604420e-01 1.138381752967963845e+00 -5.219461572792588600e-01
2.960900891632445742e+00 9.637159570204624215e-01 1.005246885610061369e+00 -6.338917258927773135e-01
2.977984623947089737e+00 9.654107689692478234e-01 1.038449346795974337e+00 -6.576684172582129007e-01
2.993255549718329078e+00 9.770012582025174863e-01 9.653118693917834836e-01 -6.957632040771157822e-01
2.945768189774067292e+00 9.640465740651235071e-01 9.808391728671472798e-01 -7.327172374128477772e-01
2.962946728870688773e+00 9.779874253392053518e-01 1.063011932509724922e+00 -6.875361430705622112e-01
2.955458544501705198e+00 9.584402053291691814e-01 1.049084212643206282e+00 -6.039849728278064989e-01
3.048349238032044273e+00 9.958934917151498478e-01 9.713637047913081801e-01 -6.815491194066753966e-01
2.986306874734244943e+00 9.951406096913446575e-01 1.069361166458701939e+00 -6.383845681003338379e-01
2.954831309222186064e+00 9.735266446257948569e-01 1.080531463247192736e+00 -6.491107836594739444e-01
2.956522252729881117e+00 9.522477925706410717e-01 9.991194333648575343e-01 -6.593830037760940455e-01
2.980244398227636538e+00 1.063226844165638729e+00 1.041568003106497553e+00 -7.851639957095588596e-01
2.990521748485027054e+00 9.906268847452678328e-01 1.008298036817917298e+00 -6.930948403892749354e-01
2.973140513539673346e+00 9.528756994021315707e-01 1.149634635700522489e+00 -5.648160028775325303e-01
2.989272486357036573e+00 1.023201860379099770e+00 1.132258896622119204e+00 -6.612241143475721117e-01
2.963422213244645498e+00 1.016866896662070641e+00 1.088347564201677553e+00 -6.730734272782010752e-01
2.969808075251000989e+00 9.386245205305097095e-01 1.119807810784233082e+00 -4.954062022089691930e-01
2.980213500593679843e+00 9.509045483884476235e-01 1.015162553910570420e+00 -6.380975340914946115e-01
2.959522648894378438e+00 9.462776667233977479e-01 1.086440059520808799e+00 -5.070950478004166984e-01
3.002907583935660707e+00 1.001019928065789211e+00 1.009993830873346266e+00 -6.888417966426899630e-01
2.964307156100258300e+00 9.667568654103124715e-01 1.091784576131868301e+00 -6.653104283932241847e-01
2.980998042106287382e+00 9.688894098795273191e-01 1.021962878853298395e+00 -5.999685522968895013e-01
2.977429877410847414e+00 9.700654364030507626e-01 1.061496128172934705e+00 -5.763664266801455938e-01
2.987833851705365085e+00 9.843037817772379849e-01 1.076100241155627080e+00 -6.146252528615627764e-01
2.949623890808245719e+00 9.922130720626990419e-01 1.103090189327832427e+00 -5.622561874487728151e-01
2.956210439588613959e+00 9.851749594008718525e-01 1.012443536314363790e+00 -7.130472972279974231e-01
2.971870711982631974e+00 9.750358043763863725e-01 9.052105608210316845e-01 -8.349903290990020599e-01
2.981767262388253847e+00 9.777431533344134174e-01 1.039395113375275681e+00 -6.652995656168519956e-01
2.958587727660954680e+00 9.752076496839490183e-01 9.612060720276479620e-01 -6.916970092756040689e-01
2.937509236603973672e+00 9.434300683974604640e-01 1.062257503473514664e+00 -6.461781244642572641e-01
2.902333615025589175e+00 9.338280037957830126e-01 9.494098079427176762e-01 -7.275415437214636238e-01
2.958955175619383482e+00 9.906416658494409111e-01 1.136635166222867754e+00 -6.050082044423364946e-01
2.940285372332561042e+00 9.360882556190446291e-01 1.176509750937469789e+00 -5.785684285630182666e-01
3.017966763987282253e+00 1.031922840261849217e+00 1.149129795322203496e+00 -5.942204539076343384e-01
2.993126800330831561e+00 9.640873432668937149e-01 1.203581421137663865e+00 -4.504204078983666260e-01
2.992851080810542186e+00 9.864115861138389452e-01 1.027946542702311339e+00 -6.813547045724070994e-01
3.002751422989879959e+00 9.918193310607569257e-01 9.400790371309993843e-01 -6.654857592034613134e-01
3.060281877209069190e+00 1.145243250238136667e+00 1.180375775801002725e+00 -8.179386823291058262e-01
2.933234176922026482e+00 9.392068555384033290e-01 1.090161265174796945e+00 -6.468391611654493722e-01
2.961792699085505021e+00 9.770971737958836778e-01 1.031179180800648520e+00 -6.482862894736450832e-01
2.997035726465017813e+00 1.063917419805030962e+00 1.125338706303255387e+00 -7.348785947126708074e-01
2.995010673151668801e+00 1.018757455240706600e+00 1.039994261581254964e+00 -6.921225813217255496e-01
2.990096309037622913e+00 9.735124621257423838e-01 9.869035850680487609e-01 -6.949219102370082224e-01
2.956554518732532610e+00 9.839702394064089308e-01 1.044550415040873981e+00 -6.992139817655294021e-01
2.977007962859604451e+00 9.334001433765296563e-01 1.141773021114403042e+00 -5.094802803674415292e-01
3.019043116235217372e+00 9.986848575964412111e-01 1.133788926896798666e+00 -5.930061733171629879e-01
3.002630162831611216e+00 9.335482733076793105e-01 1.053745000765432094e+00 -5.273329290050091656e-01
2.986144370122612912e+00 1.012333373074401077e+00 1.022831999220625843e+00 -6.732568147634393485e-01
2.960133906450389318e+00 9.281230394633019909e-01 9.695475149982790697e-01 -6.424504267160064952e-01
2.969612861047604468e+00 9.954727936844729452e-01 1.204783526097599644e+00 -5.497688609982406271e-01
2.988764304550338036e+00 1.043210605486889264e+00 9.999650992805140248e-01 -8.098327107697269600e-01
2.958985912608409485e+00 8.779681857810963663e-01 1.038835907698655081e+00 -5.456278627107293833e-01
3.011639280484149417e+00 9.691782046246885107e-01 1.078035509078890231e+00 -5.674034936626477510e-01
2.964093336188679650e+00 9.958169497736693021e-01 9.791337664013061159e-01 -7.335812084921183862e-01
2.966021838870646743e+00 9.970023702857945258e-01 1.267214496143520552e+00 -5.019144347455722910e-01
2.986743569025671174e+00 9.524694202823339451e-01 9.840529817429068959e-01 -6.322584145707359493e-01
2.984163125953958495e+00 9.990342697385736770e-01 1.040518827062965279e+00 -7.327520831048288663e-01
2.958422996434259211e+00 9.369925802477299115e-01 1.056116834379895009e+00 -5.719190848652344616e-01
2.978555943750320623e+00 9.666226580473524788e-01 1.074916897600865617e+00 -6.459393035645312198e-01
2.958475077526224517e+00 9.850477944454375523e-01 1.081488411498801039e+00 -6.054570545415125515e-01
2.961102556904813721e+00 9.523657027530489927e-01 9.596348555620477505e-01 -7.412958982326086632e-01
2.992803193021180252e+00 1.006819345798060317e+00 1.075773203316027660e+00 -6.222585251532990469e-01
2.950779368405813674e+00 9.816069041058861355e-01 1.199175657592519650e+00 -5.227710198445975065e-01
3.005433615734909303e+00 9.840620418444473438e-01 9.993586721406608753e-01 -6.982712550459517775e-01
2.978558136907497822e+00 9.868059830926551035e-01 1.046810476957679370e+00 -6.568849473901500202e-01
2.990765324131044345e+00 9.820637639436466948e-01 9.754513929509308623e-01 -6.988062910204891898e-01
2.996197015752576132e+00 1.004436235004319000e+00 1.056733490860827462e+00 -6.794074031062483643e-01
2.954148343360473383e+00 9.858791385484584335e-01 1.231255428054487844e+00 -5.562746051082861909e-01
2.952293060190027685e+00 9.444405381401088651e-01 1.051858356181682330e+00 -6.063256688402688388e-01
2.947777518775431371e+00 9.657262331517887377e-01 1.116841547383649491e+00 -5.789720474717913179e-01
2.979413983663480092e+00 9.721224081979821241e-01 1.109807200884338929e+00 -6.252930465096795398e-01
3.013727110578604762e+00 1.038784474763392751e+00 1.090820280037895440e+00 -6.641059961131586808e-01
2.959202719793619263e+00 9.117886156937209385e-01 9.789483678334266470e-01 -5.765755361204053520e-01
2.974037454347242093e+00 9.773547126387952533e-01 9.753123356589449289e-01 -6.927991732737709407e-01
3.025500755195053237e+00 1.108387224941982607e+00 1.196176291579906348e+00 -7.683184250514781821e-01
2.977666728123233852e+00 1.006209134289397955e+00 1.116379910857047575e+00 -6.762247243639326610e-01
2.998249826855253986e+00 1.053936667755321688e+00 1.106245318426600788e+00 -7.010600444333365822e-01
2.997956654096750828e+00 9.356579224948055051e-01 1.028167645099930194e+00 -6.079045971920751246e-01
2.942010138128378305e+00 9.228228671901862468e-01 1.029008963256372367e+00 -5.838328332814582966e-01
2.952953529623546736e+00 9.221730783803281373e-01 9.769908388945763855e-01 -6.058932670925060160e-01
2.975044375074050951e+00 9.361592901112365528e-01 1.138624796599544853e+00 -5.345399174375384810e-01
3.008810211978191429e+00 1.057516109357832468e+00 1.115199179409878782e+00 -7.547602613200621313e-01
2.956939126540604423e+00 9.296943486674354995e-01 1.202071716410606506e+00 -4.660102376732924156e-01
3.025056498363651425e+00 1.006547015983045190e+00 1.058604955338279474e+00 -6.046796946065576828e-01
2.955385385988312574e+00 9.705790373189076004e-01 1.066407767446257315e+00 -6.272203287134351379e-01
3.008262917882166487e+00 1.002337386711613210e+00 1.016788068215738416e+00 -6.997692172391143384e-01
2.934637890851306441e+00 8.906143880218931885e-01 1.053225339440514885e+00 -5.697470141958472789e-01
2.942715381184559664e+00 9.586509071742695953e-01 1.070022751540575134e+00 -5.270739826264141392e-01
3.011406993278839650e+00 1.022080464447839621e+00 1.106053447489769193e+00 -6.775830221068150916e-01
2.992249245285508508e+00 1.021419319479150323e+00 1.066044522834624031e+00 -7.176956211867471236e-01
2.970549537234779880e+00 8.740843618132458914e-01 9.333019080244731036e-01 -5.794413365791114545e-01
2.928743590093995319e+00 9.706653406854910404e-01 1.045520136339176842e+00 -6.041647372936526095e-01
3.014914085251993559e+00 1.014305870265673537e+00 1.155908448747749784e+00 -6.162308203378494831e-01
2.994948846395922626e+00 1.021450028971887081e+00 1.197985962284483730e+00 -5.773806616697635397e-01
2.957860288771544166e+00 9.810003568848747468e-01 1.024861953931381464e+00 -6.898290423874393618e-01
2.955498884284880834e+00 1.022189795695206183e+00 1.191611721273952318e+00 -6.135897261002689618e-01
2.972617287268510822e+00 9.492650027491911224e-01 9.361622552940438435e-01 -6.974922748860632460e-01
3.005005085476009530e+00 1.042370158971694050e+00 1.144182976017713349e+00 -6.567795786494909915e-01
3.011154703428207569e+00 9.778519902323494772e-01 1.042768467013082789e+00 -6.235833173048870304e-01
2.945150934459488390e+00 9.575650335827321502e-01 1.046821838181325237e+00 -6.509396583545057346e-01
2.942273272893039859e+00 9.860731012246936045e-01 1.135500583674713848e+00 -5.319604011582378389e-01
2.987363775688046452e+00 9.708329384767215853e-01 9.503118663754603901e-01 -7.186446733681589594e-01
3.032740234189998496e+00 1.000583596724045732e+00 1.063679668438402004e+00 -6.544031810660750903e-01
2.971216152389209775e+00 1.005956433799939820e+00 1.081045265103371955e+00 -6.411526448336870576e-01
3.027289256331665346e+00 1.037640345542681253e+00 1.086827832805272731e+00 -6.530167101761977788e-01
2.957131711334596513e+00 9.576847349812482868e-01 1.121725901990421104e+00 -5.476165797337564367e-01
3.013394433059473076e+00 1.037304678751000964e+00 1.071182527497824166e+00 -6.731386082407780913e-01
2.969026871474607532e+00 9.911281715705204665e-01 1.058519166961169322e+00 -6.908304818165977856e-01
2.979410016994450405e+00 9.597136023773789049e-01 1.221553908188732995e+00 -4.335721200958191912e-01
2.977260014414480072e+00 1.000876799812565388e+00 1.346791239772565651e+00 -4.032750598046135893e-01
2.963271747661833100e+00 9.763857479308054588e-01 1.205272095667410337e+00 -5.490664839811852938e-01
2.965041938157817025e+00 1.004830318622474739e+00 1.032763299909062127e+00 -6.821641305494940966e-01
2.987888463992822707e+00 1.081975368875234489e+00 1.092648627038786957e+00 -7.743989137151257030e-01
2.990874540512793445e+00 1.005793326792455034e+00 1.085245296834545403e+00 -6.826856190491682463e-01
2.960435789181195876e+00 9.707651428671765226e-01 1.101542948763431395e+00 -6.237033879660252023e-01
2.992064719631566394e+00 1.021341254422224010e+00 1.080558880956480783e+00 -7.093769466326625972e-01
2.972656378132290556e+00 1.003919973768510721e+00 1.071090577157669532e+00 -6.649209493851522268e-01
2.965654976356435046e+00 9.329603441978014944e-01 1.048245088608892539e+00 -6.381413369164654625e-01
2.974822303838340787e+00 9.778416587277112271e-01 1.056273097053904042e+00 -6.899657574585900122e-01
2.988988737228880588e+00 1.051456318942554313e+00 9.999470732192936584e-01 -8.269180475675690367e-01
2.972639382545132491e+00 1.019584896948249941e+00 9.833902028977544729e-01 -8.051228101140275317e-01
2.981537967509556797e+00 9.573361308098159439e-01 1.063668384257770105e+00 -5.361353977862262088e-01
2.939637238822870646e+00 9.408115861798681534e-01 1.063710435885635519e+00 -5.454778366650497867e-01
2.978159787758272614e+00 1.001062246774509612e+00 1.001615899778370622e+00 -7.636829412383349114e-01
2.947514583197876625e+00 9.596116811634695098e-01 1.106483306366709440e+00 -6.393841667743915824e-01
3.003047789168798332e+00 1.032087189493466006e+00 1.061005902294521297e+00 -6.718076044487376608e-01
2.989814140180887314e+00 9.869189631426233955e-01 1.107433617688070804e+00 -5.992065459998547894e-01
2.993082829180602644e+00 1.016007327972533902e+00 1.038160627097258315e+00 -6.846427705091461258e-01
3.001745052169848549e+00 9.669566375133695768e-01 1.057516976065294045e+00 -6.193749898923760489e-01
3.044548074493608425e+00 9.869573812648873012e-01 1.070213024878999830e+00 -6.122104599156534821e-01
2.943003956123820597e+00 9.989127374768125289e-01 1.149314006591296122e+00 -6.359401271947916490e-01
2.959587552615821959e+00 1.036297334792118940e+00 1.055905573113775420e+00 -7.464989057976456621e-01
2.959674124556395114e+00 9.579474006111667883e-01 1.106653526777211738e+00 -5.872190160379781032e-01
2.982036451017599621e+00 9.492865330337477703e-01 1.078144646394745942e+00 -5.539584409992011071e-01
3.002537264953347496e+00 1.019539113394097640e+00 1.011164677071863194e+00 -7.283155317372570492e-01
2.929619403561640745e+00 9.218581935142255990e-01 9.622397230741742691e-01 -6.645339260909103318e-01
3.037839088637833029e+00 1.022534840716060600e+00 1.052135437230647064e+00 -7.248740304630599818e-01
2.941329025874774405e+00 9.219387447306196526e-01 1.038440854062006480e+00 -5.913499961064527799e-01
2.941692599619529336e+00 1.043320853009342963e+00 1.179673518951142031e+00 -5.798016645980692552e-01
2.931785689917078663e+00 1.010850185236299881e+00 1.037994614970224161e+00 -7.474759058538867906e-01
2.940757673211650935e+00 9.832015034880960958e-01 1.218447648711094455e+00 -5.864292841840168524e-01
3.019668022308769295e+00 9.889939414993862421e-01 9.648403172871782285e-01 -7.271823509121639884e-01
2.959256406692450270e+00 9.866683862877907440e-01 1.085391776013064913e+00 -5.743560218553305230e-01
3.002334367064817044e+00 9.665789785444491855e-01 9.507847836337279812e-01 -7.095257230675214855e-01
2.980362911169541107e+00 9.719542732300917587e-01 1.057729313956107253e+00 -5.551200546380409273e-01
2.994121261654286048e+00 9.567382570959656052e-01 1.104304200048926043e+00 -5.638549821401848128e-01
2.992113398467829644e+00 1.018579815080679518e+00 1.064220287936092246e+00 -6.640867395800926776e-01
2.984735651562500536e+00 9.911675162302205910e-01 1.002728111111388376e+00 -6.497177487463622336e-01
2.971817480086282437e+00 1.028798158810271035e+00 1.115286961945800126e+00 -6.949044665074428639e-01
2.960898794110878196e+00 9.362450167879605711e-01 1.131243393977767298e+00 -5.979838410565859741e-01
2.978677342497981329e+00 1.013072227277973747e+00 1.029652171338694133e+00 -6.988964300887661185e-01
2.975744875479403362e+00 9.462426184815344588e-01 1.234624105999053700e+00 -4.508298891015145582e-01
2.966623256900846606e+00 1.007294045756923495e+00 1.136893347036916913e+00 -6.299994606405044939e-01
2.988569580277910198e+00 1.028344704596854342e+00 1.051576647536966336e+00 -7.634065897954445123e-01
2.969200320093296597e+00 1.020077277480021527e+00 1.082027176216938669e+00 -7.040134721294663001e-01
3.013807636888215402e+00 1.010241969033025988e+00 1.070509696868227723e+00 -6.727665331815415595e-01
2.971943127360754389e+00 9.589805830196868053e-01 8.987331048957623025e-01 -7.458665247481677252e-01
2.974730460211974847e+00 9.813287097805768466e-01 1.035422934707823206e+00 -6.928559818892251476e-01
2.957594649722301128e+00 9.310656688876050024e-01 1.093386053171247818e+00 -6.153726974456615872e-01
2.970213193151362674e+00 9.613569457030116672e-01 8.872164014356622719e-01 -7.370073649384681902e-01
2.959563780841310887e+00 9.773087176136797671e-01 1.184471231272227865e+00 -4.927521366972251182e-01
2.999325586365815699e+00 9.461148159648874456e-01 9.687044242139742911e-01 -6.516647561272278510e-01
2.952659285247800636e+00 9.881150967576486366e-01 1.192396670394277214e+00 -5.126911848777356839e-01
2.996531653251521377e+00 1.001733880795322440e+00 1.053036174482178344e+00 -6.471518107183897861e-01
3.025258866635085919e+00 1.039720034726584696e+00 1.078099004971440733e+00 -6.759076694334217317e-01
2.979903023988211164e+00 9.833192835440937030e-01 1.057061876672066747e+00 -6.374011612528227566e-01
2.984364335091866938e+00 1.008427441892325804e+00 1.052527252116016054e+00 -6.992565687851484135e-01
2.978070394750295335e+00 9.779076865343560021e-01 1.156837998880531293e+00 -6.013645026309005770e-01
2.976036903554315050e+00 9.526744055072667861e-01 1.165345383686237968e+00 -5.752998203057383408e-01
2.952608680069138014e+00 9.942774189581303768e-01 1.160284810311291936e+00 -5.363081511537962642e-01
2.995600020538212949e+00 1.015640435633023309e+00 1.209470130217825679e+00 -4.956467484287636061e-01
2.967366994634867527e+00 9.745188641949460440e-01 1.073373456155003458e+00 -5.937125954514134163e-01
3.002553487403800236e+00 9.853297952976283192e-01 1.005937427981912435e+00 -7.056560617656647549e-01
2.978526096938942658e+00 9.622025212061807720e-01 1.089746923370070952e+00 -5.784872299886403280e-01
2.923032375323477705e+00 9.369328092020179355e-01 9.998575376984126795e-01 -6.021589790624859440e-01
2.941189359618705979e+00 1.049054194996126510e+00 1.092592237686137224e+00 -7.977834907671480513e-01
2.990609091705476619e+00 9.767418730214908473e-01 9.958787298081663852e-01 -6.524077524434501729e-01
3.020806733149760781e+00 1.001281649349224034e+00 1.013141649591471127e+00 -6.349319813982031713e-01
2.963715527378532055e+00 9.435058961847010428e-01 9.683716942863905830e-01 -6.827598638473749704e-01
3.041565192124097372e+00 1.064130017176233123e+00 1.061075998003656817e+00 -7.507560627203435644e-01
3.009577235806502049e+00 9.981344309165799400e-01 1.087478646541094829e+00 -6.410664628100136708e-01
3.017049458288602715e+00 9.837980054231516558e-01 1.071540125245092234e+00 -5.646091711134630931e-01
2.997233984264867424e+00 1.020363411922579067e+00 1.100993824963269363e+00 -6.924992616245286836e-01
2.989979505588838737e+00 9.335635499443408758e-01 1.004919857636769498e+00 -5.197128939241970613e-01
3.004878039895752639e+00 1.041462518557856320e+00 1.051618173142315094e+00 -7.300711204623305806e-01
2.967474518030496444e+00 9.838780951895103044e-01 9.443076437570865345e-01 -7.570656145744926180e-01
2.932049093420107333e+00 9.403829265890317757e-01 1.076147445843527395e+00 -5.601662478774082077e-01
2.950962434355342889e+00 9.169192656997452451e-01 1.159821983398189982e+00 -4.646578791791489693e-01
2.995114446046530876e+00 -8.816616613838993421e-01 -1.228682785233727426e+00 -3.231831028314650078e-01
2.956511998202954850e+00 8.987129435638461228e-01 1.138957392522888412e+00 -4.209068133407377066e-01
3.025731332490785075e+00 1.068420905972688129e+00 1.003600396636974423e+00 -7.690680107706171498e-01
3.023455499200844887e+00 1.089423310389861621e+00 1.054585297566707158e+00 -7.699037605934085926e-01
2.970646473720015557e+00 9.926208928164188539e-01 1.049443941263768387e+00 -7.078579366984466548e-01
2.946674660802542700e+00 9.207191178119785713e-01 1.196757868700263794e+00 -4.818290968645784211e-01
2.963185620328870229e+00 9.740973648992263811e-01 1.040829815002191738e+00 -6.565639623923233970e-01
3.048588720999707125e+00 1.088085846759545783e+00 1.128153057808543469e+00 -6.646084524020402506e-01
2.984823445654573248e+00 9.689402420617780898e-01 1.092308721767308866e+00 -5.627137821951762042e-01
3.018431449474640704e+00 1.031397564271575584e+00 1.106272942427882544e+00 -6.912007180746543300e-01
2.971122243716123101e+00 9.976121178366521569e-01 1.088522399290495990e+00 -5.780642859471157857e-01
2.998852639898816008e+00 9.845472307776260701e-01 1.004796400686929658e+00 -6.722620435269824890e-01
2.997074978454217664e+00 1.063545406440863594e+00 1.085555955536049444e+00 -7.722300247010822627e-01
2.994570988639572828e+00 1.011596926571191490e+00 9.614794113135879394e-01 -7.414220969841235354e-01
3.008568317816009419e+00 1.020093407671996744e+00 1.011272048875210938e+00 -7.801803856890303646e-01
2.946460485407446317e+00 9.987339159884514039e-01 1.119018036356685730e+00 -6.811533698143643623e-01
2.953105451790150049e+00 9.260178377967198671e-01 9.840219621543971895e-01 -6.011087937078066767e-01
2.963235831364174899e+00 9.385719301394728209e-01 1.095158062208873240e+00 -6.404639867437842415e-01
3.010647956446858675e+00 1.025797275498392391e+00 1.082375739606940224e+00 -6.305723090619519411e-01
3.002251219807388960e+00 1.016624548878506396e+00 9.758817084026928379e-01 -7.305151086575113473e-01
2.963347385428145131e+00 9.593402109180466653e-01 1.182782709793714249e+00 -4.805251101252787649e-01
2.989567751286605013e+00 1.031391946977955110e+00 1.030143628912029374e+00 -6.785684061105379250e-01
2.997643262622000204e+00 1.044018253469624069e+00 1.041346231123892796e+00 -7.168231515836975820e-01
3.022777176192825710e+00 1.063175323785126691e+00 1.155923668890699307e+00 -6.528651795923960943e-01
2.968938355896932446e+00 1.008440124172166108e+00 1.003342555047409324e+00 -7.302524554835101434e-01
2.973958628828442752e+00 9.377981275556900309e-01 9.993229832900404341e-01 -6.620732522161534295e-01
2.996149654222879377e+00 9.813393920423956196e-01 9.781122143169910244e-01 -6.540173166762028867e-01
3.020701517708622497e+00 9.991901357138158746e-01 1.000872380049205868e+00 -6.658821448150247235e-01
2.969377820773734911e+00 1.003163400729585986e+00 9.737959098144408632e-01 -7.558270530383760510e-01
2.954301563333713077e+00 9.752509499316834862e-01 1.083471988412259224e+00 -6.380890410888873099e-01
2.989346568368048018e+00 1.002704473775594574e+00 1.055380122146832633e+00 -7.163500186472934184e-01
2.994464961806528436e+00 1.051671973824354289e+00 1.105717814013637668e+00 -7.414687397434558402e-01
3.008875580525643745e+00 1.009068877485811644e+00 1.021812880488297992e+00 -7.427318573833171511e-01
2.992529303120705642e+00 9.324604934095584996e-01 1.070842646174078983e+00 -5.037794636349304245e-01
2.977448343587767443e+00 9.766629695150783608e-01 1.199746606690720530e+00 -4.780621947713922237e-01
2.985298988739859993e+00 9.570560176280742404e-01 1.060677499233955157e+00 -5.604080403956316347e-01
3.020439373641370828e+00 1.034093336706960020e+00 1.004667768943609873e+00 -7.409776889999193372e-01
2.987388002063995796e+00 1.022579347699879238e+00 1.098767547206508155e+00 -7.194729241149137033e-01
2.953508297831226148e+00 9.590805496611743974e-01 1.046290523281961482e+00 -6.094537437962629367e-01
3.032236263476767668e+00 1.061511556823358404e+00 1.045822133507138041e+00 -8.038656645336107465e-01
2.967762445811906513e+00 9.372481221102038074e-01 1.119052714665514481e+00 -5.465021050807834513e-01
2.979420718096758236e+00 9.469670476255588332e-01 9.692983416416268705e-01 -6.247309259433252437e-01
2.996699498564275199e+00 9.665895816158173171e-01 9.854981385859357124e-01 -6.653161818616951662e-01
2.982638121295390743e+00 1.043943339758151678e+00 1.090676922987081188e+00 -7.709520647109622260e-01
2.944707802219788118e+00 9.476796594890697367e-01 9.804391362119596609e-01 -6.299276498240767852e-01
2.979835634610441986e+00 9.447353217260342495e-01 1.106370355694201280e+00 -5.245197769723261016e-01
2.960227984460800155e+00 1.012535452031821492e+00 9.791761693182433612e-01 -7.610085517756270956e-01
2.984220392290922064e+00 9.772335013065027720e-01 1.145286164035499876e+00 -5.134924547739515566e-01
2.964335657575491112e+00 9.404268207716915962e-01 1.020831168514027887e+00 -6.049767556639024102e-01
3.031286408922104769e+00 1.083069909361799477e+00 1.032856504127454889e+00 -7.721825225626405276e-01
2.964299078794840892e+00 9.789888050154009758e-01 1.154178172064435071e+00 -5.341681617377572744e-01
2.956847574858372241e+00 9.367074806426912703e-01 1.133073189650855461e+00 -5.175365170919341562e-01
3.034445962312970480e+00 9.593076868454968320e-01 8.592883707428651263e-01 -7.770590334713661784e-01
2.960701128035299057e+00 9.981103665595539853e-01 1.026160649426269389e+00 -6.273015372700047054e-01
3.012754016222746412e+00 1.034377870573963243e+00 1.056088818299874443e+00 -7.642884695802152351e-01
2.974732578363337154e+00 1.021804427618996147e+00 9.762316446940052517e-01 -7.609750927685896560e-01
2.962949460885459629e+00 9.855781369062641684e-01 1.023848957548266769e+00 -7.597235611151856860e-01
2.978400177641546964e+00 9.916960049474347061e-01 9.897023128143297432e-01 -7.045035228921264769e-01
2.971462807892370606e+00 1.029072234008771014e+00 1.090927032954356779e+00 -6.911456040007515345e-01
2.937359012590922802e+00 9.582727484254017769e-01 1.070009095077923744e+00 -6.055128003835955619e-01
2.999901766569484707e+00 1.040342851680430503e+00 1.103754721666593497e+00 -6.884259901396843073e-01
3.006098449967007369e+00 9.980651168687304509e-01 1.044064435602128693e+00 -6.942515610932921133e-01
3.009034323520290766e+00 1.033569381186380420e+00 1.103540170529982989e+00 -7.152831023071921646e-01
2.959049339644703736e+00 9.707430700237955623e-01 1.110925258739929422e+00 -5.851756509934858963e-01
3.006727506871715860e+00 1.085846037896263550e+00 1.092150495224480267e+00 -7.814487818789657148e-01
2.935516235698394372e+00 9.460676250680247756e-01 1.177679187033216834e+00 -4.843801342890227679e-01
2.965129085826512689e+00 9.460003838017903011e-01 1.236570237507817360e+00 -4.634216944304674346e-01
3.028987158607639785e+00 9.386387506070367204e-01 9.237746013716856552e-01 -6.494135224061117206e-01
2.947684489563091148e+00 1.031001362481366312e+00 1.072495699229200294e+00 -7.691672902527801892e-01
2.985681418341102233e+00 9.696178527008968429e-01 9.866376945852520786e-01 -6.584182542928047610e-01
2.980313745778140788e+00 1.047206509882621539e+00 1.091541737840678206e+00 -6.908592055455132774e-01
2.966061696854523255e+00 1.049201293615479758e+00 1.045090172503658543e+00 -7.489374281711854708e-01
2.950773790782313277e+00 9.437735502820656652e-01 1.094524851839431490e+00 -6.198516891437327869e-01
2.974284665564657981e+00 9.954218357872166578e-01 1.178239278440242899e+00 -5.873420852513983048e-01
3.009148421637656501e+00 1.006551584530025467e+00 1.179517096566620848e+00 -5.731136705785141450e-01
3.002930387360500220e+00 1.003930203868026672e+00 1.110770978945813781e+00 -5.914191657524654477e-01
2.972271113015913180e+00 9.959961744810821305e-01 1.105627951110315532e+00 -6.553572088537227280e-01
2.946616779048697232e+00 9.003032240876259751e-01 9.834521358161132376e-01 -6.059461196697992769e-01
2.963333236072109411e+00 9.661595304320139688e-01 1.026829058098215564e+00 -6.455095666470116456e-01
2.923285646327324461e+00 9.883638591011352226e-01 1.018941083065541653e+00 -6.495907124261873777e-01
2.995594816509335789e+00 9.393147850548438926e-01 1.094899931520098457e+00 -5.440637892764481620e-01
2.948951182610913602e+00 9.058294237495702061e-01 1.042859893280543959e+00 -5.294888881169246275e-01
2.989532094804443485e+00 1.056176806990799300e+00 1.142890421464329842e+00 -7.000743945946122926e-01
2.927983987914326125e+00 9.444369789850256547e-01 1.135917410881611245e+00 -4.959117839667626648e-01
3.012909007559104957e+00 9.753704740582657129e-01 1.043165390451351149e+00 -6.283659078463271763e-01
2.983116763141317129e+00 9.552957771078509630e-01 1.160335964032769507e+00 -4.992255163731983969e-01
2.993766638333971830e+00 1.027182583688554862e+00 1.139657274988287394e+00 -5.815002267852659168e-01
3.002734204223179493e+00 1.051647385992085626e+00 1.219264850189557547e+00 -6.359271934862771314e-01
2.972489908874048847e+00 1.067741396363033557e+00 1.099114271769777718e+00 -7.515463222137633847e-01
2.986425679751360196e+00 1.012537227199452161e+00 1.195562839346020034e+00 -5.583971023813144585e-01
2.985881519141189600e+00 9.989475433397176918e-01 1.035526308709167953e+00 -6.979541209688310266e-01
2.966710671244138009e+00 9.527537979053886108e-01 1.014156367663039182e+00 -5.750479922180961045e-01
3.016506707441859003e+00 1.111749270053989713e+00 1.069391490975595715e+00 -8.351225601552113575e-01
2.963979256125675477e+00 1.014022687362293063e+00 1.116424698468200916e+00 -6.815904176177757234e-01
2.945845017195481752e+00 1.024414687330972740e+00 1.096134922990771976e+00 -7.295124200547824511e-01
2.931120434857369172e+00 9.516360934525570636e-01 1.024999550899692524e+00 -6.502454166682599679e-01
2.960221488613861140e+00 9.903136147887954266e-01 9.640861413050381135e-01 -7.877188972104780529e-01
2.949770316427620998e+00 9.703559727507546917e-01 1.182785629602240318e+00 -5.042311888660253594e-01
2.983172703479368693e+00 1.009774796009851983e+00 1.150136695320982172e+00 -5.941897722359711365e-01
2.934267098844435484e+00 9.472063995649933066e-01 1.136189405024142562e+00 -5.495477989950311448e-01
2.979181731344144879e+00 9.932846904930685561e-01 9.885707690943189574e-01 -7.560034031113770370e-01
2.948639265665597087e+00 9.833927967785676127e-01 1.046565698232596375e+00 -6.748453894509562900e-01
2.996171832873931518e+00 1.016575050807887237e+00 9.040847090922153884e-01 -7.831211063886041046e-01
2.984085411580502001e+00 9.636509762060273543e-01 1.027420167467826273e+00 -6.091607506716892884e-01
3.029969545275038811e+00 1.010455132199547190e+00 1.074772081636819587e+00 -6.849768074700727238e-01
2.987619070688364076e+00 9.664101527654612722e-01 1.213676950654221987e+00 -5.207817494465096786e-01
2.973016228574575148e+00 9.553200302970937807e-01 1.076121292877695534e+00 -6.029405352516580274e-01
2.981881691995197592e+00 -9.033146363379754851e-01 -1.262877945428613202e+00 -3.494180500074339779e-01
2.983039518159745551e+00 9.580031121853643805e-01 9.781984681322792863e-01 -6.799613141253337822e-01
3.022600948467046855e+00 9.630927820937469352e-01 1.005616531777384193e+00 -6.536567447492335203e-01
2.967536389049703072e+00 1.018676129601254310e+00 1.213763893301965213e+00 -5.476580666037330625e-01
3.013262389422848297e+00 1.020689069555177797e+00 1.064707017642292586e+00 -7.428535787027517046e-01
2.969788100271314679e+00 9.780161446498294442e-01 1.127695322245447551e+00 -6.389630205139598118e-01
2.994542479844709781e+00 1.029959868119659339e+00 1.155387036328669348e+00 -6.258727098798890776e-01
2.966653457535324279e+00 1.011013588633269178e+00 1.074857329770386949e+00 -7.104963713611771592e-01
3.005633524541472923e+00 1.034238834839113386e+00 1.079097143013681315e+00 -7.134084674123846170e-01
2.976051318493470266e+00 1.003743683259062491e+00 1.032997082830551694e+00 -6.982009455494633254e-01
2.992448687598439516e+00 9.886683724027102160e-01 1.177661413700537008e+00 -4.897946540831315532e-01
3.012023081507459565e+00 1.012597583375999921e+00 1.137365879506921473e+00 -5.820965092507875971e-01
3.020296159088574850e+00 1.035247469004697107e+00 1.078393436313725973e+00 -7.206084705863611273e-01
2.991286544811781578e+00 9.269803286090909644e-01 9.407099791434385683e-01 -6.869395197130995223e-01
2.980185404590170339e+00 9.301751554504658070e-01 1.065791014427426076e+00 -5.180485531403912214e-01
2.960271433179304967e+00 9.954045792183751074e-01 1.021301841564033808e+00 -6.976807201767223354e-01
2.981942335244787579e+00 1.010191057738424325e+00 1.078305274870441366e+00 -6.868287838984997729e-01
2.950029636438454617e+00 8.999230626993055537e-01 1.082500103587570095e+00 -5.187459274307621993e-01
2.930449356045569775e+00 9.439303318354446137e-01 1.030891818408075977e+00 -6.418866372433468248e-01
2.940451656821905235e+00 9.986498236634299142e-01 1.121402273022483076e+00 -6.869182848758664806e-01
2.994768857351593372e+00 1.017573730568392065e+00 1.072725397871578501e+00 -6.572516170478543973e-01
2.966624326632443687e+00 9.512163761951588636e-01 1.044722788771427657e+00 -6.324208174770308277e-01
2.952934469683831331e+00 9.515525281868163487e-01 1.045469343926124450e+00 -6.295154845833902391e-01
2.998394698448551665e+00 9.952617811034827344e-01 9.937930129641447952e-01 -7.078985643919200044e-01
2.956752432833960942e+00 1.008884304292969825e+00 1.139221974596984266e+00 -5.871455443963251586e-01
2.953923400000694865e+00 9.167884748865982036e-01 1.122037009075812941e+00 -5.000461344004338837e-01
2.992226328033321003e+00 9.852280693797992317e-01 1.049034827171578366e+00 -6.150946121160798530e-01
2.996331978625799586e+00 1.060844855094303041e+00 1.123349235721064820e+00 -6.882189221984896799e-01
2.977901980958475914e+00 9.815174999446172333e-01 1.113451318329876427e+00 -6.388953919260820236e-01
2.970345845981941846e+00 9.252713100569581739e-01 1.012033852348496188e+00 -6.887365942342250635e-01
2.944201053473721075e+00 9.716115020160673854e-01 1.076058689942311908e+00 -6.267245546820446878e-01
3.002097852244327569e+00 9.981711038737459685e-01 1.081070400733932235e+00 -6.394530023644461325e-01
2.953618219470438788e+00 9.585961255227698485e-01 1.077905835063508899e+00 -6.391148126488017667e-01
2.963873075300226478e+00 1.024526635663840501e+00 1.044537809199648448e+00 -7.784096204064279156e-01
2.965793542278435169e+00 9.761337546413300092e-01 1.140311681374442498e+00 -5.289061703825921334e-01
2.998990335380322225e+00 9.622921826884763830e-01 1.048331655403587082e+00 -6.287607849740167731e-01
3.010451927216301282e+00 9.906330600765904659e-01 1.072970339891425651e+00 -6.073320590388454621e-01
2.980945936792154249e+00 -8.749391512269318882e-01 -1.191740476850140062e+00 -3.597174152639536771e-01
2.948992113855727570e+00 9.077080505227235196e-01 1.197759289599127364e+00 -4.604483434468076286e-01
3.027183732808836236e+00 1.009457996516392786e+00 1.081501766185030577e+00 -6.162658515699935835e-01
3.001410766492906390e+00 9.992723470291500210e-01 1.107815715417297175e+00 -6.338605114868629542e-01
2.998872900142530717e+00 9.437157303490277815e-01 9.575473211911237348e-01 -6.239361210528785451e-01
2.995966461546196946e+00 9.772226640408749887e-01 1.082939338641999427e+00 -5.595164447267296781e-01
2.996157674432578855e+00 1.009575586893476595e+00 9.310766529123896129e-01 -7.512278195509081158e-01
2.939777603407368378e+00 9.523050500722254341e-01 9.873211953354491532e-01 -6.621471230902584715e-01
2.987275785460719479e+00 1.031171007798928896e+00 1.045287898915747693e+00 -7.278669709841238955e-01
3.040844914487020212e+00 1.069550718269851597e+00 1.082595129370708342e+00 -7.317767608913995359e-01
2.979214048675280058e+00 1.004717895265049732e+00 1.092877277742708042e+00 -6.466512919027843642e-01
2.961960991339771532e+00 9.653961186144920381e-01 1.023889255136794185e+00 -6.574211166848288324e-01
2.982948986407214065e+00 1.018771018698386044e+00 1.256764515480524480e+00 -5.276184366040211904e-01
2.952629073954633476e+00 1.042887781363240229e+00 1.010764775523697256e+00 -7.252212199739220821e-01
2.961272701770194526e+00 9.877479533990897176e-01 1.086954937057441839e+00 -6.193899594199910874e-01
2.974424526537349234e+00 9.945240551879440671e-01 1.116088535596915676e+00 -6.436767393118570935e-01
2.952095375001076327e+00 9.611691064350579294e-01 9.266380495352847246e-01 -7.367900155248061633e-01
2.957841337840831475e+00 9.776277567044450167e-01 1.159688731054937749e+00 -6.609038037281177447e-01
2.977061889357000446e+00 9.851220259545659941e-01 1.001493411849766257e+00 -7.303141683940052031e-01
2.919255831482645558e+00 9.071437105806130496e-01 1.075713908221895165e+00 -4.697881159394141082e-01
2.975567777837553773e+00 1.041118317684150529e+00 1.285382504549023253e+00 -5.420284199283336157e-01
2.970980152724144840e+00 9.889850981673482533e-01 9.377253664217863882e-01 -7.442275912987247333e-01
3.023667471437643250e+00 9.948491464649091842e-01 1.173267127587093173e+00 -5.496983098689383063e-01
3.000004884443764563e+00 1.026672707632647175e+00 1.081296391592138306e+00 -7.986499697691706867e-01
3.001869320549648723e+00 9.595478562269550427e-01 9.804318866472809813e-01 -6.405492219575263935e-01
2.984242324375276034e+00 9.385718177358756131e-01 9.716499509909878318e-01 -6.387655699946761523e-01
2.972524123839554999e+00 9.531928164715017804e-01 1.026306258290381468e+00 -6.319943665688521062e-01
2.928205457574639681e+00 9.358108092691984625e-01 1.112887913913142901e+00 -6.647287704622160120e-01
2.990278759495591299e+00 1.017687212484266635e+00 1.058733854830759435e+00 -6.250371694715524118e-01
2.955877649768941851e+00 9.422620588545623788e-01 1.010366178792383662e+00 -6.701781642541674300e-01
2.964898107475545608e+00 9.884756405056596140e-01 1.118200149261001863e+00 -6.268862040439263650e-01
2.988013044643820226e+00 1.019898555294643128e+00 9.762670648954716590e-01 -7.147997496622802149e-01
2.955491489201792277e+00 9.969828372358554569e-01 1.095585651922571069e+00 -6.035762014835314160e-01
2.953378162094874249e+00 9.342430616560397638e-01 1.002418527734153519e+00 -6.618240579445137106e-01
2.990289871840247748e+00 9.700298421887526557e-01 9.707706807118912096e-01 -6.811791923174640440e-01
2.960677187769373830e+00 9.888843768876552920e-01 1.078783075604230257e+00 -6.110587338765974819e-01
2.942949653825603473e+00 8.919041487867284124e-01 1.024940338163507159e+00 -5.642106045069408271e-01
2.952445717181046536e+00 9.818547366916521302e-01 1.252404521580729346e+00 -5.062837719289854377e-01
2.942725040992245855e+00 9.652843799246701995e-01 1.038743528007142869e+00 -7.086024266658721427e-01
2.951017610013901837e+00 9.257759154837759130e-01 1.020472226842798147e+00 -6.120609122451640127e-01
2.962537695183376396e+00 9.655815652950170414e-01 1.123799874145166244e+00 -6.359148235417747541e-01
2.988347055396773921e+00 1.008382603796993182e+00 1.163177715689623692e+00 -6.319244812079051199e-01
2.998026131770074709e+00 1.050575227319350935e+00 1.052081041966880681e+00 -7.055597648782083731e-01
2.981523557979637751e+00 9.569996633065085412e-01 1.024883958513788107e+00 -7.187979422647690075e-01
2.968442528016044690e+00 1.009702739881413347e+00 1.116232028214061200e+00 -6.711625340771771864e-01
3.011555531416541420e+00 1.040484620733568288e+00 1.108316217169822204e+00 -6.903057158736523036e-01
2.996753830455682444e+00 1.004247078047818542e+00 1.085886929421730374e+00 -6.674853327976627559e-01
2.953245454471691289e+00 8.692596897984916637e-01 1.002187765819742005e+00 -5.429881680758156248e-01
2.966154111869734766e+00 9.913771819052979994e-01 1.006150894010505059e+00 -7.295087575248963008e-01
2.974292157920257029e+00 1.052722641224324684e+00 1.175297857296673909e+00 -6.691988701857614075e-01
3.010609481256732778e+00 1.026557744121170845e+00 1.023587846133690471e+00 -7.528841751106289948e-01
2.976786240399953876e+00 1.023572493946942608e+00 1.012603667211535940e+00 -7.367490647786164581e-01
2.988632250057440931e+00 9.631062342679547195e-01 1.080504234768120408e+00 -5.479794643537915233e-01
2.975261503737880453e+00 9.752562549487762134e-01 1.205976340797707103e+00 -5.303504799131886216e-01
2.946720138539808076e+00 9.655180444636745074e-01 1.056422951257644627e+00 -6.567895576103901512e-01
2.972962190689820705e+00 9.619108544985432996e-01 1.007894528321734429e+00 -6.646144358835776034e-01
3.004904790284433247e+00 9.955775702610195621e-01 1.180875957215008931e+00 -5.293423056980935959e-01
2.972179503197227124e+00 9.394584144717250673e-01 1.090232010041262578e+00 -5.663579580866924257e-01
2.968606596414307575e+00 9.416850753801635499e-01 9.572491492409240799e-01 -6.504100150505328637e-01
3.053291418163630588e+00 1.064042059788748551e+00 1.139623061943259685e+00 -6.217602884943471686e-01
2.964783612890961262e+00 1.003713238851190903e+00 1.033420136847872595e+00 -7.343915920718986357e-01
2.994000589125367373e+00 1.064519066750930332e+00 1.019255501012094278e+00 -7.673009994814211643e-01
2.946726881810558307e+00 9.172580025909922163e-01 1.143584562508773494e+00 -5.177901316472593995e-01
2.950402776194874566e+00 9.395153272770525588e-01 1.032042700917038092e+00 -5.773365885142377474e-01
2.971852921599395625e+00 9.203834454081271099e-01 9.910077884409984605e-01 -5.499482465221925409e-01
2.951486675977069929e+00 9.561060709569417781e-01 1.095889032658377449e+00 -5.953278179968706230e-01
3.014559548298727965e+00 1.079409407716320546e+00 1.071815817569313101e+00 -7.841063870056549368e-01
2.994054355215650443e+00 9.737264218843870722e-01 1.098505944432479620e+00 -5.871782708771270398e-01
3.033838220611840164e+00 9.976318165757205314e-01 9.888105596935649055e-01 -6.922807799749509661e-01
2.995404525410094276e+00 1.036377273929685039e+00 1.073894565923876332e+00 -7.061604239176579867e-01
2.994885480234242614e+00 1.001761072123720675e+00 1.013730885693213013e+00 -7.347013449881135694e-01
2.993130984601975797e+00 9.769230469101416459e-01 1.021864772075889993e+00 -6.349358059666734277e-01
2.963268523675928190e+00 1.024747145817984872e+00 1.018075430454775443e+00 -7.314797064588665076e-01
2.955517912280205106e+00 1.025575290239182591e+00 1.096753674830646341e+00 -6.805988156954867474e-01
2.984142199124600658e+00 1.014107903800087307e+00 1.110081675243977939e+00 -7.178469271013324660e-01
2.938165868282566873e+00 1.011566068623088510e+00 1.221672362825187319e+00 -5.696225617745871439e-01
2.940103687039110625e+00 9.057574817313984727e-01 9.892911013188675495e-01 -6.541012174686428038e-01
2.959663430678263651e+00 9.423632940367695499e-01 1.026819739183677083e+00 -6.876595794555807606e-01
2.977874541123506802e+00 1.001292950045493901e+00 1.049960444947748428e+00 -7.419729955543221678e-01
2.983747487390615571e+00 1.026991637277458791e+00 1.066634608645026905e+00 -6.486433398073462309e-01
2.999477056855922807e+00 9.911245585646010214e-01 1.012016439796590728e+00 -7.036179878852580893e-01
2.998801635726384696e+00 9.990586079921744966e-01 1.140021426448684760e+00 -5.568028421149382456e-01
2.944673105084746112e+00 9.337361935488738274e-01 1.055165976937787686e+00 -6.532550380812778279e-01
2.974884558169625937e+00 9.630982747409140288e-01 9.427658442218865842e-01 -7.019093759282772904e-01
2.982586773157360760e+00 9.768645367324522155e-01 1.021296208668517780e+00 -7.008905124650366414e-01
2.946952067163038258e+00 9.652892569313247240e-01 1.000562662406678349e+00 -6.837030112051957209e-01
2.961052999219054627e+00 1.022381822609713664e+00 1.060798724843283747e+00 -6.732345860992173803e-01
2.954396247723600766e+00 9.681245549949042406e-01 1.129420242783631068e+00 -6.363527022328577809e-01
2.948244132179497878e+00 9.854767851326539096e-01 1.064144696985215521e+00 -6.819393948802214833e-01
3.003164911093105349e+00 1.031631883534177341e+00 1.098629347912053911e+00 -6.351514446850815565e-01
2.999853022944068748e+00 1.053897807669273989e+00 1.086522638807593255e+00 -7.318588943151373982e-01
3.015187844086977265e+00 1.029316890352471869e+00 1.090360167547196557e+00 -6.549548622649706831e-01
2.938579668366794628e+00 9.894882504585751359e-01 9.637497292970153007e-01 -6.997742956597983177e-01
2.986286956747666199e+00 9.492462631373567161e-01 1.096317052625021438e+00 -5.080697943601575339e-01
2.966627567878228344e+00 1.016404309100034098e+00 1.141596870033970701e+00 -6.673668490484754301e-01
2.953943081399114767e+00 9.695058340418447607e-01 1.096062770665556574e+00 -6.364608595311219696e-01
2.933898954713488383e+00 9.446147732751055681e-01 1.007654928247761150e+00 -6.290493920074292644e-01
2.959005811854440449e+00 9.107680479349113956e-01 9.796326109983993780e-01 -6.303784216536942875e-01
2.961800210275074896e+00 9.437703697783024204e-01 1.045688489857673931e+00 -6.597443850039734770e-01
3.002770924085206961e+00 9.715290792720787660e-01 1.023148044427899084e+00 -6.501263024471433116e-01
2.995713557191361787e+00 1.002775982126332455e+00 9.407757549091559923e-01 -7.275554581885380623e-01
2.950508971080771481e+00 9.906445242063691703e-01 1.025005136579743681e+00 -6.280071485019751432e-01
2.944218406027514057e+00 1.000500645874985217e+00 1.010197668852830910e+00 -7.727206256377742166e-01
3.002825713376317207e+00 9.718268940585420568e-01 1.000336617472512124e+00 -6.678529952004609305e-01
2.974506277549688882e+00 1.013945105477450426e+00 1.064526716810688445e+00 -6.626559488158539901e-01
2.938562066747898882e+00 1.044904769735598427e+00 1.061211731227551081e+00 -7.976393873007412427e-01
2.993153610427024436e+00 9.578374319745788235e-01 1.002236189826788415e+00 -6.401102118465383795e-01
2.981250911412494986e+00 9.753270662702153704e-01 9.983275834348046551e-01 -6.454730609655170426e-01
2.996289263834863270e+00 9.891131945482031229e-01 1.072816309439486915e+00 -6.806186699319217714e-01
2.945311744986294222e+00 9.485023789759587931e-01 1.059118326833929036e+00 -6.514425270676954538e-01
2.961331309799322131e+00 9.709980828723228097e-01 1.110570980281601061e+00 -5.969578720215328316e-01
2.971725077240729540e+00 1.001443385923513896e+00 1.075395141709246438e+00 -6.054039414947788300e-01
3.010977702190069216e+00 9.874424529127885375e-01 1.047726482583360763e+00 -6.130466739439173196e-01
2.985119593012333539e+00 1.012783913696140514e+00 1.082346486168509481e+00 -6.486093313481594569e-01
2.955368961008528306e+00 9.871908314779558324e-01 1.016601849358543141e+00 -7.589859298174813640e-01
3.010504884608691700e+00 1.006960492575417643e+00 1.036296081220819509e+00 -6.348316578453374603e-01
2.971239560700365878e+00 9.871843089606111565e-01 1.000246336739678554e+00 -7.034541599154838787e-01
2.987099632566850627e+00 1.040142209355551683e+00 1.008623698920974476e+00 -7.259481810467774965e-01
2.957874949519044172e+00 9.414302076270330000e-01 1.067121886560050914e+00 -6.083020060727017952e-01
2.922860689422291713e+00 9.609918352840649547e-01 1.085504305019651339e+00 -6.314728518697959592e-01
2.992963410143235858e+00 9.908857694678475658e-01 1.123802363581147379e+00 -6.485890907865565769e-01
2.967655441854166742e+00 1.003357963618383586e+00 1.077837138420959739e+00 -6.109946673907741266e-01
2.971295917626331384e+00 9.365311870765804514e-01 1.078809782402801787e+00 -5.845406657779436133e-01
2.994782573436255202e+00 1.007241949998069597e+00 9.803836879028313689e-01 -7.462314099593362338e-01
2.986175400507695699e+00 1.062237445666225355e+00 1.059769272152620401e+00 -7.711504751177301609e-01
2.958366353879390509e+00 9.414037152621889115e-01 1.217431450174841112e+00 -5.037568276448048943e-01
2.995502658716104882e+00 9.637088599078058593e-01 1.021304761523027071e+00 -6.680581762269743873e-01
2.940470740626700774e+00 9.934515404948093265e-01 1.257203717323257752e+00 -5.474221957845948339e-01
2.936961277597575304e+00 9.956080599491510252e-01 1.170058390084305344e+00 -6.878824174715721940e-01
3.010921268382889426e+00 1.013385300303906833e+00 1.103102329805159210e+00 -6.603402188047889920e-01
2.969993371052898290e+00 1.040064315013168761e+00 1.062414352452925259e+00 -6.699315238214714752e-01
2.989241523626906094e+00 9.882742733294838100e-01 1.075926325953551865e+00 -6.110283104257049347e-01
3.043102447624172591e+00 1.006480505146984950e+00 1.041220492465314340e+00 -6.478358826369480239e-01
2.996860188387343804e+00 9.238120712567833293e-01 1.074588364936642781e+00 -5.533379459722147509e-01
3.001751808237345998e+00 9.812959703632574415e-01 1.183261108721724852e+00 -4.898545020687268270e-01
2.961895886186652671e+00 1.004003959146954505e+00 1.191962210062008198e+00 -6.224884573768949547e-01
2.993688428073070895e+00 9.804749200981931478e-01 1.095955564494375034e+00 -5.917031545347124499e-01
2.943363814519491584e+00 1.002185041529825904e+00 1.127138916247734324e+00 -6.598440825284578315e-01
2.949907852284792575e+00 9.612503717019925675e-01 1.073213357304801718e+00 -6.592391053219287533e-01
2.965760934854653641e+00 9.602854597700304362e-01 1.079619374246967745e+00 -5.793995802624952729e-01
2.970054901999264363e+00 9.810746115439928916e-01 1.026424011528909386e+00 -7.247944801876793353e-01
2.981105878326989700e+00 1.004414296350139235e+00 9.956731477474243253e-01 -7.211766508751351612e-01
2.978334599532578508e+00 1.015716627102986269e+00 1.072900380812048526e+00 -7.097808753135447235e-01
3.003950957442432568e+00 9.953850428411000761e-01 1.124786153168743308e+00 -6.929514669504991398e-01
2.987753702439666093e+00 9.760081626179970549e-01 1.085851262900869418e+00 -5.886674003422215362e-01
2.971928812558330968e+00 9.775133260073449737e-01 1.013625411385954411e+00 -6.733309455709278746e-01
2.976615444406767175e+00 9.468712389384305039e-01 1.237525642468520148e+00 -4.476140702796543303e-01
2.964418820093972951e+00 9.823746770416645901e-01 1.167241745042583156e+00 -5.958702027057642958e-01
2.953135255123904734e+00 1.028804083935891400e+00 1.161800140659034142e+00 -6.717603452296185829e-01
2.964360919226468827e+00 9.259527266704032922e-01 1.054493473366245881e+00 -6.028875774956288236e-01
2.941822949035528545e+00 9.572919169745771617e-01 1.135226986488210965e+00 -6.100256468180915714e-01
2.936787521732733275e+00 9.142576232010666271e-01 1.087625474479670729e+00 -5.233898917247411520e-01
