1.069630004971596327e+00 9.697060945249110775e-01
9.854844928983932384e-01 8.241629625690213290e-01
1.040772736784735697e+00 9.106699322112051798e-01
1.041503813767019393e+00 9.242600600678833045e-01
1.004906800944074252e+00 1.031295862187757928e+00
9.946364900632428396e-01 8.667014042682155139e-01
9.995298832004551048e-01 9.456119559125589769e-01
9.210395703645696264e-01 1.052040397713247755e+00
1.032488695612609808e+00 9.535800615224097054e-01
1.105080909689517998e+00 8.672998883900755462e-01
1.069400715966325244e+00 9.252405767396502112e-01
1.000051311786039898e+00 9.327526376198449487e-01
9.788885812056579150e-01 1.062414616733485584e+00
1.053776706143093600e+00 1.097489813117436430e+00
1.095215135488729841e+00 9.317409846994241240e-01
9.594544968484117753e-01 8.271099886342279106e-01
9.892903527779833839e-01 1.003213448951261633e+00
1.008831704775301485e+00 1.034410303561215549e+00
1.096542842691191399e+00 1.042036588206183279e+00
1.130105631016512069e+00 1.048125817381363456e+00
1.113150462669661334e+00 1.032926724418175679e+00
1.050581173531178969e+00 8.841513251140371565e-01
9.364239961161340275e-01 8.943954632721765607e-01
9.727367773794316497e-01 1.008262950726215079e+00
1.100963472933998544e+00 9.655470369637975114e-01
1.120211256926234578e+00 9.657886036779832484e-01
8.435059634949131357e-01 9.818299551248180768e-01
1.017658318159121444e+00 9.943333205909725692e-01
1.147270382174870207e+00 9.128682768987658180e-01
1.137354342388732009e+00 1.041794269695246244e+00
1.108495978477273658e+00 1.000333694660104022e+00
9.073085675050770460e-01 1.119398677529223063e+00
1.080375967170348783e+00 9.430516555512107324e-01
9.158949870897881151e-01 9.721708594891559363e-01
9.904401838687187931e-01 9.366544779497747442e-01
1.113341091577776165e+00 9.628542348145652241e-01
8.956409784904383331e-01 9.448895480836265737e-01
1.058099095589324801e+00 8.877216202797139077e-01
9.629546186925701523e-01 9.829690338974395036e-01
9.682495806043519559e-01 8.729361737095886475e-01
1.029396659433935657e+00 1.063837014054939578e+00
1.176603644172776075e+00 9.402249680749145133e-01
9.999153232246734690e-01 1.016108219834403137e+00
1.097684338841399043e+00 8.504034424645713353e-01
1.057460074451740839e+00 9.664274526166336532e-01
1.191040153989171513e+00 9.634220717055652639e-01
1.169785261106866647e+00 1.078049085544812380e+00
9.705993848175685779e-01 9.412946072587400348e-01
9.458557639436587783e-01 9.541933398489458318e-01
1.066512046042660922e+00 1.149737623477299797e+00
1.069334445379000131e+00 9.165362891638462184e-01
9.245814244392988046e-01 9.263588612634167108e-01
1.099982213990205127e+00 9.591960451482872685e-01
1.054789202506737578e+00 9.815717882596497468e-01
9.097472213430106702e-01 9.076200444233063491e-01
9.537581674232501472e-01 9.563384522714799552e-01
1.007763575393202826e+00 9.164862593678037017e-01
8.526239267469953864e-01 1.014164446337229908e+00
1.032440537204494468e+00 8.628049232412788871e-01
1.142708421229277738e+00 1.055551074046663373e+00
1.017120596676481359e+00 8.281707977293434331e-01
1.136993213796392066e+00 8.772841651162620602e-01
1.072197876725922594e+00 1.096684006961793800e+00
1.021356806531179551e+00 8.101565646866841774e-01
1.134021913301567430e+00 8.505107300705984086e-01
1.018324533950573318e+00 8.129534961688291705e-01
1.019848147189252652e+00 1.040897249368782029e+00
1.048603728844154759e+00 9.349981298361209614e-01
9.618175175347052352e-01 9.475842707884211125e-01
1.013179676797675510e+00 9.624742447181543481e-01
1.123001963393344571e+00 8.861660577728104338e-01
1.062057877467479816e+00 8.634314323718945694e-01
9.912702509551740704e-01 8.626965890698435890e-01
1.102496708839213913e+00 8.920890835024656296e-01
1.096377980967400800e+00 8.890158072259051192e-01
1.107661626051108295e+00 1.044810560843568714e+00
9.821746282114491855e-01 1.015301387665846100e+00
1.118686763158474706e+00 1.033228283122015645e+00
1.115970733136868231e+00 8.983151844397370134e-01
9.128926255015052948e-01 1.035518755182800454e+00
9.793902334915987051e-01 1.024362501452527496e+00
1.103726534820613780e+00 9.469131135932867815e-01
1.009269704261302358e+00 9.730843998498478475e-01
9.060359801170748684e-01 1.243284789117869771e+00
1.203687602362277564e+00 9.753455975817320045e-01
9.024043101780905296e-01 8.203511684624350542e-01
9.227806012095758348e-01 8.888194582501514063e-01
9.215367106978709089e-01 1.037233055841839890e+00
1.089630588013717816e+00 1.058027766073675657e+00
9.020524623173744594e-01 1.110938326653795549e+00
1.182394260414519005e+00 1.011953410164200040e+00
1.002280958082436113e+00 9.770066145621447706e-01
1.023368172891266248e+00 9.103855625595778100e-01
1.000370925268225797e+00 1.118858426295017638e+00
1.179549939376202561e+00 9.543268814216234741e-01
1.155333149312217200e+00 9.823888739688985128e-01
1.060241934546255704e+00 9.397361611715004948e-01
1.069582327741362082e+00 8.913970517063358745e-01
9.949040968092642823e-01 8.973621517373955303e-01
1.129427454688160859e+00 1.115304086259373495e+00
9.454256657657100771e-01 9.651500703151986160e-01
1.021624410629698554e+00 9.336428470483132402e-01
1.034434015941672946e+00 8.166993954980220627e-01
9.777940268831050163e-01 1.056043383387074153e+00
1.015652320188179525e+00 1.005418439685047405e+00
1.067701908034361491e+00 9.608723753592341987e-01
1.097749991273584413e+00 9.858348001908512348e-01
9.695159264189301407e-01 1.078515124335327480e+00
1.023161088580897493e+00 9.630450829334159524e-01
9.739583672797511582e-01 8.276873749385645906e-01
9.996482638269197363e-01 1.002516727922972750e+00
1.151227835821137413e+00 9.902305692262722836e-01
1.071268143026736119e+00 9.756170692571661807e-01
1.187567260333706409e+00 9.026139221493314491e-01
1.051217342000384303e+00 9.164116852681682968e-01
9.323787851667942883e-01 1.010411504306124808e+00
9.469739481738624898e-01 9.014777418519285268e-01
9.385945199302297981e-01 9.284017710162839609e-01
9.784377060373697921e-01 8.794874296318681006e-01
1.046324115763514584e+00 7.892463746281441761e-01
1.080644812659557363e+00 1.017318129580326413e+00
1.096748475845218396e+00 9.270798141724310160e-01
1.042203378189454632e+00 1.024675623223608945e+00
1.224978837785946517e+00 9.085505019300219587e-01
9.904042346524432050e-01 1.072368248537583169e+00
1.129129664733028449e+00 1.031163423847931693e+00
1.042387701446803483e+00 9.198021238319533666e-01
1.013015256929960195e+00 9.344094655642903868e-01
1.095441486900717853e+00 9.746493928527836248e-01
1.207247216844124171e+00 1.144181858390996842e+00
1.011293987284096252e+00 9.500283790612157331e-01
1.011574617993560965e+00 9.846789625529932533e-01
1.076381257236427080e+00 8.877740244485564647e-01
1.034471599082801507e+00 9.080750296390652787e-01
9.555862262104443117e-01 9.182734287981934029e-01
1.078652535507931942e+00 1.117186981216277575e+00
9.447011283875941245e-01 1.118932614833916928e+00
9.350741071560192408e-01 1.052829425641967243e+00
1.092524772511645370e+00 1.055463787110217488e+00
1.070570100210897380e+00 8.619624601518189877e-01
1.102064983755623340e+00 9.866570731047215048e-01
1.018154213515909845e+00 8.982266725817193986e-01
9.702762185315036980e-01 9.825539743526593428e-01
1.027052262197778454e+00 9.795593694608329960e-01
1.037564894787514014e+00 9.964560887389921628e-01
1.132772977083158494e+00 1.058778985928252814e+00
1.027650268571000503e+00 9.319715441186722238e-01
1.006403526655584857e+00 9.760462919338227517e-01
1.056183289133986847e+00 9.956361502954338416e-01
1.223621525649553954e+00 9.118197910978543819e-01
1.033693896268940149e+00 1.039368157455561326e+00
1.020209562738712439e+00 8.495183022576151544e-01
9.669108702294694213e-01 9.585073279416405079e-01
1.093340869400751370e+00 8.096633023672358265e-01
9.645384809348889199e-01 9.879442908580639005e-01
9.045176177253434480e-01 9.301878423470389956e-01
9.718678811930888672e-01 1.017133140444076878e+00
9.369573783613875939e-01 1.030354560708690359e+00
1.033603244571746682e+00 9.440264925100803062e-01
1.163724790238068518e+00 8.903641160544848443e-01
1.042228743741812957e+00 9.131994675529534478e-01
1.054239144859830057e+00 7.868916991421275320e-01
9.627209546691457565e-01 1.035802086532796151e+00
8.944466439693414817e-01 9.148457775484962751e-01
1.014629275917658058e+00 8.775197894930563125e-01
1.036222224083788612e+00 9.526805426922796416e-01
1.025066975844394213e+00 9.850895292156528482e-01
1.023110340219868686e+00 8.691463312266781704e-01
9.690913106951960510e-01 9.102000662703603195e-01
9.911109449977923980e-01 8.735910025016592195e-01
1.046483487629673803e+00 9.405661911774652051e-01
8.588342062378944153e-01 1.062571378003264844e+00
1.096724406903454518e+00 9.501361672158833427e-01
1.085211662634466112e+00 9.176610336274025892e-01
1.077017462245295487e+00 9.111000893212279905e-01
9.910903672700960287e-01 8.264446106542355786e-01
9.233265906458159034e-01 1.058114454427064199e+00
1.028201104903314178e+00 8.826875162187904911e-01
1.025404849707969301e+00 1.011288943646178051e+00
1.047563998584357225e+00 8.432580484202416571e-01
1.115508072412818130e+00 1.090318070832942965e+00
9.956169950344924136e-01 9.502082890671125215e-01
1.153778529401826125e+00 1.094908823168476708e+00
9.297191444421741835e-01 9.469289860651047830e-01
1.105488028693213609e+00 1.045660363307246099e+00
9.839961915216890453e-01 9.350787502056661094e-01
9.668132224153002108e-01 1.085306575011862229e+00
1.000877293596806217e+00 9.260907474160433583e-01
8.684275373605837567e-01 1.071587071747639008e+00
1.067659295865329039e+00 9.468321594627664428e-01
1.126858019995112370e+00 8.802866082148229632e-01
1.100512088137115763e+00 8.913360665693367269e-01
1.058167006317991099e+00 9.077944025119127902e-01
9.034285363436397320e-01 1.052348089560935840e+00
1.049403794825825464e+00 1.050079791038366572e+00
9.607912243763245819e-01 1.093264145841653878e+00
1.017704408329445531e+00 1.024912128388332233e+00
9.924365301610149626e-01 9.735060605816734380e-01
1.007398616851254980e+00 1.056398481107354126e+00
1.099646051391544921e+00 1.079718807888635279e+00
9.223151792568835550e-01 1.075758457133435764e+00
9.996738752238336634e-01 9.771973799630900848e-01
1.007663754265427647e+00 1.056298105626749528e+00
9.619029288842301240e-01 9.579794246996311546e-01
1.071286229746773122e+00 1.021210783038071446e+00
1.108280780150498801e+00 9.263193115898202823e-01
1.106680394920464439e+00 8.783259029642507265e-01
9.341640501711341305e-01 1.095624938810624283e+00
9.302946456814351617e-01 9.808932377819774562e-01
9.504970909521692768e-01 8.540630435969367440e-01
9.777448324785444900e-01 1.018859155051941912e+00
1.050331023860178847e+00 1.009137258140470728e+00
9.446831009587487449e-01 9.472372176737375860e-01
8.841704929628992904e-01 1.020472879045091430e+00
1.089686088679232112e+00 8.069685517024069998e-01
1.010423208978037390e+00 8.413414033510208112e-01
1.073386302600293662e+00 8.837664015297413966e-01
1.012100797382749384e+00 1.031764321382454774e+00
9.225644087154143413e-01 7.790995128637315803e-01
1.018032989114437958e+00 9.442354259087045731e-01
9.482341473163088397e-01 9.227779339691857263e-01
1.019643589393050886e+00 9.701017508579855564e-01
9.964091818177241988e-01 1.051015341036785733e+00
9.905416704563414498e-01 1.050134173518005865e+00
1.021126623998039884e+00 1.095810657668149224e+00
9.869778452371348321e-01 9.129561021824851297e-01
1.020276311473288233e+00 9.380400612688473139e-01
1.040356822420887450e+00 9.313306937776781869e-01
1.248042421848140293e+00 1.039826198611291330e+00
1.129756953700111310e+00 9.758812285248151808e-01
9.272461838901545628e-01 9.757803924085401981e-01
1.046192795923706065e+00 8.850576835182493163e-01
1.074748411536913695e+00 1.026442889286926841e+00
9.262170713365672770e-01 9.130842563414952595e-01
9.438043339936021958e-01 9.679496689740552107e-01
9.704571700417792268e-01 9.937364139666623464e-01
1.007430620540431088e+00 1.057496630857761355e+00
9.996941829380183719e-01 1.081620539472237130e+00
9.713989716941842101e-01 1.041091422229175167e+00
9.257140348287671294e-01 9.039454125264593243e-01
1.001219670420657515e+00 9.642100836949155651e-01
1.096759862829308485e+00 9.841644364999697636e-01
8.993370322150258112e-01 9.342753996741496314e-01
1.089807051259066073e+00 1.018275229298856166e+00
1.044422054650348208e+00 8.733525258507999212e-01
1.123214427693123296e+00 9.170322533388320929e-01
9.536803764572902020e-01 8.841940829846204331e-01
1.203857479879370640e+00 8.715172297007892643e-01
1.145139809860710178e+00 1.036286517430705656e+00
1.030004482107280461e+00 8.852567924182408454e-01
1.184972589117127884e+00 1.000934551822707297e+00
9.702080107824875288e-01 1.038202107193019641e+00
1.029026270311025781e+00 9.742580746897891997e-01
1.035875522356275669e+00 9.389657833316515934e-01
1.064359786979385047e+00 1.018454893174499443e+00
1.100774952387441719e+00 8.866272463221275268e-01
1.061516588819135576e+00 9.136659693633467638e-01
1.110765090607560568e+00 1.033913525807128808e+00
1.067679848532537168e+00 9.894279565204842086e-01
1.107168794563572423e+00 9.588896886094736560e-01
1.130636935581138536e+00 9.679868594327550868e-01
1.001499832207977114e+00 9.007295701870692284e-01
9.955526269280667861e-01 9.729885707777952142e-01
1.072843653317276935e+00 8.949602656241337773e-01
1.027514553349408111e+00 9.136957836614376660e-01
1.051518974735548673e+00 8.697123060123708171e-01
1.120228007997288833e+00 9.677080428761448694e-01
1.082286910939400659e+00 8.373465932767615305e-01
1.133122449044870139e+00 8.601832534631870253e-01
1.132661717082476205e+00 9.660746520278886695e-01
7.841657723010592163e-01 9.963017714915196610e-01
1.058601738788148783e+00 9.222820915346328086e-01
1.041035837612428683e+00 1.007873502165401502e+00
1.032019734272144884e+00 9.641487059612473542e-01
1.054643539856835899e+00 8.154828864701880731e-01
1.106826272567695391e+00 9.678287461187810026e-01
9.706831372210107389e-01 1.051888139326799809e+00
1.040433833243276984e+00 9.639851598741440153e-01
1.042480693129067548e+00 9.454650553723242812e-01
9.072261684067892684e-01 9.948491950648519211e-01
1.039769394890865062e+00 9.921374393214734688e-01
9.668053311135007544e-01 9.849706940865986526e-01
1.066046462026266850e+00 9.596238069762879075e-01
1.023442899375675008e+00 9.310223025431445532e-01
9.526010963215081340e-01 7.954102477705594643e-01
1.130628549843051944e+00 1.071224385486972075e+00
9.420492933538641145e-01 1.107448657792334146e+00
1.016066423514978778e+00 9.337809822709047802e-01
9.858214705349918061e-01 9.804395205047474748e-01
9.633423535367930945e-01 1.060236048105517082e+00
9.543391465581142485e-01 8.981166367304557197e-01
1.151410842416975333e+00 9.027272369722051382e-01
9.475833938871792705e-01 1.020486098378289519e+00
1.166096039421511854e+00 9.676493013682863076e-01
1.026719956809010403e+00 9.162475836347749869e-01
1.077483479423428925e+00 1.011612265946827849e+00
9.871649816246738096e-01 9.678586983487644790e-01
1.033162138164134936e+00 1.091722148601201869e+00
1.055061742069516750e+00 1.034225806812457238e+00
1.144728580440656396e+00 9.302859325314766226e-01
1.152585413406454817e+00 9.849558761922554417e-01
9.762212559384418897e-01 9.409564812694246605e-01
1.093807299545614509e+00 9.796826588583168460e-01
8.518336875345650094e-01 9.387603747079675820e-01
1.044142958907928298e+00 9.704226092941364845e-01
1.038311497135508521e+00 9.265493825671207162e-01
1.070182737418244878e+00 1.097181495346971625e+00
9.813751950869169516e-01 7.869294929001602323e-01
1.068046746036372729e+00 9.911579745494479843e-01
8.157074924070644162e-01 8.767008276919310283e-01
9.912266271813391372e-01 1.007442076061326741e+00
1.072788769244658491e+00 1.061533250083429136e+00
1.028303485979400467e+00 1.103956744476472185e+00
1.184408396228145088e+00 1.042900858106940554e+00
9.999181330425013225e-01 9.646628570941088165e-01
7.511425849313853043e-01 1.084689075925836521e+00
1.088516289439681595e+00 9.777893182336547806e-01
1.099325219415618005e+00 1.040249135446719819e+00
1.033116889532209370e+00 9.480467782011193778e-01
1.000629784684338386e+00 8.305389509038431095e-01
1.062867941166757646e+00 9.762339699346956889e-01
1.016609880795705356e+00 9.117194991130462833e-01
9.598597972682513246e-01 1.010317186245806464e+00
1.066223214247171480e+00 9.953401001688311212e-01
9.919893260163265003e-01 8.955313131592573805e-01
9.496360745454348606e-01 1.068469149728255685e+00
1.165462970729012504e+00 9.265915192386307009e-01
1.109298644299255399e+00 8.467417919145766581e-01
9.593430754232517010e-01 9.816607002812294258e-01
1.053440461663287531e+00 8.456983196511647094e-01
9.453799963364561965e-01 1.046632166493099092e+00
1.072442507211314178e+00 1.097311068838819237e+00
9.056501918376762550e-01 1.030428895262494482e+00
1.135632189076240417e+00 1.050256598390638008e+00
1.226609691730371710e+00 1.075251405978886909e+00
1.178709413502615710e+00 1.038185428201504612e+00
1.097351905945425532e+00 1.207758587202015121e+00
1.027160699067619642e+00 1.039256587532850551e+00
9.998641166087194332e-01 8.681793046982460016e-01
1.018202406563986306e+00 9.823646362294834455e-01
1.093409144074038108e+00 9.056411912248440998e-01
9.416381646536085004e-01 9.115986939349074447e-01
1.032588778362671489e+00 1.065842820867730190e+00
1.144632432249779175e+00 9.619254712708746879e-01
9.918841147384567236e-01 1.005346130194081811e+00
9.973378412798923343e-01 1.071737354278679000e+00
9.468305806347547815e-01 8.911430827506393593e-01
1.020278610109646378e+00 9.366200905210013694e-01
9.152638513573986279e-01 9.826201454389170697e-01
9.981394037138845432e-01 1.081027973909129525e+00
9.621330492200858009e-01 8.881648199328243676e-01
9.189393748851011345e-01 1.016354692994137832e+00
9.673531564434049157e-01 1.047842382136510153e+00
9.674798043314306595e-01 1.055348170115032014e+00
9.734347088303454409e-01 1.012723120641128016e+00
1.042677474940248317e+00 1.033849868840593933e+00
1.114194000326094169e+00 9.260549076762253362e-01
9.900550843969229131e-01 9.344182308274876503e-01
1.038039544218560373e+00 9.470956013829154863e-01
9.718220898812003350e-01 8.746072399104729556e-01
1.049990506481358166e+00 8.320566034116430032e-01
1.096140040283737127e+00 9.419287732303953664e-01
9.604257375804735597e-01 8.985642422410458074e-01
9.309247800232600678e-01 9.999377757308075543e-01
1.060485279679446391e+00 8.881430610798484171e-01
1.101911085756089204e+00 9.647473379106122904e-01
1.001226687454194408e+00 9.722743247917369214e-01
9.133745395555079583e-01 9.735765206496905799e-01
1.010966536494279477e+00 8.993310659138753493e-01
1.003391988281742364e+00 8.972306063669386322e-01
1.030194967284388419e+00 1.033001806356261154e+00
1.020593010344095664e+00 1.007809984200275011e+00
9.739384406733321287e-01 9.481471038718308764e-01
1.091667445700282180e+00 9.429594203984534850e-01
1.103515225602024419e+00 9.547670431322492490e-01
1.118112591565876057e+00 1.017490721494714201e+00
1.016658730245156850e+00 1.057442377804565625e+00
1.073749458551216840e+00 1.095946941838364053e+00
9.924195247371936368e-01 9.339560709992084098e-01
1.023899925930613186e+00 9.882185422469239588e-01
1.027867222327898844e+00 1.071770102068029251e+00
1.005401815680295075e+00 1.022949508301946420e+00
1.059793252125303287e+00 1.073696402253997650e+00
1.063545524205633530e+00 1.007723955301155438e+00
1.251142582380420976e+00 9.848696173665810738e-01
9.672497816343333943e-01 1.028411592488847504e+00
1.008693869952570710e+00 1.113008556074952748e+00
9.954198255319853805e-01 9.531203974836762738e-01
1.105458018381974217e+00 9.652976542514131175e-01
8.808485922075696140e-01 9.508712453366235939e-01
9.973164874692388437e-01 1.081626649581101107e+00
1.069167746260704321e+00 1.002335541383998274e+00
7.400186370703049077e-01 1.020244943755184375e+00
1.197103664434404857e+00 1.049482130508493594e+00
1.153964291498083883e+00 9.493048883351469236e-01
8.604930431703918803e-01 9.719017013065904820e-01
1.081460749463171611e+00 1.016125650011397985e+00
9.246896306870214799e-01 9.460802677109604319e-01
9.016407455633812518e-01 8.863577328461842431e-01
1.052278613422301889e+00 1.036011897140989735e+00
1.133007633144882620e+00 1.071030826546768955e+00
8.712087878333327762e-01 9.905984230803047685e-01
9.639637826923708186e-01 9.631718487758275105e-01
1.059996105869524419e+00 1.004032319587879307e+00
1.219090106848462751e+00 8.876627465596962363e-01
1.003732485844731848e+00 1.061034909347194688e+00
1.204483714100185399e+00 1.023752861893787003e+00
9.817749540784699303e-01 9.091380974480063326e-01
1.019916360316901471e+00 1.046376591744908380e+00
1.139573568157994599e+00 9.032920156435905179e-01
1.053703893173889572e+00 9.588081442728745296e-01
9.919878488590065935e-01 9.606363547422072102e-01
1.009891642446780535e+00 9.215780569215145102e-01
1.019380073034649614e+00 8.861640067019608269e-01
9.296100051372243600e-01 9.596840925407637002e-01
1.004827923430081427e+00 9.979983124360142233e-01
1.091821409766482898e+00 1.123524817386008401e+00
1.049667456199036231e+00 1.000825397198821021e+00
9.620536821373084635e-01 9.686384289853493534e-01
1.019484481613629923e+00 1.050482528479182109e+00
1.021555600767810601e+00 9.081503530320692574e-01
1.014164644366694290e+00 9.506365420690439105e-01
1.098920729678640740e+00 1.016831263087694781e+00
1.087573563680020339e+00 1.029747768453593615e+00
1.053131559109461879e+00 1.079556039137712142e+00
1.180067191786417391e+00 9.411087856957672804e-01
1.097340180937290244e+00 9.851100169167903431e-01
1.068042673774745266e+00 8.418466903738109908e-01
9.011255029310142328e-01 1.020003892444347970e+00
1.011694382786292978e+00 9.212000012541952110e-01
1.026437619849712490e+00 7.709719101818768294e-01
1.031730962737799295e+00 9.105141669653202818e-01
1.086674717930357970e+00 1.067217823014769085e+00
9.481377334519230926e-01 1.040301752179974670e+00
1.048736228059521380e+00 1.024998452451177045e+00
8.918505101985223504e-01 1.032089315387696882e+00
9.644257948644430201e-01 1.022705206178374349e+00
1.069202915893548322e+00 8.754820843848402090e-01
9.749265120017471808e-01 1.085837073068142145e+00
1.001055419468700469e+00 9.730032919529393309e-01
1.036800955785932121e+00 1.131134178837837512e+00
1.016707165963084636e+00 9.428950583974220478e-01
8.988121468074415921e-01 9.572240244914621554e-01
9.098972265695660644e-01 9.764312669337917860e-01
1.038054781860641373e+00 1.039419141116131984e+00
9.785200296516096685e-01 9.480059489351756463e-01
1.103490161122879343e+00 9.695823262825449262e-01
9.685862926003607765e-01 9.747862398806358408e-01
1.206969545129962684e+00 9.320170181856913816e-01
1.027928694493270623e+00 8.274501567192782403e-01
1.048052903632167299e+00 1.114700327873963781e+00
8.068139369968030383e-01 1.135595564567256410e+00
1.090545420746554806e+00 9.624993791404020671e-01
9.040735743791639134e-01 9.820942948525349658e-01
1.042403687896151343e+00 9.850466054775859348e-01
1.102820299845607810e+00 9.405773739918050769e-01
9.701387267677471504e-01 8.372577017292944790e-01
1.157918549292757726e+00 9.869933706467600709e-01
9.616978560229004769e-01 1.080121560054043250e+00
1.001183327970306403e+00 9.444375020717149516e-01
1.042292264463363871e+00 1.010967855914273406e+00
1.106929864352181658e+00 9.895669337183184977e-01
1.129535941679169042e+00 9.101519286468462422e-01
1.052022899946193135e+00 1.018323839895315164e+00
1.031990485552106485e+00 9.567904939065959846e-01
9.252602386827560865e-01 1.031668269829133289e+00
9.166824175806772557e-01 1.022098594239233549e+00
9.959591977773103455e-01 1.059097810602491752e+00
8.275444329939158905e-01 9.940389130774699433e-01
1.274146644753643587e+00 1.097738633672086905e+00
9.242940381727113852e-01 9.976157918753919551e-01
9.990534256942020797e-01 9.189736884914059267e-01
1.157949605960093775e+00 8.472836560160732500e-01
1.075058540006253116e+00 9.177674120662935309e-01
1.067604153749453832e+00 9.320126311429185462e-01
1.081101983831379121e+00 1.104569049808455050e+00
1.214115440413002789e+00 8.975610103456338473e-01
1.046369938097099661e+00 9.067454422382855705e-01
1.026232453309867898e+00 8.750733255276941236e-01
9.755552765627959477e-01 1.147335893766083359e+00
1.043671726032608715e+00 9.373485344503305061e-01
1.017127713907782116e+00 1.086876417230896896e+00
1.127262301084630103e+00 1.105807795084196909e+00
1.123087045802211303e+00 9.907957258854309668e-01
1.013390949701981292e+00 9.251225319453442175e-01
1.180994116660673665e+00 8.555333611634691193e-01
1.140328581916804973e+00 9.952704946912277473e-01
1.039121704701409632e+00 9.720941542298886517e-01
1.115227273118392537e+00 1.008242111362037674e+00
1.000577666552767031e+00 1.027063564191742051e+00
9.335881084823745013e-01 9.005983947786887489e-01
1.029858965678944971e+00 1.024876170497278860e+00
1.019746333482616230e+00 8.516195512345694496e-01
1.071515261115894235e+00 9.230195107650368547e-01
1.104236651627938715e+00 9.549004746776738051e-01
1.043253811110496754e+00 1.021445642447285751e+00
1.013452586621809148e+00 1.016273519075356013e+00
9.208160950473182060e-01 1.029090634262478821e+00
9.820411684137917430e-01 9.331093290948180297e-01
9.698812821738798107e-01 9.063875801499012841e-01
1.073360291034009206e+00 8.862235463185723638e-01
1.246283054237534271e+00 8.984951513238194076e-01
9.838182503513148713e-01 1.153975809447524981e+00
9.773368159189983473e-01 9.444666460025631372e-01
1.026487599745733004e+00 1.015394713737495902e+00
1.036493637628927322e+00 9.025432723030784032e-01
1.002726037837608386e+00 9.635000573661998136e-01
1.048624566387180712e+00 9.875834600051376366e-01
1.080520751187269868e+00 1.103176910381640674e+00
1.111172137813709160e+00 9.135071992058965140e-01
1.081465364509252680e+00 9.363279852221760846e-01
1.088584221973047050e+00 1.109188617213028971e+00
