1.205756184260035058e+00 1.116297172762994006e+00
1.251134176107196794e+00 1.152730289176452594e+00
1.361341569545056140e+00 1.265583332843851050e+00
1.276970163120078938e+00 1.175860578385795829e+00
1.212774573050906080e+00 1.268060052979896657e+00
1.162980170293331561e+00 1.071707651040575637e+00
1.211055778794381421e+00 1.212217046144882682e+00
1.105375456722838656e+00 1.234000042189569157e+00
1.241353740591942145e+00 1.213732587614909653e+00
1.264530491409038726e+00 1.098116501692058655e+00
1.246106116485715676e+00 1.083883560850258609e+00
1.136010457334411194e+00 1.083726697071811795e+00
1.325019829349615819e+00 1.350240108438323761e+00
1.231392714877077799e+00 1.276830631344185951e+00
1.189520982182043607e+00 1.057594251680618269e+00
1.104085674871044809e+00 9.811074386764886412e-01
1.206091023208756274e+00 1.158070325941090273e+00
1.290319953697423028e+00 1.338394061972411953e+00
1.289228570733557788e+00 1.218417524010913411e+00
1.191235657843930262e+00 1.196986968136547036e+00
1.426484151405656986e+00 1.328740583706478295e+00
1.255294736999330141e+00 1.186359737269068848e+00
1.118032424338100350e+00 1.091550150793156648e+00
1.258825267561863859e+00 1.309114468375404128e+00
1.104361479464187390e+00 1.059711290949059803e+00
1.151824052309811774e+00 1.029853151301749259e+00
9.745122431449504408e-01 1.130954365080885315e+00
1.269410238849360661e+00 1.281888452556414260e+00
1.289372656691459840e+00 1.105300900486759552e+00
1.255708861288785227e+00 1.181617912597141107e+00
1.332727958203490992e+00 1.227177537438168820e+00
1.104821050801244375e+00 1.272092722543410437e+00
1.230815236536484836e+00 1.126857431580019053e+00
1.230086514324766789e+00 1.227527914483584226e+00
1.162853405205125590e+00 1.180510018263310812e+00
1.344477549424371920e+00 1.209422939112226203e+00
1.087241625346740292e+00 1.123254054651617206e+00
1.246779390919523944e+00 1.106495851264567953e+00
1.246663919886949801e+00 1.226975064583886388e+00
1.311204624119351569e+00 1.191358885895703157e+00
1.098321217568301478e+00 1.206058433456012935e+00
1.446348906890398522e+00 1.210969974153812911e+00
1.355729575763542805e+00 1.308571724685598570e+00
1.331177881661478990e+00 1.100796284420558990e+00
1.197664073367928905e+00 1.107525812806596566e+00
1.377916473766538807e+00 1.113528785232924756e+00
1.304078858777270922e+00 1.179992237689938328e+00
1.207007012654075284e+00 1.161338323297077091e+00
1.203306265396792973e+00 1.219735806169458758e+00
1.208182490774180273e+00 1.300504059152156611e+00
1.244516013586563385e+00 1.073080215514332636e+00
1.186181768581287876e+00 1.208660157824756665e+00
1.215035820508722386e+00 1.091864013270693601e+00
1.251703849773186272e+00 1.141085006926852996e+00
1.074803890688832197e+00 1.048863886032331161e+00
1.143773014975498770e+00 1.122500109991990680e+00
1.253009624502302799e+00 1.182153032551389815e+00
1.134547686689326484e+00 1.259534548684981381e+00
1.238096465493377041e+00 1.048238734419175255e+00
1.278552999496182396e+00 1.160397482141273251e+00
1.165926429969368350e+00 9.912773239053718211e-01
1.233917026099649705e+00 1.012341397501535623e+00
1.309112956232555414e+00 1.396723880038387433e+00
1.259345746583861336e+00 1.104134651293871450e+00
1.420450116595076695e+00 1.272147718562911978e+00
1.178068657820305232e+00 9.728042392861089294e-01
1.262583159997760163e+00 1.241591417553842502e+00
1.198546815915311647e+00 1.121379575802596396e+00
1.076064663934809928e+00 1.059584909349365667e+00
1.174827267413421916e+00 1.088289668744553129e+00
1.231030113173021023e+00 1.074267506927401472e+00
1.205186038129525850e+00 1.057549882681048770e+00
1.249995802442174231e+00 1.106118768126387097e+00
1.257871640875942498e+00 1.026504010976170944e+00
1.337353122634441283e+00 1.113140690625671336e+00
1.273725592313550203e+00 1.178622851292836060e+00
1.118971473312944109e+00 1.160495839705088406e+00
1.421990160489593258e+00 1.340762704980009934e+00
1.392321576587087550e+00 1.147282116925496087e+00
1.098339440413920398e+00 1.239838744934807613e+00
1.285742602730095996e+00 1.276283014264805615e+00
1.239676008943763286e+00 1.125221707467397803e+00
1.287313750696391867e+00 1.254619755035634387e+00
1.129160632605341830e+00 1.361881882834808710e+00
1.374246987813358079e+00 1.165228797505746483e+00
1.094566089892292871e+00 1.041215047183232878e+00
1.217890171664675947e+00 1.103983686723360114e+00
1.116967480100514498e+00 1.285553173046282804e+00
1.196502688919544921e+00 1.201485681264413685e+00
1.091668405355820992e+00 1.252571781713818000e+00
1.350506275097158815e+00 1.225091761203584984e+00
1.209406048736836770e+00 1.130218737459859568e+00
1.143040565664924957e+00 1.141325870418614663e+00
1.313023451977758604e+00 1.402124926222610313e+00
1.295424162998930040e+00 1.155697742317345789e+00
1.334264484655252936e+00 1.187226367522487891e+00
1.310933479795539869e+00 1.187642715926060744e+00
1.217779116457919919e+00 1.060657245075772748e+00
1.222110784433599662e+00 1.083977023224012681e+00
1.275699807844284273e+00 1.313660082154467501e+00
1.212392655290279064e+00 1.248138045230718252e+00
1.161257620062548845e+00 1.130286980105080552e+00
1.264830067045222384e+00 1.146251986154371627e+00
1.180683824891453959e+00 1.241331225576251640e+00
1.355976807743071388e+00 1.250477023511071151e+00
1.275605766063935276e+00 1.178878976551862356e+00
1.360138383201679346e+00 1.169496104088351363e+00
1.130747202149438468e+00 1.278667789175364389e+00
1.189998566618287512e+00 1.163090586268246351e+00
1.118535072867281377e+00 1.017149709767628307e+00
1.304616224968376370e+00 1.252782757757869403e+00
1.246408714195069267e+00 1.144054744556580516e+00
1.457420178149414713e+00 1.369721648981612194e+00
1.263810632975284287e+00 1.026480066082969378e+00
1.244967610513500134e+00 1.185043086219493613e+00
1.270947975488137871e+00 1.224676999112511488e+00
1.092206813202076132e+00 1.080474140444289466e+00
1.130308132958613987e+00 1.152984606760480091e+00
1.184701177243741688e+00 1.065359292568444749e+00
1.147444802002955067e+00 9.122827434504865440e-01
1.331130504230225498e+00 1.341038565176153607e+00
1.371203800323080868e+00 1.210456394526863377e+00
1.169509379961460871e+00 1.182983368646142175e+00
1.352936905022591674e+00 1.056327200502022556e+00
1.208721853464520102e+00 1.254680542120401698e+00
1.378959092754317606e+00 1.265782422801609020e+00
1.143080356906484019e+00 1.066767048782276461e+00
1.193765719425728733e+00 1.116029827941477315e+00
1.196967381981282497e+00 1.128460716454593449e+00
1.309972778762162449e+00 1.198903526334569536e+00
1.264104834191900562e+00 1.183461617410390465e+00
1.147153145967217291e+00 1.112150305901111524e+00
1.366690809467961509e+00 1.192967814034340934e+00
1.312097558291135391e+00 1.215053657228537087e+00
1.197375430995951451e+00 1.132924582263100888e+00
1.221492812906685543e+00 1.249125737509342748e+00
1.238165811288342910e+00 1.334959338772892190e+00
1.123492481633388884e+00 1.219739186215723414e+00
1.335618748627364294e+00 1.253168769505325519e+00
1.171565038148956850e+00 9.857955381225906866e-01
1.396738631570662692e+00 1.278017690155177410e+00
1.276426210733976330e+00 1.105120204117798988e+00
1.272191475319942811e+00 1.281262869822277883e+00
1.276839244488088054e+00 1.239338812221083552e+00
1.168235846390593746e+00 1.123488819624547608e+00
1.226159408708619392e+00 1.177905635721049116e+00
1.184020882498338478e+00 1.071467044500003629e+00
1.205305538590771386e+00 1.123247077699843777e+00
1.424962074590030436e+00 1.356974880993802923e+00
1.354782152387578709e+00 1.134532488444649490e+00
1.198853360691480852e+00 1.145292073868842131e+00
1.226499234254238679e+00 1.083225065871446402e+00
1.143344309368455880e+00 1.158791338523308623e+00
1.273847707257917072e+00 1.001489992364801296e+00
1.158596500087665682e+00 1.165340859196172696e+00
1.183421693550283038e+00 1.149158858086724466e+00
1.203176571108508064e+00 1.211333677596598379e+00
1.131851784717916587e+00 1.155141387381794837e+00
1.240753204682386146e+00 1.163524264753985626e+00
1.352967518155178794e+00 1.152288753399351995e+00
1.305030856830050601e+00 1.165687755884798227e+00
1.210093263042529177e+00 1.033895026095020819e+00
1.221802269296943244e+00 1.226123675314837902e+00
1.167424203270625016e+00 1.191433578202480748e+00
1.194227446278879334e+00 1.083767844138487035e+00
1.246440409769436597e+00 1.142843214311160205e+00
1.256836091482379736e+00 1.199754461256835381e+00
1.342531078453688798e+00 1.145068241610988524e+00
1.186351442747821450e+00 1.108194041624636084e+00
1.175967697448645932e+00 1.079133580250164481e+00
1.389669232928043341e+00 1.239734766423083778e+00
1.214733949552254888e+00 1.260854807195554539e+00
1.418922543899345134e+00 1.298645526807756356e+00
1.158787967236486027e+00 1.040181942555251426e+00
1.200949453328651773e+00 9.993130742126350441e-01
1.152526141170742813e+00 1.010426725622681987e+00
1.099102710812602579e+00 1.273694020629369650e+00
1.212117723476419329e+00 1.124657817061911036e+00
1.334342572531319160e+00 1.291306570896687766e+00
1.235433723183582799e+00 1.104696703093265064e+00
1.272140091356211533e+00 1.271303399400942613e+00
1.209042494968821879e+00 1.217559539364211796e+00
1.277783583762074793e+00 1.216653411338745272e+00
1.059012074804298154e+00 1.118782287229212802e+00
1.246459099975983253e+00 1.202903580982058740e+00
1.201143079071715025e+00 1.161727643823018852e+00
1.124782711677857705e+00 1.188683624690811680e+00
1.196919225655662222e+00 1.109222615098214293e+00
1.031600263811705664e+00 1.175081381241295242e+00
1.274716737253150933e+00 1.174637854648438395e+00
1.332336245545649556e+00 1.128883329616608089e+00
1.146080570146907229e+00 1.025430161333070966e+00
1.347870632060410356e+00 1.200173795193837822e+00
1.091958897808610551e+00 1.213970231606683381e+00
1.296747481728398821e+00 1.283632741933229848e+00
1.138459812155099504e+00 1.262953155449581866e+00
1.239111776908622620e+00 1.188488447310004137e+00
1.197478197714660686e+00 1.141267781016259919e+00
1.176056680075609151e+00 1.199471330540071712e+00
1.236821387218144830e+00 1.219825846581830131e+00
1.153476785245968417e+00 1.242560537992688730e+00
1.193463490996285570e+00 1.171318516101833795e+00
1.235004307176838179e+00 1.257034929899384146e+00
1.256017783376462749e+00 1.195851600449273411e+00
1.234548114866093060e+00 1.164634848426707947e+00
1.174763909199842526e+00 1.015179590133793885e+00
1.297503587385963275e+00 1.121597875950438583e+00
1.148916478891077952e+00 1.312311423572908753e+00
1.075199718061129461e+00 1.133012914352357958e+00
1.165636089436319578e+00 1.144523528472927154e+00
1.290846448620458498e+00 1.230128796473342057e+00
1.175172755216665088e+00 1.157550910706069525e+00
1.185329352053962726e+00 1.206909099464366086e+00
1.068300687516140490e+00 1.215107018197236322e+00
1.182829404887657976e+00 9.191407353308413963e-01
1.195110287197006294e+00 1.067636358331915725e+00
1.301165177361454539e+00 1.163502272345601884e+00
1.257163175106823294e+00 1.315033195720641368e+00
1.167569952594407434e+00 1.045889427712913600e+00
1.359867538560692646e+00 1.258225393530439939e+00
1.064734553374522275e+00 1.037747682536617644e+00
1.258750434491809012e+00 1.179183910795785328e+00
1.116777440445868796e+00 1.192475532502416113e+00
1.300482204234965300e+00 1.296046906925811815e+00
1.274705104241496301e+00 1.340197796328412183e+00
1.194613432017700871e+00 1.095055139392193899e+00
1.172049492767200940e+00 1.122924994373154517e+00
1.360868489194645425e+00 1.184358894104583060e+00
1.370724585606403645e+00 1.216797343614190119e+00
1.299462687711587794e+00 1.232293278711907858e+00
1.234142993086697393e+00 1.245185697683638404e+00
1.327179526940194920e+00 1.159657232819635286e+00
1.434275494869932999e+00 1.367050719047536944e+00
1.149314463571323275e+00 1.075837033627817574e+00
1.066509504376866646e+00 1.120330934126330558e+00
1.144132077918981638e+00 1.235273824331584169e+00
1.240011883527284642e+00 1.295218160686136821e+00
1.115483360785125999e+00 1.184674458649229489e+00
1.119766747783342620e+00 1.208280051909517594e+00
1.107094132658537289e+00 1.054812130131799197e+00
1.187233485769983554e+00 1.106609446753800796e+00
1.180015533430462060e+00 1.082306261618243504e+00
1.193159645746127540e+00 1.220265723221653387e+00
1.268577078840830374e+00 1.214554404665342702e+00
1.344921536870685941e+00 1.149183740811474008e+00
1.304212941982797025e+00 1.129291829199594588e+00
1.203590137826977324e+00 1.113611082358327620e+00
1.329995276673255900e+00 1.081003043907900363e+00
1.332289609871044611e+00 1.249905652820174184e+00
1.280778849686039278e+00 1.193383748285284263e+00
1.363490786744223637e+00 1.181285211503877219e+00
1.228112553536566898e+00 1.327551117131315683e+00
1.214433746243657852e+00 1.175055707476560851e+00
1.262913853062087366e+00 1.199637039699704477e+00
1.418843055386911356e+00 1.275687923221039188e+00
1.224474783767706576e+00 1.054031071026433564e+00
1.208087560860923615e+00 1.055236143190950493e+00
1.208145082342599208e+00 1.129186356810162772e+00
1.461919343799066295e+00 1.303877948225652172e+00
1.212986804776799765e+00 1.163809135657721816e+00
1.394690978347714827e+00 1.244713067075917667e+00
1.214019147855010639e+00 1.122976642053449936e+00
1.147989925599531169e+00 1.135702073045452565e+00
1.337719817769012831e+00 1.140488166651957069e+00
1.283940397961250479e+00 1.157172315454527256e+00
1.238407854949202358e+00 1.083810811623637571e+00
1.256215680109375343e+00 1.120420733023016258e+00
1.200776004351098214e+00 9.935197965147747334e-01
1.331011962591655662e+00 1.121556601961138933e+00
1.179935179324886452e+00 1.133058103941259276e+00
9.671628957553700667e-01 1.139740485824974892e+00
1.345413463438600132e+00 1.264004949084484908e+00
1.251214786001736634e+00 1.269047884608935473e+00
1.341392449559302369e+00 1.250512615880470912e+00
1.278215102571562456e+00 1.095164710678526498e+00
1.311108473541944486e+00 1.186488186299473169e+00
1.218032405624421610e+00 1.268443273565318830e+00
1.251287295058592708e+00 1.175389125127945800e+00
1.198997991912566174e+00 1.142730312158880768e+00
1.072214593819958317e+00 1.124074569205349761e+00
1.261205908167026823e+00 1.230721572729037261e+00
1.124002071547019588e+00 1.122031331329160775e+00
1.226643171542578292e+00 1.254024235771059592e+00
1.329160088450908717e+00 1.229800042491522749e+00
1.089134411405743963e+00 9.578434887415174792e-01
1.232911720511075337e+00 1.187679867095136954e+00
1.195119767976428493e+00 1.333185377966178198e+00
1.242895777972451210e+00 1.148638089781411908e+00
1.251355667788333070e+00 1.291468717284525836e+00
1.132169583901808441e+00 1.186775072589766777e+00
1.147316191826908582e+00 1.098391953721361336e+00
1.232961447163031465e+00 1.065871754591310561e+00
1.205249938320746006e+00 1.281175889711846816e+00
1.243843841551364182e+00 1.018587587778764014e+00
1.145356531012037937e+00 1.161223908408153482e+00
1.346084480207315526e+00 1.291916588110743502e+00
1.059098238933388947e+00 1.065669380918082165e+00
1.144051086389959337e+00 1.246856704553638284e+00
1.297260306705618094e+00 1.275383294862320271e+00
1.355635790291052967e+00 1.194665201829148371e+00
1.279980681026978706e+00 1.076357780584600077e+00
1.073959559001357311e+00 1.029715714350084577e+00
1.301308434162928629e+00 1.212688445109070701e+00
1.048912072556322572e+00 1.129426925610659049e+00
1.257495897194004009e+00 1.162831184355386460e+00
1.321576362748382749e+00 1.203582972630788728e+00
1.299617670550938797e+00 1.285112074457849474e+00
1.184002662521043359e+00 1.021195673796019721e+00
1.309088886598720247e+00 1.209277472979935153e+00
1.036479457687165429e+00 1.104495726483961660e+00
1.323122514348720191e+00 1.356086191229060711e+00
1.216991108062426052e+00 1.283337681723897949e+00
1.230060103310523179e+00 1.311362790569404302e+00
1.335389207920031351e+00 1.260489586243131344e+00
1.200835328583137240e+00 1.145794522416178518e+00
9.106966654917584281e-01 1.237724562419882934e+00
1.227773015299570281e+00 1.128053573350402017e+00
1.209163720652839169e+00 1.179602551429620227e+00
1.264591091185291782e+00 1.176178904763369948e+00
1.209718266494951955e+00 1.093805287549666216e+00
1.375892548439898055e+00 1.316716711085326841e+00
1.198864013347771929e+00 1.139176874321925270e+00
1.130760161598163727e+00 1.138762266905893439e+00
1.301719422171286222e+00 1.337235021085926512e+00
1.221812531180762607e+00 1.119355099836385703e+00
1.174530124673419440e+00 1.273171257611287022e+00
1.333940473793457926e+00 1.164121476746048822e+00
1.194744626147940192e+00 9.756771805635695571e-01
1.211247211461837336e+00 1.233613637631493010e+00
1.350252548800215724e+00 1.155541982355120290e+00
1.205800313950295966e+00 1.249801338548180762e+00
1.237383513012285441e+00 1.303443059165267481e+00
1.124912482790169088e+00 1.238736387880637224e+00
1.221676351610173406e+00 1.115501770581488472e+00
1.387198765904473774e+00 1.242671927705348622e+00
1.376326460433979548e+00 1.247111232960981031e+00
1.226996372845043703e+00 1.331661021964390734e+00
1.165038911571106395e+00 1.204822880082949021e+00
1.203833071702615332e+00 1.081967235508468628e+00
1.177031618881451580e+00 1.156344345008446961e+00
1.222943690500724045e+00 1.019096439945544441e+00
1.126766728948972895e+00 1.148629904527677992e+00
1.174762040694501852e+00 1.216145738817782318e+00
1.268173028741210739e+00 1.139153715666903155e+00
1.193126317569553674e+00 1.204959932934096090e+00
1.116515315712776291e+00 1.201036027532512485e+00
1.005335692612624010e+00 1.074731417973474823e+00
1.224788433485445083e+00 1.155987767330425520e+00
1.095158171852163465e+00 1.154940220363969150e+00
1.243192375328062704e+00 1.224294913365449933e+00
1.198976947752678157e+00 1.141037732312850661e+00
1.096894014476076373e+00 1.144119808105065861e+00
1.304400129000344188e+00 1.317354600798308795e+00
1.366320202570853182e+00 1.358284106626294507e+00
1.123177766779646092e+00 1.179208417363241335e+00
1.228806995944232039e+00 1.170285428359572721e+00
1.329709934951906591e+00 1.147500220589900088e+00
1.184353708640939029e+00 1.146237594907839163e+00
1.205921277785216850e+00 1.132285693748134481e+00
1.162284320456327125e+00 1.174036110843726721e+00
1.163319899959543768e+00 9.385628528727927300e-01
1.151814299043377510e+00 1.054337379352561443e+00
1.212515917981414004e+00 1.116777195099578623e+00
1.236360887370153705e+00 1.252513067830264948e+00
1.198901466385452030e+00 1.039276517576976699e+00
1.243052611569925858e+00 1.156499231730192534e+00
1.260636064732690853e+00 1.222141286487717471e+00
1.222065628400996307e+00 1.207730048877738271e+00
1.238586289440027466e+00 1.138433947020677905e+00
1.148994550871609954e+00 1.101885906329592268e+00
1.226964347005378819e+00 1.252805314971552564e+00
1.147565706558335785e+00 1.151647323619123142e+00
1.088927264798796424e+00 1.061667909695028333e+00
1.211037018544169230e+00 1.158187312658209844e+00
1.203835713565207355e+00 1.063774357868495946e+00
1.253353094792654110e+00 1.221261116594587692e+00
1.182515844315096265e+00 1.178708465249238113e+00
1.378837687288758884e+00 1.361033635369226058e+00
1.205898916232544860e+00 1.135846636057986858e+00
1.261381668816919044e+00 1.232139135002420893e+00
1.142985231504557886e+00 1.229996744376041118e+00
1.107955168245686961e+00 1.183755623123955214e+00
1.352752597454473182e+00 1.264565193157331402e+00
1.285842615115498022e+00 1.237577345932348249e+00
1.340651121216023478e+00 1.159449644853649541e+00
1.281199115381823628e+00 1.341788342178994675e+00
1.131435544304164820e+00 1.209957018516981897e+00
1.312086465616714159e+00 1.262863705818728866e+00
1.270867933758440094e+00 1.158072541002006961e+00
1.158233491849340879e+00 1.148609540480644897e+00
1.240718642484869072e+00 1.329451745612811653e+00
1.155314111505841179e+00 1.144374390506615047e+00
1.025061376894823795e+00 1.202507450725984528e+00
1.366192771108567072e+00 1.277800583188865025e+00
1.270479123015260559e+00 1.136669083807984482e+00
1.214390037876525774e+00 1.242524624071267514e+00
1.290051874164414247e+00 1.270943426323545511e+00
1.116443641837073342e+00 1.127737928638055998e+00
1.108856916558307537e+00 1.058510634176501819e+00
1.254471020563439509e+00 1.255058653354395259e+00
1.255678654610582479e+00 1.247277041443649592e+00
1.166591187414348196e+00 1.226826936824373604e+00
1.279545940804321713e+00 1.293798173365541704e+00
1.295999099895429385e+00 1.186266703516502430e+00
1.513643720581356211e+00 1.268797331813977136e+00
1.290737097631074581e+00 1.428948802034259336e+00
1.393173440783665340e+00 1.232144784331115517e+00
1.086075550289534508e+00 1.059610106959000042e+00
1.154890766434417682e+00 1.254445549766484813e+00
1.332724068357763691e+00 1.136824328617776603e+00
1.284158440440073878e+00 1.161015538621436471e+00
1.155019252001031616e+00 1.144131508755775961e+00
1.257805340842575337e+00 1.199040417005136527e+00
1.219035023847777177e+00 1.145362013657178046e+00
1.114238098146204337e+00 1.138107328196393597e+00
1.169971850517868228e+00 1.122806383489247217e+00
1.337591205911379033e+00 1.356416270992966355e+00
1.295725628980999522e+00 1.244151390328245954e+00
1.150562032744657293e+00 1.128615285744787533e+00
1.308266176137193648e+00 1.303052538856353637e+00
1.285819904436712235e+00 1.131785524316725633e+00
1.166830648029612671e+00 1.122672580120103181e+00
1.277708287738701820e+00 1.224157961207818390e+00
1.218018063334688206e+00 1.181766754833496247e+00
1.185121421631582850e+00 1.194285122817522193e+00
1.433538087715814591e+00 1.181232610316509613e+00
1.398401466345664979e+00 1.323939924900822351e+00
1.284274707629106560e+00 1.104423150534706188e+00
1.139493607894760618e+00 1.200637281991766114e+00
1.269384325523201351e+00 1.198649584540663282e+00
1.151328232884869962e+00 9.738502936753166139e-01
1.232600473323268719e+00 1.121590682330193101e+00
1.482216045714097374e+00 1.444279888420424429e+00
1.305766953798080054e+00 1.351029153453685128e+00
1.480933651349379154e+00 1.343890041782497269e+00
1.127806880607943096e+00 1.262178720860957171e+00
1.156797590949998122e+00 1.192212172137984139e+00
1.254680653462596274e+00 1.080694738821497358e+00
1.155718524113048096e+00 1.258178763868645911e+00
1.169440139149262814e+00 1.139915747735903873e+00
1.299669409034480250e+00 1.405420377667314646e+00
1.211125757064819952e+00 1.135745691517382028e+00
1.044717314756851367e+00 1.063504075739718058e+00
1.169335617923881188e+00 1.218540549325859423e+00
1.278225140531684900e+00 1.210475833970801940e+00
1.170633507606477552e+00 1.217378039126692402e+00
1.236915633383327773e+00 1.149750711418850546e+00
1.190009173391716413e+00 1.149885241366551458e+00
1.289935687768118955e+00 1.086116908505721401e+00
1.108053318075648885e+00 9.092674963778206720e-01
1.298267116449522307e+00 1.364005689749223427e+00
1.002102197273638584e+00 1.249887816313143496e+00
1.363376062768207220e+00 1.192097939523767858e+00
1.112086851647263064e+00 1.161748176502127139e+00
1.257848609098279002e+00 1.164756630529427683e+00
1.258978565778006820e+00 1.147817841448020459e+00
1.342864874221289639e+00 1.076603272685688673e+00
1.304972727677020439e+00 1.147077289435313840e+00
1.345242378773401581e+00 1.462449023408774362e+00
1.222730757002657320e+00 1.159952688419124023e+00
1.334408626425640287e+00 1.264484688884763175e+00
1.252349040178455830e+00 1.170968867264230440e+00
1.257156458875891891e+00 1.123282835535721835e+00
1.302270807410248699e+00 1.199931712514406446e+00
1.253200542466879730e+00 1.206415692034802811e+00
1.061291921835689767e+00 1.162646060908894663e+00
1.160882309738345608e+00 1.204746636512247671e+00
1.356296559294924764e+00 1.268153245498282233e+00
1.002034464802975311e+00 1.142499923519862737e+00
1.565265593702468427e+00 1.345908894953128598e+00
1.123111306708148849e+00 1.193960778977863235e+00
1.136784198397075896e+00 1.067273296606993105e+00
1.289387361115583275e+00 1.107411632061894080e+00
1.186990112349598281e+00 1.085599208783928349e+00
1.216301553836646621e+00 1.117193260075267425e+00
1.254638098520201250e+00 1.266583319423097764e+00
1.392302262095356680e+00 1.129942385931356874e+00
1.178087150260922478e+00 1.081126584421768788e+00
1.241846863627326325e+00 1.122955258119274324e+00
1.142447763533264604e+00 1.294782145954971542e+00
1.266300344489142082e+00 1.224371614790304985e+00
1.221050911825919183e+00 1.251508533943940016e+00
1.384561197162251123e+00 1.413466305745040286e+00
1.379621757986635666e+00 1.228053085373674191e+00
1.200719916950085731e+00 1.114514821556656265e+00
1.479451852767524667e+00 1.179636483304253636e+00
1.234849598514567992e+00 1.115972854935419534e+00
1.220989866553563674e+00 1.215671692686317806e+00
1.338666613780775450e+00 1.223235574332893316e+00
1.178207532793203782e+00 1.156118944956182171e+00
1.059156879063234857e+00 9.371986544222316029e-01
1.180126744762696633e+00 1.200160095294059426e+00
1.302504907742691342e+00 1.151895731887845775e+00
1.265375915508628601e+00 1.116135781529887350e+00
1.287663338621131137e+00 1.201479065461696027e+00
1.278889756766294017e+00 1.199716381893874972e+00
1.108851782085397586e+00 1.126467374032088964e+00
1.305304679255102407e+00 1.351266299574795049e+00
1.055684275180542642e+00 1.051141271671662381e+00
1.206340807683848215e+00 1.213496326611389176e+00
1.213104371710105767e+00 1.017944963491305144e+00
1.209926762248704879e+00 9.777108447554809789e-01
1.207837883008313407e+00 1.321726827647933478e+00
1.187306494489533737e+00 1.169884548137049229e+00
1.306950356545699687e+00 1.306650462377982880e+00
1.385286742070756416e+00 1.300661742376534757e+00
1.273124711797711139e+00 1.192999174271374363e+00
1.204055238369586611e+00 1.136439268544065628e+00
1.234471209810477088e+00 1.248937519172764077e+00
1.334554467458499705e+00 1.176523807811523659e+00
1.206149552399542690e+00 1.137050378602885159e+00
1.193035502141324367e+00 1.214780644133461873e+00
