9.134027098852484094e-01
9.096025989646223664e-01
1.013804783750065441e+00
9.320644373219468815e-01
1.073846737503514781e+00
9.566607692472881563e-01
1.020872177261334723e+00
7.868665979325094595e-01
7.580916608714206584e-01
1.105548738073759418e+00
1.053397598394929302e+00
8.955169171126420302e-01
1.093680888754614555e+00
1.022385701331768759e+00
1.004811737185027365e+00
7.936279207402745506e-01
9.676812737152433730e-01
8.424436251319217250e-01
1.042570433653407624e+00
8.339146894095672558e-01
8.736923930726712140e-01
9.581277686573722585e-01
9.249173015615002047e-01
1.091905008309083103e+00
1.112611737257280353e+00
9.769325050634147800e-01
1.180058540531321087e+00
9.037870128707022888e-01
7.849226014123658057e-01
9.360724306380503457e-01
8.860366174333585976e-01
7.669363777309452512e-01
9.524330898767697784e-01
1.006490366879469800e+00
9.588335832635412892e-01
9.359788254436575139e-01
8.117173528209495892e-01
8.319801945865418213e-01
8.853642934049797963e-01
9.423385603599599980e-01
8.029276271758843952e-01
6.851601375223593804e-01
7.437830413438112354e-01
9.508166082774410777e-01
9.566637171527804240e-01
1.021093040178140621e+00
9.134599785927417503e-01
8.383861497693635423e-01
9.951891786570048470e-01
9.367885699454205906e-01
9.747542162435665070e-01
8.651190775248515097e-01
9.190008636957912591e-01
8.708822573320410543e-01
8.823504639084661649e-01
9.397195083762448498e-01
1.001384716708061395e+00
9.120024176373353608e-01
9.992505845949031240e-01
8.914667392916467703e-01
9.940395024630220844e-01
1.100705410726573907e+00
9.519212887926630229e-01
1.072521210557286553e+00
8.132406031162368043e-01
1.007676019115964161e+00
8.845189636932323518e-01
9.402298942194812215e-01
9.681512044759688074e-01
1.001677582753083273e+00
1.154534122459568879e+00
1.000516774916262452e+00
8.433008971209069449e-01
1.097416724627578777e+00
9.989581404529763731e-01
8.408607555494962416e-01
8.655379042541527790e-01
9.960921648377517590e-01
1.007239027931813968e+00
8.587127367959768165e-01
9.073779977089485582e-01
1.054585556244499900e+00
8.057195107041608129e-01
7.694998915374969828e-01
1.055416968562910229e+00
9.493343223882051429e-01
8.166676062261837288e-01
9.169958592835211197e-01
8.123933163065356622e-01
7.856370294503082219e-01
8.789208822241330044e-01
9.172944933867065442e-01
8.046360352699514218e-01
8.636636665594999984e-01
9.206235637576554165e-01
9.678674887174937291e-01
8.781366641721585209e-01
6.208372933252882531e-01
1.121022542815907519e+00
8.511968950474115836e-01
9.031745732406569749e-01
8.522139352691411318e-01
8.766406939808181198e-01
9.074077853287957351e-01
8.664137830387820260e-01
1.072753084041681904e+00
8.950931881514715416e-01
9.686936763196738465e-01
9.333115056476219973e-01
1.074577288827991195e+00
1.091363614878717581e+00
6.875008419498934709e-01
1.208303819386376876e+00
1.001238500961158184e+00
1.018889031557358882e+00
8.795766104944123809e-01
9.892855851616654261e-01
7.344675202498448519e-01
9.637129796105170509e-01
9.771800706160815864e-01
9.853701436994866114e-01
1.047293460914652252e+00
1.014567761640376764e+00
9.831655955681605219e-01
9.317012649088196596e-01
9.917946973959573809e-01
1.050366891678857106e+00
8.318553526778311724e-01
9.868524177110026274e-01
1.106802330977746163e+00
1.007562690454730348e+00
9.141101080258531297e-01
1.058392705856873839e+00
1.142520109859955779e+00
8.551608894037199260e-01
1.012652516753243859e+00
8.289470878299397549e-01
9.206333059403479790e-01
9.105103540555333774e-01
8.718768941652351723e-01
9.397525347782589300e-01
9.160830894133829005e-01
9.633471091392354912e-01
9.078192232745377899e-01
9.290244430573163514e-01
9.535625189060238371e-01
1.070494168393384404e+00
9.103174683556690683e-01
1.123863258493330353e+00
1.016309270554465627e+00
1.066516702710480269e+00
9.714137242438526387e-01
1.060636728682568419e+00
8.764332342554379540e-01
9.195302648224733533e-01
1.080521022262980191e+00
9.092224999798380614e-01
9.847546957389660127e-01
9.822174835247868829e-01
1.099393111919291455e+00
8.141872545596696709e-01
9.887894399222602049e-01
8.542610003233725990e-01
9.508116807846286322e-01
9.601589639707470702e-01
9.054279641003769585e-01
9.601304896025137925e-01
9.393620440878560629e-01
1.093878078792562158e+00
9.836584374846403245e-01
9.146726568289479387e-01
7.840301430564773355e-01
1.078822777179236025e+00
8.758608749172254182e-01
1.124713489202901373e+00
9.565463156110551868e-01
8.695630894556868329e-01
1.028536755416358472e+00
9.503598922977600783e-01
1.089273787162618357e+00
8.261400012613816513e-01
8.710359615812867107e-01
9.952667110407747986e-01
8.232010934169678995e-01
1.059666649616171297e+00
1.027603914984140943e+00
8.877751832686847644e-01
7.881563822242125816e-01
9.131061433080456258e-01
8.984681949176452909e-01
9.198938986305897902e-01
1.092351197075902780e+00
1.039300011280849256e+00
9.644157368421507615e-01
1.121249173196843696e+00
8.172737701431734836e-01
8.429575062535948904e-01
1.028285804939260029e+00
1.000823692663139752e+00
8.878079513379766308e-01
8.339075581652658498e-01
1.071882717454927469e+00
1.054854039024120560e+00
1.031893095217562006e+00
9.963937858767976108e-01
1.100474076290638425e+00
1.027535265928370967e+00
8.784621909033323295e-01
9.357875805833250071e-01
9.183687021424176145e-01
1.121463872098007242e+00
9.460382795054802507e-01
8.634622084789117524e-01
9.497758706962974307e-01
1.143255905836048303e+00
1.074160641470522481e+00
1.089371007688424209e+00
9.727502416859139522e-01
8.245842575602136959e-01
7.664583224757700597e-01
8.662256771668314093e-01
9.836689613436888635e-01
9.929967216110875405e-01
8.413719859090952324e-01
1.005478147208619610e+00
9.232043756696309833e-01
8.737369171143664071e-01
8.643894627196366809e-01
8.612399826594694385e-01
1.122876311777197600e+00
8.289029665595255558e-01
1.038415118862545006e+00
1.095065744224406945e+00
7.183764328676502942e-01
8.764329355712048297e-01
9.438858372478192704e-01
8.446045210283879001e-01
9.708186609736010331e-01
7.243259345601653632e-01
9.194223035726919457e-01
9.353192619436953015e-01
8.867920788174359359e-01
7.483940364322263505e-01
8.283143526474923135e-01
1.172812853215550621e+00
1.185994517214143507e+00
1.021521207983983048e+00
8.968097940713043448e-01
1.074102090988414471e+00
1.013490526041089801e+00
9.901918796751100205e-01
1.036244129875072195e+00
9.021385917780114783e-01
7.236853664377045359e-01
9.715854150255918142e-01
8.064839442351527943e-01
9.643632987508770071e-01
9.603498270847686813e-01
8.657875322978397792e-01
1.041135595258542157e+00
1.125824148813227898e+00
8.823028863314479331e-01
1.115261154678430566e+00
9.743252010768809201e-01
8.430581621035702078e-01
1.079234884048209997e+00
9.037308463979403239e-01
1.061731748506753448e+00
1.145766396965900658e+00
9.493110067493315540e-01
8.955618452191891343e-01
1.006709890399585028e+00
8.961231812434576893e-01
1.035796594913669821e+00
1.023749249385124793e+00
8.791284110114570005e-01
8.346199874692264986e-01
9.601577791369358961e-01
9.220568064948099218e-01
8.749663124126718650e-01
8.032122914777179989e-01
9.291687867917500787e-01
8.819000433780249670e-01
8.797293458933902466e-01
9.615607956362420827e-01
9.602110220218615932e-01
7.943378304826966829e-01
1.061387245119396860e+00
8.647076770784145605e-01
7.539638965433590467e-01
1.011909201157564109e+00
9.264042213691301431e-01
9.581638016503291055e-01
1.001036961361557953e+00
9.773140274981778619e-01
1.035999973212930803e+00
9.368160840076314999e-01
8.357079239008793348e-01
9.838359898802830905e-01
1.099536198789909491e+00
8.247568582140544224e-01
9.392921214542050423e-01
1.043114327835807487e+00
8.977242742473047210e-01
8.899902355312607760e-01
1.020627161311382647e+00
7.147914422990550021e-01
1.000649888197592041e+00
8.927992130792578029e-01
9.715703460653630774e-01
9.792836042745391989e-01
8.788391523856928789e-01
1.000705061270413587e+00
9.732392123658388794e-01
9.893669786849687009e-01
1.008294044008434698e+00
9.319280793854080036e-01
9.731013363148712791e-01
7.132156133267970599e-01
1.133866529395505252e+00
9.489447292547242840e-01
9.433847796921448481e-01
9.447181474185888383e-01
1.222576228194524717e+00
9.083525829128084039e-01
9.217655025919195833e-01
9.855851131223778427e-01
9.362479948821613718e-01
9.203871887916978967e-01
1.018119595550295520e+00
7.020785658219395042e-01
9.563562659322987214e-01
8.548167623942524163e-01
1.021074079602009022e+00
1.056295850070582132e+00
9.293092125980237928e-01
9.960944212293493250e-01
1.018387373273461627e+00
8.736847683430758460e-01
1.183847310593366897e+00
1.039791120842429306e+00
9.280304519622945003e-01
1.066895296524531744e+00
1.034454062882410597e+00
7.217722553876990688e-01
9.365270581093572133e-01
8.214649903338568926e-01
8.913519982890097948e-01
8.544618486838231330e-01
9.877563270973357401e-01
9.021403234753685441e-01
9.119730071366048962e-01
7.802410903417110744e-01
9.728765131894546725e-01
1.149745020983699018e+00
9.550700356441683692e-01
9.358931950203583927e-01
8.023307208272371094e-01
1.042003008768400907e+00
8.519400927875789842e-01
1.001540552550334029e+00
1.003865989807439352e+00
9.323356938344508071e-01
9.071464461802707380e-01
9.162171921268121855e-01
9.441999682797562743e-01
9.047530609703968718e-01
9.515065598248695355e-01
9.506943293920528948e-01
1.060380065294832086e+00
9.494712679556787105e-01
8.747350472096246943e-01
9.004402589361013565e-01
8.891715119099469211e-01
1.105366903136853152e+00
9.361939317931280424e-01
7.865701609537795180e-01
8.768117191773909802e-01
9.312953945925943611e-01
9.684544825921594935e-01
9.348083641822618750e-01
7.584754804805587947e-01
9.439884358991247337e-01
9.703097711641334167e-01
1.115899530935946959e+00
9.118659392799784991e-01
8.471028829170176300e-01
9.156769648182537802e-01
8.716628900048969397e-01
8.198768643897309527e-01
7.850311961164475605e-01
9.663754309311757273e-01
8.442303803486166380e-01
9.979859647031306125e-01
1.004525440169706796e+00
1.044272779030948950e+00
1.081019482305534352e+00
9.280410571499619898e-01
1.050067011465664502e+00
9.785926568394035518e-01
1.015753490050949503e+00
1.043701149072144840e+00
9.176652596959607999e-01
1.213241404761561837e+00
7.430172792948332994e-01
9.532444192367454106e-01
9.086121529221301563e-01
9.222920894639927702e-01
1.069937980171262515e+00
1.114275048421461189e+00
8.875557170830250531e-01
1.099492672121552772e+00
9.088598408133485851e-01
8.922576841590222907e-01
1.027177414179377690e+00
8.301611718974202248e-01
7.878276675745555790e-01
8.523723785448311663e-01
8.375808259948589463e-01
1.026902231583368685e+00
9.095951208559073242e-01
9.870576507591247717e-01
9.941077818124463006e-01
9.813665228470056512e-01
8.369351218798850578e-01
8.980938782275936783e-01
1.008779623949978443e+00
9.815789833739538839e-01
8.287306359136357159e-01
9.217478269712416905e-01
9.105908426260901356e-01
9.252251267206216268e-01
8.820281923275964386e-01
1.040841173323741042e+00
8.505307703164984856e-01
9.636987266801709806e-01
8.352932257449888764e-01
8.098147285606454027e-01
7.395087645782159047e-01
8.620461711955168527e-01
7.472462157715649145e-01
8.998811196711574700e-01
9.539159758261427369e-01
1.265518494530839533e+00
1.042335622706807019e+00
8.488109422935394832e-01
8.618052598757005578e-01
9.743959143260492173e-01
1.156612186326645642e+00
1.184498033457410227e+00
1.046495960079126375e+00
9.738675184714264965e-01
1.014066042854580907e+00
8.595716355131772790e-01
8.671727977605112603e-01
8.249883358287283253e-01
9.196611782338769414e-01
1.268777140215450183e+00
8.830591959995277573e-01
9.878133901183842047e-01
9.140807559545234273e-01
7.499347861073492050e-01
9.335370647523540955e-01
8.342719851580949753e-01
1.005593117898572864e+00
1.041704266297218684e+00
9.633091647489732123e-01
1.151943894213654618e+00
9.901534593317725674e-01
8.837107310873703048e-01
9.940715647260573995e-01
1.065056043038469014e+00
8.755119125109093181e-01
1.081979389913450662e+00
8.487356672574019045e-01
9.539368783728480183e-01
1.028157900404262914e+00
7.987378584703693774e-01
1.024741269054143755e+00
9.022502412006467853e-01
1.177195141344118623e+00
9.216600256580572692e-01
8.380103085453590728e-01
1.098104834930595741e+00
9.407315569037547620e-01
9.609270868468138271e-01
1.031979514622462846e+00
8.175580518209120129e-01
9.594157537997994867e-01
9.187036000678603376e-01
8.825724703667983118e-01
9.800182768147501777e-01
8.528447698356921292e-01
1.016216983910703142e+00
9.592684742989338043e-01
9.355056978187579197e-01
8.736013421181234584e-01
9.864604077246691416e-01
1.022826429141894033e+00
1.023614561262293110e+00
8.896421493058777052e-01
1.039335209920097869e+00
8.106541951610369834e-01
9.177210316488553232e-01
9.132078420184349676e-01
1.013609409605211065e+00
8.441596516927134530e-01
7.584103316350082613e-01
8.126170575336263413e-01
9.112356944624891986e-01
8.966662341146394155e-01
8.132368646511618504e-01
