3.114663609092505059e+00 1.173597107733608702e+00 9.772839819685611440e-01 -8.913989151076751050e-01
2.895761641716212420e+00 1.079491445874429578e+00 1.240551610590546971e+00 -7.757440893467932863e-01
3.064252247013773189e+00 -9.875598792683207838e-01 -8.885153388733415536e-01 -8.080967726251769845e-01
2.935809602727042833e+00 9.136080905601706714e-01 1.074943569110827335e+00 -5.384246048454962574e-01
3.041662301952941405e+00 1.071787231664363294e+00 9.686485226811445415e-01 -8.465470561872414645e-01
3.036556174736991576e+00 1.145155151762601964e+00 9.954554455300618221e-01 -7.873712667495238460e-01
3.027778569295746625e+00 1.141086476575435382e+00 1.064895820787053582e+00 -8.766207992648531455e-01
2.973900097512519825e+00 9.381358890519274629e-01 9.305760965508469429e-01 -6.682191519290814341e-01
2.995472756975253059e+00 1.038789934246089119e+00 9.238946029169752272e-01 -7.660933521022200710e-01
2.942599882530116062e+00 9.195221542764668854e-01 1.050357651371709222e+00 -6.211563605014150946e-01
2.947287470297391021e+00 1.027198785669865222e+00 1.092111235364691790e+00 -7.488525770067889775e-01
2.949892505141432864e+00 9.600749407135110713e-01 9.275585844615013009e-01 -7.232912668690555380e-01
3.036084987685272463e+00 9.286187708601602031e-01 9.104899537820393407e-01 -6.063951932555393665e-01
2.985368786004108266e+00 1.115294516914757228e+00 1.025160312939992879e+00 -7.765545574856670408e-01
3.052217558576479028e+00 1.078691903108327077e+00 1.070037659769369043e+00 -7.627160490081432709e-01
2.994485180307008054e+00 -8.607192803284112737e-01 -1.227578364738578065e+00 -3.093187823127963587e-01
2.906479759662908613e+00 9.982631446138747755e-01 1.200353505282309108e+00 -6.851689702788327230e-01
3.069084930694559343e+00 1.077675347372475612e+00 1.064628623225083004e+00 -7.705102468849923669e-01
2.991420701648781044e+00 1.024112214619148142e+00 1.037789165776591194e+00 -6.756529127207744345e-01
3.010663450189849488e+00 1.019198529679439469e+00 1.047663710966194150e+00 -6.870499892946574372e-01
2.910417570504348461e+00 1.003916448672885320e+00 1.055887352210347574e+00 -5.921394299971487474e-01
3.052549468931136989e+00 9.978280189081832896e-01 9.656428295066606937e-01 -6.982522871602627745e-01
3.021085227018488251e+00 1.073751446199949111e+00 8.985134228360743824e-01 -8.084502184059727536e-01
3.026714826547817871e+00 -8.661266846869528635e-01 -1.310421497168914540e+00 -2.655902303192623770e-01
2.959619354014055848e+00 1.106969991025301692e+00 9.935831257967475683e-01 -9.388358121014138691e-01
3.049449512144502883e+00 1.020655170835273795e+00 9.597674997835495825e-01 -8.342578029893539249e-01
2.983553613814582839e+00 9.414021789820071762e-01 1.430948235768647159e+00 -2.417787240055323250e-01
3.042582982115221935e+00 9.852638369844193278e-01 1.084197131401635428e+00 -6.289698344781484707e-01
2.965420389818518743e+00 1.008029624688102199e+00 1.020395025316351845e+00 -7.457848255421225536e-01
2.912987957903966585e+00 1.070822276560430941e+00 1.124416323816970209e+00 -6.100751742692022139e-01
3.001384655547232772e+00 1.008975067343570675e+00 1.065537856965222296e+00 -7.146888333873309129e-01
2.988377874713036952e+00 1.040169987004670782e+00 1.022379303520464466e+00 -7.178525986697912309e-01
2.991406463783338410e+00 8.968863654276308939e-01 8.374514090132714195e-01 -6.441705722940054279e-01
2.985826204275802809e+00 1.147175724884401893e+00 9.835370393367977027e-01 -1.086044946345546380e+00
2.955688628859366673e+00 9.783535979290387541e-01 1.041017443543317267e+00 -6.060852023980750625e-01
3.081379753084208417e+00 1.072931304621669302e+00 9.807478820709711886e-01 -7.585477674576083240e-01
3.020435518278636433e+00 1.012000695625462132e+00 8.534319527796027094e-01 -9.864372916608833419e-01
2.996587655259622451e+00 9.561532154593638255e-01 1.154747261498451083e+00 -5.439024206977074449e-01
2.756637666673528386e+00 9.158198594254995939e-01 8.909451717817041816e-01 -6.820119796469722440e-01
2.927685372419442267e+00 9.666347578225200632e-01 1.124484389737002266e+00 -6.546324951921540514e-01
3.096169564542991637e+00 1.046534971147681237e+00 8.963762349162855969e-01 -7.283279531185034017e-01
3.041579888192196268e+00 1.128192455733144417e+00 1.028011632281859988e+00 -8.691286055197847693e-01
3.053903738487021347e+00 1.084844019943013382e+00 1.202143272353611403e+00 -7.602157634301696110e-01
2.986008246055385840e+00 1.151900165874122361e+00 1.108892000301832548e+00 -8.663421365336630986e-01
2.947771712222784668e+00 -8.230362860290530991e-01 -1.130779665376287602e+00 -4.064483222642914506e-01
3.090992332575015489e+00 1.079650814461571295e+00 1.004313291420097842e+00 -8.064944567349289217e-01
2.867515538990915935e+00 8.799954671616622148e-01 1.301264698731133373e+00 -3.724306032251004095e-01
2.957686070917616483e+00 1.015639335109372210e+00 1.130789384531709407e+00 -5.456589349989366955e-01
2.973351760668719646e+00 1.132695914559891603e+00 1.031785119353001434e+00 -1.077590763281167652e+00
2.954294092309683428e+00 9.587356960048779575e-01 1.126521593865105197e+00 -4.771466701975272118e-01
3.092919258192021292e+00 9.888821358022633623e-01 9.355272785660260215e-01 -7.423984857757485178e-01
2.965151502554030927e+00 9.826816079189637509e-01 9.964826184972258583e-01 -6.979957544075143794e-01
2.884030980871601813e+00 1.012462146193596313e+00 1.269954750912785979e+00 -4.875946891370869785e-01
3.047271943607615885e+00 9.906939327746007162e-01 9.951898476606316768e-01 -7.478933763950729174e-01
3.012583210266449818e+00 1.055397485874414620e+00 8.222125433405290673e-01 -1.123728787413217578e+00
3.035895922919355172e+00 1.016129425451197665e+00 9.071410231699952309e-01 -8.094698035584797502e-01
3.018613239410898874e+00 1.028800674976897866e+00 9.870980251800796079e-01 -6.334920529455285720e-01
2.918421492007674090e+00 9.430052709786620468e-01 1.087805263203496686e+00 -6.104980131858620540e-01
2.907477162893161271e+00 1.005857197862899177e+00 1.052083982271438733e+00 -6.851770091204367752e-01
2.948802647132421573e+00 9.960313303652494898e-01 1.012714107336384339e+00 -6.957771671070248631e-01
2.961523828224917665e+00 8.723687205205372663e-01 1.060329182391417158e+00 -6.151706214834206099e-01
2.892817801324436555e+00 9.084862019337980321e-01 1.106578059070034703e+00 -5.597928714478732637e-01
3.071998105854942374e+00 1.142223562526468505e+00 1.277876861004612286e+00 -6.233309215625301158e-01
3.097469243603525157e+00 -9.642364544912137569e-01 -9.799734695237739546e-01 -5.836911975363456850e-01
3.084410593364274700e+00 -9.413021402486347888e-01 -7.987167347243196991e-01 -6.861138279551695085e-01
3.096985501445753020e+00 1.081570516912235380e+00 9.721797399773006720e-01 -9.523471701552788105e-01
3.019287292663535904e+00 8.803515094747819125e-01 8.811504692417165829e-01 -5.696883108126451489e-01
2.981475292363408247e+00 9.308336597660916700e-01 1.072632501460057730e+00 -5.848896032023466196e-01
3.055405543477723196e+00 1.040313123167558418e+00 9.044184019248313611e-01 -7.323918325050978728e-01
3.020333469274239846e+00 1.031021050539521644e+00 8.883290152625505920e-01 -7.937139747909986998e-01
3.092652938053557676e+00 1.009285365917162114e+00 9.303295045874808711e-01 -7.183547658339179964e-01
2.995993918296822045e+00 1.046751907082484889e+00 1.202994422011896436e+00 -7.152591324780582793e-01
3.048833339986370294e+00 9.435982773028667170e-01 1.143542851765652069e+00 -4.898429120637876610e-01
3.045051840528617770e+00 1.164683198910773987e+00 1.191252587085707804e+00 -8.142153275500335630e-01
3.021524080697394865e+00 1.032050481902425876e+00 1.131936108790703610e+00 -7.547304373563185065e-01
2.942826407653753584e+00 9.200004636484688803e-01 9.082003862307329589e-01 -6.118995495641849081e-01
3.011936438854616593e+00 9.103644334311385977e-01 9.748366065678469861e-01 -5.895768810369715895e-01
3.041570072313491746e+00 1.024933308792018716e+00 1.624621462279049577e+00 -2.231123935882973197e-01
2.981400738761967428e+00 1.103440540796636782e+00 9.267413075486320428e-01 -1.037676815084047188e+00
2.949651454506610371e+00 8.566343251377604995e-01 1.086229274517893195e+00 -4.690264570611391015e-01
3.140145122553262169e+00 9.958348477700346146e-01 9.920391086061055574e-01 -6.846960197285634209e-01
2.945825531694143962e+00 1.048217116384448255e+00 9.773614728657180617e-01 -7.699725839862189281e-01
2.880431123710256003e+00 9.914868421438575163e-01 1.161641742558520596e+00 -6.317390419756034881e-01
3.035898576574774577e+00 9.778614050560635595e-01 9.332479479480219053e-01 -6.606435070395983988e-01
3.002476632755497477e+00 9.271281241392069772e-01 1.052221954488933964e+00 -5.650607761425299191e-01
2.975587774847301858e+00 1.038331604851905343e+00 1.099422271473598389e+00 -6.685067890480471675e-01
3.012951221840144633e+00 9.057170542367002364e-01 1.071583048854486409e+00 -4.727896963164750499e-01
3.028577135325430270e+00 9.723095459243553673e-01 6.442823419593374235e-01 -1.004003562462690624e+00
3.058186452328002680e+00 9.799299104326134602e-01 9.813572885124649536e-01 -7.131783434919791720e-01
3.051654036001849146e+00 1.103817645357216604e+00 1.060463610506094945e+00 -8.108865601608071794e-01
2.964491422263673126e+00 9.732778169894134024e-01 1.040551070976562853e+00 -6.675805352608046306e-01
3.086139858876068676e+00 9.824914976805660949e-01 8.327035674473803883e-01 -8.182807299624252906e-01
2.971583787913798513e+00 1.106225419826053935e+00 1.178327481469245708e+00 -8.283704683204796693e-01
3.128506385784782129e+00 1.063635498099222865e+00 8.645917013257985451e-01 -7.739881279349809517e-01
3.144520790901580654e+00 1.090201434670657887e+00 9.963740947519047486e-01 -7.574729342885999639e-01
2.906270530681998032e+00 9.770846991482303734e-01 1.257260195897564437e+00 -6.607914882779428734e-01
3.031064982882883285e+00 1.065505969937526443e+00 9.151836030383376785e-01 -9.295175901136515373e-01
2.892257507840854114e+00 8.909553710945967708e-01 1.387063598847366741e+00 -3.705353488551227370e-01
3.018802252860988133e+00 9.639683984021639729e-01 1.115247563363674255e+00 -5.784065884867275464e-01
2.994960192968911361e+00 1.111140856182576853e+00 1.321572170830751958e+00 -5.745419673945194594e-01
3.007816466896759522e+00 9.563009271646932818e-01 9.787576659127495970e-01 -6.006450954543492982e-01
3.036476865284545301e+00 1.101998717161745134e+00 9.537650882436833344e-01 -8.213370488255352653e-01
3.039946352200653124e+00 1.042215265551583947e+00 1.021860181113865007e+00 -8.222584225226363674e-01
3.045030254100537181e+00 1.015147546493457842e+00 1.036605177021636459e+00 -7.278269489423561112e-01
3.026230951710651595e+00 1.109863008303751286e+00 1.036608027171681323e+00 -8.555884148411617707e-01
2.977372768517761781e+00 1.051658382583396500e+00 1.033538666095155545e+00 -7.194321510261110220e-01
3.082889539535891288e+00 -8.819768701572184844e-01 -1.170445131551520523e+00 -2.990279376401132616e-01
2.958571447972078161e+00 8.874967426682018878e-01 8.230343725000408561e-01 -6.424737628497806385e-01
3.024773296351035867e+00 9.256739053055813571e-01 8.780629081096851252e-01 -8.410564331501126922e-01
3.059843537794585622e+00 1.204620650274542459e+00 1.430124968488053039e+00 -5.353509440488255500e-01
2.985773482753534491e+00 1.007221813642905417e+00 1.149445735404279523e+00 -7.104250482004224043e-01
3.001470155843094290e+00 1.079579148383278620e+00 9.313109400733456944e-01 -8.332444355371997347e-01
2.984657739036075785e+00 9.935693551380164745e-01 9.803903026892129002e-01 -7.415528160294689863e-01
2.928923581217764749e+00 9.333244579147114139e-01 1.092472706609288746e+00 -5.632799735846183431e-01
2.947706548110053060e+00 9.216495781734271864e-01 1.067732786867364725e+00 -6.432256380057229661e-01
2.943946079263165316e+00 9.826799811508207805e-01 7.663821304623978925e-01 -8.722775836283771511e-01
3.138136266906507821e+00 1.143622889473274729e+00 1.017355742384959516e+00 -8.003876157227579613e-01
3.068807161699142139e+00 1.158325671220198139e+00 1.050267237147819221e+00 -8.803324031091018798e-01
3.015955361448016792e+00 8.294614954757485448e-01 8.419729952844646759e-01 -4.557271366019910452e-01
3.061560132308729365e+00 1.086325166134182396e+00 1.161120232385610018e+00 -6.228361402910606026e-01
3.105520615448194910e+00 1.134335672170671216e+00 1.119386573240080285e+00 -8.834199470177411806e-01
2.954938037092716296e+00 1.079797556758331112e+00 1.121725388675326895e+00 -7.834678453978024537e-01
2.971668057675215469e+00 9.465982099313480225e-01 7.887344631797136296e-01 -8.819097163217102242e-01
2.907684395845368641e+00 9.401139856634429526e-01 1.184107646092909638e+00 -6.064524170703651240e-01
2.975354864879935946e+00 9.446107178557655581e-01 9.307936493904532815e-01 -6.338551888085232067e-01
3.077951036962880416e+00 1.151464585879029556e+00 1.043897428761979773e+00 -8.526495326628262816e-01
2.997488520760880792e+00 9.932156843947931302e-01 1.045534753556217389e+00 -6.452652591451571995e-01
3.004897051670136321e+00 1.032926618451957657e+00 9.849413786824133821e-01 -7.670403309834465944e-01
2.953371012425391573e+00 9.844050088653814035e-01 1.098408755581238516e+00 -5.544881305771924840e-01
3.062879613768831888e+00 1.109925765606594172e+00 9.127620672836035398e-01 -8.806645560929663441e-01
3.111355967510016196e+00 -9.354088843863207492e-01 -1.124425261778157159e+00 -4.296165314024540938e-01
3.016907175128278773e+00 1.143956284973139725e+00 1.093106421868607070e+00 -8.409437413777988146e-01
3.084496505072478634e+00 1.176777440620081938e+00 1.010570043732913259e+00 -8.704983053893726730e-01
2.931779044977775417e+00 9.245058726602513044e-01 1.054023548928104903e+00 -5.480994370001666116e-01
3.092314989495450916e+00 1.100047946582924041e+00 1.059892834400161910e+00 -7.240225916888703983e-01
3.045069537238199509e+00 1.020286922901478377e+00 1.114927398617704402e+00 -7.182802229929009519e-01
2.983614059764185367e+00 9.904805053970957562e-01 1.137283059263562768e+00 -6.432764831159443197e-01
3.036997132354847029e+00 1.120090019408616300e+00 1.379102680072451514e+00 -4.939259811584292281e-01
3.054322346429437562e+00 1.003815001574865695e+00 1.079295310168749245e+00 -6.720049105106427056e-01
2.967664216856229942e+00 1.068791448872123961e+00 1.033519261532367839e+00 -7.777746614744278641e-01
3.042174671746152637e+00 1.252830193406041071e+00 1.062748679130648632e+00 -1.140135546555906432e+00
3.023063562524971992e+00 9.824668921094737994e-01 1.319445854578093380e+00 -3.693849874107831277e-01
3.045656062389020757e+00 9.908677520053962295e-01 1.039941604675589160e+00 -6.491710310388338900e-01
3.006967382867563376e+00 1.071565207503148542e+00 1.079368736527239081e+00 -7.759177001986533595e-01
2.965609824751469059e+00 1.073660996954965530e+00 1.133993917092710024e+00 -8.318416675694353390e-01
2.984556444835907207e+00 9.325173918751293867e-01 9.965830312381043221e-01 -7.249102708140919837e-01
3.068420365000800842e+00 1.046163688805760383e+00 1.048884733460336616e+00 -7.351353183455998641e-01
2.958012701416790513e+00 9.182144027414739229e-01 7.886963293536058961e-01 -6.693259244779106165e-01
3.040700500861640787e+00 1.085233176361540153e+00 8.989542358554394319e-01 -8.794663221130809561e-01
2.875187312733110900e+00 9.033223600217812344e-01 1.096679988537236916e+00 -5.433933613004249263e-01
2.878595316861657594e+00 8.187834153890929390e-01 9.666129407438051047e-01 -5.082923408400731313e-01
3.076931580166290647e+00 9.627909742459951348e-01 8.937991781521816836e-01 -7.516699893645775177e-01
2.887955210491230051e+00 9.671299502029703232e-01 1.072109589007781416e+00 -6.693820050750932671e-01
3.063752394074219509e+00 1.202055080548328991e+00 1.029540385724217577e+00 -9.618560280477578273e-01
3.051045007092016981e+00 1.055831383462728201e+00 8.523844111322852468e-01 -8.410988686172919948e-01
3.088314996249990951e+00 1.049057838411988186e+00 9.844542388664199173e-01 -7.350144184829860983e-01
2.986424454576814824e+00 1.063228287853343224e+00 1.020206885406641062e+00 -8.750561225596431569e-01
3.011996425658356458e+00 1.017052775994042202e+00 9.837015965807325291e-01 -7.070324534677644435e-01
3.001150932255177484e+00 9.574497724234825036e-01 9.894764364549143432e-01 -6.329977132023247854e-01
2.973129512301442734e+00 1.088878176924714225e+00 1.080264837501498265e+00 -7.587808379805778269e-01
2.987214777090184459e+00 1.072529000763276619e+00 1.230249950354613375e+00 -6.899407006291082833e-01
3.037983589758602498e+00 9.162706262808090196e-01 1.029573935786654237e+00 -5.751363973344080227e-01
2.969680420843788582e+00 1.062354535829685975e+00 9.990309308571165836e-01 -7.855047330446380816e-01
2.954221181835030574e+00 1.025182392257591779e+00 1.026210339378348380e+00 -7.386272792565794498e-01
3.158437289597823217e+00 1.134902264350229784e+00 1.040714174511135681e+00 -8.063927314224973442e-01
2.979431677661379396e+00 9.428711788904176050e-01 1.134914930177982839e+00 -5.279094052376130941e-01
2.980036728412393199e+00 1.131917300883968247e+00 1.078825506132415013e+00 -7.848608633177776017e-01
3.038524480701831010e+00 1.072927659689737689e+00 7.873100582060500452e-01 -9.497611225406887847e-01
2.966352866448170644e+00 9.558042284282113332e-01 1.150723017248123314e+00 -5.860786713892004451e-01
3.024505379410723727e+00 9.798517304336460398e-01 6.685192566486390930e-01 -1.006219823579459050e+00
2.960379397980879457e+00 1.013426535768489511e+00 1.028237094620848557e+00 -7.080418350104399350e-01
2.953562756045367887e+00 8.764525202673683069e-01 8.268517704324205297e-01 -7.022616274496161770e-01
2.951177140010537325e+00 8.987758867518528261e-01 9.291667123217195456e-01 -6.473728235974910428e-01
2.952308242243951053e+00 8.782680031061530501e-01 9.890187002940008520e-01 -5.250249234333818071e-01
2.971789350234889326e+00 1.154838035318134670e+00 1.057108464039799189e+00 -7.648533038509847115e-01
2.983799514601602532e+00 9.414764538436747321e-01 9.818118034592742127e-01 -6.319370859328229395e-01
2.936089963893635968e+00 1.070046407857995652e+00 1.062725836283221925e+00 -9.640154024720133386e-01
2.907791609775645991e+00 1.002181554859144397e+00 1.123846410528497097e+00 -9.194426520219497467e-01
2.987798959457808490e+00 9.693592608035074276e-01 8.738582576213996811e-01 -7.055062010001325046e-01
3.015035263552451994e+00 1.005949447581901079e+00 1.079848723400019139e+00 -6.403311148032615474e-01
2.920429958727337016e+00 9.760837930517982652e-01 1.068045062410418966e+00 -7.049883211257471638e-01
3.048376554701988539e+00 1.093391870840211277e+00 9.767232969853311131e-01 -8.109430602675169464e-01
3.003812038470321522e+00 1.006984199738406360e+00 1.005636271496914480e+00 -6.952761496252053419e-01
2.999606587608923292e+00 1.127371469086342559e+00 1.044195247373344460e+00 -8.111242865753947040e-01
2.949210537885211370e+00 9.675938505688163049e-01 7.784807618065415769e-01 -8.337175590545417014e-01
2.954951978567966098e+00 8.733377334982423967e-01 9.178573457444663131e-01 -6.029097297013896739e-01
2.985677678842193483e+00 9.903490770095439988e-01 9.323239587800687955e-01 -9.105034571062824433e-01
2.895555687072258966e+00 1.017152969086340786e+00 1.065018319733781915e+00 -6.712992162414387343e-01
2.951932424184799508e+00 1.047481000875847279e+00 1.179657108036854085e+00 -6.632383766634312172e-01
3.123741209855261491e+00 9.872120870287095507e-01 8.468150632623591134e-01 -6.884841793855365211e-01
2.960138881865442162e+00 1.089481366275708796e+00 1.144944538209300644e+00 -7.313811278018564899e-01
3.041049409453466357e+00 9.862424158265111762e-01 9.778661588766958124e-01 -6.526632099151319366e-01
3.048207134507587845e+00 1.063681960140361760e+00 1.087308551110181876e+00 -7.104590830629640141e-01
2.942950746129084472e+00 8.640857791741367588e-01 8.924472983387662373e-01 -5.502557253689374095e-01
3.030429898087724006e+00 1.052452464832325241e+00 1.164617389462122121e+00 -7.402701776094674502e-01
2.988701474343805842e+00 1.056309774083575403e+00 1.153843442755571047e+00 -7.259785454160743168e-01
3.028960925685459049e+00 1.023544930749633819e+00 1.069290838067470162e+00 -7.229459217132359061e-01
2.914474009813522670e+00 1.069820299767118232e+00 1.132274248397370675e+00 -7.533003972573881768e-01
2.981970971529051440e+00 1.007975072616321244e+00 9.394658532400249618e-01 -6.688755915591581003e-01
2.941689515519569476e+00 9.284973685075097460e-01 1.126505636697809898e+00 -4.771286710583246271e-01
2.974278813453056447e+00 8.889625671816024921e-01 8.981822018138883035e-01 -6.030343078372953913e-01
3.070688521913746971e+00 1.084491619251807482e+00 1.037828297839804570e+00 -9.117015573949062146e-01
2.988529304944733234e+00 1.011680093953425841e+00 9.637096656679202678e-01 -5.602434117319130547e-01
2.948166943327932277e+00 1.023154887803744639e+00 1.034736758952362390e+00 -7.457592126154281020e-01
3.088212719907819981e+00 1.020748731199808024e+00 9.238324535893117639e-01 -6.524808122660097354e-01
3.023016942822612574e+00 8.598462492098175591e-01 8.534841171711849972e-01 -4.895490537077422100e-01
2.958904873615701980e+00 9.247469453556221852e-01 8.410224076505246060e-01 -9.254824101180524343e-01
2.997568328977640029e+00 1.056569783493684245e+00 8.253518124645553566e-01 -9.882131586106682741e-01
3.076135695066032572e+00 1.037095297698362506e+00 9.455869090409608768e-01 -8.493209287494868365e-01
2.992876154565482949e+00 1.080855639172639826e+00 1.013435158627702837e+00 -7.005530058350424305e-01
2.956812316927691864e+00 1.114044793751952422e+00 1.055625470537790100e+00 -8.560403209690613524e-01
3.096596318642193868e+00 1.084184675352419358e+00 8.233894232305515315e-01 -8.619297178425957551e-01
3.042741796744208305e+00 1.078025851460883366e+00 1.053362172179688638e+00 -7.497191764515338530e-01
3.039167719732093431e+00 1.113915485775029302e+00 8.080635494415173703e-01 -9.566241917545680318e-01
2.870160082690661696e+00 9.013799015372816470e-01 1.208337174631908928e+00 -5.790303981548958756e-01
2.940012498861354739e+00 9.153196171470605602e-01 1.426006071031115097e+00 -3.568793576917895227e-01
2.889356222562023291e+00 9.576040951925528510e-01 1.167327435639412547e+00 -5.893028427736390906e-01
2.924660755182877825e+00 9.650622946742249963e-01 1.069151992515516181e+00 -5.937565807821444386e-01
3.027901802761033156e+00 1.111496227262108061e+00 6.675133257647384299e-01 -1.488078285163022096e+00
3.144351466008186158e+00 1.269944919654350413e+00 8.286551210985731997e-01 -1.285783152515839856e+00
2.942105030142782240e+00 1.036367404256480329e+00 1.082869507614801385e+00 -9.354477178631553924e-01
2.969918368778625695e+00 8.853915857574188308e-01 1.095645603674836321e+00 -5.550206468492817624e-01
2.970047509211618308e+00 8.307362012531471773e-01 6.471748235902953228e-01 -8.107426105986801357e-01
3.056271854235629082e+00 1.122866420210145266e+00 9.232862251187030633e-01 -9.926153352320347123e-01
3.029874741761815038e+00 1.060822014996926521e+00 1.015529001600043779e+00 -7.218258995324730032e-01
3.039557831494256845e+00 9.870824910595382695e-01 1.038780369208833099e+00 -6.963589064585811172e-01
3.005421513500734942e+00 1.158244891593559256e+00 9.977406662220644762e-01 -8.331290059422772343e-01
2.998526420324292285e+00 9.902602041921707565e-01 1.047011678879303131e+00 -7.276228723233031381e-01
3.137451883717022216e+00 1.153506120814850489e+00 9.092252667157367796e-01 -1.189227496395573791e+00
2.955760486908641127e+00 9.942794044791778418e-01 1.067140744024667853e+00 -7.097697520505772406e-01
3.076492026658324441e+00 1.105589132342337022e+00 9.068666960997783244e-01 -9.490219474119679921e-01
3.030354959245434188e+00 9.543185764444468422e-01 1.073214886140586577e+00 -6.745598453548122819e-01
2.973150534482305929e+00 9.514899191080304908e-01 1.010303604004797684e+00 -6.111316084938680504e-01
2.860854652641328766e+00 8.935885456809085081e-01 1.014786191791262837e+00 -5.827658627394660673e-01
3.061105795387978112e+00 1.031870514566733066e+00 1.344213837029638148e+00 -3.479678703976747389e-01
3.009528291882689111e+00 1.016737349080292008e+00 9.836205004400279117e-01 -7.446793960474747953e-01
3.010188114107453572e+00 9.939056133930305181e-01 1.232742731091052146e+00 -4.535219793081364803e-01
2.936030328458095084e+00 1.097320570309703758e+00 1.233360700546497712e+00 -7.253179740493328476e-01
3.020403958510485154e+00 1.103589728001936443e+00 9.793287551383332845e-01 -8.127176153552336801e-01
3.112229436329581933e+00 1.137056350608469435e+00 1.022930516201683071e+00 -8.345597388355471269e-01
2.997320624934133093e+00 1.146210712466395831e+00 9.171610212449923250e-01 -1.165995185878316853e+00
2.999067564895982585e+00 9.161395086709763769e-01 9.407980442604927385e-01 -7.846731108986623182e-01
3.026680908675214443e+00 1.150026382976662820e+00 1.008282565441994461e+00 -8.670762465737223978e-01
2.998698375405335348e+00 9.267504145747953448e-01 1.077091977580289184e+00 -6.227875230612562873e-01
2.949849967105907300e+00 9.845914972483348349e-01 8.648393565720959852e-01 -8.049195104227447883e-01
2.977860405359407547e+00 1.043077780517009945e+00 1.017852961762474973e+00 -7.063382015590012886e-01
3.004605464645028423e+00 1.020630215082872105e+00 1.002545804730826440e+00 -8.463291248095106134e-01
2.939239196695870859e+00 1.006680131094546349e+00 1.115645937528932707e+00 -7.487925283107861318e-01
3.041986955548055427e+00 1.105626569868291442e+00 1.011263693650396478e+00 -8.785765117498990362e-01
3.097862166968619935e+00 9.573410887890388965e-01 1.031128749142518064e+00 -6.008466576354479782e-01
3.009176155132223585e+00 -9.126390680861861116e-01 -1.281086247300493142e+00 -3.119423457512414677e-01
3.037045858321179015e+00 9.216840189432895514e-01 9.772620731032347630e-01 -5.730590892751913357e-01
3.056740393994351379e+00 1.010672628966995390e+00 9.620326776039404004e-01 -7.422367430970903124e-01
3.005158271349485766e+00 9.879881172705757830e-01 9.638109077671321856e-01 -6.897742579463265189e-01
2.989563773013752979e+00 9.999891011745248859e-01 1.005222692150090635e+00 -6.799134804068479587e-01
3.092729863191261863e+00 9.956871851165531861e-01 7.694992726127570792e-01 -8.128380050785138922e-01
3.015731673642660038e+00 9.850441670498986113e-01 1.079540686584813614e+00 -6.293927551933298226e-01
2.921086255567468370e+00 8.810889290587553546e-01 9.641046809298334797e-01 -4.970297644645378377e-01
3.060655729333931596e+00 1.114383576158109124e+00 9.818894121118622031e-01 -9.078629629243811783e-01
3.008759707878033041e+00 1.156867108289366008e+00 9.800989358231092519e-01 -9.354931707617109016e-01
2.938652621351447447e+00 9.636554472940523919e-01 9.162649591957847672e-01 -5.840969148962035229e-01
2.963526746257378885e+00 9.129769968397769553e-01 1.024351709840603863e+00 -5.809419167353926383e-01
3.036660788422663959e+00 1.018442703333769961e+00 9.434157703193047917e-01 -7.999884959726246692e-01
2.913423406913445035e+00 1.002427497242827314e+00 1.104580566163532396e+00 -5.912606239098914251e-01
3.048239448811841612e+00 9.813576041312808140e-01 1.023933140317421220e+00 -6.481713488700341363e-01
3.068498768530786514e+00 1.199509806383990407e+00 1.184951885694927487e+00 -9.829592968027008881e-01
3.050796360937843676e+00 1.116800044030421546e+00 9.085764049408684428e-01 -8.168602338832890997e-01
2.965663073471378475e+00 9.266563071056976852e-01 1.077330145961869157e+00 -5.628458825254706310e-01
3.090415304871692026e+00 9.778901166217284224e-01 7.607278959732468593e-01 -9.437042514301663410e-01
3.028959755492620420e+00 1.106230196233772833e+00 9.756550192608565153e-01 -7.883183395304259600e-01
2.945801827675100348e+00 1.011757307915200910e+00 1.280402324401234360e+00 -6.346708156398278566e-01
3.048963143579341839e+00 1.042905768860974192e+00 7.688721409115769623e-01 -9.945229852425526706e-01
2.989461586740368215e+00 9.161932140490587351e-01 8.879598599534360703e-01 -6.200876195959000858e-01
2.932932137482464174e+00 9.778928242334976595e-01 1.031462799737180580e+00 -6.498984272867610601e-01
2.989109722581211326e+00 1.073927192869144731e+00 1.084985248391049151e+00 -7.660281037330339826e-01
2.928399393486849078e+00 1.035548007399148540e+00 1.128284693169088415e+00 -6.823553259445164221e-01
2.997804043410569719e+00 9.494980456882836650e-01 9.829295128564329298e-01 -6.170224951526318558e-01
3.065533777844917651e+00 1.026544313181519730e+00 1.000105681878137309e+00 -7.580110895389234882e-01
2.955182601012967147e+00 9.648469462657294216e-01 1.079988240896842866e+00 -6.754548899504592141e-01
2.972685498368617729e+00 1.015141291611848295e+00 1.012311504129841833e+00 -6.774939369176168347e-01
3.037488229716226673e+00 1.063716930480696377e+00 9.939703159536072974e-01 -8.146587747135383140e-01
3.026825998179830446e+00 9.863524701144672502e-01 1.157208327396404890e+00 -4.435778009725915849e-01
3.008748997621478960e+00 1.077991371168341539e+00 1.258674580134836241e+00 -8.912543493827522756e-01
3.132833091511155743e+00 1.060341982756242363e+00 9.154725448920262298e-01 -6.805765886583599045e-01
2.952346137981046947e+00 1.111124617281030069e+00 9.343314757947266402e-01 -9.472842992036561993e-01
3.025776512754028147e+00 9.852482494262867485e-01 1.012842913966554237e+00 -7.237310498485169941e-01
3.097292366548888509e+00 1.261092121184786530e+00 1.367413218010964604e+00 -6.072056840037666214e-01
2.948275628417496019e+00 1.010836511157565232e+00 9.049434207596801505e-01 -8.339930867531680780e-01
3.023961640923674921e+00 9.145879246431635190e-01 1.041049851469777909e+00 -5.606091312489436262e-01
3.107188275777545083e+00 -9.659183184436885838e-01 -9.624530280260771287e-01 -5.106277224019498684e-01
3.004555985682111796e+00 -9.245201839916326048e-01 -9.713968797087901841e-01 -6.595526297367545476e-01
2.982027623106858094e+00 1.067021434248625944e+00 1.013894859673983184e+00 -7.651188241998575501e-01
3.025523235094083940e+00 9.357399543375233275e-01 8.873795450288204378e-01 -7.591546174358013710e-01
2.970059602934062681e+00 9.724948432660195374e-01 9.461770660120726317e-01 -7.217925562881470913e-01
2.914788983380126375e+00 1.056406352049767960e+00 9.923709587378399810e-01 -8.109106641487247025e-01
2.936307548743648077e+00 9.833937953447946523e-01 9.352079181696726362e-01 -6.902250240184167884e-01
3.007323881621358996e+00 1.126415420319053284e+00 1.197852721594353298e+00 -8.226731522650577721e-01
2.959950057805902812e+00 8.811200127783938019e-01 9.497247152863483866e-01 -5.421633657618430968e-01
3.054757385079785337e+00 1.119173758884050685e+00 1.025099265144928884e+00 -8.822026560273518170e-01
2.960630098937992116e+00 9.247379068068817265e-01 1.007730438821675456e+00 -5.999307883626883164e-01
3.071649406144661310e+00 9.826713862605213068e-01 9.849953294472209020e-01 -6.420134692884326144e-01
2.991478915309800701e+00 1.010598115597333368e+00 9.487699493291480435e-01 -7.734714653271188567e-01
3.061305248654490718e+00 1.095545984222175306e+00 1.074375073827408711e+00 -7.434120429755346482e-01
2.982935569731407721e+00 9.391130457423587652e-01 1.268455015975058942e+00 -4.195040273327294567e-01
2.934804101121049502e+00 1.214318611758742783e+00 1.101722209137125486e+00 -1.094990014656633148e+00
2.978075929574222958e+00 9.317558108199545108e-01 1.022350388883157768e+00 -6.847626815511079768e-01
3.061189552956781412e+00 9.564099752644190655e-01 8.807908905301038427e-01 -7.724182665311993823e-01
2.960791391069072631e+00 9.458025171335344705e-01 6.928342882136705461e-01 -9.914150495629958648e-01
3.131129336298280386e+00 1.239163464495844247e+00 1.043736975264423217e+00 -9.889407023222975823e-01
2.986298178206842291e+00 1.087895991415335883e+00 1.145462180708805455e+00 -8.083622978214863863e-01
3.036648851442290464e+00 1.091563947656885469e+00 1.081137962290121823e+00 -7.359174767175785670e-01
2.926401434122459122e+00 9.783815967417877069e-01 1.034755588887112721e+00 -6.664412071835742468e-01
2.926554315312664301e+00 1.053300409167513774e+00 6.565632556772343920e-01 -1.303866858198528877e+00
2.981385549805404711e+00 9.303069684555189678e-01 1.042007867225267947e+00 -5.369053156213953182e-01
3.086955141475994147e+00 1.058191583708081973e+00 9.984477293871417691e-01 -7.319349048124467183e-01
2.958552975185398282e+00 1.056841229111700420e+00 1.004553075875267654e+00 -9.727148886041740994e-01
2.972801063404968414e+00 9.317389083210578793e-01 9.607845597221759126e-01 -6.738310080445503170e-01
2.983625428585179318e+00 9.454685336753001490e-01 9.569750139694859215e-01 -6.797696827881651860e-01
3.062022853768118225e+00 1.213172241174106158e+00 8.636323613351990502e-01 -1.198677011800858949e+00
2.964478016834713792e+00 9.431646227629817414e-01 9.612244986300702010e-01 -5.966635269309774614e-01
3.029875540712827497e+00 1.137189324852716954e+00 9.978459462933212398e-01 -8.904109425944477518e-01
3.031552549991449741e+00 9.975318352496128638e-01 9.894471830069399010e-01 -7.104823753177292867e-01
2.960708928341784674e+00 9.787802374856779952e-01 1.056488034481672278e+00 -6.780012877887268141e-01
3.035879752720047176e+00 1.170515028162146809e+00 1.074584236135227799e+00 -8.437529464293771486e-01
2.976405779502861115e+00 9.947266462843112889e-01 9.874940890433321350e-01 -7.952248688435485935e-01
3.019611068941983500e+00 9.807232392786856545e-01 1.038975514075705764e+00 -6.817802413947001705e-01
3.079737163333961636e+00 1.075331701315036304e+00 9.950058988280684469e-01 -7.041287937531937047e-01
2.956555812598818722e+00 9.821049666330868844e-01 1.024635013317559462e+00 -6.816561810243688679e-01
2.958135325304195540e+00 9.862568830834703704e-01 1.137521364615776909e+00 -6.319022287242613833e-01
3.048314495889193676e+00 1.065352055141200127e+00 9.832272664662750072e-01 -7.895236208023098667e-01
2.981355660124324736e+00 -8.762041556231742190e-01 -1.211405876543606208e+00 -3.868696689550967238e-01
3.022990269022233445e+00 9.568217413835267138e-01 1.043994902994089147e+00 -6.440418307310462609e-01
3.045700507127832246e+00 1.053121536609171738e+00 9.432238259107341705e-01 -7.387092820430498641e-01
3.042298026297644675e+00 1.008299025605091881e+00 8.699682080207872259e-01 -6.466152653914976067e-01
3.126915478176261587e+00 1.065007544357966074e+00 8.940580008410516921e-01 -7.582058235070897600e-01
3.105682005883049879e+00 1.118769363384175097e+00 9.684420410208766095e-01 -7.956253124657096665e-01
3.097559810187709761e+00 -9.625603321865021655e-01 -7.904882235566608184e-01 -7.425013976539689420e-01
3.071674262986523907e+00 -8.217140993759293188e-01 -1.189446220827554246e+00 -2.725456628041160734e-01
2.946759846671922478e+00 9.897490135952449197e-01 9.998931031994833241e-01 -7.596151197685990786e-01
3.034324650874494100e+00 1.127567007135981125e+00 1.095590242549413729e+00 -8.708007757190587839e-01
2.946781397007964820e+00 1.054706234526417319e+00 1.450185739518794925e+00 -3.487499144680907825e-01
2.963931485372979679e+00 9.774708728629639687e-01 8.538510532579157708e-01 -8.022715220332510278e-01
2.816086211088418167e+00 9.987752635367385112e-01 1.144346463100660793e+00 -7.108761577840514434e-01
3.125969217924736920e+00 1.116167398941147137e+00 1.095267889195923994e+00 -8.735379139454183539e-01
3.054068369330974697e+00 9.577332487285145080e-01 1.046675429990887585e+00 -5.715881953481236621e-01
2.899388801025838625e+00 8.257645036095526692e-01 1.086979761538102718e+00 -4.640966538992675749e-01
2.929928004746071846e+00 9.366952911364615497e-01 9.779560598439693830e-01 -6.083373997036222169e-01
2.953261535826458228e+00 1.074419338143607128e+00 1.077370663013434982e+00 -7.093864289106290855e-01
3.051098408410895857e+00 9.608259720075318366e-01 7.919651028195768827e-01 -9.044421251111163240e-01
2.979341452407360702e+00 9.769377200435060971e-01 9.775285510587247151e-01 -7.919826869282807769e-01
3.019478783810432443e+00 1.033422079953680184e+00 1.029390328689259837e+00 -7.567058472357576226e-01
3.036400952290310151e+00 1.042662083704061438e+00 9.142803605957735558e-01 -8.003074629375893645e-01
2.990142805270034287e+00 8.941210344188209591e-01 8.631972452495251247e-01 -8.417543246766361342e-01
2.958369932068385388e+00 1.059664189844431892e+00 1.052756080703075803e+00 -7.185387714315689678e-01
2.949742222214932763e+00 1.004079214267264542e+00 1.123892123352314254e+00 -6.799676304734284527e-01
2.914434621263743086e+00 1.024271609987278397e+00 1.082628823189887735e+00 -7.142596933128948500e-01
2.933155783222657575e+00 1.093719456156289072e+00 1.260576315308543416e+00 -7.736379323798943108e-01
3.040771160776206017e+00 1.009743020956197057e+00 1.210601764140109005e+00 -4.873521080243399806e-01
3.088257209117222679e+00 1.021889387399375293e+00 9.681967611501475224e-01 -7.451877955276662302e-01
3.087260043030302992e+00 1.126180539055858576e+00 9.898739194162312627e-01 -9.109116143624560458e-01
2.916258672985588607e+00 8.604904861994308041e-01 1.104241991567314285e+00 -4.964079610559327671e-01
2.983485958352987133e+00 9.394475000934887632e-01 1.027674815796275620e+00 -5.910273431054779980e-01
3.141315267188367955e+00 1.124315897842118384e+00 7.535973256435177792e-01 -1.438103715600675958e+00
2.999100611345487888e+00 1.031746773070993717e+00 1.026730933700656490e+00 -9.663177606007152809e-01
3.102700810336426862e+00 -9.616619716395730100e-01 -8.649189494268960665e-01 -5.886201874472646312e-01
2.917736959408737896e+00 8.158203279155451515e-01 1.048280000996849370e+00 -4.298908055808475237e-01
3.033945382101639776e+00 1.077413504648034426e+00 6.494087549237791412e-01 -1.292516263935013399e+00
3.000751393501686071e+00 1.039402248692067099e+00 9.210585616887564386e-01 -8.966014249997004137e-01
3.011224668475083188e+00 1.021395518659194535e+00 1.032797778557931645e+00 -7.411286067236911856e-01
3.050572813349933909e+00 1.059493615438156011e+00 9.473474995665346343e-01 -7.731789114210410041e-01
3.044811466229185637e+00 1.021504005003593063e+00 1.074474485800116952e+00 -6.336383249096004810e-01
2.952807108782578016e+00 8.548996616842411411e-01 9.530647626306993914e-01 -5.089380666106779749e-01
3.012028275033989733e+00 -9.335361372039321370e-01 -9.380633527939977734e-01 -6.129378536739628069e-01
2.978557695698305974e+00 9.389067119070522160e-01 1.038573106641062171e+00 -5.790816977050230463e-01
3.039470665550410455e+00 1.072037174171468710e+00 1.132671534813818548e+00 -6.518297105843003925e-01
2.928736371634365288e+00 8.676226149091580409e-01 1.074196420862115753e+00 -5.207225825146082343e-01
3.071011648021455986e+00 1.035266706115876456e+00 8.971784761879573189e-01 -9.327337648205338283e-01
2.879673039449497818e+00 9.078115798691602789e-01 1.196799275718839928e+00 -5.482479412633078919e-01
2.920996175873410206e+00 9.647340037816606317e-01 1.095410454287394142e+00 -6.336594564072511870e-01
2.910417676941357890e+00 8.929783034795741870e-01 1.199392810922172758e+00 -4.443442022645500145e-01
2.913032048671377439e+00 9.552012821237340079e-01 1.160843500350550395e+00 -6.535473669632880789e-01
3.040139638519047782e+00 1.116069929795068028e+00 9.523232559103250727e-01 -8.523174149770347263e-01
3.118425307646355282e+00 1.040117501853911497e+00 1.032652231534482823e+00 -7.146945709981460393e-01
3.018242920925171546e+00 1.066447490050620006e+00 9.247776667683142993e-01 -8.353115484508867317e-01
3.004499059983285036e+00 1.053650321173841498e+00 1.076761000677672664e+00 -7.995941027317278182e-01
2.973791359125037115e+00 8.578332083718915868e-01 9.262598706547807703e-01 -5.332475834505122636e-01
3.004867720046987323e+00 9.878276516095109150e-01 1.107261520869123661e+00 -6.672155360832594528e-01
2.924336605193124772e+00 1.042929139568604002e+00 1.067893095538296810e+00 -8.345799373519383613e-01
3.033709217745872433e+00 1.070259593615267679e+00 9.993680361879524465e-01 -7.293194421638476976e-01
3.023876772511818523e+00 1.044894218219142523e+00 8.913527454319751797e-01 -9.418389132434284994e-01
2.956774811426919225e+00 9.787186094310925677e-01 1.060478518286128047e+00 -6.719901309156013358e-01
3.042074946820664039e+00 1.014062791682869502e+00 9.005935215393522375e-01 -7.219296615688622909e-01
2.961849712220186781e+00 1.034452113134811002e+00 1.151053648327588830e+00 -7.113707865834166810e-01
2.946969923552938742e+00 1.054700622150777090e+00 9.846633485500894123e-01 -7.815303581036934233e-01
3.033611015170755376e+00 8.880212941669562987e-01 6.724213726233100319e-01 -8.895381782816285110e-01
2.969517845445770021e+00 9.710134202488736044e-01 1.080485824508719661e+00 -5.396421233211537993e-01
3.045089817280889122e+00 -9.862215987623788038e-01 -8.359407493907038411e-01 -7.813424499265327894e-01
2.978880552428538220e+00 1.020626004543509380e+00 1.097569294667890105e+00 -7.146412046965479048e-01
2.931710223179731400e+00 1.049040581475403133e+00 1.096723781389451480e+00 -8.158852975008649144e-01
2.963425644553891569e+00 1.021826390007292140e+00 1.003373409398267579e+00 -7.422704508687714142e-01
3.033751913510709386e+00 9.940984921993255563e-01 1.191690959003119721e+00 -4.555588887358476557e-01
2.989690118453626422e+00 1.107598029085369529e+00 1.190606140003070745e+00 -7.960626691677613609e-01
3.046353282341857316e+00 1.109276407845028345e+00 9.723032850635731084e-01 -8.273011594289588766e-01
3.014107681108109560e+00 9.366562830318978516e-01 1.125598632507239572e+00 -6.435616809712307873e-01
2.986517760629944895e+00 1.158007391371291606e+00 1.123852498833695757e+00 -8.739355297150375179e-01
3.058201623441281658e+00 1.076975059992338446e+00 9.731805164891399462e-01 -8.028133746785638403e-01
3.090368675124095077e+00 1.164932773812352274e+00 1.050073176890220727e+00 -8.792115195682690398e-01
2.951930257159020243e+00 8.265593342183017445e-01 9.198081863579139483e-01 -5.017047682583160029e-01
3.021760770175256905e+00 1.016923780495839758e+00 8.879047933574176765e-01 -7.995992536709451981e-01
3.014683803855841671e+00 1.150111292827386666e+00 1.385437604029932546e+00 -5.898561684343858191e-01
2.898056354915454325e+00 9.446036177612298079e-01 1.161452265287751251e+00 -5.691521727342040426e-01
3.008725750857384362e+00 1.131824004279723850e+00 1.001926515456143640e+00 -9.586227685682292554e-01
3.100344668996698694e+00 1.020362724845938374e+00 9.237972432498389175e-01 -6.849452582557070679e-01
3.068704901117450312e+00 1.107956066792133543e+00 1.399677192235409429e+00 -5.617455740788914742e-01
2.962010755496581549e+00 9.991017571996159141e-01 1.102045118663136369e+00 -6.347159184034538715e-01
3.078829293338178008e+00 1.060910188672509635e+00 9.631227593648837848e-01 -7.545256850496110390e-01
2.963920901156559040e+00 9.113658434175563317e-01 1.131226966913324583e+00 -5.222884131023655119e-01
2.964488429585158347e+00 9.220093918189005144e-01 9.981181089946915552e-01 -6.079202690215380622e-01
2.979725084289766457e+00 1.018428695758315738e+00 1.174599321408830388e+00 -6.675674061631831080e-01
2.996726232955590152e+00 9.875177021205935324e-01 6.320326845410891847e-01 -1.208211476143973062e+00
3.138596669270426354e+00 1.028456814158863475e+00 9.829325904196881680e-01 -7.008763246387286205e-01
3.001797810416953816e+00 1.192692921352821012e+00 1.182278176144262227e+00 -8.782838994494768237e-01
3.015419504815512131e+00 9.895618868345401609e-01 1.161161184422712545e+00 -6.195852354865087896e-01
3.097499912749887674e+00 -9.180880209485430266e-01 -1.243664863897335771e+00 -3.218835272397859160e-01
2.992177910252235229e+00 8.103457027229677978e-01 1.006035210041345884e+00 -4.769397954954132657e-01
3.002587294860462830e+00 1.022478175865316974e+00 9.168655090998103496e-01 -7.554191592488548324e-01
3.103368498670622699e+00 1.097730899517064485e+00 1.021932542620593187e+00 -8.302099501697711714e-01
2.999821351134368541e+00 1.012989769002111240e+00 1.007009629285338326e+00 -6.625612984755305801e-01
3.003129544889007629e+00 1.114759054869149058e+00 9.508257379439941648e-01 -9.444235855600791041e-01
3.002388621802640767e+00 1.014517234067733753e+00 9.683652526694564999e-01 -7.236929161593501636e-01
2.970205839628592859e+00 1.130839693624737352e+00 1.070489553653160009e+00 -9.246223521385460442e-01
2.968212903653052237e+00 9.573168621514223098e-01 8.951465256562923800e-01 -6.250970756597529210e-01
2.997888775367176351e+00 1.101971509724957166e+00 7.425761403577600950e-01 -1.024899470567378401e+00
2.989100171041606746e+00 1.095339949079405351e+00 1.026261836512237569e+00 -8.073514476306576926e-01
3.037472724876038921e+00 9.799429677821978046e-01 8.877622402606241137e-01 -9.308689766366763374e-01
2.978714159895937019e+00 9.801280254746017606e-01 1.103901011314680325e+00 -6.054991880668663118e-01
2.966949384385397792e+00 8.719466192182466768e-01 9.501873417950622569e-01 -5.524099345264262828e-01
2.978843384859905186e+00 1.038175754383717786e+00 1.050125132417076834e+00 -9.084054047577738711e-01
3.016478219288442286e+00 9.921145946721487974e-01 9.250159704104489178e-01 -8.758791104235228442e-01
3.015359297514499826e+00 1.081588254216970801e+00 1.065750191805836744e+00 -7.493294525167497611e-01
3.078991962514115333e+00 1.150919681234177094e+00 1.018404997299095394e+00 -8.172988563504557380e-01
3.062302804764920339e+00 1.027891010170277841e+00 9.990576610492025722e-01 -6.957191635106322325e-01
2.940967284172646412e+00 8.351381274460011328e-01 1.039564463824188545e+00 -4.628913537183381166e-01
2.979991694726008333e+00 8.232809355476959912e-01 9.255217821633021646e-01 -4.606251920902502128e-01
2.955091464440419369e+00 1.126079773262038453e+00 1.309702624762671741e+00 -8.138914696355422640e-01
3.009152146082356261e+00 1.096313451174896203e+00 1.106040121412914523e+00 -7.958951556188051946e-01
2.934076097553015128e+00 1.036375148537181712e+00 1.051876159140471056e+00 -7.047990857023745948e-01
2.979729267603383747e+00 1.094304202673643145e+00 9.983378313485673505e-01 -9.813207578214843130e-01
2.993397080455467485e+00 8.736766415121308693e-01 1.005838087637102696e+00 -5.894060738829964841e-01
2.973576184637862330e+00 1.103742632066435192e+00 1.023108237054647596e+00 -7.683681067795768982e-01
3.063324667313312766e+00 1.147211934116915577e+00 9.666334149561132127e-01 -9.538931986324192813e-01
3.149718516095837639e+00 -1.080546267906677516e+00 -8.591752928885982854e-01 -9.018990999364180361e-01
3.042434202313335945e+00 1.031075951685786807e+00 9.991057449140546831e-01 -7.110222329173641054e-01
2.973702227241890927e+00 9.607797782852377511e-01 7.965288274440668337e-01 -6.461445209839087322e-01
2.926619652783641445e+00 1.028036151458991965e+00 1.075344554900648175e+00 -7.425221625601524655e-01
2.951591620002558258e+00 9.625252208125496534e-01 1.066714627460052300e+00 -6.488156701525152892e-01
2.929661721775378869e+00 1.007347515716597863e+00 1.054165635386628219e+00 -7.631297396242646691e-01
3.039410640275131748e+00 9.653785352770872796e-01 1.042007590798498695e+00 -6.153381423440629217e-01
3.034656887428122563e+00 1.020831870557547649e+00 1.090316029166707557e+00 -7.292647419985982538e-01
3.053259970804635515e+00 1.048001327040956276e+00 9.892149530875913310e-01 -7.781289462888538733e-01
3.015835380855445447e+00 1.046653360438872138e+00 1.023355208981119091e+00 -7.511640655744510342e-01
2.986036145672136932e+00 -8.685305389956549105e-01 -1.259540958316061721e+00 -2.692723164507613287e-01
2.994181484021234407e+00 1.202292254258462423e+00 9.319016570406737365e-01 -1.327114883266603762e+00
3.019967113645823709e+00 9.767841088470970989e-01 9.624675541595401063e-01 -8.705192069200433647e-01
3.065182417793942182e+00 1.048238497934735225e+00 8.770480104489889461e-01 -7.442298486805413171e-01
3.006342805612186364e+00 1.158618716390109160e+00 1.066384392835648676e+00 -9.104050271288198770e-01
3.019757411546300840e+00 9.130920264582399470e-01 1.230067165936542084e+00 -3.149908474666578417e-01
3.083158464137643939e+00 1.056777061207675228e+00 8.456905140020635203e-01 -9.440247433338041505e-01
2.961315502478564454e+00 9.026314214599067132e-01 1.038842536735547606e+00 -5.707804617136224001e-01
2.925199272016013374e+00 9.992417467379949292e-01 1.129642084603762475e+00 -7.607358993314869977e-01
2.983846085042942686e+00 9.762236831260625580e-01 9.616504100306544345e-01 -6.211862407702238853e-01
2.980375928110870376e+00 1.048267346975179093e+00 1.297095039701744668e+00 -4.685484920596207914e-01
2.964010824890046969e+00 8.420900818270115051e-01 8.777949779313313217e-01 -4.156736448299637177e-01
2.949934249177564194e+00 1.023528825709677958e+00 1.102873684752509575e+00 -7.055013786529665820e-01
3.113529547766953343e+00 1.258381023494392181e+00 8.956576940678963039e-01 -1.454816436960905346e+00
2.997136238655571105e+00 1.027282992533717243e+00 1.029269902004020798e+00 -7.195301097257813527e-01
2.928878791184909236e+00 1.019969467385541728e+00 9.863806851620440241e-01 -6.986653112397234189e-01
3.006380593313629834e+00 9.795387907704219410e-01 9.310291615038756019e-01 -6.714775095632319335e-01
2.955598926375995195e+00 9.031783323520963247e-01 1.532640548032975225e+00 -2.685281805070264260e-01
2.985216343075227652e+00 9.369837937532045080e-01 1.011407093564082427e+00 -6.551043800397483574e-01
2.886051367488032149e+00 9.058028394761163948e-01 1.264907156821211132e+00 -5.487612110990863767e-01
3.068578877407442729e+00 1.121589032555427634e+00 9.638367646566589064e-01 -7.759220308655014886e-01
3.028123475065407355e+00 -9.332407506495288274e-01 -1.253659246179571696e+00 -3.754465439784452352e-01
3.073699102033176089e+00 1.080406374575173967e+00 8.808179768262055509e-01 -8.281141494107675527e-01
3.011714174061876026e+00 1.158656555259241827e+00 9.462580824004643842e-01 -9.382461267592846488e-01
2.950898760934027809e+00 9.879776967673269406e-01 1.105597510043529352e+00 -6.576935589203073418e-01
2.988963348575779388e+00 9.789996813528887287e-01 1.101528934674171234e+00 -6.445474172739057428e-01
2.913244888825675893e+00 9.604786854197853163e-01 1.159014006793960050e+00 -6.611297786173238045e-01
3.024432853808883603e+00 1.107045589049321599e+00 1.084850406354026520e+00 -9.224094173092685089e-01
3.077971806953850642e+00 9.775298153411349222e-01 9.743879693279919874e-01 -6.468010139345190534e-01
3.028718689573378420e+00 1.010304423669602158e+00 9.724792580424468369e-01 -7.570136024622597937e-01
3.111182813484539622e+00 -1.037329302113136453e+00 -1.281623902302763351e+00 -4.780347936880340320e-01
3.107460792267528582e+00 9.990561602798661012e-01 9.441156216840946858e-01 -5.611307533754112953e-01
3.103778567920595588e+00 9.896174139131750369e-01 9.976866910992171489e-01 -5.455701531598273757e-01
2.974262406792308244e+00 1.028424513839695909e+00 1.085983318436011036e+00 -7.063021678766459033e-01
2.921916381081394842e+00 9.429771601862179109e-01 1.041249736575694085e+00 -7.118084908482941175e-01
3.083267054311292110e+00 1.000979439572555085e+00 9.816174168686360169e-01 -6.559438366366280304e-01
3.002978271439272095e+00 1.138437279287901616e+00 1.054722896350502426e+00 -8.409707731759420435e-01
3.009521633594850698e+00 9.911230971829932956e-01 9.939738085912488419e-01 -6.680683010553729595e-01
3.027626834286297530e+00 1.078067105658953695e+00 9.830010000044585583e-01 -7.348763847051618114e-01
3.072733790914930374e+00 1.130876922689924013e+00 1.133144650872606851e+00 -8.889970330783996122e-01
3.010883880008890845e+00 1.016225630355858556e+00 8.750085068783737263e-01 -8.480507109739076066e-01
2.953019839035134098e+00 1.016623119894846772e+00 1.115986349496136176e+00 -6.597297215449223762e-01
2.969125596937629119e+00 9.930199930615299930e-01 1.105672649343820702e+00 -7.688234085853412614e-01
2.999517670177973994e+00 9.570730494642104569e-01 1.026193532295593736e+00 -7.267187966004193811e-01
2.925944695540162677e+00 9.660792762449151860e-01 1.102296418397763489e+00 -6.274823100039742529e-01
3.044400748685993197e+00 1.009566750084119446e+00 1.238855159967630737e+00 -4.972575334385952450e-01
3.004468077852096908e+00 1.056960382167778434e+00 1.156579789711212891e+00 -7.462933686155656110e-01
2.948035055292673512e+00 1.035334049452184990e+00 1.040646363102044392e+00 -8.385753446917973974e-01
3.029275310354565764e+00 -9.408231998364691151e-01 -9.046386290380074024e-01 -7.663333028174625916e-01
2.952945810076455402e+00 9.977942237577314133e-01 1.078916724436894681e+00 -7.132864797833597947e-01
2.978072372087494202e+00 1.022856592652736651e+00 1.111577596123112466e+00 -6.869597320116169747e-01
