1.215151584649738492e+00 9.851433143494556788e-01
1.078230600470313938e+00 1.175338241530792471e+00
1.242082053388087637e+00 1.190700583310445371e+00
1.022019937915517929e+00 1.134279907621709160e+00
1.297222864497312722e+00 1.205833236637862127e+00
1.225890764645937825e+00 1.279663434402042332e+00
1.233588637513729269e+00 1.178560043332223417e+00
9.310384649714088523e-01 1.078078730280864983e+00
9.973183573167943017e-01 1.240834599595397991e+00
1.302965900736891225e+00 1.246340730518077589e+00
1.239337792670668348e+00 1.172108478896348283e+00
1.189440074689192661e+00 1.120765621498157394e+00
1.380418762679380684e+00 1.370175976797588513e+00
1.170599131078708499e+00 1.132562630670145065e+00
1.306933584699263795e+00 1.184713060239029225e+00
9.276422727863777862e-01 1.264549491047328278e+00
1.248872865880461536e+00 1.380512019761913400e+00
1.046641163016203580e+00 1.355322099423129423e+00
1.249037027879324135e+00 1.149030109287439982e+00
1.040512157713818775e+00 1.044737608345861490e+00
1.155670330075095453e+00 1.138629864393504887e+00
1.437382213993874558e+00 1.224663324537076825e+00
1.264494886991460731e+00 1.238197215973190213e+00
1.284550667436322513e+00 1.284408035355824262e+00
1.408689995122494709e+00 1.300501549181142025e+00
1.270036402479997051e+00 1.344849625752132738e+00
1.420166361959194434e+00 1.031160970941077837e+00
1.063543496648423181e+00 1.291610646091881254e+00
9.461183980927339032e-01 1.213430449503444031e+00
1.143579773570196023e+00 1.094168581602659618e+00
1.329095154698850312e+00 1.416846890024421990e+00
1.071937516047128058e+00 1.308886604916096097e+00
1.182953672054726235e+00 1.197013329219533295e+00
1.156240216827825629e+00 1.124055109197979574e+00
1.073931017123409548e+00 1.200195621643882937e+00
1.182870822371164810e+00 1.134947904985842415e+00
1.002309545684052949e+00 1.180254843806047171e+00
9.147025644879538397e-01 1.196496992336905762e+00
1.113335282663121317e+00 9.031641832502047551e-01
1.370273445556078551e+00 1.068598466394611757e+00
1.041449464288989768e+00 1.203729033038970497e+00
9.860020447756611128e-01 1.337863310602585676e+00
9.529655722904437631e-01 1.233060025383040603e+00
1.111828126567519393e+00 1.320640049604246968e+00
1.133642302710626604e+00 1.043381642759817041e+00
1.393506692877471087e+00 1.433252487231717609e+00
1.148669266473837158e+00 1.384040754201670387e+00
1.099817754035194772e+00 1.117028840182399119e+00
1.292242611007993647e+00 1.311482598321926707e+00
1.175313893626305672e+00 1.375062419641656764e+00
9.194348278267332475e-01 1.241976634874703667e+00
1.124981288686126346e+00 1.281437998362372710e+00
1.115785466956316752e+00 1.353402896603506544e+00
1.201264251162603491e+00 1.243694830637331439e+00
1.058034171904090881e+00 1.222897539518472909e+00
1.198019722510949681e+00 1.059253594205412208e+00
1.298522766337010470e+00 1.148739116066070709e+00
9.985388646774618904e-01 1.178755984051646832e+00
1.232205304314207828e+00 1.345635171994292723e+00
1.027348798247337935e+00 1.138568376186241959e+00
1.206613321387184801e+00 1.043880069353805284e+00
1.179322876457587377e+00 1.266576088852568560e+00
1.333556398022038847e+00 1.258921134310958756e+00
1.282348747485145157e+00 1.122823965290995041e+00
8.656643304989404264e-01 1.496703398504464655e+00
1.019685734839456792e+00 1.183768049000684330e+00
9.088726132818099046e-01 1.455032479515391275e+00
1.047472818365714042e+00 1.243459409875551813e+00
1.125246315051260604e+00 1.260192505099149374e+00
1.173289137152813799e+00 1.147707877832745638e+00
1.302144163585328585e+00 1.179809390106241418e+00
1.197058723638916300e+00 1.223764607339123289e+00
1.061265833261284541e+00 1.294747807242381921e+00
1.271006231228016592e+00 1.199940748402975599e+00
1.406016056131320191e+00 1.230218479762197115e+00
1.227961916637178241e+00 1.269988226268475850e+00
1.247371004516726556e+00 1.204915105063471437e+00
1.077425722642460837e+00 1.300672672515351014e+00
1.243330220140008935e+00 1.244945465774674798e+00
1.030881136818575294e+00 1.324553803543392583e+00
1.277117221590822194e+00 1.201263171793382156e+00
1.460999418591035770e+00 1.271210065185145899e+00
1.151608681665765133e+00 1.409649967505443913e+00
9.555483866167593376e-01 1.267443160734631036e+00
1.107612052801456581e+00 1.136952389307705591e+00
1.167997288527589994e+00 1.247179775197169160e+00
1.339519825600845371e+00 1.298630181709983233e+00
9.870635639026764663e-01 1.164043541032799389e+00
1.097620003692671764e+00 1.078501819201417078e+00
9.190227320127338784e-01 1.246567106443828621e+00
1.036745058705933475e+00 1.245430446266265534e+00
1.234816544732011412e+00 1.228898652540720837e+00
9.985109640383100782e-01 1.353300976456794480e+00
1.126664719152860039e+00 1.408618897033967254e+00
1.128023295190853315e+00 1.380702284962370019e+00
1.128873605148567938e+00 1.267727272496352420e+00
1.098942372422525571e+00 1.277627758057061191e+00
9.333222063264721147e-01 1.462563130721936666e+00
1.208354032992801752e+00 1.154297502061790492e+00
1.180125960161091614e+00 1.385549048615894119e+00
1.060069967589762463e+00 1.019682026537494179e+00
1.068325419439307034e+00 1.253026468867951992e+00
1.133167652392651270e+00 1.250721731650461077e+00
1.122107239131766798e+00 1.209016138465387247e+00
1.098940283270567253e+00 1.223478386797274720e+00
1.346048249740499081e+00 1.160870371534605150e+00
9.625747849210832818e-01 1.296670773009364508e+00
1.034628647473290641e+00 1.146685872363401693e+00
1.143843835840420375e+00 1.247955565628029895e+00
1.428886243621525276e+00 1.184643727211371900e+00
1.212381008809090499e+00 1.168666518939926791e+00
1.026661449025100703e+00 1.194145490545838184e+00
1.380441242822535886e+00 1.269447302215684248e+00
1.110143481468464532e+00 9.983523611411527776e-01
1.223371499108055538e+00 1.138066420485559282e+00
1.146542413199539201e+00 1.121866958306693141e+00
1.140663244423459677e+00 1.189572800567426203e+00
8.766270407297047651e-01 1.153937895491585097e+00
1.132523236057231264e+00 1.335306629855486094e+00
1.221066542866410698e+00 1.191947352649890268e+00
1.168576050352697848e+00 1.219158774078380469e+00
1.241905813818970916e+00 1.235380378763240472e+00
1.129124437593345132e+00 1.187316124665914074e+00
1.249172785370858074e+00 1.150364490773263970e+00
1.158026483852200972e+00 1.135287923175343661e+00
1.395877015421506773e+00 1.074037442912753715e+00
1.407285012756537723e+00 1.177669662764162961e+00
9.663243276225795819e-01 1.111554776825606661e+00
1.224523410065764484e+00 1.224290396606531495e+00
1.412825849052701033e+00 1.331450364810622622e+00
1.432881286514478214e+00 1.273498133513788932e+00
1.140798931330164301e+00 1.259776186935288811e+00
1.332919300790137429e+00 1.197865858872608325e+00
1.407046373836773334e+00 1.363193080644161004e+00
1.118721375747787850e+00 1.199126276036917238e+00
1.238181141669964846e+00 1.186818113064874725e+00
8.954396534349465808e-01 1.163474411175396517e+00
1.133677643331024942e+00 1.193031453536494535e+00
1.093494674963934266e+00 1.321543477959461033e+00
1.098623611113629162e+00 1.220856648149301060e+00
1.190465979674089958e+00 1.269884890826862733e+00
1.073503167221351529e+00 1.254854415048164640e+00
1.423666179957884470e+00 1.425511684274791691e+00
1.034418310456243884e+00 1.199891204073352480e+00
1.294544583995405729e+00 1.357611906997482576e+00
1.046998019096071486e+00 1.253153174722991370e+00
1.387193036747733421e+00 1.155989797748079306e+00
9.642420799449804569e-01 1.420744758802306329e+00
1.415826157270833052e+00 1.495537041051252514e+00
1.165550961612950243e+00 1.124950047202502912e+00
1.323896480077312754e+00 1.297723696007370586e+00
1.456669369142550963e+00 1.001025919415637455e+00
1.314512420014207317e+00 1.296250567397426723e+00
1.167951381520394571e+00 1.267799922818207081e+00
1.009864213871257022e+00 1.563361763959742801e+00
1.421583788705951035e+00 1.469640389760672017e+00
1.412878390079552515e+00 1.200479119005955164e+00
1.218370632580904944e+00 1.306280196726164577e+00
1.126268349285603376e+00 1.085533511913727711e+00
1.399513304834273830e+00 1.396516740226235731e+00
1.068634655136248890e+00 1.241165297175199855e+00
1.397796844194969745e+00 1.275326994084538201e+00
9.951703001407499194e-01 1.108495177294284373e+00
1.164583622142663977e+00 1.268747516015279686e+00
1.207182728851340370e+00 1.209586767436410693e+00
1.065593661618659427e+00 1.218614417615261569e+00
1.160058975869920461e+00 1.281864636727152451e+00
1.105825637365871472e+00 1.116199880095321673e+00
1.425535764967373664e+00 1.297966758958147171e+00
1.224135917950862851e+00 1.203214515522496475e+00
1.411724795127373033e+00 1.438200197995900931e+00
9.162482514204455253e-01 1.358271117700844188e+00
1.355796815244801667e+00 1.315069770291378282e+00
9.621351360988981138e-01 1.171069507912703589e+00
1.407222312774548678e+00 1.287327396603213714e+00
1.309632955725595904e+00 1.122879663357529312e+00
1.022337956070075160e+00 1.265145341076624019e+00
1.201490194488468166e+00 1.152121135913408256e+00
1.161418604797400889e+00 1.358352413914745593e+00
1.391884638300865618e+00 1.061359253733327401e+00
9.159331599645277322e-01 1.346589793016824466e+00
1.174690649031324474e+00 1.258178743443076009e+00
1.183402072455165710e+00 1.189118481604939159e+00
1.027650248458995330e+00 1.123993133141586886e+00
1.515124743073139602e+00 1.313763328132787622e+00
1.206060334160879544e+00 1.299870985184421013e+00
1.120266044570421782e+00 1.073125509319879267e+00
9.869736116118561498e-01 1.252556532584760518e+00
1.061095837700534172e+00 1.206948160367285139e+00
1.130291463532181462e+00 1.245966894534578762e+00
1.104725400371543653e+00 1.194372381119240378e+00
1.294524139932939244e+00 1.180094034610985831e+00
1.281800311260879788e+00 1.148962323531613983e+00
1.051175996205252483e+00 9.503988815553774394e-01
1.418061758721639531e+00 1.341760881047518783e+00
1.074227817460731593e+00 1.217121626794375633e+00
1.099765528052070618e+00 1.237097682157035416e+00
1.152348987009648384e+00 1.129963310031202317e+00
1.101467119493722446e+00 1.343631266414873515e+00
1.069394569575646825e+00 1.304376616117912002e+00
9.842401255146170369e-01 1.412304715970462476e+00
1.205888857716762796e+00 1.355420349658436496e+00
1.225324401247413375e+00 1.092654319067974056e+00
1.188563141404545442e+00 1.144585982296089988e+00
1.116433361855392548e+00 1.372944125288943162e+00
1.235364793151245033e+00 1.022470354126733705e+00
1.298878060342406826e+00 1.364240232268973285e+00
1.110998315232667899e+00 1.281495479899684042e+00
1.064119839744990692e+00 1.197415769809254904e+00
1.145179822848635620e+00 1.145509488867037184e+00
1.422515046095837787e+00 1.343368516274235258e+00
1.402007497219601051e+00 1.096453828191877200e+00
1.081412221618543112e+00 1.264556427977633124e+00
1.050227744087384618e+00 1.159948925085040106e+00
1.349633597950575137e+00 1.079256633709165136e+00
1.317775473154844779e+00 1.248318243969005703e+00
1.310846625971526791e+00 1.113002417314413073e+00
1.215045883722139841e+00 1.232010234904193924e+00
1.046455387131291159e+00 1.238100055898746943e+00
1.141414387847396572e+00 1.329436305783930017e+00
1.101284765731183946e+00 1.344665465469726540e+00
1.069771576460267548e+00 1.201473949272418018e+00
1.213320440502772435e+00 1.152105280812639743e+00
1.017495155041166610e+00 1.314387821162573688e+00
1.301994042732721235e+00 1.324172670359031745e+00
1.232497839771332204e+00 1.220659801951152090e+00
1.088264488905226646e+00 1.228690533485325753e+00
1.223215790152689442e+00 1.076058469521544270e+00
9.097415996216352552e-01 1.126412753114326648e+00
1.174061259780852851e+00 1.211038451279152994e+00
1.312025695904871725e+00 1.223698330828255409e+00
1.158685271552117424e+00 1.109887806651462139e+00
1.378638689928851857e+00 1.324021860691013242e+00
9.958905301409647359e-01 1.295510016456732139e+00
1.156282854341299959e+00 1.209520159470135692e+00
1.071666584572121383e+00 1.152528647327794697e+00
1.056809451741111294e+00 1.244619529985743434e+00
1.039527556894889848e+00 1.200766692817453851e+00
9.080817666906453312e-01 1.153470745127812780e+00
1.148461681616820051e+00 1.154550190931521447e+00
1.142509945822574924e+00 1.181514481886962065e+00
1.095015430383721844e+00 1.172037916014433412e+00
1.148400931107908640e+00 1.219709600348822143e+00
1.171098781594855032e+00 1.160064974468009158e+00
1.450073833149025493e+00 1.192395227682120806e+00
1.389780373430261173e+00 1.185133364968562697e+00
1.126947374186840989e+00 1.095605217380639651e+00
1.141707719946604138e+00 1.451084481347527877e+00
1.032273943527800775e+00 9.459595820597991311e-01
1.294856515301698652e+00 1.255318462117774869e+00
1.178887096332259965e+00 1.027646600629523288e+00
1.268316754290474302e+00 1.145730158008273936e+00
1.077155890923185977e+00 1.069943879083054439e+00
9.523807684785422500e-01 1.278289579536915355e+00
1.191511498748556219e+00 1.194926319695503780e+00
1.095744103492144905e+00 1.269851917553801224e+00
1.410001034512247120e+00 1.391839557430593066e+00
1.238115727995457549e+00 1.177331883255697598e+00
1.221858847879708332e+00 1.354453289166900554e+00
1.443819298663922890e+00 1.421621272748201603e+00
1.394418238623233997e+00 1.216374322002852448e+00
1.160329568694636659e+00 1.145220570628564305e+00
1.323446930662047105e+00 1.324377540886561455e+00
1.227951665443550278e+00 1.281915000691245199e+00
9.723520229743961574e-01 1.225250443833689751e+00
1.401422595305892083e+00 1.191548991016252668e+00
1.146634602687587101e+00 1.129392754901278773e+00
1.300656935279870030e+00 1.217313447888554556e+00
1.294491014166937903e+00 1.160236513502508338e+00
1.114529392988891754e+00 1.238432689490561067e+00
1.238522300416033728e+00 1.128276334033825545e+00
1.304587439725990450e+00 9.645424285939603326e-01
1.023221883608085303e+00 1.239712053587205709e+00
1.391028135718497927e+00 1.268614862557911449e+00
1.408496498202782998e+00 1.306664718252019020e+00
1.058924524457670380e+00 1.125552203566356990e+00
1.157312044977330867e+00 1.246001604868759882e+00
1.199281793866405543e+00 1.103888853467355879e+00
1.225753823270846476e+00 1.239803957590722927e+00
9.708917871741912231e-01 1.196666224143281720e+00
1.012674790856186391e+00 1.155400224639993256e+00
1.263672852241023215e+00 1.222727563941373718e+00
1.088621893347766489e+00 1.221293742951660155e+00
1.110202587713724487e+00 1.125893774245849244e+00
1.166035956037902110e+00 1.234077973510797177e+00
1.208845543677305567e+00 1.182384534106389440e+00
9.319596478407208284e-01 1.154483423246574381e+00
1.275186018352618023e+00 1.207531881977668364e+00
1.121390743664608891e+00 1.208162001230166371e+00
1.103847083407490270e+00 1.128817143523110689e+00
1.405710669726039530e+00 1.207462965487055451e+00
1.038581806959872900e+00 1.186682324029979752e+00
1.341241241860511524e+00 1.263107985341413775e+00
1.066046074734991578e+00 1.106866422989092769e+00
1.202195837739568063e+00 1.180295764905483269e+00
1.341756012475408877e+00 1.230649401571543011e+00
1.064337903421765708e+00 1.237495095151822433e+00
1.170441930839921429e+00 1.358959348706954895e+00
1.187945632405846164e+00 1.021357419807261468e+00
1.334198880469287252e+00 1.096582648417412376e+00
1.062508648365087849e+00 1.218829799783975876e+00
1.030126718081750603e+00 1.239433960127997114e+00
1.351391561578663136e+00 1.123047774458919346e+00
1.061170716094900435e+00 1.151981913551193726e+00
1.145099105139754325e+00 1.144721478038770890e+00
1.226151914987754887e+00 1.368818166734013131e+00
9.744352206199854427e-01 1.185218779195026384e+00
1.294063496902698507e+00 1.120013287206234054e+00
1.363474476998408180e+00 1.227626143521848956e+00
1.078107660976582727e+00 1.057165462821106683e+00
1.301437047263875213e+00 1.397896388012499491e+00
1.073971238491316038e+00 1.243095428822083015e+00
1.106304737216037726e+00 1.425077994308866947e+00
1.208525209737996597e+00 1.211632864807048682e+00
1.093623567354789605e+00 1.237369329911196969e+00
1.109830673878906548e+00 1.203977566851591074e+00
1.152879509051832674e+00 1.092096248245266077e+00
1.222700974787172434e+00 1.309093140121636356e+00
9.271971139849546351e-01 1.301135964873295858e+00
1.431606217290082528e+00 1.253670636758809298e+00
1.094197090875546285e+00 1.224262402542559025e+00
1.341882119200368262e+00 1.236454529688283843e+00
1.010518226579692591e+00 1.239691845675798598e+00
1.398009743749184075e+00 1.167674992513188625e+00
1.056730539896482801e+00 1.017343266277625169e+00
1.040239549192879309e+00 1.128797104100926596e+00
1.139409563792566304e+00 1.014288591362607406e+00
1.062148627825990399e+00 1.052489829071796112e+00
1.300291609368411594e+00 1.308195697714941375e+00
1.178239504779295510e+00 1.164220608548909297e+00
1.048294242824493017e+00 1.390063583049411466e+00
1.261460492518118093e+00 1.278573933241417437e+00
1.050744943923603403e+00 1.402000243068583174e+00
1.148843766231175234e+00 1.288201425624393215e+00
1.429937657101598925e+00 1.258248700862021119e+00
1.162592941698618265e+00 1.291813503126122642e+00
1.167344390957832490e+00 1.258341784693538301e+00
1.349053238304078528e+00 1.145135411352764976e+00
1.090577002334513379e+00 1.175277049866620072e+00
1.277944891042126274e+00 1.201743743729982050e+00
1.130358327864530610e+00 1.251848649632838706e+00
1.211341518281610297e+00 1.128471953905345604e+00
1.239988073117563872e+00 1.248312923068792823e+00
1.302720111420189397e+00 1.185705992749117366e+00
1.029251607052134920e+00 1.352397253738939709e+00
1.055138227652240301e+00 1.186858522726446319e+00
1.021171078368038776e+00 1.294524988241812835e+00
1.181541079742402411e+00 1.141942517332301010e+00
1.163970945381241240e+00 1.312413224768761433e+00
1.110788757130614091e+00 1.238559286963762496e+00
9.843777965928396378e-01 1.135794709864074825e+00
1.079778994206585185e+00 1.276764441304941933e+00
1.011578118457502118e+00 1.280425669841605441e+00
1.303121578835167327e+00 1.242028711801985708e+00
1.350619056746751756e+00 1.362826092269963540e+00
1.378942615856301845e+00 1.186950897662686799e+00
1.280264487252965599e+00 1.203058706263503863e+00
1.157802315297800089e+00 1.308371191068871342e+00
1.174211735378201116e+00 1.102470841812710711e+00
9.449365792848551937e-01 1.265734555298198005e+00
1.241030294465021999e+00 1.153863340143045146e+00
1.210051190407861244e+00 1.341638599104917340e+00
1.328408956414668385e+00 1.417728871392839540e+00
1.364951099390374178e+00 1.245201004764805441e+00
1.000771134611466051e+00 1.164634610695141292e+00
1.310290247992354384e+00 1.368175385433358260e+00
1.262843391260881187e+00 1.330560861285905006e+00
1.208765440220104237e+00 1.186820338653085782e+00
1.285222463916777969e+00 1.221211609318574753e+00
1.275572951405083089e+00 1.349246810109567374e+00
1.169505584449450630e+00 1.222019014265754322e+00
9.527171059678661846e-01 1.218691488981027859e+00
1.104401361064577980e+00 1.380238205954897213e+00
1.075774946105572782e+00 1.267632911408771657e+00
1.235221591536775687e+00 1.126430668311444228e+00
1.348048671400177589e+00 1.206360906717628634e+00
1.096104124250328216e+00 1.230790093959084786e+00
1.059771603202582124e+00 1.115802373819622995e+00
1.260950125434606939e+00 1.299897234558986758e+00
1.348400526558527046e+00 1.105833227490757409e+00
1.140663047883641701e+00 1.158288135364926807e+00
9.333434837299197095e-01 1.124017951968597773e+00
1.186717707257210819e+00 1.399264937686552912e+00
1.433381390742548334e+00 1.291093832961198951e+00
1.256884405610278588e+00 1.135427467077353203e+00
1.406738567292433739e+00 1.404404699135357371e+00
9.304567978913576010e-01 1.244904549463803356e+00
1.088619068325503481e+00 9.723259544758836581e-01
1.042385055999809573e+00 1.111634262110933413e+00
1.156894865158690777e+00 1.279848237103647923e+00
9.339417223799577616e-01 1.256133404928068353e+00
1.110249206772286001e+00 1.179395697435740464e+00
9.928146268921290707e-01 1.174395929804631367e+00
1.051271265103057129e+00 1.184618263807154515e+00
1.305047848096894780e+00 1.202491566130796219e+00
1.402530157911199726e+00 1.297403748156159997e+00
1.403778295557659650e+00 1.303234855271360182e+00
1.181289904647156552e+00 1.177937597285341198e+00
1.261257672836621602e+00 1.310525960236804677e+00
1.407464541686370918e+00 1.260052143975680439e+00
1.175890174935451116e+00 1.109214529213103706e+00
1.197560282508220331e+00 1.139153414379669993e+00
1.206930534528924293e+00 1.228109911185249148e+00
1.377958979331447509e+00 1.071838038823203165e+00
9.714531120163908406e-01 1.306661616361560752e+00
1.255897236906233783e+00 1.308633746043053048e+00
1.097699499487213348e+00 1.204058188683099884e+00
9.515322294409479520e-01 1.290042799928973194e+00
1.217181951760457403e+00 1.269809768211384249e+00
1.156033808368472249e+00 1.100822839963230271e+00
9.553149775361265972e-01 1.054865943338720191e+00
1.324047092691478023e+00 1.290007603186186458e+00
1.175457804781952387e+00 1.324878388513608840e+00
1.132134292674225939e+00 1.187601447544959443e+00
1.170645211183731105e+00 1.301304235724362712e+00
1.012952004989109867e+00 1.113570430456558347e+00
9.184165945105356998e-01 1.205770343964483793e+00
1.088380937042180197e+00 1.247289504456306375e+00
1.021705156604410192e+00 1.301358061709220637e+00
1.399574323994722480e+00 1.273602950918727883e+00
1.108843780253129907e+00 1.194840105815840881e+00
1.147296898701098078e+00 1.263513330960332581e+00
9.746008658353961795e-01 1.292180766382797552e+00
1.368365648158436976e+00 1.283872802347704178e+00
1.017608346521291951e+00 1.264548444928969895e+00
1.259343455303722159e+00 1.417777547104873914e+00
1.365689746995883302e+00 1.317800326887407447e+00
1.169722236485228217e+00 1.336641769425128690e+00
1.169957591997337509e+00 1.104927703896422253e+00
1.101485994283887271e+00 1.425043240056714344e+00
1.180627377409029011e+00 1.263120471607120265e+00
1.071208269678935121e+00 1.123653374217272294e+00
1.301771131460704112e+00 1.364730122117771449e+00
1.364382411763271907e+00 1.198088694132207088e+00
1.161836709985680560e+00 1.362736912300107850e+00
1.060716244491354709e+00 1.141932279790264460e+00
9.756365903254264893e-01 1.335844557479269668e+00
1.144298848185984374e+00 1.435200223303100708e+00
8.460000403613605613e-01 1.212099895346974376e+00
1.058125897866847076e+00 1.310019185707193445e+00
9.838764843141734051e-01 1.336033461753523444e+00
1.139882433980997423e+00 1.360623922062902391e+00
1.146220730820570299e+00 1.336055194997633144e+00
1.490669210692534774e+00 1.120857094351323857e+00
1.425188795431110211e+00 1.303842009015568904e+00
9.514114231726217286e-01 1.105638452436585650e+00
1.087732549012238259e+00 1.295280076628509525e+00
1.173698316463107183e+00 1.175702636322550676e+00
1.290814916910708376e+00 1.008829746689216211e+00
1.371569537759120383e+00 1.113540354590614179e+00
1.414424787616526125e+00 1.186936924026110951e+00
1.051367256270713257e+00 1.345273457394765559e+00
1.339276056704484352e+00 1.150228891335017378e+00
1.206083519381289992e+00 1.169549348612627604e+00
1.046877566697873130e+00 1.191392242664902401e+00
1.092957538977264775e+00 1.219705250860567025e+00
1.181850826246879649e+00 1.133611740977080506e+00
1.433259593210836735e+00 1.122919691909230133e+00
1.119910533795888563e+00 1.288070256344114428e+00
1.233994434985184574e+00 1.269015936123924604e+00
1.311092374077565959e+00 1.261594279842013888e+00
9.997789787671466089e-01 1.235148628508429436e+00
1.063265101030375304e+00 1.247011655281025755e+00
1.030870075896200833e+00 1.166045640623452506e+00
1.288698071287370572e+00 1.381619908433140198e+00
1.407898948017698437e+00 1.169361461499397015e+00
1.245960827100822232e+00 1.311770994740110829e+00
1.254116554527768823e+00 1.317958990198377034e+00
1.064780025546719910e+00 1.017165328068812657e+00
1.150887403890995753e+00 1.171704352271573102e+00
1.130315743483438773e+00 1.219758632901213335e+00
1.221360461537184472e+00 1.112442313119392567e+00
1.213691399988529263e+00 1.081283284184676896e+00
1.404574058761171251e+00 1.296379443897311523e+00
1.135208507541703771e+00 1.457233958017632780e+00
1.381120663838795171e+00 1.241535059437526067e+00
1.209334867986684214e+00 1.171155294851631501e+00
9.186668672903657296e-01 1.126158504168527807e+00
1.274424905678903652e+00 1.089490975688449881e+00
1.095232084732212785e+00 1.176901149424565807e+00
1.380088146857196385e+00 1.134266036097885344e+00
1.022488051589724778e+00 1.266640065509321955e+00
1.150180484955399374e+00 1.058222332039918445e+00
1.452220662527632822e+00 1.109316497110597988e+00
1.343156882244313621e+00 1.280602562632948471e+00
1.292237408887897177e+00 1.100482206324620016e+00
1.259233076061300860e+00 1.330474082726820440e+00
1.032936425585168072e+00 1.001254660140729946e+00
1.274343933806304285e+00 1.197069489948796361e+00
1.218512369570905030e+00 1.309534473132574872e+00
1.011257104802031348e+00 1.269386315369266161e+00
1.337908312109446163e+00 1.440509917908863180e+00
1.149095972969108370e+00 1.230689539483098338e+00
1.377555284361762888e+00 1.204764850569255863e+00
1.165652581264129850e+00 1.093447601586982065e+00
1.362402473962148974e+00 1.193392085231802735e+00
9.677116329114076043e-01 1.299485603456312921e+00
1.402175955351594450e+00 1.356644089597184299e+00
1.386313381898373054e+00 1.240130978861897937e+00
1.150784294219489245e+00 1.084517417617470114e+00
1.029165842120965291e+00 1.090605796658349336e+00
1.272282368572857925e+00 1.234557897009171734e+00
1.060826688282954233e+00 1.172950361292357302e+00
1.061278930250934005e+00 1.359829546246614784e+00
1.226544367495598920e+00 1.300668257796827820e+00
1.423082632038052964e+00 1.340172973853793081e+00
1.239641587815387469e+00 1.425608227034833364e+00
8.647286949240600151e-01 1.109784725014689499e+00
9.216302565868650376e-01 1.218049248903199766e+00
1.179586466993388649e+00 1.144813080590379117e+00
1.042753930534364937e+00 1.170318577009023420e+00
8.917042714857179586e-01 1.241058104197755974e+00
1.189423318484767123e+00 1.414222128636412723e+00
1.391338572731255718e+00 1.230293553581748744e+00
1.025985757115198460e+00 1.133490006999712696e+00
9.913313164147150580e-01 1.132944746714625417e+00
1.409568418374942178e+00 1.227584950184931412e+00
1.214530776410252644e+00 1.282303192916662171e+00
1.379802019886143594e+00 9.611457470447396512e-01
1.152744284604071634e+00 1.470857927393014242e+00
9.886403434197155171e-01 1.088633354553054211e+00
1.119371230303720877e+00 1.227410291945191467e+00
1.311253869924778659e+00 1.234065897658534361e+00
9.451235879005605023e-01 1.082495639128912224e+00
1.235141878520664704e+00 1.255690422180011812e+00
1.174701757946592817e+00 1.041063074325086824e+00
1.002075341194914371e+00 1.296585655944821003e+00
1.010492412368039439e+00 1.178659922233371127e+00
1.398614750479549640e+00 1.000112185969712852e+00
1.046752179957703976e+00 1.108916880703251451e+00
8.926094638933071979e-01 1.314614222963618628e+00
1.320584111876557554e+00 1.216831019975416428e+00
1.237030828137963834e+00 1.259375106628130236e+00
1.142630734735778031e+00 1.243994953757292521e+00
1.080027493427302421e+00 1.103193039784390761e+00
1.136134158131186567e+00 1.137531029308971098e+00
1.166048786406755688e+00 1.090872564673264433e+00
1.391129914469223516e+00 1.392971965601909279e+00
1.109771855038856225e+00 1.188284625844524323e+00
1.203086194567088096e+00 1.298423595440879819e+00
1.204312534705053617e+00 1.191441357043267368e+00
1.259347349586190656e+00 1.223005989090929058e+00
1.290596850158565623e+00 1.295146300255419991e+00
1.278536674839451992e+00 1.424159775036530462e+00
1.253461075652095635e+00 1.336341671312571977e+00
1.211694453421896522e+00 1.154377391583374601e+00
1.153718223343554117e+00 1.252634482623724121e+00
1.298728693079719276e+00 1.296927402992432032e+00
1.325441650801788773e+00 1.233887564660560487e+00
1.237740586698534040e+00 1.178514902488643656e+00
1.214675125282562274e+00 1.330316347948852007e+00
1.286916048707364757e+00 1.290043383549109635e+00
1.077429200755532168e+00 1.144198410947022460e+00
9.251793308725297926e-01 1.146940831382405657e+00
1.187506940671610334e+00 1.396011185392683096e+00
1.099673256412368127e+00 1.155751135576157829e+00
1.104517100833105392e+00 1.231570073521595754e+00
1.188413767271699228e+00 1.055384931692974648e+00
1.328236577541673347e+00 1.082726216142409381e+00
1.071449877989374855e+00 1.147757808435823090e+00
1.324785181854161387e+00 1.320874071890365986e+00
1.172888786639643133e+00 1.193646130176841291e+00
1.274624072673439246e+00 1.374717123137011887e+00
1.116134694629016266e+00 1.152469801870409150e+00
1.221678594593894607e+00 1.251647345370577424e+00
1.230310673786193743e+00 1.179498469621867995e+00
1.005452700014938472e+00 1.102823905654437553e+00
1.441893242075060311e+00 1.386508449426356648e+00
1.045459994738047849e+00 1.178452779847175114e+00
1.416721997956792878e+00 1.428340082757770801e+00
1.073563954250276842e+00 1.158975179981583503e+00
1.008362749444150941e+00 1.230333757398785810e+00
1.059944829021685075e+00 1.189510842349342346e+00
1.240676360352579000e+00 1.239703508366549967e+00
9.409285738626982365e-01 1.334801331317333695e+00
9.223432395298480913e-01 1.181830335166979218e+00
1.145055336705316895e+00 1.236546901509508967e+00
1.062468747845141337e+00 1.371442348691540136e+00
1.223678168289764390e+00 1.116558147410474211e+00
1.019487539908381368e+00 1.281745976508482432e+00
1.186226481408650058e+00 1.243311420640929033e+00
1.250232289242327877e+00 1.164639117457819228e+00
1.375489114194116347e+00 1.328139450963331303e+00
1.255045633792369220e+00 1.214564031342277639e+00
1.109418829429690945e+00 1.294749180283027545e+00
1.138119450636170926e+00 1.264815089775988222e+00
1.135004647652266829e+00 1.088092119912783096e+00
1.243645853655689582e+00 1.114031181016435390e+00
1.421760829101174517e+00 1.175996863258315095e+00
1.027277463363097221e+00 1.145891307012898874e+00
1.174537907718767205e+00 1.235564747591428647e+00
1.092461314472206624e+00 1.115070687027629681e+00
1.107835629454708259e+00 1.340762028976708597e+00
1.087143465468199954e+00 1.148416848445636962e+00
1.309571025090159546e+00 1.330150640749008906e+00
1.192139579224222201e+00 1.318564180925749341e+00
1.013245736008337339e+00 1.278885004596040487e+00
1.209420998153341920e+00 1.242102988404737429e+00
8.656855764146137444e-01 1.194659674863854715e+00
1.156499864411168366e+00 1.366695212357889488e+00
1.453861200339501059e+00 1.274413864047144074e+00
1.397529967169751419e+00 1.194037577985590071e+00
1.203746538288212431e+00 1.018931971708075146e+00
1.025758013105487754e+00 1.301775672694883701e+00
1.215635219916166410e+00 1.179816776297590186e+00
1.078631154734906339e+00 1.074769407538768817e+00
1.121910974322396726e+00 1.327480512500864407e+00
1.257279648809170869e+00 1.075513572682883279e+00
1.263914495316370790e+00 1.133568370796280922e+00
1.225174110736574562e+00 1.170028253527217732e+00
1.098512065875056898e+00 1.259157460889785529e+00
1.082784697111860428e+00 1.362662991076919683e+00
1.098117527527714188e+00 1.154026178577624462e+00
1.017469677218889812e+00 1.281418694226621469e+00
1.183679356436288410e+00 1.117763495031344645e+00
1.083482312376421230e+00 1.275882438241209060e+00
1.092093439482207717e+00 1.178527888337647989e+00
1.260051702366207005e+00 1.443237042970325845e+00
1.099597179024696780e+00 1.402828254588600387e+00
1.141912090281425041e+00 1.289227429442672657e+00
1.151830655043083684e+00 1.138743978933299594e+00
1.063168043787066974e+00 1.370360371846176761e+00
1.063724943937366385e+00 1.156479526687363091e+00
1.427030408482520496e+00 1.459928592094451805e+00
1.046258590552041179e+00 1.204192838691124923e+00
1.007107485707717132e+00 1.303750020106396734e+00
9.458582759930691530e-01 1.154057287449729019e+00
1.144818506003851599e+00 1.205062212727636917e+00
1.237071299646496536e+00 1.329795219495240044e+00
1.272634765286236869e+00 1.332430207366504860e+00
1.448031826926212684e+00 1.198258346022627707e+00
1.155091283107662070e+00 1.267992448062527977e+00
1.164502230876641731e+00 1.201733835165473829e+00
1.366476696924164624e+00 1.364308520261528601e+00
1.145119003785002976e+00 1.192028823443178176e+00
1.081318310534722604e+00 1.135736908504136888e+00
1.320720128674495175e+00 1.333976227627982070e+00
1.086664251351534105e+00 1.091359756557967131e+00
1.129788331363041687e+00 1.181460015549525622e+00
1.288594311862307107e+00 1.149134870196548697e+00
1.155586803430667331e+00 1.186879954799708425e+00
1.203509403679587697e+00 1.113209039851730697e+00
1.411693942788878831e+00 1.219618580056916368e+00
1.257828197212860655e+00 1.134026277858067422e+00
1.222715262236038436e+00 1.138078778484434839e+00
1.406161439363243115e+00 1.134149748464015728e+00
1.213309045143159404e+00 1.289011877569062658e+00
1.272777978994041215e+00 1.370116825138557148e+00
1.321125315813156620e+00 1.289774991632224088e+00
1.148123833913286429e+00 1.340122331085531471e+00
1.197044399031133688e+00 1.102471083978994848e+00
1.166627183842150695e+00 1.274310755068754464e+00
1.162424188735676989e+00 1.047969592441719389e+00
1.050219576614582540e+00 1.163061391071443573e+00
1.004120170543013835e+00 1.277550872968125972e+00
1.198521294153130023e+00 1.211801240494731147e+00
9.403014463254588673e-01 1.272327774543333456e+00
1.307439497239602844e+00 1.217131470434781093e+00
1.135242309708347941e+00 1.247236419611604141e+00
1.133451643179496759e+00 1.215400894054678105e+00
1.067082748526013702e+00 1.079777429573631320e+00
1.140139968100637002e+00 1.091900656884045917e+00
1.108077956819331966e+00 1.355633687690280365e+00
1.136986688828637959e+00 1.246475249674487085e+00
1.110044722665880279e+00 1.354275837544334449e+00
1.196482018043951490e+00 1.231725411755299149e+00
9.804236932056485943e-01 1.029385550194167109e+00
1.317412954689562321e+00 1.097337358602453961e+00
1.400806142464614767e+00 1.393152666448380872e+00
1.247066553237007991e+00 1.179297287650906689e+00
9.767451510148985605e-01 1.262308473543169329e+00
1.135500121723016287e+00 1.181224399035861961e+00
9.738754110637675154e-01 1.461302689076015016e+00
1.143145921126753839e+00 1.106292358103542650e+00
1.226454269281636256e+00 1.208400171644300469e+00
1.072563350378286318e+00 1.339394750765519282e+00
1.154373938774760910e+00 1.352250509500328324e+00
1.125100243939529232e+00 1.190289099636418158e+00
1.171339533722334236e+00 1.154622953355969317e+00
1.394170232552155220e+00 1.269708951109318917e+00
1.047517397964750741e+00 1.124172594610466591e+00
1.392803280952275902e+00 9.298538387394112981e-01
1.324415223765480931e+00 1.288677795673475623e+00
1.193111449071342145e+00 1.185636410525104711e+00
1.234986897924954974e+00 1.278729295082782880e+00
1.048227067418210812e+00 1.321645647888123998e+00
1.165111655252784040e+00 1.123113863274045610e+00
1.174730717469649299e+00 1.284045039369099861e+00
9.897516688018079822e-01 1.361710297454238772e+00
1.189896097728562419e+00 1.239681158637113478e+00
1.274966092467510359e+00 1.230446175833681766e+00
1.045861450729669517e+00 1.038212991227517756e+00
1.182405156097430909e+00 1.329519724895169119e+00
1.358113760797369673e+00 1.284168063320269670e+00
1.313102669264252453e+00 1.221143820411546344e+00
9.985664623375749560e-01 1.125519883703457458e+00
1.277491374959228709e+00 1.280598674436081552e+00
1.095607851252631715e+00 1.283434720739853319e+00
1.413016072363059150e+00 1.149816154986611938e+00
1.219256311291250672e+00 1.173334367822313595e+00
1.358626346536141893e+00 1.219884168619989273e+00
1.217937988437949537e+00 1.079906500520665835e+00
1.154910923882798812e+00 1.284972433902110245e+00
1.165261503306308954e+00 1.399478330199528608e+00
1.096477800831240801e+00 1.233342626908852768e+00
1.283499969058663925e+00 1.105570181052902390e+00
1.434434891772081722e+00 1.147022294106120999e+00
1.204069790980882182e+00 1.093052117601960083e+00
1.122221944584492537e+00 1.208071622091646313e+00
1.107724601265877240e+00 1.188222656976441138e+00
1.200469604819759617e+00 1.274694588941101214e+00
1.111632028519725424e+00 1.274227865844293595e+00
1.189486444357244821e+00 1.345831598125076800e+00
1.401741731083386844e+00 1.304046176094942888e+00
1.073283143360124869e+00 1.325972148308529164e+00
9.643995802987708199e-01 1.348361954942853824e+00
1.155256085403482791e+00 1.254082693110922575e+00
9.102530837112229323e-01 1.261061495726916615e+00
1.100119928214097431e+00 1.396421406801343412e+00
1.065309894158512627e+00 1.252444115086197129e+00
1.126254868057056546e+00 1.167547240604334347e+00
1.054869747882003272e+00 1.240586436225593614e+00
1.127743066818966078e+00 1.058190995523827338e+00
1.100689609296520821e+00 1.156343672869380113e+00
1.036169556022220162e+00 1.465608174905173922e+00
1.307379605634657826e+00 1.184789323152092289e+00
1.025570766688429281e+00 1.163965912732445984e+00
1.030935128943231582e+00 1.423281871656104425e+00
1.062995084543541857e+00 1.088414883807073741e+00
1.140991109762492961e+00 1.211165777547722033e+00
1.136070247187948690e+00 1.026188038394282076e+00
1.003516868314122901e+00 1.068118307247112986e+00
1.108728784332408512e+00 1.228735202413757444e+00
1.123586507183422789e+00 1.170111550228272623e+00
1.198256390575996866e+00 1.218822213380599706e+00
1.117189981064372395e+00 1.326529178849462864e+00
1.376027377614225333e+00 1.278430874911753667e+00
9.821349867943212075e-01 1.320826987286613852e+00
1.184971004713443632e+00 1.256864904787714732e+00
1.139682378885597425e+00 1.476843662403902080e+00
1.282495137973069577e+00 1.269460026460663249e+00
1.188917429945803406e+00 1.216453726448530670e+00
1.187725544100920017e+00 1.308650638852741466e+00
1.167719048789640279e+00 1.368130609933285502e+00
1.089134597029987273e+00 1.109002667923063568e+00
1.038031850827886071e+00 1.425514505251370689e+00
1.127278911834062036e+00 1.246884904711353048e+00
1.270559447904793693e+00 1.349431963620854269e+00
1.402838561637660630e+00 1.092249810690586243e+00
1.147070059481428483e+00 1.211940081198733310e+00
1.174699892229464915e+00 1.216380500147658639e+00
1.146124392201721465e+00 1.297521638177600023e+00
1.439680299447364087e+00 1.117823839177582546e+00
9.861014211672889385e-01 1.242639218287013403e+00
9.871275326889368262e-01 9.742423853621625662e-01
1.392141289390411929e+00 1.194896257203121648e+00
9.276031191726632485e-01 1.349072834592419001e+00
1.146085465080250776e+00 1.136994804359008127e+00
1.185316214775483878e+00 1.044596492927686970e+00
1.240040280588579513e+00 1.262142529172105343e+00
1.287073087788531245e+00 1.093930691218359064e+00
9.092531779425312433e-01 1.340881682470181246e+00
1.135624641985189420e+00 1.313786685230112772e+00
1.428886251784286410e+00 1.224488175931337741e+00
1.390368015003212943e+00 9.724817861785675088e-01
1.226465330372058737e+00 1.252967214701071086e+00
1.212553918875622250e+00 1.233059958576736337e+00
1.347290913011018221e+00 1.231757240758953875e+00
1.270067363606114830e+00 1.247066001964224569e+00
1.378600796027537267e+00 1.356179677345783041e+00
1.141982266899258747e+00 1.312083137004362410e+00
1.112062772318353154e+00 1.168911822903218489e+00
1.086635365362427219e+00 1.177518581073463633e+00
1.072761994628021132e+00 1.138926515289247154e+00
1.074388757991001642e+00 1.215549521410719702e+00
1.306740129980049625e+00 1.346390055247834949e+00
1.134025356146496355e+00 1.015862308267180047e+00
1.186139762521640995e+00 1.188602479578802606e+00
1.223034335301061759e+00 1.349610268225180265e+00
1.125078596904588224e+00 1.170375871143234159e+00
1.131357448795091036e+00 1.305545933888521581e+00
1.168762910573374558e+00 1.197955876573068013e+00
1.320873404026797537e+00 1.103535916941284611e+00
1.025235385735010940e+00 1.007642634408659310e+00
1.135516299308217958e+00 1.166073144302352871e+00
1.424789590846563092e+00 1.313311449109833218e+00
1.120246447397380773e+00 1.165050261110011531e+00
1.248298196223488477e+00 1.328503935857385576e+00
9.692152987586382107e-01 1.250228480602620484e+00
1.391061761125360841e+00 1.195018124404068072e+00
1.163772181372749515e+00 1.234633644584032908e+00
1.434393964842120228e+00 1.377409025753484340e+00
1.235777155772383562e+00 1.421995885085276523e+00
8.384597955296448912e-01 1.302530452479995438e+00
1.079957684121279682e+00 1.278399008387417268e+00
1.132538416710679563e+00 1.237188812248305902e+00
9.726215818511777522e-01 1.304808279245870617e+00
1.253037207759092775e+00 1.443524594702394692e+00
1.154901194863147573e+00 1.186514964562035646e+00
1.364841814740123782e+00 1.137652279136716071e+00
1.115604718520141869e+00 1.496723185299146497e+00
1.190209383621014361e+00 1.263809911098775274e+00
1.231360026479021652e+00 1.318716168940616384e+00
1.411875648296305297e+00 1.234012293438737196e+00
1.315559330325345666e+00 9.732532332556199650e-01
1.202323132712158626e+00 1.494538757979071653e+00
8.714754689748195338e-01 1.216086873955557701e+00
1.056541122418666490e+00 1.214797552359054622e+00
1.116419802900437519e+00 1.327713471335476791e+00
1.304016601415022958e+00 1.185654837396304506e+00
1.300496338797305640e+00 1.357992057239090222e+00
1.168301875389671007e+00 1.325587759201856120e+00
1.341139143276845358e+00 1.315110628560729022e+00
1.177951148835762130e+00 1.119108633415874410e+00
1.052259469270459658e+00 1.199990887576047438e+00
1.203750601247423058e+00 1.372823487518631591e+00
1.105675471663418064e+00 1.374382109500492000e+00
1.242299530111881323e+00 1.363175517410047055e+00
1.297137025708870128e+00 1.267477265408615716e+00
1.088276145939462314e+00 1.247850165568581415e+00
1.266735273374388848e+00 1.263179383434317904e+00
1.428736274135496753e+00 1.239755007313098067e+00
1.158244780770673721e+00 1.209228832195173187e+00
1.083697926816713286e+00 1.180888406965899584e+00
1.063677403343890271e+00 1.203664266264046656e+00
1.160127402630348969e+00 1.032974838572310761e+00
1.296617432653260682e+00 1.390448673666528245e+00
1.283638365578795737e+00 1.189144213673601236e+00
1.393289832893776392e+00 1.281200686629378138e+00
1.419003157996223674e+00 1.305075173233943175e+00
1.229986044896460795e+00 1.157309174505264160e+00
1.030504645108455852e+00 1.172963558905020909e+00
1.280160142432788195e+00 1.157494559583772231e+00
1.152187904149238662e+00 1.378202534740784024e+00
1.440983939905690736e+00 1.279165972629766168e+00
1.262624854258793894e+00 1.433806595329336186e+00
1.405579962083299161e+00 1.188035776530273369e+00
1.139127111625802602e+00 1.347097401663194915e+00
1.308399876069297418e+00 1.194985277410143487e+00
1.137411639303156807e+00 1.203857864076524287e+00
1.026642748067867261e+00 1.367468914243906708e+00
1.148532554199828137e+00 1.353741244933132082e+00
1.113143107284451094e+00 1.439500048985067782e+00
1.042248799171495044e+00 1.119032688420924515e+00
1.181578812112087817e+00 9.895720146330182487e-01
1.085793521987351129e+00 1.224507506441574023e+00
1.263443018435568277e+00 1.273262530202492693e+00
1.005865163560238029e+00 1.315217865101073302e+00
1.263931667360423061e+00 1.130462788234823046e+00
1.239974846381188156e+00 1.244712538172526139e+00
1.231329671879714649e+00 1.338669405622040065e+00
1.162760989862530847e+00 1.125450266878555761e+00
9.520783006992343811e-01 1.011320112415436068e+00
1.372461439360719293e+00 1.258767632536880399e+00
1.257022681603167769e+00 1.140400096578710221e+00
1.287573764771474449e+00 1.486853723915374514e+00
1.134029640958811536e+00 1.203144204615307800e+00
1.399632162758940979e+00 1.380534815818530880e+00
1.286259325891218719e+00 1.268197852220888100e+00
1.275745601696695930e+00 1.260704016449396336e+00
1.117364187451008073e+00 1.155451725265859819e+00
1.156445882516950796e+00 1.272623655226311268e+00
1.281329984879363337e+00 1.366176137322926865e+00
1.108253365896884723e+00 1.107062231326222612e+00
1.087158376160350715e+00 1.226799110905721468e+00
1.373039734814134327e+00 9.915472050165931028e-01
1.374694158163531910e+00 1.180641198604896136e+00
1.178838379265627845e+00 1.305023443504588876e+00
9.965139387140253824e-01 1.341443476721408512e+00
1.324506142923723484e+00 1.148141971981249565e+00
1.209364706361276909e+00 1.054768289880397836e+00
9.867539507479308192e-01 1.265692323854135326e+00
1.063660352970796419e+00 1.054425652973537852e+00
1.390084372352935471e+00 1.517064556638280104e+00
1.167662018686986380e+00 1.122023555191291155e+00
9.327564537303799641e-01 1.303248406766981615e+00
1.213642126644666197e+00 1.154146288747577076e+00
1.179327730595922219e+00 1.103139750975324462e+00
1.124397886290906978e+00 1.264189459226460865e+00
1.059109511367486434e+00 1.087716607775032207e+00
1.209088821108465606e+00 1.427213414107521450e+00
1.180929699361767504e+00 1.326105211277512241e+00
1.196300598407318283e+00 1.299436816896524016e+00
1.241315911138398675e+00 1.230664893885015987e+00
1.234934618418430885e+00 1.185498650648642682e+00
1.181277075145271027e+00 1.336694167158786861e+00
1.403988146778291757e+00 1.465503573893309319e+00
1.191600928730992770e+00 1.130855138179384989e+00
1.186339517354583206e+00 1.306243152207011704e+00
1.069526593949764459e+00 1.228756592371303746e+00
1.068564987583467962e+00 1.211573882767878363e+00
1.138259579281307055e+00 1.106854451350487878e+00
1.347612123965612252e+00 1.129909841381165903e+00
1.013123917300860599e+00 9.676275034321109025e-01
1.064200045624087432e+00 1.261178231816831863e+00
1.198456689491485427e+00 1.185409162689003093e+00
1.245664388807705025e+00 1.031921021958009721e+00
1.479327069719361898e+00 1.198678914272859775e+00
1.165697328624403895e+00 1.091937094347478432e+00
1.062658521032717074e+00 1.200985469563988772e+00
1.113769189675168692e+00 1.231298441180446623e+00
1.131951121803704829e+00 1.175042452013713268e+00
9.756691040473902676e-01 1.353293751321870797e+00
1.122683385018792945e+00 1.174395856439304886e+00
1.087293819442087583e+00 1.246350959641020495e+00
1.194324871519030662e+00 1.231577663460067695e+00
1.224287061379355945e+00 1.307617455102136228e+00
1.364904322251679014e+00 1.363364001911023804e+00
1.018984384912824392e+00 1.087194160865527337e+00
1.049910045196292385e+00 1.245277824306631587e+00
9.510658272188902140e-01 1.174245501583155438e+00
1.407206014290784069e+00 1.252580480552999198e+00
1.069037225774603916e+00 1.206049163304650840e+00
1.090009282176762628e+00 1.245717480047442205e+00
1.055198982397551610e+00 1.142746044059065769e+00
1.398945079721920948e+00 1.160615075338230717e+00
1.156011972581821645e+00 1.195077963522475528e+00
1.426412619553630856e+00 1.396668441900881907e+00
1.255055503259067118e+00 1.149244872038762466e+00
1.162894869137427012e+00 1.302177682573908202e+00
1.375411976274746539e+00 1.287185036607615629e+00
1.053058988201534207e+00 1.449434766207090775e+00
1.234327107056788497e+00 1.173765018078941402e+00
9.543251565631812872e-01 1.277789147248121981e+00
1.380320363211787527e+00 1.181083128084644551e+00
1.136386505439688444e+00 1.325883151783189051e+00
1.197176736059900826e+00 1.203067894893119716e+00
1.414591959831754009e+00 1.482430655175291934e+00
1.179296215341408161e+00 1.288015400402837018e+00
1.057731197653030364e+00 9.387555560197727855e-01
1.038022318073599015e+00 1.213293939372570129e+00
1.123265751205122065e+00 1.182699273098593684e+00
1.248630162278729694e+00 1.137194408622622666e+00
1.051290309819814972e+00 1.247878402234950279e+00
1.264320644650710923e+00 1.009432722755743361e+00
9.311123710170475798e-01 1.256532983646019730e+00
1.355372601361586327e+00 1.285995360831080569e+00
1.043583921430915495e+00 1.108269904003410078e+00
1.307687999888673902e+00 1.409895228880555518e+00
1.006762859069363802e+00 1.313879930993572920e+00
1.249630271992110853e+00 1.261588058080905350e+00
1.245466248985013680e+00 1.378582759387732448e+00
1.165714751052215892e+00 1.271605019779782353e+00
1.408907004693903620e+00 1.308718944700590248e+00
9.369238971613556011e-01 1.383670273630606351e+00
1.311422412777006441e+00 1.117358574616582612e+00
1.074820379393881309e+00 1.379503330550552187e+00
1.090102988296695719e+00 1.291690282625771458e+00
1.118298600290976719e+00 1.290639756645262537e+00
1.082228713359901784e+00 1.136718511031098222e+00
1.121831265566832547e+00 1.182560317745493306e+00
1.185615543045477560e+00 1.381069102659579384e+00
1.173109451938373793e+00 1.154446409861334955e+00
1.047244662038090190e+00 1.115612335650606690e+00
1.117094890438239396e+00 1.042034504004497597e+00
1.102648469372549567e+00 1.110207609104668425e+00
1.488467764969565010e+00 1.525048015614732799e+00
1.301963207447198734e+00 1.175597720384633948e+00
9.877281566192116502e-01 1.353424400915026027e+00
1.039346099559557146e+00 1.095007989441919571e+00
9.466197521954583527e-01 1.144806323868414299e+00
1.278329454433827062e+00 1.330659114812295041e+00
1.074591878911647980e+00 1.206194142743606035e+00
1.162460207796747413e+00 1.216853820947828124e+00
1.077141347357383649e+00 1.185350499560070325e+00
1.376436188444920106e+00 1.225275462654786818e+00
1.247482239680594907e+00 1.154297674832103437e+00
1.228446587388076772e+00 1.310412703520294597e+00
1.052576273778519145e+00 1.591290047013935061e+00
1.299919569883648318e+00 1.202067236617283097e+00
1.018704298162113275e+00 1.153224730558145339e+00
1.220123194549685763e+00 1.091503410864591572e+00
1.106307570714686994e+00 1.219212616805179561e+00
1.206337457316009276e+00 1.319965825070360310e+00
1.096837331261298676e+00 1.323459573257426802e+00
9.234335436388152463e-01 1.173118467246975882e+00
1.333913399887248330e+00 1.244229297482539298e+00
1.116321408069102183e+00 1.413686866949674492e+00
1.415304760610435197e+00 1.186218438879308890e+00
1.316641175929168739e+00 1.171204543173496981e+00
1.361030548423287634e+00 1.222446220830836427e+00
8.825989819650613688e-01 1.177145679438777126e+00
1.100895742930881882e+00 1.211992546461602371e+00
1.158838918054732936e+00 1.149837257800571333e+00
1.154857083624498681e+00 1.178243700786268944e+00
1.082478434025948566e+00 1.121321553651196012e+00
1.266247673304603971e+00 1.113299009035118026e+00
1.206723671461193526e+00 1.264397532607533625e+00
9.258539429003447285e-01 1.306733731442525359e+00
1.244864081319730476e+00 1.260055999641039204e+00
1.233043539817613166e+00 1.242329758211878410e+00
9.490645292113194520e-01 1.187575766363154761e+00
9.468666302353041520e-01 1.205491824809979073e+00
1.197894525016466538e+00 1.043880390477415432e+00
1.411638603154670157e+00 1.281863617395652799e+00
1.110566147124910863e+00 1.279720161465038197e+00
1.317871700737406560e+00 9.661918513055397506e-01
1.235773652974801351e+00 1.118215076033021393e+00
1.155610829893171987e+00 1.410369560483587081e+00
1.199864425076896834e+00 1.410651079945335784e+00
