3.011567889149866062e+00 1.063683091379850953e+00 9.977287547832094372e-01 -7.518279442599179463e-01
3.043358762722561117e+00 1.092115161211193453e+00 1.029474830191213108e+00 -6.120133744024861544e-01
2.993844502094746396e+00 1.067325131773309010e+00 1.055665900231806953e+00 -6.691681195457984677e-01
3.055389822367341246e+00 1.117580170168109621e+00 1.006489282411480835e+00 -6.752461387574465457e-01
2.986927820746714701e+00 9.402543935029972211e-01 9.969098972829691929e-01 -4.415568169719996106e-01
3.069934157893974724e+00 1.011286921120309268e+00 9.770405697221595798e-01 -5.514293010711572851e-01
3.025489455478889145e+00 1.060685015962793853e+00 1.017808495444823436e+00 -6.237068684788404926e-01
3.026595299406539041e+00 1.029189309918383755e+00 1.061035054578891135e+00 -4.641123864480216077e-01
3.077720414651997416e+00 1.073476272411633348e+00 1.015377779843163131e+00 -6.629561813768644063e-01
3.058708905105192777e+00 1.070108692462576450e+00 1.033055980056861722e+00 -6.137305808584775368e-01
3.072546405538864267e+00 1.133416355548623855e+00 1.034980643985108140e+00 -6.333617228269898813e-01
3.063430946755643536e+00 1.064495139459413764e+00 9.835477991924490571e-01 -6.334550622432959521e-01
3.072089292992480569e+00 1.082230634263738223e+00 9.617032279940989081e-01 -6.827861736337079712e-01
3.020207803952877690e+00 1.085055854684168652e+00 1.033973063698924832e+00 -6.975801852363444633e-01
2.950459692034328008e+00 1.006043549626429057e+00 9.856601070617274640e-01 -6.435370548040684202e-01
3.005608721205125899e+00 1.015830026850578216e+00 1.040992985832582374e+00 -5.914561361557536534e-01
2.988735175064721084e+00 1.061024351144167044e+00 1.083424625490871707e+00 -5.523995118556148665e-01
3.090725918637719616e+00 1.190894438327088745e+00 1.052916941251673011e+00 -7.501959918531285743e-01
3.045843217593653396e+00 1.054469390781731297e+00 9.657556561887744584e-01 -6.214449214470082472e-01
3.064274085099374823e+00 1.098540210972574815e+00 1.019924381979385508e+00 -6.245419964640895882e-01
3.034699004686608692e+00 1.039814015528755187e+00 9.413382457983267004e-01 -6.672843181096260734e-01
3.048957195360024297e+00 9.730260762592473078e-01 1.077568832916069974e+00 -3.992630862850932716e-01
3.008780574687066611e+00 1.068813548092825139e+00 9.738974777609723521e-01 -6.608233997531755000e-01
2.967571474391734743e+00 9.656538583474308934e-01 1.013056256079722717e+00 -3.874552376525357555e-01
3.032350509491933188e+00 1.091625723804514836e+00 1.010951547771401948e+00 -6.924119621935844737e-01
3.005593710260018980e+00 1.043960124664308653e+00 1.085432495962827426e+00 -5.209102211462501852e-01
2.997033655856583323e+00 1.037220965499903169e+00 1.001927066020602775e+00 -6.577869494425201413e-01
2.986146198490920334e+00 1.023304653221957405e+00 1.025253869716025612e+00 -5.422261740748324232e-01
2.981741784078842716e+00 9.807945474322267154e-01 1.055971848320516493e+00 -4.956463459325701759e-01
3.014348583591223374e+00 1.033360871794277047e+00 9.588463009376504420e-01 -5.102566671959350986e-01
3.005855095917906894e+00 1.059290970384842545e+00 1.054505804950754966e+00 -5.287836058873103262e-01
2.993380970179297940e+00 9.922980669117418273e-01 1.010077581299000826e+00 -4.835259220092578136e-01
3.011566760056896275e+00 9.675487080741810297e-01 9.700112517097052578e-01 -5.104987082585830116e-01
3.003281285343785800e+00 1.132041423724524654e+00 1.067990186213934267e+00 -7.104585756502060923e-01
2.992374333555230415e+00 1.062793123223246816e+00 1.022133715500200157e+00 -6.464068022510756073e-01
2.994001658237066987e+00 9.464449042536218215e-01 9.854446830734067131e-01 -5.300701341787233956e-01
3.054905190668859571e+00 1.135211149480781279e+00 1.030956536014502101e+00 -6.591083221799389769e-01
3.040255203357649982e+00 1.122485399264673056e+00 9.975240081694310978e-01 -6.567014533053350256e-01
2.926466541545741595e+00 1.020883495665838803e+00 1.020179382665542756e+00 -5.701968300574645765e-01
3.031605847953989130e+00 1.117853055418701835e+00 1.056273815678550054e+00 -6.316689452227977064e-01
2.955831926904015194e+00 9.921467255114309047e-01 9.946830494225470387e-01 -5.826228952278468265e-01
3.008606267342329499e+00 9.900181425312555294e-01 9.445343568123351075e-01 -5.220467709448770588e-01
3.008484178858799041e+00 9.847758586997205077e-01 9.242370194218725299e-01 -5.608572732282740558e-01
2.982908137947448246e+00 1.046289987948445077e+00 1.094501566203148979e+00 -5.171484267496229137e-01
2.972608005922174002e+00 1.002678432090716054e+00 1.013071574486751780e+00 -5.620277312627238731e-01
2.985979841473309637e+00 1.092907051138935826e+00 1.048028544365434023e+00 -5.913019844334405084e-01
2.975507564090993817e+00 9.981015872694802837e-01 9.645939693114736757e-01 -5.046534052709483742e-01
2.979050696332573356e+00 1.080144295215555550e+00 1.093610561722871521e+00 -5.756607339018826597e-01
2.985174796771673300e+00 9.545216277601430432e-01 1.035702664238400406e+00 -4.595041830202801769e-01
3.008522009100495609e+00 1.022027617232788232e+00 1.058294471010846838e+00 -5.202081864246262954e-01
2.999439165921355954e+00 1.051438727904005388e+00 9.854332502775221547e-01 -6.193391700487561602e-01
2.996648885907670756e+00 1.065180316582204911e+00 9.969642770341794469e-01 -6.775273224768175728e-01
2.974468643644597066e+00 9.826085630434214790e-01 1.000029086118753519e+00 -5.205108731790094589e-01
2.994360441816035223e+00 1.041499224732066242e+00 1.100071277133143788e+00 -4.584820773230287583e-01
2.999776182085536647e+00 1.054921060413113398e+00 9.894332955312499234e-01 -6.493969592724428974e-01
3.020381421214213713e+00 1.010923843429760272e+00 1.018488579018687279e+00 -5.727170700353954036e-01
3.037446362985336545e+00 1.095112341825617008e+00 9.403634829741043255e-01 -7.086354642262786552e-01
3.013090448284746703e+00 1.078874698295508194e+00 1.053686125466192225e+00 -5.127223276068429980e-01
3.045086398306894537e+00 1.056228824929791754e+00 1.014707811070178600e+00 -5.352690634797000468e-01
2.997837315840353067e+00 9.850331239699311459e-01 1.022687174985979608e+00 -4.507601796181749942e-01
3.019194355907480531e+00 1.093790575285400246e+00 1.049582249492464259e+00 -5.859932030915752099e-01
3.040713670151577563e+00 1.116088978177756985e+00 9.887182234419745752e-01 -6.445153288097849043e-01
3.031015193663957330e+00 1.042207222981166082e+00 9.959770432195510503e-01 -5.904597859183433606e-01
2.987980891529477656e+00 9.312629243024285186e-01 9.533092499899462613e-01 -5.232090053245631589e-01
3.021393884877383140e+00 1.120851108436835331e+00 1.038962913445846681e+00 -6.658936512268869290e-01
3.007600391874710510e+00 9.615083186548625260e-01 1.009018870129194445e+00 -5.258003427466466650e-01
3.005951990741976054e+00 1.073360923716441206e+00 9.934271399873244590e-01 -5.942820869220397650e-01
2.970639690836367919e+00 1.002610190290333492e+00 1.040092509067668702e+00 -4.491425867196987554e-01
2.992973205782531121e+00 1.126449720362174833e+00 1.036258191448168109e+00 -6.496861867262125889e-01
3.051727630524869728e+00 1.073582287593645157e+00 1.030059603767478960e+00 -6.277399090268690474e-01
2.988116492499499621e+00 9.571934067269923796e-01 1.069237619552051877e+00 -4.185643808314482572e-01
3.008488925337972741e+00 1.043412439918816048e+00 1.049747929548926706e+00 -5.676472599089730231e-01
2.994221238865045542e+00 1.012775067440746080e+00 1.018451565351588206e+00 -5.237985795278542467e-01
3.020299593446413411e+00 1.005046540782095432e+00 1.015240751298856603e+00 -4.476427426236737062e-01
2.927516948289557330e+00 9.853171224671619655e-01 9.981207690874428495e-01 -5.562353108924978917e-01
2.989387857327967524e+00 1.007711419056612101e+00 9.937362737667525536e-01 -5.790592033586463572e-01
3.012808683628090289e+00 1.058893559820825558e+00 1.026621256143891436e+00 -6.160662382224267875e-01
3.011308779817342351e+00 1.031511364587027302e+00 1.037115166657315513e+00 -5.328731187583953810e-01
3.078720251454609702e+00 9.933462850926207954e-01 9.516364664666425721e-01 -5.648991389803200702e-01
3.049318116610199247e+00 1.053442273578596877e+00 1.047450907198391512e+00 -5.191908198359307391e-01
2.994985164912134845e+00 1.048266983000953001e+00 9.980082606384607091e-01 -5.447956995923818324e-01
3.008050954269172017e+00 1.058536922095540067e+00 1.020231615478000231e+00 -6.283340883099060026e-01
2.980917935366290017e+00 9.960623680371010202e-01 1.019176540411130372e+00 -5.226156543233876350e-01
3.006191381758891001e+00 9.842217634792180814e-01 9.340207733403581569e-01 -5.556741654843975198e-01
3.083366264848204086e+00 1.256204074512406565e+00 1.076274384133077966e+00 -8.210124843541963813e-01
2.979809112946715910e+00 1.035188136591233654e+00 1.037408355423614204e+00 -5.561780029435393624e-01
3.018485911495864205e+00 1.037340565649378821e+00 1.027799163091470014e+00 -5.503871711407591905e-01
3.060816156678640265e+00 1.163895336261586477e+00 1.022045238316360960e+00 -7.759756766821694907e-01
2.978556105984603519e+00 9.671849535195896630e-01 8.612895203651030895e-01 -6.845429656816237607e-01
3.011742348144246684e+00 1.039089302456551955e+00 1.057282677967341655e+00 -5.368473055073937905e-01
3.009921020083362819e+00 1.084098993343820094e+00 1.065280738643235692e+00 -6.043781866259184676e-01
3.045978408657592063e+00 1.148356270609738994e+00 1.074809168558834127e+00 -5.375855321579312562e-01
3.011176680222475088e+00 1.007379187318688141e+00 1.030058075152949559e+00 -5.575827977424284709e-01
2.970223743037410546e+00 1.027634489698861842e+00 1.004921290534337208e+00 -5.652561892025333989e-01
2.981357589415563059e+00 9.712316798151948705e-01 9.307178936123542412e-01 -6.224744773315651347e-01
3.058686545692880898e+00 1.084695686424314909e+00 1.075158239420726192e+00 -6.400239723012339788e-01
2.983178822528643526e+00 1.044236519964031995e+00 1.048659602160447735e+00 -5.875672237078971571e-01
2.971121943325866432e+00 9.583875034880164900e-01 9.106570574271468654e-01 -4.462726241782700720e-01
3.036338000859717390e+00 1.026366156123629247e+00 1.005602057257541926e+00 -5.683345144294882356e-01
3.009009964743604826e+00 1.128586192359829932e+00 1.020235688338301472e+00 -6.280278044483411648e-01
2.971445897119478374e+00 1.056677203318901803e+00 1.005110134989697146e+00 -5.533806474662428254e-01
3.046539922362291097e+00 1.111070965778361952e+00 1.023370944690375151e+00 -5.629319648316222224e-01
2.971383263901058225e+00 1.005494296916806363e+00 1.075495888734693262e+00 -4.782190100566577340e-01
2.989371998252113638e+00 9.654863851648884943e-01 9.626738596938152481e-01 -5.416644553388173522e-01
3.028586828606136816e+00 1.005369399642814354e+00 1.012684977870536462e+00 -4.965847375237105732e-01
2.918092360373852223e+00 9.139768154661318533e-01 9.351864719882873045e-01 -4.163880256950583947e-01
2.994748415242479922e+00 9.467859006606159644e-01 9.972349353130730565e-01 -4.741364515614284736e-01
3.015815002748270857e+00 1.097953260287559241e+00 9.887018134590498386e-01 -6.058841409873576556e-01
3.035391559398074257e+00 1.031333119124550946e+00 1.011554683611397554e+00 -6.346848843864298928e-01
2.989798054486773715e+00 1.027120808831192278e+00 1.033477208832925820e+00 -5.342711517468167193e-01
2.975789981447184651e+00 1.010155415063213047e+00 9.691969967174499656e-01 -5.809633425150648733e-01
3.004555197371383102e+00 1.064956663672693926e+00 1.021461562717417726e+00 -6.312069883693051109e-01
3.098488212245107398e+00 1.111717346304809562e+00 1.021274083943976008e+00 -5.944801999225385325e-01
2.994265577726793026e+00 1.062617798934724078e+00 1.012302436408844208e+00 -6.770696857550021486e-01
3.031424007427169443e+00 1.093881591537465114e+00 9.929457623079884776e-01 -7.883075368747356482e-01
3.009384701781906646e+00 1.007780671256659710e+00 1.052738306155980963e+00 -4.700618574493812263e-01
3.028053939625578561e+00 1.078745407841512627e+00 1.042394554954123143e+00 -5.563786995064845531e-01
3.001179324745880006e+00 9.481784724487538618e-01 9.861790364015535770e-01 -4.373608656601821187e-01
2.987920530018239873e+00 9.823384396555195908e-01 9.639723576325457399e-01 -4.916828381011333349e-01
3.029563981103063686e+00 1.047049566670888776e+00 1.027716725890692517e+00 -5.067757947210369540e-01
3.033297213446260354e+00 1.121481203658544423e+00 1.080339316224504964e+00 -5.572897416107321922e-01
2.947893974538599249e+00 1.053266030384663932e+00 1.048443623444928363e+00 -5.805846685930071693e-01
3.009236900920597702e+00 1.013242380327602499e+00 9.324931807932482775e-01 -6.181927753322762342e-01
3.038318887744998698e+00 1.053030605265282249e+00 1.045632528242420811e+00 -6.690415616861432602e-01
3.083497067583500950e+00 1.181436266779802846e+00 1.024248869624549974e+00 -7.463311448148985949e-01
2.962113602087585562e+00 1.002394948026321675e+00 1.066915103564440415e+00 -4.899076649511582282e-01
2.973638357391027220e+00 9.240052494191886012e-01 1.014040693275680249e+00 -4.371644628913146091e-01
3.060146320244615747e+00 1.069343410292513452e+00 9.671225681284041364e-01 -6.337242288782264366e-01
3.002111604310321091e+00 1.094965898209958599e+00 1.078151146778428160e+00 -6.150837710109890999e-01
3.005415606975349707e+00 1.035715870875854039e+00 9.628165084354497472e-01 -5.928366797881551298e-01
3.017270913769738439e+00 9.703724660092988286e-01 1.024071078562735160e+00 -4.355446978970884397e-01
2.975976137267447807e+00 1.029661251520137322e+00 1.072027568557367916e+00 -5.195882193019999429e-01
2.963017255229957847e+00 1.002019614245178269e+00 1.036454949192250341e+00 -5.349097006322904857e-01
3.002111483763056921e+00 1.024704930561533001e+00 1.051805434895896507e+00 -5.482031361072958742e-01
3.071803450479647424e+00 1.084772643165208938e+00 1.006202883464349496e+00 -6.606427641277908824e-01
3.040374939898103701e+00 1.058644373774422887e+00 1.000799299438133172e+00 -5.912079964540860599e-01
3.039563795118998879e+00 1.087378739565732833e+00 1.002203629312723221e+00 -6.120078769285932641e-01
3.007949958813131541e+00 9.389485488376924094e-01 9.798755200430031564e-01 -3.982864959550501127e-01
3.092221103760515621e+00 1.119874914380130759e+00 1.017424514543012304e+00 -5.675645877002937212e-01
3.005754693700767088e+00 9.943749138462184556e-01 1.056097326988079566e+00 -4.919418151888054203e-01
3.033772716627410659e+00 1.059400807315804993e+00 1.039614759173677516e+00 -5.830078722255352952e-01
3.005375947021695193e+00 9.675747248320385463e-01 9.576953635965786971e-01 -4.873540596765028599e-01
2.982145060494299837e+00 1.026961174722776260e+00 1.017169214756358686e+00 -5.115517141126335598e-01
2.970386110174692895e+00 9.628662872155142605e-01 9.600013412121940481e-01 -4.951283314971618998e-01
3.046593638324204711e+00 1.108777419021615307e+00 1.048480104609829322e+00 -5.984477142667145033e-01
2.988409192051697971e+00 1.027581187585654865e+00 1.065778380293104677e+00 -5.508894729430066084e-01
2.989605001384202598e+00 1.042512036005999843e+00 1.033547332534724195e+00 -6.495016274288408775e-01
3.043626689834188603e+00 9.987034974440691659e-01 9.754560496976486528e-01 -5.424830820070568604e-01
2.972832923318494469e+00 1.033089611862838764e+00 1.068820855779221146e+00 -4.563194059700320659e-01
3.080244948698509511e+00 1.170568455732659885e+00 1.067321516874725207e+00 -7.051218721724089589e-01
3.029071956372130447e+00 1.034393456398218225e+00 1.021256786105524172e+00 -5.186574608745457837e-01
3.044077811108141240e+00 1.084855748292170574e+00 1.003741227857015694e+00 -6.389530897204599436e-01
2.943398737002375753e+00 1.017561736378730153e+00 1.051828610385575624e+00 -5.688859204034552031e-01
2.965909765369290518e+00 1.144246914923740199e+00 1.031546090587178943e+00 -7.064853365164598387e-01
3.015054800619589415e+00 1.078919252361109526e+00 9.802800104527137348e-01 -6.602648209172107263e-01
3.076195556358372496e+00 1.024760874222233165e+00 9.614964815546883647e-01 -5.774796284227929899e-01
3.038106778527384311e+00 1.018563302910823865e+00 9.727786689502699868e-01 -5.153982407127303267e-01
2.993374164022575723e+00 9.833911256344289864e-01 9.857994803108096615e-01 -5.512764372044894889e-01
3.046567050776145535e+00 1.047710191843352678e+00 9.900586254137067055e-01 -6.139323112338650468e-01
3.031371464786659864e+00 1.049976644006114679e+00 9.756250718947598877e-01 -6.137272173956226373e-01
3.008823580944370857e+00 1.068399716121420928e+00 1.064752004307736755e+00 -5.630139119192103525e-01
2.956959278650472367e+00 1.034062758423822670e+00 1.045611406768909735e+00 -5.624189028952385483e-01
3.036588138569953355e+00 1.058518850849031967e+00 1.086815665326738012e+00 -4.782476171285146571e-01
2.946029272505362062e+00 9.727318517862660885e-01 9.649519085739929336e-01 -4.707293338341919098e-01
3.040592335804615853e+00 1.053686325687599235e+00 1.051764932055457402e+00 -5.652357629362670943e-01
3.035986892889118050e+00 1.075824058792006044e+00 1.035478911648236355e+00 -5.897037668456672765e-01
3.039164729040485291e+00 1.021029682219322110e+00 1.046220858562407541e+00 -5.179697689625724077e-01
2.965738538000425084e+00 9.413037274379475461e-01 1.046235562137743935e+00 -4.700311036236009543e-01
3.042363785883208660e+00 1.040199942360129803e+00 1.030508727235142308e+00 -6.120236543878745383e-01
3.020564987571940030e+00 1.017636843380048006e+00 1.034382717841564769e+00 -4.940270426960634009e-01
2.991985050594990980e+00 9.961881010945541348e-01 1.009113572427305927e+00 -5.720677155523741231e-01
3.059947776857340429e+00 1.097121777097317841e+00 1.098462242149657708e+00 -5.709001549397234587e-01
2.999304204186465928e+00 1.019713279542395323e+00 1.033359468580935969e+00 -4.573036474519824313e-01
3.015890971017909372e+00 1.070017802118148786e+00 9.811292277162285691e-01 -5.936236417898825835e-01
3.034520125627135467e+00 1.064235623547725051e+00 1.092778816505210582e+00 -5.181813639021520812e-01
3.028526594955342155e+00 1.082757221246195112e+00 1.049302721006464489e+00 -4.870506557446125373e-01
3.034269933280923759e+00 1.102707911940894903e+00 1.025628414876834871e+00 -6.203507366762379682e-01
2.984383405517555765e+00 1.017959827197027378e+00 9.786306559571122943e-01 -6.029056891677605501e-01
3.002061929359308490e+00 1.020568689679292707e+00 9.924025598165423512e-01 -5.467833177421200785e-01
2.954834563611789644e+00 9.647120193962098744e-01 1.073625508334967060e+00 -5.204961586429838194e-01
2.921723053249070112e+00 9.854301425600719977e-01 1.010300737850352792e+00 -5.264501185779866255e-01
2.989217623229643461e+00 9.918147101823099332e-01 1.052266476362085479e+00 -4.459735094096176078e-01
3.022624740673331534e+00 9.827992615981908653e-01 9.836159558667764147e-01 -5.378355948379076601e-01
3.003916135916167462e+00 9.885792622774864924e-01 1.012620599278714062e+00 -5.108930039770193110e-01
2.983445757321695258e+00 1.037587017617999541e+00 1.019557742721832971e+00 -5.904208634919273502e-01
3.053663465114443198e+00 1.126921270083952598e+00 1.012493714830360103e+00 -7.037651053536910783e-01
3.018288668902904703e+00 1.046049153637642171e+00 1.070542596551441905e+00 -4.591267732565019188e-01
3.023591711109762326e+00 9.686475769599809382e-01 9.709239025923485089e-01 -3.880834982724672422e-01
3.019722132803376979e+00 1.037163607998232706e+00 1.037477560432606527e+00 -5.317835543571731716e-01
3.087980882208973821e+00 1.204085313717398353e+00 1.086562254917431414e+00 -7.188089088711984154e-01
3.052787213477460515e+00 1.083212893458020964e+00 1.063649204911453205e+00 -5.971471559413211727e-01
3.024244028375978388e+00 1.063378270421526217e+00 1.002838389666319774e+00 -5.433574226420382347e-01
3.004567137013284928e+00 1.034224003278194415e+00 9.972836259212722876e-01 -5.060988139343176595e-01
3.005229207985255169e+00 1.024936839409391842e+00 1.054016964130782608e+00 -6.338160800795102912e-01
3.021765937943424074e+00 1.027167407096461371e+00 9.571896343601318247e-01 -5.867503908581001015e-01
2.997994427462440381e+00 9.755517954395593883e-01 9.837591713447140229e-01 -4.618528846826116530e-01
3.032675936777078363e+00 1.035431361598621258e+00 9.821123044769352051e-01 -5.316563515978414145e-01
2.976614849040757349e+00 1.040331221201043155e+00 1.032888231324730954e+00 -5.307336021484166944e-01
3.046131039179873934e+00 1.118071674527018056e+00 1.049570326474117410e+00 -5.570592669325729052e-01
3.007657125097113582e+00 1.041412176963759206e+00 1.045058543680370988e+00 -5.462428023826236823e-01
2.969760724242428651e+00 1.046496013950382942e+00 9.884267551055914147e-01 -7.125042488305983746e-01
2.984545698167069272e+00 1.015600138456758783e+00 9.809306406717627214e-01 -5.280122193481372461e-01
3.041346734367096349e+00 1.078843751589869004e+00 9.852172171308849480e-01 -5.710990046296514633e-01
3.035637656830584064e+00 1.046536845277897143e+00 1.009668640328873490e+00 -6.428487805477401951e-01
2.997782417815850753e+00 1.058333759601504109e+00 1.073477373942250290e+00 -5.788611075647130955e-01
3.000439740590914450e+00 1.031359542710449828e+00 1.024595540604508637e+00 -5.794307228364513618e-01
3.043578898384211140e+00 1.050512697761745162e+00 9.960253873886775189e-01 -5.894408344414986400e-01
2.997664126865320799e+00 1.087537262254944403e+00 1.021785534627096537e+00 -6.311147759132200719e-01
3.077109745849774924e+00 1.102036494449430970e+00 1.023042476427137970e+00 -6.009389960829900623e-01
2.968715539774237744e+00 1.012256897208992257e+00 1.050752524218273587e+00 -5.576783240034823841e-01
2.998151752400490366e+00 1.113165860847125099e+00 1.026253811345262168e+00 -7.014339668592161070e-01
3.006821536168351017e+00 1.055545935611357899e+00 1.028173177923512371e+00 -6.192465641279315536e-01
3.050446629301380330e+00 1.141323011223666972e+00 1.077118282027865082e+00 -6.175516274676824402e-01
3.001008284502648671e+00 1.024146502272123893e+00 1.058889385718463583e+00 -5.249472498127591980e-01
3.036337266385721545e+00 1.100273737003226504e+00 1.014540461622868817e+00 -6.813787019684642843e-01
3.076590539746063779e+00 1.117242656381761456e+00 1.001194761302632630e+00 -6.966189405611238339e-01
2.995014157980078195e+00 1.035398162750618578e+00 1.054170981736327173e+00 -5.303640710530416191e-01
2.984461503547695127e+00 1.036770713957232859e+00 1.048297351464923644e+00 -5.918596876606591062e-01
3.049639914643469396e+00 1.002906059610474188e+00 1.005155472932880656e+00 -5.229892635243845733e-01
3.002439115295548966e+00 9.888682637499314199e-01 1.038016876194235438e+00 -5.288720004056968182e-01
3.045582534438173727e+00 1.090972481545401385e+00 1.065584310708225457e+00 -6.508739265848171307e-01
3.079711577633542419e+00 1.035515600543298609e+00 9.773926393665567369e-01 -5.789560137150382424e-01
2.980797725677228893e+00 9.362318443059003403e-01 9.644987974832985866e-01 -4.327468121759143749e-01
3.043208878881174417e+00 1.025448218664392508e+00 1.045796333593230765e+00 -5.437581864475610205e-01
3.005373421151519064e+00 1.041919831928796780e+00 9.872676131643387532e-01 -6.639900193438985632e-01
3.044844870900050182e+00 1.027735691205104107e+00 1.018346431633195825e+00 -6.210421860239940806e-01
3.042464881197934012e+00 1.132098869940185715e+00 1.143229754911893270e+00 -6.127012777367436547e-01
3.036500827648795919e+00 1.070262294877521558e+00 1.007170089433088389e+00 -5.880195807607864200e-01
2.990982844106635952e+00 1.047888768352156497e+00 1.055498601462178776e+00 -5.706607468020158391e-01
3.056069806421012558e+00 1.050720579012842659e+00 9.962741818224519763e-01 -5.407661731617894318e-01
3.003401671585082866e+00 9.961603480548607559e-01 9.490088618434940892e-01 -5.794344023357264062e-01
2.975894302726025398e+00 9.981044573193780245e-01 1.043274924334122833e+00 -4.668189946171439897e-01
3.040286678667740716e+00 1.112851716474247299e+00 9.860992150624032782e-01 -6.927149824100429232e-01
2.993489431907553122e+00 1.017790999151465758e+00 1.041712925011499591e+00 -5.144264776391375138e-01
3.086009748498251604e+00 1.157867678926978172e+00 1.052878105581174450e+00 -6.356265618937563255e-01
2.960539121072612190e+00 1.027258815395909908e+00 1.061159905715298724e+00 -4.992961809397575834e-01
3.066185082215569846e+00 1.142396481858051871e+00 1.079997616567266672e+00 -5.876258393053810369e-01
3.008522372192159455e+00 1.017121931228364362e+00 9.698839669922888485e-01 -5.914689426363020086e-01
3.050607200826938481e+00 1.087248464225151867e+00 9.741185088849478868e-01 -6.294618266438698484e-01
3.045769349550528027e+00 1.093682389018321155e+00 9.404566810363500506e-01 -6.727654354355717681e-01
3.044013424249733646e+00 1.106220505114994923e+00 1.061467510806394232e+00 -5.370519530051210966e-01
3.070326964429246797e+00 1.183154838907728879e+00 9.572321340592471195e-01 -7.080979341905578872e-01
3.000681194608318059e+00 1.055657860874746223e+00 1.033298022926544490e+00 -4.812882715030254999e-01
3.059364343722307922e+00 1.086073141874510872e+00 1.077453469634031213e+00 -5.174567116397832400e-01
3.033409197705507321e+00 1.108822781313472561e+00 9.901058233637199946e-01 -6.775570903458029148e-01
3.007388921581696462e+00 1.067328581212284355e+00 9.918649409894070290e-01 -5.998811549698013224e-01
3.014273821787449403e+00 1.090532556673710518e+00 9.747165247267373100e-01 -6.106394628215782161e-01
3.019323998176772328e+00 1.040658977500165783e+00 1.022175169284408547e+00 -4.770335425119380801e-01
2.953771026135563638e+00 9.690007522391392847e-01 9.717659683014459038e-01 -4.452860882313910418e-01
3.032342483754028262e+00 1.127245286060429397e+00 1.042936199816992815e+00 -6.613392473755786982e-01
2.996690882116731736e+00 1.032948924111205757e+00 1.055238007855921367e+00 -4.360896491472371905e-01
3.051542288287003579e+00 1.118431867801184421e+00 1.060693873159187950e+00 -5.224812053822038838e-01
2.969237479373350475e+00 9.870854406838801554e-01 1.003115686706586462e+00 -5.068733912621027349e-01
3.022128535539855054e+00 1.014822568293424432e+00 9.955824417282657102e-01 -6.074869518137459012e-01
3.027945091565257041e+00 1.101685980643001495e+00 1.030949644873658366e+00 -6.851010439946098041e-01
3.011764670678318545e+00 1.089485098518615747e+00 1.081624643547472120e+00 -5.917779987465293656e-01
2.948122694603536154e+00 9.359649089197716876e-01 1.015542197544092362e+00 -3.887170558532801468e-01
3.063873264945902175e+00 1.039091081020949048e+00 1.007988544457006919e+00 -5.944846339649395572e-01
3.027252164384233168e+00 1.050340119933288241e+00 1.044983987032174877e+00 -5.756938035206584647e-01
3.036590958934195505e+00 1.130224800917797756e+00 1.034788115962371746e+00 -6.879276360871227070e-01
3.056158680746122513e+00 1.148247808629858868e+00 1.049218460639532502e+00 -6.753172375194864685e-01
3.034541737186501109e+00 1.042268950319370502e+00 1.050530580221517019e+00 -4.749153869391509186e-01
3.061927862339713258e+00 1.062131149557327348e+00 1.014327695777252680e+00 -5.407839862280322540e-01
3.023524036887256461e+00 1.042529837295373518e+00 1.000592981701145190e+00 -6.468821772017222527e-01
3.043560996539414809e+00 1.078112437509432642e+00 9.780209129376186139e-01 -6.170620352191056313e-01
3.010214492270981257e+00 1.052098083887101687e+00 1.060573156360874236e+00 -5.851550180685953784e-01
3.054107641815905883e+00 1.104937966419031081e+00 1.079158898335931260e+00 -6.431668585857384102e-01
3.077668108335391395e+00 1.090555077283067886e+00 1.055238470621205238e+00 -5.614254399765373771e-01
2.996965763629091395e+00 9.697797320886094585e-01 1.002290410731829562e+00 -5.178504808212257560e-01
2.947477712833642460e+00 1.050628958221910159e+00 1.084739961002904041e+00 -5.673256944684594849e-01
3.026157976678413686e+00 1.014621519612001865e+00 1.083817449831955937e+00 -4.920405408096623079e-01
2.966423811386899700e+00 1.019590646722599470e+00 1.044788671262888213e+00 -4.711226675831957089e-01
2.945241784832895338e+00 9.670015699264831177e-01 9.703294908911036520e-01 -5.668236290792864063e-01
2.982786010875509763e+00 9.610178414204921804e-01 9.815462882095646879e-01 -5.281266804249800106e-01
2.980335501454725922e+00 9.772954851310738933e-01 1.021885593685711191e+00 -4.731761844895306379e-01
2.962761667607119787e+00 1.057517940405278134e+00 9.905662625709783509e-01 -6.006430570033227667e-01
3.002521229228906741e+00 9.819174239246117875e-01 9.930924602091237841e-01 -5.365591817994407320e-01
3.017978461163955295e+00 1.035943445328969093e+00 1.009598909795529353e+00 -5.922473268941100821e-01
3.008015666272068511e+00 1.122581520650085762e+00 1.105639286419224598e+00 -7.037863642895593186e-01
3.024341749137780422e+00 1.028730679407347859e+00 1.010059705841958477e+00 -6.196025309794717106e-01
3.028491316326622051e+00 1.060318761539858823e+00 1.055498779610815729e+00 -5.672089379702114353e-01
3.065789166230501461e+00 9.956314800621656191e-01 1.000540209184075158e+00 -4.140739957511395120e-01
2.987152537102679251e+00 9.867571605873250995e-01 9.714371258151687227e-01 -5.417544257770300353e-01
3.067431304875915643e+00 1.036760115853853303e+00 9.444196175403084537e-01 -6.344215055654711666e-01
3.038353826031408023e+00 1.059695460543857104e+00 9.796210583864288779e-01 -6.312143808665402478e-01
3.029107754391374030e+00 1.090268235743424130e+00 1.048635811333866297e+00 -5.725076080805352463e-01
3.016596855384623854e+00 1.089466073312083338e+00 1.046616212110297983e+00 -5.882331201657260422e-01
3.009069162095489247e+00 9.852101525475769339e-01 1.027941840238104421e+00 -4.367848273827653061e-01
3.027754746199120994e+00 1.079311095998775505e+00 1.015004202341779127e+00 -6.687498125036664964e-01
2.975427829432361282e+00 1.043083252222805513e+00 1.056641994536886120e+00 -5.985871493976245850e-01
3.027412323849026254e+00 1.073070240154222033e+00 1.059665334403160575e+00 -5.607495207513826241e-01
3.042862989713523980e+00 1.024444595417502768e+00 9.385597825950440232e-01 -6.972410163077890077e-01
3.043590039295930083e+00 1.058637042472514889e+00 1.023246203166042090e+00 -6.676334011679833091e-01
3.016761906672722926e+00 1.140162475792290575e+00 1.099123081672042312e+00 -6.718739793820115436e-01
3.052960140700514025e+00 1.017208710286415352e+00 1.004873983729775988e+00 -6.208105973237739716e-01
3.025896543136538330e+00 1.034775980905809023e+00 1.025227240795578698e+00 -5.866353386884461951e-01
2.926371490612716730e+00 9.638858686702225231e-01 9.870869123355826558e-01 -5.533617944725942595e-01
3.026566600755727254e+00 1.058226029396748480e+00 1.061227322202019430e+00 -5.781754327210717470e-01
2.987358440058950571e+00 1.038201447883100981e+00 9.947017080108723208e-01 -6.131007358449954703e-01
3.051727985593805759e+00 1.134651353807453633e+00 1.044816155419291848e+00 -6.662558614035571924e-01
3.004094991429135053e+00 1.088159976754982328e+00 9.836970178798676301e-01 -7.248291947834077931e-01
3.021839325520235153e+00 1.068919550134387109e+00 1.024225984421105684e+00 -6.083788567129887470e-01
2.982419019758619338e+00 1.020904152090396089e+00 1.124536758634037126e+00 -5.296579736278947959e-01
2.946359222033145375e+00 9.497496925701678361e-01 1.045116761779398606e+00 -3.866796338975206915e-01
3.011368679052824682e+00 1.023026489926546212e+00 1.009016704813303411e+00 -5.522577824533593249e-01
3.053894057022549902e+00 1.028051598994819571e+00 1.006515061692105029e+00 -5.705766058149475128e-01
2.995137172073994325e+00 1.079340081624300396e+00 1.003187572963798679e+00 -6.476954230663152234e-01
2.991756321679564845e+00 1.039855277088371555e+00 1.044328273946545593e+00 -5.503268629759785480e-01
3.023001833505928992e+00 9.916857999766758303e-01 9.735883118743350328e-01 -5.959334020999372816e-01
2.989442731251651164e+00 1.040903552933230003e+00 1.055941072154258809e+00 -5.744810017201059660e-01
2.976183923981265522e+00 1.000229837261307875e+00 1.052643762217229328e+00 -5.120761038077014105e-01
3.027861237582921028e+00 1.070716957670759140e+00 1.064166224527641313e+00 -5.529087514616767285e-01
2.979709761971625515e+00 9.538623423333107976e-01 9.714202594712821881e-01 -4.915232433140301338e-01
3.069709211364825663e+00 1.188867349677534380e+00 1.052806417063765432e+00 -7.554207168527208305e-01
2.944938848198250358e+00 9.699658540338838009e-01 9.499135371092839453e-01 -5.824793465574447104e-01
2.960622013829428134e+00 1.002153744105680477e+00 1.049263244921776028e+00 -5.042585221585237365e-01
3.049592441782018160e+00 1.048282906181742025e+00 1.046396609932589872e+00 -6.057682775964245980e-01
3.018325087831181808e+00 1.086611178002587108e+00 9.943934509463384641e-01 -6.146144015824044349e-01
3.020943660893281368e+00 1.086143348476136250e+00 1.034799301426522433e+00 -6.389155404037858421e-01
2.991459411531898649e+00 1.036326602076355963e+00 1.085672232552650662e+00 -4.647253778284185510e-01
2.989249915254523327e+00 1.125588324851731548e+00 1.042186577411293502e+00 -6.843916030566858932e-01
3.006359455614073362e+00 1.058079830656599274e+00 9.921523629110293729e-01 -6.405154274051700902e-01
3.006390640428032945e+00 1.083721266100448277e+00 1.072724458870374153e+00 -6.356520629446553716e-01
2.969380621704061252e+00 9.338559683559056745e-01 9.788702646786554551e-01 -4.941326718590667855e-01
3.087031603864889728e+00 1.228541873432788423e+00 9.942054455472283392e-01 -7.317387389202822945e-01
3.059318603553214722e+00 1.145633142826800066e+00 1.030025910923663801e+00 -6.306171220244189968e-01
3.019172599434714943e+00 1.120438609908080752e+00 1.111798797663852145e+00 -5.277354159551388424e-01
2.973937521682048057e+00 1.097312026846899657e+00 1.055742583512494281e+00 -6.229500541786305856e-01
2.999100048693311482e+00 1.039860959200646473e+00 1.007683095323059108e+00 -5.881609825482935205e-01
2.991851626817879861e+00 1.007383998806134384e+00 1.012613775988515430e+00 -5.622671460557976397e-01
3.038489359667986278e+00 1.082144061224944442e+00 1.026416058177920032e+00 -6.139216533038089896e-01
3.013237388059117006e+00 1.099441396003277838e+00 1.032366736823430609e+00 -5.987309079495543029e-01
3.028461097749361564e+00 1.048399573633423287e+00 9.750489657455035930e-01 -6.556403178674657939e-01
3.007515933961141474e+00 1.014010883718804656e+00 1.017103166523694036e+00 -5.136791731658569837e-01
3.006977203513278685e+00 1.086635102756965843e+00 1.059225169073422457e+00 -6.197456102393710253e-01
3.029230750698699293e+00 1.084697802301141323e+00 1.045603195422134757e+00 -5.724649047500705024e-01
3.031828126972782922e+00 1.024711996426318272e+00 9.875223899634848479e-01 -5.352248065690221601e-01
2.940031678018150796e+00 9.366784117721713709e-01 9.708583520273185163e-01 -4.654851051440457299e-01
3.023624210360841502e+00 1.060066075937339258e+00 9.902509363752869387e-01 -5.979601579582435322e-01
3.116000716763836831e+00 1.041709039131836434e+00 9.879532326835263056e-01 -5.736325746662487290e-01
2.973028733606502438e+00 1.010757696562431862e+00 1.026775329753892185e+00 -4.382249774047922708e-01
3.008777307701404169e+00 1.030683766841012483e+00 9.869417215852319680e-01 -5.297585569881069212e-01
3.036400786795064644e+00 1.109298311218892552e+00 1.073697915253056800e+00 -6.662422807380543599e-01
2.996279304540691690e+00 9.250834399807197350e-01 9.921875648650959612e-01 -4.790964095392854505e-01
2.991179870317210998e+00 1.021418998377115805e+00 1.036808997977062274e+00 -5.470229927615728460e-01
3.026119639110653292e+00 1.006034741261849552e+00 1.015179045441649830e+00 -4.540606543993820909e-01
2.995471045202912741e+00 1.013968101760722718e+00 9.192630546235058819e-01 -5.790348084600580592e-01
3.021924362527006025e+00 1.041179990165492786e+00 1.016615480319822629e+00 -6.022750559638126999e-01
3.019199970560686896e+00 1.014060344374468459e+00 9.842287656237701521e-01 -5.933375720606696158e-01
3.006696393920060384e+00 1.053063423011769251e+00 9.976777295971778203e-01 -5.891804142516365861e-01
3.067615583889914621e+00 9.963032661185277084e-01 9.592938651502259662e-01 -5.693266412949337107e-01
3.072114132233430883e+00 1.121377429044160934e+00 1.053434336243830760e+00 -6.664431536507899878e-01
2.982483653470283880e+00 9.385960443106466933e-01 9.557723641831867845e-01 -4.412349860273523383e-01
2.974009705022202521e+00 9.772434317474830712e-01 9.856075871486063011e-01 -5.768669836213629054e-01
3.038689218859904173e+00 1.071105305587886081e+00 1.030963773789213667e+00 -5.825397205521684052e-01
3.042809754862454863e+00 1.154703295629451842e+00 1.064454023802401395e+00 -6.982095239550533128e-01
2.960540878111907581e+00 1.064325818973971272e+00 1.031309988962967772e+00 -6.168489627763390493e-01
3.042602885893184173e+00 1.149496522118790942e+00 1.073277931623643378e+00 -6.477756012515403228e-01
3.030648278308609722e+00 1.084845605507450905e+00 1.031488491846880073e+00 -6.039330128771023265e-01
3.076926737486469943e+00 1.130683241508407599e+00 9.881203537166869388e-01 -6.710049805403935919e-01
2.991534535672955908e+00 1.018920698753216669e+00 1.020225317062403825e+00 -5.511055095425164696e-01
3.010027114544865601e+00 1.015874392717874830e+00 9.658816682888912153e-01 -5.426512667919310973e-01
3.130111521921867368e+00 1.179139590124742121e+00 1.013774100612101492e+00 -7.098318204266527154e-01
3.080339136530823030e+00 1.101072847837265556e+00 1.007736926452735382e+00 -6.382399853139669732e-01
3.049009376611104827e+00 1.042596683500088828e+00 9.895968986699130721e-01 -6.023066755646769854e-01
3.018834729291911767e+00 1.039809950722229148e+00 9.818988586298615928e-01 -5.903190308032560951e-01
3.012197490118667886e+00 9.765217752192634215e-01 9.906706680811799837e-01 -5.278560585173518449e-01
3.061079814265136090e+00 1.090627720323355421e+00 1.030161454232242368e+00 -7.157451669935072092e-01
3.007695407382380282e+00 9.951274152329854239e-01 9.946855625365500497e-01 -5.477258868382445245e-01
3.018626692070216055e+00 9.737919767216091094e-01 9.924398750578352635e-01 -4.429059668638217762e-01
3.008646755324627442e+00 1.005150881982269206e+00 9.850559758155016388e-01 -5.359557661576694887e-01
2.990823593039688699e+00 1.134969599233679016e+00 1.106783555064326796e+00 -6.517774385203748411e-01
3.053783304778630026e+00 1.081294048976117361e+00 1.047821141482019103e+00 -5.914858358367485192e-01
3.084092013295429702e+00 1.089200176265341602e+00 1.014776208543221925e+00 -6.290801044929249519e-01
2.998800308064476727e+00 1.069027706441661341e+00 1.021497590862817884e+00 -6.565856636084593800e-01
3.028164602306121278e+00 1.092166127063096459e+00 1.031616450058964185e+00 -5.842098973941832751e-01
2.994891786075399853e+00 1.050815829129015944e+00 1.022481247849940544e+00 -5.548053852132072139e-01
2.968756230121798456e+00 9.289538501834926354e-01 9.689972646488543839e-01 -5.017238190999995240e-01
3.043534641409553210e+00 1.053077187322662533e+00 1.061298223283107411e+00 -5.650257913880504246e-01
3.012807234164952774e+00 1.063416343365184646e+00 1.095738397071353898e+00 -4.950121997522727302e-01
2.973157612839871788e+00 1.014615482812765812e+00 9.702814863859796635e-01 -5.759708659882345483e-01
3.049615723165255421e+00 1.123660969144110178e+00 1.020668233669527636e+00 -6.654385927029049519e-01
2.957333760476955842e+00 1.043814511666833145e+00 9.598498753723869736e-01 -5.724804665473094412e-01
2.983948955617485854e+00 1.039405140175451825e+00 1.042771114179838365e+00 -5.616190612692126827e-01
2.967401900137633497e+00 9.966840151358573596e-01 1.033496940704572875e+00 -5.018117867412508204e-01
3.020514474669745209e+00 1.034911860010947482e+00 9.996222311573185193e-01 -6.129257660150948528e-01
3.024912355270995779e+00 9.669188684866820704e-01 1.010127172296766851e+00 -5.508482076316555398e-01
3.096052542066994651e+00 1.111904091813812334e+00 1.072033704662948006e+00 -5.593889180506194103e-01
2.956108315317252710e+00 1.012415322502495663e+00 1.015604825360000518e+00 -6.067378162651924089e-01
3.016180818451005496e+00 1.036914143422715817e+00 1.072604246345066237e+00 -5.251867543754927814e-01
3.002946627759407683e+00 1.056260548308925795e+00 9.523910329769685879e-01 -6.175278087579967323e-01
3.048485464566609959e+00 1.098325463742124697e+00 1.032692150887382754e+00 -6.351168548385945911e-01
3.018544235896382766e+00 1.030726390865273956e+00 1.040044989564564482e+00 -5.332667296512160204e-01
2.991013565731892587e+00 1.034505843429363692e+00 9.579328821839820929e-01 -6.330105807125394612e-01
3.018159100308039466e+00 9.963073256974549485e-01 1.048284378546438411e+00 -5.188525204515671563e-01
3.084512409681451128e+00 1.101664705407016331e+00 1.006242395458665229e+00 -5.882297510953278241e-01
3.061197447756585088e+00 1.052934456012895703e+00 1.041139177438013208e+00 -5.168422835645739566e-01
2.978692523661699010e+00 9.762266117724778258e-01 1.009617852292782558e+00 -4.733195103595201347e-01
3.009733482592980458e+00 1.011455454614327509e+00 1.024803810947345628e+00 -5.527923359016886362e-01
3.029589746441386122e+00 1.029388890079839358e+00 9.556480202610738717e-01 -6.336028063045687775e-01
2.970820394520417018e+00 9.940913686130514737e-01 1.052503550497085438e+00 -5.364229892614582607e-01
2.997788320992320177e+00 9.785265242732438251e-01 9.991143167329236130e-01 -5.391621841978574414e-01
3.047367578282214495e+00 1.040579128949067567e+00 1.024373422024224878e+00 -5.239664447516815260e-01
3.025747424216897574e+00 1.032788667035545060e+00 1.020959949378686948e+00 -4.793274684217561643e-01
3.027543507470151773e+00 9.984224881162944154e-01 1.038785888422447901e+00 -5.033040700431939962e-01
2.991848678973081821e+00 1.095598178456075544e+00 1.094218484636980682e+00 -5.657766987369197142e-01
2.989477365323727209e+00 1.029613458463403575e+00 1.051699451975289135e+00 -5.113970644804407550e-01
3.037566622757854606e+00 1.001848173683709264e+00 1.001322636605459948e+00 -4.448465961091248033e-01
3.080902063391825596e+00 1.121947178215886298e+00 9.736876864417838284e-01 -7.007395033589720601e-01
3.102178325374401080e+00 1.110105065332157359e+00 9.756559552846248984e-01 -6.613932191403965044e-01
3.023677976477319618e+00 1.025324157807645742e+00 9.926085971735600921e-01 -5.714457092974309926e-01
2.991027336660914138e+00 1.039893515844043437e+00 9.639590282007285404e-01 -6.900128405490173478e-01
3.024435967416264859e+00 9.758416752335070665e-01 1.003901752212926324e+00 -4.600159321562432013e-01
3.050338403723498626e+00 1.049367016854134249e+00 9.828921572461165601e-01 -5.644260674673740041e-01
3.073848177795179382e+00 1.134581456310629566e+00 1.012288379228092561e+00 -7.102902677465868786e-01
2.990883383042295396e+00 9.779024561658671288e-01 1.029741777154742133e+00 -5.004034223187735497e-01
3.047651085579308194e+00 1.030261185879114860e+00 1.014989692635873464e+00 -5.418067999582500960e-01
2.951743545086410681e+00 9.554000219478578915e-01 9.729638849109767396e-01 -4.261572295216194961e-01
3.023645254159406548e+00 1.070702313675008233e+00 9.776455299217144956e-01 -6.313513903984628861e-01
3.068443323188479344e+00 1.150507130008307621e+00 1.129060902625782736e+00 -6.184128744255498189e-01
3.070098582851322977e+00 1.062449149493108758e+00 9.681579325547475801e-01 -5.924645348373430709e-01
3.070190510876193546e+00 1.115129648035254828e+00 1.047161720547253871e+00 -6.289721839963196004e-01
2.982331064864879977e+00 1.022719990660486911e+00 1.114804923662514824e+00 -4.680346606915011254e-01
2.986615703921167153e+00 9.646339129008133506e-01 9.697111177184716269e-01 -5.199455517985767106e-01
3.027803504706145343e+00 1.111871705667396348e+00 1.063467514053305418e+00 -6.215789085736058706e-01
3.032460111949111248e+00 1.042750510103115591e+00 9.455763207158569550e-01 -6.535611203087527965e-01
2.928235905249499282e+00 9.516002617473009462e-01 1.003210858018789287e+00 -4.923713820506554484e-01
3.012966059920000550e+00 1.024630634979559085e+00 9.531629566841670620e-01 -5.602280844862487230e-01
2.981174149447837873e+00 1.046067637633591119e+00 1.018647758134849424e+00 -5.407325328783497698e-01
3.024454002011483400e+00 1.050008263175721934e+00 9.221930663858970423e-01 -7.188017839973048773e-01
2.965840774008312142e+00 1.054866959802296611e+00 1.040154818447214469e+00 -6.043282395801599094e-01
3.013119875884924692e+00 1.059155043156065457e+00 1.008903534724376438e+00 -6.601215589716830090e-01
3.038212345373367818e+00 1.023611571348276073e+00 1.051451332222272050e+00 -5.597531823267508644e-01
3.005198642776682139e+00 1.007571864171593168e+00 9.707842976017011516e-01 -5.347064590888390700e-01
2.993543133152595903e+00 1.040777871831555901e+00 1.035345069137639351e+00 -5.729118768993473054e-01
2.998922741629187261e+00 9.423311200657168429e-01 9.755677431418375845e-01 -4.892151301856577095e-01
2.997298797315433916e+00 1.026724542663966400e+00 9.471440061524982745e-01 -6.315173446831265913e-01
3.011132453610759985e+00 1.064562480415844004e+00 1.066263921799849967e+00 -6.054370256436750752e-01
3.022932507608747876e+00 1.060417186680653323e+00 9.726270108275673065e-01 -5.755727236853837026e-01
3.043123629218681181e+00 1.078087998352985410e+00 1.075473886825136782e+00 -5.672226742716327541e-01
2.973909126151740523e+00 1.059145777746050010e+00 9.511441394561327423e-01 -5.950867642136798974e-01
3.079179272520451871e+00 1.069696373814030155e+00 1.053701052865496868e+00 -5.346751545912971082e-01
2.994446865389831736e+00 1.047838814045394695e+00 9.944823164369200885e-01 -6.717433637403642521e-01
2.937995912766382389e+00 9.572370299530401638e-01 1.007121088800079223e+00 -4.232851990362883621e-01
2.997856622721589481e+00 9.315217320427873204e-01 9.687278650450833473e-01 -4.533344861434391859e-01
3.019040209273746278e+00 1.101020365601277806e+00 1.033998660326645780e+00 -5.923437503414349381e-01
3.008120682114438171e+00 9.767496016872544429e-01 1.000051567792675344e+00 -5.074764970604646042e-01
3.016516339260960855e+00 1.165565207671454218e+00 1.057598549165535307e+00 -6.135175460733893749e-01
3.026273249400182941e+00 1.128165658614615152e+00 1.012968032816630837e+00 -6.615027747216286613e-01
3.056804657978216433e+00 1.154150844801355102e+00 9.943427873375711989e-01 -6.491232403406631546e-01
3.047716757353975403e+00 1.097415146221063287e+00 9.539870564453236668e-01 -6.779610599630777612e-01
3.005572262268428663e+00 9.754388686580633960e-01 9.635599248072397316e-01 -5.071608634125965853e-01
3.043346544721589275e+00 1.112084666047493897e+00 1.035552994013986927e+00 -5.612354219129932487e-01
3.048535575784602436e+00 9.939298710389785629e-01 9.805535720898850283e-01 -4.122248710042018538e-01
2.987916223787501657e+00 9.758353636021990241e-01 1.053842789826981097e+00 -4.116469278624527162e-01
3.030483040699046171e+00 1.071649218908971690e+00 9.563965252516973825e-01 -6.365225844559501134e-01
3.021477243846173444e+00 1.090680873581771904e+00 1.088094212546514061e+00 -5.901261217294052619e-01
3.021463232785383646e+00 1.053218256260983754e+00 1.031582597610211982e+00 -6.015626145469239461e-01
3.046902842128651034e+00 1.052352129588743246e+00 1.049767309242402247e+00 -5.131658633995981322e-01
3.042122393732598962e+00 1.080999887187957809e+00 9.671575847771128887e-01 -5.913897731240697064e-01
2.990354549731469191e+00 1.015902971585854964e+00 1.046105015410329298e+00 -4.737482900320712509e-01
3.063633491032805800e+00 1.025813576429363216e+00 9.564001902135704780e-01 -6.952802007515370697e-01
2.984542959204691925e+00 1.047062492276420009e+00 1.070248420533085776e+00 -5.232381014828916266e-01
3.062675050881174421e+00 1.102073330973018628e+00 1.001740172290464859e+00 -5.512099168941402283e-01
2.956419860582466974e+00 1.017988887752564242e+00 9.617499457344865776e-01 -6.013498229900812175e-01
3.057193525132134049e+00 1.126854476445118936e+00 1.024799876517790587e+00 -6.696738827766983704e-01
3.034979383626104088e+00 1.093115589777568175e+00 9.283153008179182430e-01 -6.700256901043115665e-01
3.084109971921964455e+00 1.071357205313990590e+00 1.022311333806535716e+00 -6.158835048857701500e-01
3.034104776829205541e+00 1.073543273231963191e+00 1.022612600888765710e+00 -6.843086876989284972e-01
2.981413321841267283e+00 9.870869126896237855e-01 9.612419724851326563e-01 -5.018991999201234400e-01
3.031595061171162175e+00 1.019524673373785717e+00 1.032291526626719635e+00 -5.450882373578666007e-01
3.011762248939192421e+00 9.979141687387254045e-01 1.006175915452144354e+00 -4.706196676062051609e-01
3.010673484361204189e+00 9.947487895606432762e-01 1.003793816635426328e+00 -5.090051273852612690e-01
3.023168440906719656e+00 1.043492264257685598e+00 1.023068164753668796e+00 -6.121728636490100239e-01
3.033940946241926007e+00 1.031770526344018002e+00 9.983740002639499567e-01 -5.625883834838917297e-01
2.992758932931340432e+00 1.064928695307645778e+00 9.627602174440006433e-01 -6.942316479822122632e-01
3.071698804539098049e+00 1.055311244286645689e+00 1.021666881966556195e+00 -6.424311876417885259e-01
2.930135262105652227e+00 9.414437152694804523e-01 9.982752566705757058e-01 -3.808315500209457638e-01
3.025182579643654890e+00 1.019356359831324665e+00 9.651493061055695932e-01 -6.370548604596971698e-01
3.057594812013658458e+00 1.126314356027625641e+00 1.129823680865183144e+00 -5.790452192093326067e-01
2.989038771775903935e+00 1.041689540636136169e+00 1.031496383844165976e+00 -5.691595649916340038e-01
3.058516011584839323e+00 1.075913168140163911e+00 1.011525232442386901e+00 -6.053353012085355145e-01
2.995085995966744630e+00 1.038078597799868552e+00 1.020421377504214133e+00 -5.555689662013090224e-01
3.011586669838514307e+00 1.081388781982386638e+00 9.912877664080373963e-01 -6.937633282398760759e-01
3.067606467143484394e+00 1.099617962465848642e+00 1.064057048747119927e+00 -5.849830332176852998e-01
3.026493733364752803e+00 1.048264682266746739e+00 9.686209188591424768e-01 -5.902670483160779025e-01
3.028824599496195979e+00 1.094885742382888605e+00 1.019419483052377062e+00 -6.049061275821951966e-01
2.965908772775720070e+00 1.034790268940667834e+00 1.040540950532137909e+00 -5.582712657364717890e-01
3.035676757303982232e+00 1.094793019513129462e+00 1.053577966326055826e+00 -6.366728238808259110e-01
2.945978925970887730e+00 9.965112000517681867e-01 9.936145863489622698e-01 -4.906729922931029053e-01
3.033979935643960957e+00 1.047863838797861824e+00 9.419436053145197052e-01 -6.459866021520037638e-01
2.978547937922024325e+00 1.019653729929270503e+00 1.031732638767496102e+00 -5.629454653411825049e-01
3.023556113603290019e+00 1.090150671104594071e+00 1.071772693557065281e+00 -4.937900164298192895e-01
3.042153417192531073e+00 1.026129139009662294e+00 9.992550859461144519e-01 -5.260056362885745518e-01
3.007710940570782920e+00 1.038337722748466696e+00 9.995811429137110293e-01 -5.232279042440126648e-01
2.989293897244880593e+00 1.062311651601947071e+00 1.032023573983557707e+00 -5.848986263122238904e-01
3.044411198746922231e+00 1.039606997297911395e+00 1.000213669806570449e+00 -4.818505096218149153e-01
3.017907508275754047e+00 9.862276475947949761e-01 9.727019195223267634e-01 -5.307496040929321479e-01
2.997380228429672666e+00 1.021220743680962828e+00 1.006389466254328902e+00 -5.425936466344136733e-01
2.963812436644624349e+00 1.063399807504681327e+00 1.077360885137104596e+00 -5.421300272666705888e-01
3.005323419991721146e+00 1.023273007817878222e+00 1.025959036048337047e+00 -4.845790261689542078e-01
3.029289509140792536e+00 9.531113212625448305e-01 9.548451229293350995e-01 -4.640998028947184717e-01
3.033190287085586689e+00 1.105109933228657138e+00 1.080724169919634825e+00 -5.904500943756825215e-01
3.053541298231514212e+00 1.004347329233295838e+00 1.026532963798971965e+00 -4.946278488685659780e-01
3.025384836112287701e+00 1.164030389342213034e+00 1.044182758571241321e+00 -7.326622948417776948e-01
2.970401710646808802e+00 9.520374591014597598e-01 9.657482607082947812e-01 -4.498387050855547353e-01
3.060028625608946840e+00 1.066038647737481693e+00 1.007375424836890021e+00 -6.537546126612906461e-01
3.006433029584787420e+00 1.056946129660357503e+00 1.023954472269598792e+00 -6.306838796852587414e-01
3.008877844807555046e+00 1.025951690002499639e+00 1.051370910207669596e+00 -5.188325740470809411e-01
3.016549662527592268e+00 1.040019533492989812e+00 9.854007999089615666e-01 -5.744670975728133344e-01
3.042034937411813189e+00 9.808655426421316603e-01 1.048752704962662596e+00 -4.063529380976985128e-01
3.054891775054522363e+00 1.161565543946115220e+00 1.063975965227635490e+00 -6.284937385779789665e-01
