2.964294395045690145e+00 1.063618004236901893e+00 1.352071760716149651e+00 -4.710255703046461462e-01
2.990498648912526924e+00 1.058520020672012230e+00 1.861660316837844720e+00 -3.134005240904594314e-02
2.943652171109951254e+00 1.098029851438084847e+00 1.378203641920769051e+00 -4.759460103221974658e-01
3.005001185151296106e+00 1.120472557416473336e+00 1.322142327790270411e+00 -4.966082436215270013e-01
2.970217869822314505e+00 1.028976573881248413e+00 1.594652054357996285e+00 -2.352982168865375978e-01
3.072499941567882864e+00 -1.003644501581361537e+00 -1.206656678127673965e+00 -3.917298342932812871e-01
2.985701911971146316e+00 1.075526369419799844e+00 1.320140427373422742e+00 -4.590711151248289545e-01
2.998617620595177335e+00 1.071339637679250556e+00 2.003642856712801734e+00 -2.985863676603114567e-02
3.034753427700403794e+00 1.038610501931345187e+00 1.807642336350106405e+00 -5.757906500440504449e-02
2.990694499961447761e+00 1.030604611349173583e+00 1.890724312583397015e+00 -3.077292899071087245e-02
3.032147888713323969e+00 1.100588248462577745e+00 1.850538018679297902e+00 -5.527882535253237500e-02
3.030679307670084199e+00 1.019923438924244197e+00 1.804001467985916873e+00 -1.257152961325161931e-02
3.036876213947418357e+00 1.085743482049863262e+00 1.282761155172116307e+00 -4.797587295404622809e-01
2.975662267746165934e+00 1.086666659452838912e+00 1.331966512210036369e+00 -4.778211786541235462e-01
2.940516470914731340e+00 1.017366950858277219e+00 1.268030564273469940e+00 -4.346607132558757969e-01
2.983807554342645663e+00 1.025448714588623966e+00 1.525139297881800138e+00 -2.833269761759454330e-01
2.937565020248272596e+00 1.042420728860352863e+00 1.961053781367623428e+00 -4.074996533407208854e-02
3.043743374432022364e+00 1.156706502458491270e+00 1.911040984465038006e+00 -1.013713230006758337e-01
2.992441082715217693e+00 1.054034111437446963e+00 1.430765974723523071e+00 -2.895445167900208006e-01
3.020911015263811006e+00 1.085901016945249209e+00 1.452225724229701642e+00 -3.219943571618733014e-01
3.022583771874111758e+00 1.018413107266504136e+00 1.389433560371019727e+00 -2.766596902885589682e-01
2.985769319348071438e+00 1.061902547433128507e+00 1.713264166846526715e+00 -2.702451703256587567e-01
2.977258836297590250e+00 1.078876203712361592e+00 1.242726272589964820e+00 -4.688181325879351435e-01
2.944303028855710824e+00 9.896016958211917292e-01 1.932392186001430145e+00 2.750683737929527500e-02
3.019705868880925514e+00 1.090351546232839475e+00 1.299759191003123870e+00 -4.863130915672145838e-01
2.991918853346262175e+00 1.043684852677257524e+00 1.967341890549028305e+00 -2.191702427558060717e-02
2.971953319074527311e+00 1.027417254286873360e+00 1.341986905139849640e+00 -4.294417752219240048e-01
2.964102938702271040e+00 9.743384887817408968e-01 1.898438716904875756e+00 2.256599575356987505e-02
2.947063577959663672e+00 9.493156859373468315e-01 2.027543618474567655e+00 2.414479649192537852e-02
2.982113684953725752e+00 1.063669702754522994e+00 1.284478934173469700e+00 -4.387735390401921731e-01
2.982553834243857782e+00 1.078311651726656883e+00 1.647698016744971516e+00 -2.419556144559186495e-01
2.977919038161626730e+00 1.059549583668257355e+00 1.359511597620033818e+00 -4.404877421253078351e-01
2.975310020072669204e+00 9.940361822240644241e-01 1.310761448752008507e+00 -3.759807758967872449e-01
2.993677541903116079e+00 1.127872011313703071e+00 1.386475434783766891e+00 -5.159864328514497389e-01
2.968324388188738894e+00 1.077307023166843125e+00 1.352578510797059153e+00 -4.668082703469836892e-01
2.952173884426787520e+00 9.554739646077939907e-01 1.333094815365092556e+00 -3.628336928321940769e-01
3.039958100270262253e+00 1.096934334169995751e+00 1.865706408588976961e+00 -7.847077641879326992e-02
3.030374314683476289e+00 1.097044459246452552e+00 1.429024306413531509e+00 -3.382206766229307049e-01
2.916867817507337257e+00 9.943732434252182673e-01 1.906887721305749572e+00 -5.845763908087774378e-04
2.995357243153686788e+00 1.063228111506761220e+00 1.941040820125017330e+00 -4.692460202120841972e-02
2.943276644043041124e+00 1.002368914114656784e+00 1.303680662734511442e+00 -4.179980783845327896e-01
2.997340236917682255e+00 9.849063298130062982e-01 1.434811899807594271e+00 -2.260739896455021269e-01
2.989566807680503313e+00 9.932148984499608035e-01 1.210481457200291544e+00 -4.105374385720720332e-01
2.944664131642000360e+00 1.046366287714655341e+00 2.016835169059685295e+00 -3.066823404247717363e-02
2.946331156987471722e+00 1.017329248211529036e+00 1.355343764793448313e+00 -4.161801242623757724e-01
2.970976981126059790e+00 1.051184497046663946e+00 1.951958150873763120e+00 -3.772500022627055249e-02
2.964110479524036279e+00 1.030699511965169179e+00 1.253465179789594375e+00 -4.204303689252099074e-01
2.969005454300280178e+00 1.071480981300729551e+00 1.590493766621406069e+00 -2.979370936002999071e-01
3.019769377539958555e+00 -9.663395614874052963e-01 -1.255265666454665086e+00 -3.627334966009215789e-01
2.949729891034805096e+00 1.017959969486281757e+00 1.958329084636168282e+00 -5.113357131816403944e-04
2.987607923196992754e+00 1.064075837907494604e+00 1.280229359774753162e+00 -4.502679648336577745e-01
2.977310344623973482e+00 1.059733777532309462e+00 1.322273656100036332e+00 -4.400749475541921307e-01
2.946759128740191080e+00 1.007496323800815441e+00 1.410307836408443372e+00 -2.630357543483768379e-01
2.955294552325888002e+00 1.064890908094469735e+00 2.041144957619774658e+00 -2.998780992275048435e-02
2.974128987748406505e+00 1.076220968273062129e+00 1.293354822198290233e+00 -4.658167394825318830e-01
2.992990959681125052e+00 1.022367509721114232e+00 1.281050828199205238e+00 -4.284201070670771161e-01
2.994775054625363531e+00 1.069376174355766373e+00 1.216275775079079802e+00 -4.745852784338240316e-01
3.003568019110035792e+00 1.090107417418249458e+00 1.910022215762225972e+00 -5.645788471111918422e-02
3.006284599028021365e+00 1.078026411712118771e+00 1.586494192934685854e+00 -2.148663445284904605e-01
2.984947773248044722e+00 1.041180258804533576e+00 1.542461892561123316e+00 -2.507459685094802215e-01
2.971884448714636751e+00 1.032805286932687361e+00 1.915626702011731020e+00 -1.508219184622268914e-02
3.022748410254535667e+00 1.109028427851962650e+00 1.274608770804489533e+00 -4.757779439574804647e-01
3.012447705893222860e+00 9.976216447962636957e-01 1.804630399708294419e+00 -4.087037518868039641e-03
2.943086741694667552e+00 9.400472650966509303e-01 1.279510952431797799e+00 -3.542300333786138067e-01
2.987943882092559900e+00 1.131173102338695946e+00 1.362934433319162197e+00 -4.919869692394441829e-01
2.964961519181386507e+00 9.903615786004742461e-01 1.365878513079938683e+00 -3.891261268194641798e-01
2.953442742457004666e+00 1.044570998747098578e+00 1.471724857234141703e+00 -2.621252148898227108e-01
2.942528620516309257e+00 1.047184051935913462e+00 1.590636251890606978e+00 -2.588047297930879398e-01
2.987103269103930980e+00 1.127740660398092176e+00 1.554262957557660529e+00 -3.318713598801149578e-01
2.998180129870103183e+00 1.077385107263823416e+00 1.349740667176691389e+00 -4.516345733808053708e-01
2.954877405265051493e+00 1.026294454180794347e+00 1.432027343728936586e+00 -4.176724797083594121e-01
2.977642524903301613e+00 9.987209593319968937e-01 1.909171113364719563e+00 -2.522325371182486398e-03
3.019318297652507255e+00 -9.601975507119265840e-01 -1.532248925052474897e+00 -1.367778002355175271e-01
2.984882791948565206e+00 1.045121944468584196e+00 1.590757724451623778e+00 -2.151408725339571393e-01
2.917960097797703600e+00 1.012943937380589521e+00 1.299210486827275579e+00 -4.116251043286898725e-01
2.962449627725409318e+00 1.045083733324519537e+00 1.342200984367810879e+00 -4.399195030529393646e-01
2.987551872452520740e+00 1.091678417560165704e+00 1.523054943561350738e+00 -3.004104445903999498e-01
2.976367582378897758e+00 1.074055098690025245e+00 1.524880581772316557e+00 -2.959415117341092638e-01
3.039063721585965716e+00 1.020610571502606589e+00 1.289343224956170708e+00 -4.042831325904187034e-01
3.012379841525784752e+00 1.076608599742993722e+00 1.901671509206943167e+00 -4.206215241563784207e-02
2.991825183388510556e+00 1.015197397809054936e+00 1.818278365793439155e+00 -1.633474580784724517e-02
2.981972628741552445e+00 1.075628691555840843e+00 1.355560837204527136e+00 -4.552410826572187985e-01
2.960303347205757163e+00 1.060976085437117966e+00 1.396395743366504627e+00 -4.351873649194962779e-01
2.992500851665874428e+00 9.900845471784053275e-01 1.199164021108171996e+00 -3.971016802112830035e-01
3.047040322850235405e+00 1.277170957188701328e+00 1.411128005246473638e+00 -6.045731760077928119e-01
2.967378432444614855e+00 1.063834428186249736e+00 1.570938536603591285e+00 -2.714465324629228293e-01
2.960171758369570139e+00 1.015356077674553159e+00 1.924812189948029495e+00 -1.003867437292907915e-03
3.029119689123286552e+00 1.174330591533403689e+00 1.321182356240092393e+00 -5.495126461364611137e-01
2.963417313384208551e+00 9.452888321375921832e-01 1.169546918315223838e+00 -3.889700660695543100e-01
2.972137218577124873e+00 1.030429916369823617e+00 1.985318552467590703e+00 -1.867512218410863345e-02
2.987264953764359632e+00 1.116546615526984754e+00 1.573997907422243214e+00 -3.021701909455514201e-01
3.014997381651360442e+00 1.138529117404579072e+00 1.934314004129174425e+00 -8.165729035788391044e-02
2.983977354074561550e+00 1.015215570799896216e+00 1.547801496851850311e+00 -2.651270361367869532e-01
2.978641119551018956e+00 1.039609779673164924e+00 1.537869099087920022e+00 -2.532677624146922879e-01
2.949083922739247576e+00 9.727766995735942501e-01 1.255211068763120386e+00 -3.910864061152691806e-01
3.083532473599534640e+00 -1.075143778016501628e+00 -1.304257380582332537e+00 -4.532369308710112454e-01
2.948957378343171065e+00 1.057904107010158468e+00 1.398055276508741063e+00 -4.400388442197826766e-01
2.952863839812549518e+00 9.915582685464845447e-01 1.202496580064491560e+00 -3.807783334036781708e-01
3.013388164212253528e+00 1.062846414265544714e+00 1.354803079941400146e+00 -4.492710621799408388e-01
2.985873870728035673e+00 1.120490087547818758e+00 1.490261083164815537e+00 -3.244913891992830535e-01
2.961841031807451508e+00 1.069165871502485654e+00 1.316350130431136245e+00 -4.491262554346890368e-01
3.012759103439311748e+00 1.073942921221808344e+00 1.817005281182501486e+00 -5.329857058866423886e-02
2.938639966210104149e+00 1.035289908635790956e+00 1.644393935111711835e+00 -2.434688108878338975e-01
2.975403082717960057e+00 9.891225322907809536e-01 1.266311353966466546e+00 -3.809065386017738142e-01
2.974380807985189001e+00 9.733123390325361113e-01 1.865133219385819663e+00 1.681539714998903437e-02
2.874867830789876511e+00 8.870626563839456580e-01 1.908721887978870768e+00 9.456554493534062578e-02
2.971359299866922044e+00 9.695351058873380445e-01 1.354494265611182025e+00 -3.526284026635521651e-01
3.006893929253866560e+00 1.074576162619427899e+00 1.452058655926920183e+00 -2.791155715199232223e-01
3.005844993390481612e+00 1.038572620219278209e+00 1.502691545509838855e+00 -2.813842238555984698e-01
2.953821136267295699e+00 9.963814676324680430e-01 1.985750935626979574e+00 1.289031274721378663e-02
2.968215401149499666e+00 1.032149556930150203e+00 1.283785680783843919e+00 -4.130433981396164911e-01
2.983879854246199059e+00 1.105962771227012142e+00 1.365904070232258904e+00 -4.671333802196418472e-01
3.046702394950111970e+00 1.060995384607169578e+00 1.874742731392113004e+00 -3.472999595051937810e-02
2.992407560118203858e+00 1.091714451813033282e+00 1.329136856319464099e+00 -4.851984371262513251e-01
3.002385919614453780e+00 1.090161174557111812e+00 1.321130146104933178e+00 -5.028399165893037148e-01
2.988840350347849562e+00 1.050969070326507104e+00 1.595338452691946740e+00 -2.601701194552575869e-01
3.017267531979691775e+00 1.087366147897868895e+00 1.527507524509345016e+00 -2.976536529350315430e-01
2.976763473647925817e+00 9.683694966273788118e-01 1.924104547220157002e+00 2.944602773508418411e-02
3.016632910841342330e+00 -9.393336402321484924e-01 -1.202942074239227610e+00 -3.317510813629292454e-01
2.981836364070527434e+00 1.056503974405540891e+00 1.932297413667820374e+00 -1.900060952921353921e-02
3.007249435650898750e+00 1.168923056683701223e+00 1.601820166207785778e+00 -3.271729136966306517e-01
2.946214969674498807e+00 1.041388735650109920e+00 1.524392366705465962e+00 -2.801984861229037116e-01
2.972691745059199420e+00 1.010584434603106097e+00 1.210983794026023519e+00 -4.244921056512873103e-01
3.015163507920478381e+00 1.077767561623928394e+00 1.319229185748676203e+00 -4.895211685380776445e-01
3.040456199830851247e+00 1.172252113639004945e+00 1.323579911298252476e+00 -5.372363661500072496e-01
2.919780574908619197e+00 9.821262867194975321e-01 1.959529475379784946e+00 7.185610240161633029e-03
2.940661465215411940e+00 9.054558823501166476e-01 1.975700835903075214e+00 6.374663869405737537e-02
3.060393324397506554e+00 -9.889070975080684889e-01 -1.208206272375893287e+00 -3.817166944281459307e-01
2.977450834852488626e+00 1.094944911718873648e+00 1.606373889895782670e+00 -2.933152442992713049e-01
2.975855220057966655e+00 9.873259781407315305e-01 1.851729037483528018e+00 1.154943832315919253e-02
2.983579250576590791e+00 1.057956251544490467e+00 1.731068608031777645e+00 -2.280590697071794293e-01
2.967324510361714296e+00 1.054512954886085652e+00 1.620776770509176457e+00 -2.544384306644927873e-01
2.941388696628369548e+00 1.040882582576858839e+00 1.372151906845701319e+00 -4.256896548432326233e-01
2.964262916680624915e+00 1.033831079048708190e+00 1.584057660171494630e+00 -2.643856727605390922e-01
3.007995726295750405e+00 1.034350391341102293e+00 1.889641567498242081e+00 -3.593721813821751376e-02
3.025614047196621748e+00 1.074210649181905231e+00 1.508997566290866343e+00 -2.711110234835711341e-01
3.016837157970553296e+00 1.085596518211035422e+00 1.465815136320441914e+00 -3.116367875960942557e-01
2.993921045620417942e+00 9.715410744831097789e-01 1.537548334901298386e+00 -1.988629901464182836e-01
3.051892819144575331e+00 1.135301895718794141e+00 1.552332425633210278e+00 -3.069318851970116446e-01
3.020721635384903792e+00 -9.932115027058537882e-01 -1.303703247597916004e+00 -3.891782443189545915e-01
2.979057341797227920e+00 1.059187986921854341e+00 1.347925895778984584e+00 -4.462958945962162138e-01
2.955236199472893510e+00 9.903320217102810075e-01 1.260244610089815698e+00 -3.815866413179176964e-01
2.958725596787321610e+00 1.041361010424252331e+00 1.556367393504166641e+00 -2.464200075426780656e-01
2.949360895997119592e+00 9.983426131027773875e-01 1.273384126523523285e+00 -3.930746967982977624e-01
3.040414130118211045e+00 1.132296416624644975e+00 1.526031865373707941e+00 -3.394228737561475473e-01
2.940448665352848323e+00 9.961320213099280618e-01 2.008192055423989597e+00 -2.789392780994082686e-04
2.975987859612812869e+00 1.063430455011661557e+00 1.376398229952700669e+00 -4.502812806586782290e-01
3.014911139727685097e+00 1.046720266846448588e+00 1.292765432855617735e+00 -4.274009306764088856e-01
2.943851223737070200e+00 1.070945839756556550e+00 1.628470785108224295e+00 -2.463617401610132540e-01
3.040984467833247162e+00 1.142665399495156775e+00 1.931323097310674974e+00 -9.284508295547559686e-02
3.012681642730081766e+00 1.079754992570035821e+00 1.528486975100287415e+00 -2.804246394094646599e-01
2.996810681680130539e+00 1.071189670726292231e+00 1.481132397321776706e+00 -2.890407835638436618e-01
2.942810854534510856e+00 1.054117182089777671e+00 1.393611120643152068e+00 -4.304539524454952804e-01
2.960793251463543108e+00 1.109956998703135689e+00 1.476094535804606922e+00 -3.592826393543498975e-01
2.998184366913255960e+00 1.081070542981638072e+00 1.294184420486865994e+00 -4.680416798789269750e-01
3.027493424269040556e+00 1.017762460996567642e+00 1.461085315578548594e+00 -2.694362388765800809e-01
3.005488545807023293e+00 1.015735734208981444e+00 1.840866095036090888e+00 1.641266574671351036e-02
2.972687806615402550e+00 1.023767043656658826e+00 1.302202902875944979e+00 -4.185538143861063931e-01
3.055820077547652502e+00 -1.009153984828624395e+00 -1.227532741155562768e+00 -3.925978384174846902e-01
3.005237375298130953e+00 1.048382263516568047e+00 1.448195619202963247e+00 -2.708661011098381088e-01
2.966217335268043431e+00 1.049687811371080359e+00 1.897201199877455391e+00 -4.036762218020628623e-02
2.923074761947937361e+00 1.004540570109008435e+00 1.947843522750933198e+00 -3.313518150636644757e-03
3.046297938700681218e+00 -1.065473989801205335e+00 -1.308569264387280606e+00 -4.284119985609228243e-01
2.943296764236095431e+00 9.955244037950680136e-01 1.528197676729595500e+00 -1.910563570407124434e-01
3.017993659264217587e+00 1.061596153968388023e+00 1.592949184779171468e+00 -2.843314395029064023e-01
3.065736489339683679e+00 -1.078138333638842816e+00 -1.254420725617862775e+00 -4.471032354061759695e-01
3.007298776098551674e+00 1.056673142216907779e+00 1.544045003685114104e+00 -2.783782982984209786e-01
2.913637960885842926e+00 9.244271157649945891e-01 1.999719966790282522e+00 3.897491504981512311e-02
3.010483931205079511e+00 1.067607588521995554e+00 1.381616867784138281e+00 -4.317695101391227364e-01
2.973370865877974722e+00 1.044681627014714342e+00 1.558325958136719036e+00 -2.580543938716183261e-01
2.958654393824142304e+00 9.851237725502387521e-01 1.959386482859909684e+00 1.926463663482515937e-02
3.035831012824894426e+00 1.150261360845901359e+00 1.635355387390675652e+00 -3.341827754971035680e-01
2.993918421635791027e+00 1.079974537391436673e+00 1.961421924789680249e+00 -2.879811617418496714e-02
3.001733048491141531e+00 1.066369626785591107e+00 1.277773574734992978e+00 -4.531213647432255076e-01
3.027439870852970838e+00 1.134693750778794197e+00 1.702069839697617937e+00 -2.693128274753553986e-01
3.008246025002337731e+00 1.088139097539936317e+00 1.921533901690324564e+00 -3.721967050326935311e-02
3.007397795284268316e+00 1.030792703249218345e+00 1.819148214036956590e+00 -3.815281473706954446e-02
2.971175466142111699e+00 1.029278890754181663e+00 1.271456169944969572e+00 -4.227124785901680837e-01
2.969592619941721523e+00 1.042450762814491672e+00 1.275689940178337478e+00 -4.394967008623029692e-01
2.926710068573159518e+00 9.924958838149872120e-01 1.639061701640392554e+00 -2.438511571828610169e-01
2.898692940819012520e+00 9.788115797805200247e-01 1.526718435716387212e+00 -2.336719283146732884e-01
2.986596013073521405e+00 1.023159956999893705e+00 1.632857142124762406e+00 -1.802904406076633048e-01
3.043750747018233671e+00 -9.515046379992411207e-01 -1.228247609932664020e+00 -3.503811604912852595e-01
2.977022489385444448e+00 1.009178050905985780e+00 1.337583629128530571e+00 -4.056516662243548899e-01
2.962920022744839788e+00 1.057624343804726808e+00 1.330913851111416468e+00 -4.579906291368951443e-01
3.004744191002389098e+00 1.127139654018347370e+00 1.325615095465655813e+00 -5.109713332132886920e-01
2.996097873212630436e+00 1.083512160137203528e+00 1.955101372133366322e+00 -4.027746139631520339e-02
3.010608917369347548e+00 1.042613688770679392e+00 1.597530505385179156e+00 -1.889961392408295859e-01
2.970148581770262641e+00 9.785725141764285429e-01 1.896833665050990492e+00 7.434709034870250199e-03
3.041184058489279529e+00 1.163391890433787879e+00 1.938890041776905937e+00 -1.149589600378445875e-01
2.982507264339803843e+00 1.021009875107205422e+00 1.900815124830855574e+00 -2.376618381974677022e-02
3.008057505057274206e+00 1.080310987491267749e+00 1.307324731155974584e+00 -4.429730814443934572e-01
3.032627936563091264e+00 -1.004990985674795390e+00 -1.206224397201552057e+00 -3.754324059077590592e-01
2.956186062293489236e+00 1.062908248380612264e+00 1.382817011631492177e+00 -4.677745069299885650e-01
2.993217779657594058e+00 9.943925065578338440e-01 1.429398441620943094e+00 -2.557057000746399411e-01
2.967185726267583146e+00 9.625488206495522725e-01 1.460451518735976117e+00 -2.076916590230132309e-01
2.999383130568091360e+00 9.800819986774339521e-01 1.762345168066165924e+00 1.260916409061974691e-02
2.947007604953535864e+00 1.043736119200924684e+00 1.483136978697638941e+00 -2.673129790364618952e-01
3.016520730323108523e+00 1.164173382815749225e+00 1.356015316619972877e+00 -5.138379141637490211e-01
2.969609470064502599e+00 1.055334239817173003e+00 1.319932752554287436e+00 -4.355962734772821920e-01
2.943060043668535464e+00 1.050568388564792954e+00 1.319027686428719592e+00 -4.602505077724463045e-01
2.949287969860225456e+00 1.027430666898588418e+00 1.282712235069233264e+00 -4.126519855363537381e-01
3.021070775640179118e+00 1.053532944139512262e+00 1.866256509574714340e+00 -1.202040251823455891e-02
2.998906707967223362e+00 1.050385058412171002e+00 1.301934808405597499e+00 -4.559600583721211686e-01
2.972622777860775667e+00 1.073330741173961878e+00 1.544375784135814111e+00 -3.015904161412586992e-01
2.966522579308398466e+00 1.007157229145585031e+00 1.924848629701376934e+00 -1.366375692978199314e-03
2.995432996563196948e+00 9.983705546109218343e-01 1.914213948593159520e+00 1.062762280086161464e-02
2.990061914209892535e+00 1.086593300352993063e+00 1.538969424627737892e+00 -2.871324245012126242e-01
3.043195157671827022e+00 1.074330049909508533e+00 1.859649143115083225e+00 -5.099201761073515055e-02
2.959240315007164668e+00 1.063694699147223144e+00 1.415000045792518923e+00 -4.228744720285922409e-01
2.965272172618632407e+00 1.103719716752983304e+00 1.320080378994663795e+00 -4.958975182605560028e-01
2.994545132195706394e+00 1.087650037901183309e+00 1.357587415857981705e+00 -4.555416278425634125e-01
3.017905257136686004e+00 1.086211515328976196e+00 1.899287679290773356e+00 -5.902030556976132353e-02
2.950198526051923231e+00 1.000573002241396559e+00 1.978501124744357353e+00 3.857045622241718572e-03
3.012026491728505118e+00 1.089363812510278473e+00 1.307287040197501859e+00 -4.851900551661668670e-01
3.048696421289250225e+00 1.101887632811488160e+00 1.483351491109270892e+00 -3.227131981014479400e-01
2.956200855632885371e+00 1.073922674276777123e+00 1.530371333099791009e+00 -2.641008912592154312e-01
2.963937993537616222e+00 1.062719648013920049e+00 1.353710092781196916e+00 -4.454937992608294928e-01
3.013557122998967941e+00 9.989974624829653926e-01 1.902511871870504745e+00 1.519922209710724420e-02
2.948171997305716552e+00 9.956936797784224913e-01 1.975919517424281846e+00 1.517098869256724297e-02
3.011753496710956046e+00 1.077630548239194352e+00 1.552930818412174618e+00 -2.999932672299312486e-01
3.021767193558252185e+00 1.044346342883789358e+00 1.253714468784010050e+00 -4.353216293247217927e-01
2.941827923040637671e+00 9.088921625775988611e-01 1.849734683203792196e+00 7.234625329886247569e-02
2.969250864576063798e+00 9.891401136802417948e-01 1.880078388456905447e+00 -9.005530644092488851e-03
2.979781726015564125e+00 1.057058604022404147e+00 1.295096780437744455e+00 -4.580137405737407241e-01
3.025694840675538622e+00 1.052021596595610120e+00 1.511945049030067656e+00 -2.849012825011181804e-01
2.993104578278750871e+00 1.131400280511429601e+00 2.040662333297040831e+00 -9.162972517613185430e-02
2.970599880351756816e+00 1.023247972117384608e+00 1.854110303963607320e+00 -6.450464511638960736e-03
2.958851056759779663e+00 1.020813389983632469e+00 1.990103473989805360e+00 -7.691526026148539676e-03
3.044998080602513646e+00 1.080243243647632578e+00 1.461775086398085621e+00 -2.852158160022255640e-01
2.989552206216396169e+00 9.992519418673552201e-01 1.241533249920857340e+00 -4.087949302545708652e-01
2.960298865311712824e+00 1.017907017410686343e+00 1.537998013668975927e+00 -2.407253315432970608e-01
3.029226036490224594e+00 1.102932511363828416e+00 1.453364899723302850e+00 -3.364870486380540093e-01
2.959551142296292348e+00 9.825299829939431184e-01 1.983953866161086266e+00 1.756580496123212598e-02
3.045872578665330010e+00 1.124841291392242093e+00 1.888119282592335635e+00 -7.470263463648470215e-02
2.937387677899302219e+00 1.048616542881420255e+00 1.604534125555361124e+00 -2.594738736447477767e-01
3.026487238125222579e+00 1.120267733088556206e+00 1.935078653826189043e+00 -6.706234697745028228e-02
3.020025870866022366e+00 1.052156166702819862e+00 1.272205253636647271e+00 -4.287230666466340656e-01
3.013854643023793134e+00 1.047672828248883858e+00 1.806299781122105319e+00 -3.464038548515757654e-02
3.000887638887746789e+00 1.014428150991398381e+00 1.796656901401933792e+00 -7.951467950868471024e-03
3.011481748307610840e+00 1.113987865989129578e+00 1.611147479583477926e+00 -2.980383845450146896e-01
3.040015187626739390e+00 1.089453045397559938e+00 1.786162990265224959e+00 -5.894306828481175875e-02
2.975664865480842636e+00 1.006322227223875654e+00 1.812452959772494321e+00 -3.475341640638388019e-02
3.005879960892519076e+00 1.074296957534776276e+00 1.986426984324227041e+00 -3.869926992094788187e-02
2.990161542634620861e+00 1.087476738992422920e+00 1.323240613064624149e+00 -4.611440737802501300e-01
2.979144685041511753e+00 1.083017793642211402e+00 1.318849211083584994e+00 -4.691154750576685961e-01
2.994721757606555013e+00 1.058973527997367325e+00 1.248989279389151941e+00 -4.394130099970864345e-01
2.993822366164123672e+00 1.051466635672832828e+00 1.561323188144724039e+00 -2.361676297398628832e-01
2.931886320884956820e+00 9.831217983870407240e-01 1.302572526591385671e+00 -3.687846927732783553e-01
2.993896679310346087e+00 1.130005980489484196e+00 1.382580833020294664e+00 -4.961467650397372031e-01
2.969740752460162447e+00 1.019751561619279601e+00 1.979633171699723970e+00 -4.879780758545965852e-03
3.036028707119471370e+00 1.143307910216898593e+00 1.569114713000500760e+00 -3.150930185307279641e-01
2.968945292820452941e+00 1.039638192374327419e+00 1.498311262444237180e+00 -2.496892458103799339e-01
2.968306995373356738e+00 1.013860870547582893e+00 1.280481817790914301e+00 -4.174786914288138306e-01
2.990321920279030543e+00 1.115731687620467039e+00 1.369351254079935964e+00 -4.893823476383806215e-01
2.996912060713870396e+00 1.105633170878689508e+00 1.597160091376294888e+00 -3.056993415470725117e-01
2.923735233817986501e+00 9.418246460421701993e-01 1.966535210044662474e+00 6.208152496528548947e-02
3.032341319589667350e+00 1.015145235567457727e+00 1.842218575035775352e+00 -1.438304359631517419e-02
3.011643150090459464e+00 1.098742910620197577e+00 1.378107575508896510e+00 -4.758381349766201973e-01
2.996211729210204400e+00 1.149955996332443275e+00 1.354750846037072964e+00 -5.130774821482174675e-01
3.015921377478843368e+00 1.108326101345498804e+00 1.849807271542209808e+00 -8.299351963066191329e-02
3.010151767470633288e+00 1.081351342853481778e+00 1.929252683816275793e+00 -3.370301121436764663e-02
3.003336096186911330e+00 1.050547206340991746e+00 1.946105009123426210e+00 -1.034567113277490465e-02
2.987620385374970766e+00 1.047446818173831007e+00 1.324829865346244917e+00 -4.490934666071242920e-01
3.017911763919513213e+00 1.080343279945459756e+00 1.289085002924121426e+00 -4.573164148205369761e-01
2.985340977245997340e+00 1.081302716603964376e+00 1.407505633036859383e+00 -4.753503618909337702e-01
3.017462984419761796e+00 1.088616281584952716e+00 1.911629053189842775e+00 -8.489712468971929993e-02
3.032727669684999405e+00 1.061990102549869253e+00 1.856110175440049526e+00 -6.506948406511368910e-02
2.984042705256929828e+00 1.008804397753759519e+00 1.329952054559813135e+00 -4.115116333867209208e-01
2.958172581014935965e+00 1.071338681128924719e+00 1.534686341863732872e+00 -3.026731005367596650e-01
3.027462678190204759e+00 -9.919281908632873179e-01 -1.579829127948718437e+00 -1.667301738923352983e-01
2.948881251027292816e+00 1.044942686670547571e+00 1.530546606963235856e+00 -2.569492188895760587e-01
2.931210198889419249e+00 9.908251884487929706e-01 1.295635869195320700e+00 -4.066526419921906443e-01
2.969095388856787032e+00 1.012083564796443014e+00 1.300861705364715792e+00 -4.097136579866130224e-01
2.938232133738610141e+00 9.849957678810609130e-01 1.571276906426902320e+00 -2.196852401526290521e-01
2.970602154706063036e+00 1.079057158680794659e+00 1.269102660082315648e+00 -4.521475107744980515e-01
2.962356963143652600e+00 9.994733569437216358e-01 1.307635571277405484e+00 -4.032473760019417708e-01
2.969130798417139783e+00 1.010588263976934353e+00 1.925552444108207917e+00 -1.065600371668435926e-03
2.981636963037458621e+00 1.172521742699866198e+00 1.469057666953796248e+00 -5.504290076989286629e-01
2.991824639759337323e+00 1.042895989886157837e+00 1.332391130582994521e+00 -4.408391293352100226e-01
3.006415229356265595e+00 1.122762341807753916e+00 1.646268988117927767e+00 -2.821368533205016460e-01
3.018606656902957042e+00 1.026452101346888357e+00 1.943548268455564498e+00 3.184895875817208774e-03
2.956643390801057869e+00 1.022668761999394160e+00 1.288579708569767224e+00 -4.151249009306600124e-01
3.025732641968220893e+00 1.023663442215298813e+00 1.392637212424047810e+00 -2.862254610841925562e-01
2.999877608135765428e+00 1.020809775692365529e+00 1.834299363804944072e+00 -1.932100158692058589e-02
2.995806123261989473e+00 1.093630036930755445e+00 1.889988625332134298e+00 -5.491811182375402889e-02
2.972736099144799748e+00 1.100162767062971225e+00 1.575073520790698067e+00 -3.071684211332468273e-01
2.955948219015542833e+00 9.840141912761246612e-01 1.942284628381917511e+00 3.109378601470563774e-02
3.006446366583545693e+00 1.091992283491350468e+00 1.313427007107774047e+00 -4.792743621275805110e-01
2.953157534736949863e+00 1.067326780790764484e+00 1.358862128890246046e+00 -4.565462255516538059e-01
2.985747767159683708e+00 1.105401345903165522e+00 1.535617267960478038e+00 -3.032407713406673477e-01
2.994485077658288752e+00 1.013934290298616592e+00 1.227637817744910320e+00 -4.373665260515062769e-01
2.994194654146982604e+00 1.073340505819869950e+00 1.354658115777597649e+00 -4.653197493960408715e-01
2.995920788159317283e+00 1.174336099100257380e+00 1.488427284182312516e+00 -5.228921404916775373e-01
3.030990915801052399e+00 1.037745301696036515e+00 1.284727661803440446e+00 -4.489147705880742745e-01
2.979184776588336359e+00 1.036384247077599463e+00 1.526928140247896915e+00 -2.595802362744864533e-01
2.901349183438458823e+00 9.764434864107935930e-01 1.303037541765545093e+00 -3.856522294067866730e-01
2.992103529680632867e+00 1.029418194080122584e+00 1.945155258758441752e+00 -1.841993265322740964e-02
2.962159661143577871e+00 1.037981384222862014e+00 1.320049197839094912e+00 -4.370436014853544826e-01
3.021924972136900589e+00 1.096567742765900189e+00 1.870669198152444590e+00 -6.481464404266841506e-02
2.976682591722570326e+00 1.095800362021409180e+00 1.304092231378153333e+00 -4.931260068416047360e-01
2.994126813856037295e+00 1.083013654058830433e+00 1.292769031050190032e+00 -4.678048810622800202e-01
2.943029132839497741e+00 1.042037930598144646e+00 2.113298166276048384e+00 -1.993418442825350620e-02
2.928007753379063605e+00 9.583467034620753999e-01 1.975541694623753175e+00 4.398941348210954477e-02
2.981416703876299312e+00 1.053359607349768634e+00 1.336241266025036456e+00 -4.432852252765235868e-01
3.013861717275442498e+00 9.808555141999445448e-01 1.831083894988273508e+00 1.746790868944130860e-03
2.989047131853853401e+00 1.099226945690217283e+00 1.298898272365648143e+00 -4.826930162139637104e-01
2.967829136898938458e+00 1.056894910089148931e+00 1.552923710631364695e+00 -2.666570770992261474e-01
3.044764761956058052e+00 -9.705931942515156896e-01 -1.214151404474464124e+00 -3.625590758092838706e-01
2.958448777745498859e+00 1.025997221442521035e+00 1.897605227981133957e+00 -1.539686580752197900e-02
2.956516324607740387e+00 1.046359018946107833e+00 1.548676239209338057e+00 -2.601002747738486165e-01
3.003991165286559184e+00 1.105432093810769123e+00 1.574935352059395832e+00 -2.977871825966429964e-01
2.937899507181355840e+00 9.996517694577370383e-01 1.300467756831519939e+00 -3.841502889798645848e-01
3.035643887353221437e+00 1.191753890473858268e+00 1.510000291670982486e+00 -4.113034317055199174e-01
2.932900166125864683e+00 9.934202031296808233e-01 1.251178257318197540e+00 -3.951547826520138140e-01
2.945373247400188799e+00 1.054286292374244205e+00 1.408756419145943406e+00 -4.170830882797321171e-01
2.988217807579437668e+00 1.024254981286264465e+00 1.937284231085324215e+00 -1.684251841014425960e-02
3.003694211762086397e+00 1.071175506566304225e+00 1.466796537302461179e+00 -2.858501021587406266e-01
2.986285969319494527e+00 1.110484751362389222e+00 1.359505214523929473e+00 -4.843743381334648657e-01
2.950093021739850663e+00 1.051772226882134120e+00 2.036911677148999900e+00 -1.607535250344537675e-02
2.946470702347594894e+00 1.065331458926068731e+00 1.920679978457321413e+00 -4.640871622296803556e-02
2.974435426101917912e+00 1.072737652647495432e+00 1.324114595374815240e+00 -4.548967281413184294e-01
2.982449667377197855e+00 1.152205395549208866e+00 1.435771589730359121e+00 -5.107112736462613434e-01
2.949456275949308814e+00 9.778032957788116430e-01 1.304454867432541576e+00 -3.753126290745169569e-01
3.046070837200996362e+00 1.208561535260680664e+00 1.296694858996202182e+00 -5.567255163510895777e-01
3.017361316023082995e+00 1.083857402914771173e+00 1.864053284939543698e+00 -5.761431209706607132e-02
3.007551664362193122e+00 1.140494444876988478e+00 1.629494389285712552e+00 -3.388067884895927251e-01
2.964512188022599304e+00 1.094329382794311689e+00 1.563218691192820531e+00 -3.150722297575984654e-01
2.997951661905238208e+00 1.044761583548741601e+00 1.328977935775758956e+00 -4.394658045786742351e-01
2.982465552516784246e+00 1.024348811327590925e+00 1.335568109875765686e+00 -4.223740331828148564e-01
3.068345600848230603e+00 -1.070441645779283801e+00 -1.238251870849504055e+00 -4.445026466005420063e-01
2.957104287939952947e+00 1.037219245866544348e+00 1.871100201113451211e+00 -2.606644275665235405e-02
3.004180579867393952e+00 1.062504213854968738e+00 1.280038715828287321e+00 -4.740194021970006721e-01
3.028388633973098543e+00 -9.533567589508763485e-01 -1.519412289915707870e+00 -1.325193303880831952e-01
2.990538534786038483e+00 1.106863418080519690e+00 1.409954141692758345e+00 -4.798923655502333463e-01
3.023421560545555664e+00 1.108273625607234969e+00 1.507383158808520918e+00 -3.177321153909464235e-01
2.979908787866239805e+00 9.763995740979592997e-01 1.868987875526357367e+00 1.677148202761414436e-02
2.930141195499445406e+00 9.892982221067267989e-01 1.317747708354350067e+00 -3.775782462856861477e-01
2.993275792516628897e+00 1.066286568503413301e+00 1.468652244927911799e+00 -2.763068508367529930e-01
3.044784984869242539e+00 1.018497502481873873e+00 1.811549416001195123e+00 -2.172292007645007517e-02
2.958053214014069177e+00 1.025499739269337018e+00 1.693459399706777058e+00 -1.727750079287240781e-01
2.996938249400828980e+00 1.055710598596312444e+00 1.236887163423211478e+00 -4.387046266833589114e-01
3.010941158960258601e+00 1.133655727239803568e+00 1.423348023850004251e+00 -5.053250019658183101e-01
2.947745988978483833e+00 9.234700206844707049e-01 1.925864672686364409e+00 5.028307701651088535e-02
2.966417578112365838e+00 1.057647719841194434e+00 1.345591517687531713e+00 -4.342701740228995799e-01
3.001723868585224775e+00 1.045673397012740757e+00 1.487359641931162546e+00 -2.667341299928234766e-01
2.976962216744985845e+00 1.040483567151263555e+00 1.235462669646835376e+00 -4.204649791193643127e-01
2.990318565019796981e+00 1.061012438745613018e+00 1.328432171630838265e+00 -4.577665371641315151e-01
2.999223346728884465e+00 1.027503907546408968e+00 1.283585296497003814e+00 -4.192796876351134738e-01
2.999784346071713514e+00 1.044953857962103827e+00 1.459032231791091760e+00 -2.877408391536628862e-01
3.063175305217459954e+00 -9.154855822320199232e-01 -1.430727409173204512e+00 -1.296538689605621908e-01
3.050897475105756484e+00 1.123741995610821220e+00 1.521525734868610646e+00 -3.262343008770417496e-01
2.944787895901203711e+00 9.528742301478924093e-01 1.478984692510060484e+00 -2.103956606021446241e-01
2.973694194851895567e+00 9.756737529380171692e-01 1.483575336461704586e+00 -2.329315912343142281e-01
3.021948982595412669e+00 1.084561361561484194e+00 1.311136930430773839e+00 -4.593940486617105190e-01
3.017831503800100901e+00 1.164549770037141441e+00 1.529946046495957557e+00 -3.891140575538645230e-01
2.956962347590532669e+00 1.057532557999933287e+00 1.495780619337758077e+00 -3.058407700368876991e-01
3.013019701210300383e+00 1.138297093610781241e+00 1.917327802671766834e+00 -1.028933305355282102e-01
2.993145962414233363e+00 1.045997769138612865e+00 1.889927532795088849e+00 -4.199628309882343091e-02
3.033214734148470093e+00 1.055550898844861640e+00 1.787851134463381619e+00 -4.097100402496819949e-02
2.987901486204247004e+00 1.015486453499180763e+00 1.481748360242702844e+00 -2.588462975618119333e-01
2.988802277553822773e+00 1.015384641248795461e+00 1.450667677380500731e+00 -2.311773229060404833e-01
3.074209832670695697e+00 1.118761491065895175e+00 1.781721897648449904e+00 -1.049831989987138892e-01
3.047138595151630547e+00 1.063075337923747865e+00 1.818013350801422234e+00 -3.877618340457529567e-02
3.056500953777663288e+00 -9.967811869785311307e-01 -1.237972681651982265e+00 -3.983648205145890464e-01
2.980022962573400047e+00 9.991929949951250389e-01 1.801639062913165112e+00 -1.637833268977965245e-02
2.979933977683864477e+00 9.849873057045110958e-01 1.501643531804810250e+00 -2.224759303924007670e-01
3.042965862128856003e+00 1.117479729360737695e+00 1.347021513910491519e+00 -4.976015059068558677e-01
2.971017851426208001e+00 1.022316928862171181e+00 1.562866103513903981e+00 -2.220339981487007841e-01
2.990114256842296925e+00 1.023311052921255460e+00 1.573562473563776543e+00 -2.197103028861540630e-01
2.955871105606090676e+00 9.764287839399931057e-01 1.882937817877894826e+00 2.716103975424489364e-02
2.968353014247247845e+00 1.186453756213089461e+00 1.483672092685200505e+00 -5.062733753980843687e-01
3.066978642055473880e+00 -1.046059792286274437e+00 -1.266090034499183004e+00 -4.240538327235487404e-01
3.029594750535725911e+00 1.085132115101265837e+00 1.531361108539516680e+00 -2.922014435343779359e-01
2.955819152937764205e+00 1.076484445504162224e+00 1.451731180935394994e+00 -3.481417244872563321e-01
2.976119539211063092e+00 1.035684470296162063e+00 1.875178527366142989e+00 -3.003779593858713418e-02
2.973993076861758844e+00 1.047578090423265218e+00 1.522388262316518581e+00 -2.638881961798265063e-01
2.946655697681493713e+00 9.270212177520616992e-01 1.521099356241643497e+00 -1.791564756920166757e-01
3.010241750424164753e+00 1.017138652864965298e+00 1.941096321953656112e+00 -1.310375574556561958e-02
2.984443029558575766e+00 1.112507655284711516e+00 1.630789571029222174e+00 -2.909353346309822008e-01
2.946704655458824984e+00 1.010538706510088591e+00 1.267873691994155338e+00 -4.157182912022028831e-01
3.008090142941923339e+00 1.110120965649705527e+00 1.307081349866985320e+00 -4.972100585121757566e-01
2.945096102079547862e+00 1.031468533719616554e+00 1.250293524588530714e+00 -4.112213757509559087e-01
2.959829880043093109e+00 1.062385934835362589e+00 1.553580497749609934e+00 -2.935213884357668057e-01
2.938699387242992511e+00 9.788443490733639285e-01 1.926103409917347298e+00 2.226365451291877073e-02
2.996461711078922896e+00 1.062689638788283153e+00 1.306753450273408612e+00 -4.503987949540277369e-01
3.016592910552905682e+00 1.006081483076056049e+00 1.365753755172829820e+00 -4.090682065919085675e-01
3.058731743669004910e+00 1.138240256863368494e+00 1.588185230845376550e+00 -3.042878402761103329e-01
2.950417976244342988e+00 1.035051738033948121e+00 1.345581296334974031e+00 -4.413677403536149790e-01
2.971482980941828167e+00 1.012613022569446963e+00 2.007723408409948451e+00 -1.250361142371073792e-02
2.989621966102341322e+00 9.724361252409708944e-01 1.771342752837480550e+00 1.742750189074930567e-02
3.010625414219351370e+00 1.125008064607120550e+00 1.368598039229104835e+00 -4.917022282579621706e-01
3.009990270518128064e+00 1.043685073676940966e+00 1.516630903767385519e+00 -2.640472788208367283e-01
2.987723555749950854e+00 9.878288292356538491e-01 1.819214997941958734e+00 2.177030692325285580e-03
3.002995611010371046e+00 1.046185548189567216e+00 1.550757808934150495e+00 -2.734614817434920520e-01
3.034479631082639628e+00 1.052452486854073888e+00 1.809754921514831860e+00 -2.904550833557637685e-02
3.024990939965875647e+00 1.061073861607678914e+00 1.498949729332709868e+00 -2.950520447715077044e-01
2.955110749745406551e+00 1.009791380129632099e+00 1.544976453324756083e+00 -2.301203444196821546e-01
2.976032032649379655e+00 9.780371807367047587e-01 1.966634390925025233e+00 1.733006952659505231e-02
3.003230031035917680e+00 1.025683536765380932e+00 1.257742188789398252e+00 -4.300458730687975462e-01
2.935710150065205415e+00 1.033771655682179436e+00 1.406570348106648272e+00 -4.317859622163907618e-01
2.965183557290465455e+00 1.029176237668391725e+00 1.346946982032667384e+00 -3.991962280105708083e-01
3.007006886936799628e+00 1.039380334320062271e+00 1.912188210311435377e+00 -8.912958804650969458e-03
2.985781669394573790e+00 1.023442193798600020e+00 1.911424436324085319e+00 4.904581903557814378e-03
2.995219385356735042e+00 1.040812860931269901e+00 1.601659542007691783e+00 -2.589378640698838940e-01
2.947477243312802031e+00 1.080210999437930308e+00 1.970901179062829467e+00 -5.054740005698642180e-02
3.018318597509558110e+00 -1.014045382667775108e+00 -1.273972252258617432e+00 -3.973873782051151604e-01
3.061667643094233782e+00 -1.021727000649473416e+00 -1.225448065869784831e+00 -3.979346417082913479e-01
3.038288414307489305e+00 1.104821987143999484e+00 1.267132368232810169e+00 -4.868683209075438945e-01
3.082633012022187202e+00 1.094563003646094268e+00 1.220455607339416604e+00 -4.909839086615064296e-01
2.978009937702195575e+00 1.013149216312214662e+00 1.848162200328222315e+00 -1.088991828186117519e-02
2.976920275049754760e+00 1.037463697845349309e+00 1.257605539373267911e+00 -4.461255549150659472e-01
3.024917638588271007e+00 -9.563836823186467884e-01 -1.229785879590327591e+00 -3.512079394500625673e-01
3.012054941931197494e+00 1.015070729535899829e+00 1.829038502302801961e+00 -3.654427771523274110e-03
3.027507591501247042e+00 1.126459251495519620e+00 1.345935559563825601e+00 -5.102426126381046645e-01
2.939045838882359707e+00 9.831549157870175248e-01 1.556551450277598336e+00 -2.292615332051265165e-01
3.052580327643427349e+00 -9.803998763598879007e-01 -1.200268435328495809e+00 -3.752261637092917379e-01
2.908646280866841849e+00 9.450620034964142269e-01 1.479022449223925895e+00 -1.781528195711248597e-01
3.010655060487319901e+00 1.058477362258487320e+00 1.455016547532277826e+00 -2.858282353614857163e-01
3.019073703380988238e+00 1.172352214735473019e+00 2.025416625586037522e+00 -1.116787623811122399e-01
3.029684993700700879e+00 1.091846025729591219e+00 1.274406495405761452e+00 -4.638276132723648804e-01
3.008158906798873211e+00 1.069103100127463568e+00 1.908603451151670960e+00 -4.459096476891002969e-02
2.927417447552425056e+00 1.047735427981534739e+00 2.191367443291402317e+00 -2.320977666286888619e-02
2.943866344979285898e+00 9.200198892575085496e-01 1.899388937927212195e+00 5.926978175934491389e-02
2.987434625444140845e+00 1.073795272910098575e+00 1.935160145778017649e+00 -5.355974439938895187e-02
3.004235327806011213e+00 1.027910648198817611e+00 1.419287908930025877e+00 -2.584631272389086298e-01
2.924725088331502576e+00 9.495928053779710831e-01 1.517967455663246534e+00 -1.995465212456015158e-01
3.005356855089956536e+00 9.698419142312382224e-01 1.847187032890378999e+00 2.697786988657281670e-02
2.932095993921566723e+00 1.014219592739316056e+00 1.933188097859501520e+00 4.156406723240689202e-03
3.004590397654966605e+00 1.035689592486701560e+00 1.236367532279106340e+00 -4.535912194999530134e-01
2.909630493923770711e+00 9.879563039917957923e-01 1.905687996953039587e+00 -3.538311819343015023e-03
2.988890903347824590e+00 1.082162970229658905e+00 1.341366148685089410e+00 -4.589002214916929612e-01
3.055020664331832503e+00 -1.003502923604590702e+00 -1.295270566690142955e+00 -3.929215774036058928e-01
3.025464659796198941e+00 -9.832573920968735726e-01 -1.182659650553758768e+00 -3.734578238357767477e-01
2.974462507042261450e+00 1.024065690365144610e+00 1.930454278583615402e+00 -1.863562334384007493e-02
2.997134854551814609e+00 1.022255422414666270e+00 1.315446069625690662e+00 -3.954807989137416047e-01
3.009977369954091486e+00 1.018108717186510415e+00 1.204633543472495072e+00 -4.254134866384214342e-01
2.977851373199533747e+00 1.102951550830676419e+00 1.397662319027375810e+00 -4.853848006034902629e-01
3.002416013989375632e+00 1.077399316839800170e+00 1.291543471494711826e+00 -4.493181691266917022e-01
3.023932316569263090e+00 1.126075370545325693e+00 1.650905293609443492e+00 -3.103640613472023468e-01
2.968569760791279322e+00 1.057346315286716631e+00 1.416301931889391907e+00 -2.824378406761972049e-01
3.015573641863773968e+00 1.086604055681689607e+00 1.535628509821385546e+00 -3.095372851269005965e-01
2.981446637203195582e+00 1.041083904239276103e+00 1.324731271626831575e+00 -4.599983918651910364e-01
2.930925165006700972e+00 9.604679775120368301e-01 1.904411271127676386e+00 4.529764471977889423e-02
2.951887251692287606e+00 9.587620046267979479e-01 1.294927955689178400e+00 -3.621023841651161423e-01
2.963475461028616031e+00 1.051475811206838973e+00 1.862326356542259198e+00 -3.578107025649267248e-02
2.997758984155163731e+00 1.021435714093221092e+00 1.293527758454052101e+00 -4.163094478754992278e-01
2.979645102201430085e+00 1.127816558812937853e+00 1.857544015008664173e+00 -7.333539899317650934e-02
2.992445183521962981e+00 1.122943114754936023e+00 1.314698760798025390e+00 -4.981046622365825627e-01
3.004520933553661788e+00 1.060515712362796181e+00 1.831694952389631981e+00 -3.473045576601094947e-02
3.016080154911386035e+00 1.061210116459465391e+00 1.290100131235727199e+00 -4.601567330040719495e-01
2.982068018958365485e+00 9.727831643262477845e-01 1.483123003984797572e+00 -2.097116437825209956e-01
2.972312181522213326e+00 1.066058892643238609e+00 1.887869447025314340e+00 -2.518248226212639607e-02
3.005028624556510763e+00 1.006529218277956161e+00 1.512324401356128556e+00 -2.202875341322857727e-01
2.974600083608261780e+00 1.019931036213159947e+00 1.637008530199770107e+00 -2.176891360658651520e-01
2.982213039734244120e+00 1.077108292371818266e+00 1.239368938249693075e+00 -4.581989444097185338e-01
2.996737703072740899e+00 1.115780435632220513e+00 1.586376069735395911e+00 -3.248326750965370713e-01
2.961728227858010598e+00 1.073046026626615967e+00 1.358310781933309119e+00 -4.664844147567274169e-01
3.004733197392212229e+00 1.062714367788002656e+00 1.540230122158329440e+00 -2.796186574390799318e-01
3.006105178971362424e+00 1.004483300578512539e+00 1.743831649180453969e+00 -1.086374287625324966e-02
2.965501471675108469e+00 1.068865271659614979e+00 1.364785356210724609e+00 -4.490396037846225985e-01
3.073937934718766751e+00 -9.561282383792283346e-01 -1.208933128974063020e+00 -3.666474217214849562e-01
2.943599734958894931e+00 1.040425323739004204e+00 1.578708356219174824e+00 -2.781099767813016710e-01
3.069308478128475404e+00 -1.072833909623857496e+00 -1.196146711897372983e+00 -4.332753257188853291e-01
2.935241009195107331e+00 1.021309961815784373e+00 1.233113340764660171e+00 -4.337696947808373782e-01
3.034042554394516866e+00 1.078792863426965010e+00 1.856438042261921550e+00 -6.875137127276596816e-02
3.024311135306163134e+00 1.056569191125780849e+00 1.197270202158257746e+00 -4.552122317291472098e-01
3.006029057032505225e+00 1.021188542997072402e+00 1.895437387415732200e+00 -2.235341504317784125e-02
3.012143986127064021e+00 1.084822731418074948e+00 1.310182582600190049e+00 -4.869354367554231677e-01
2.954929881934433400e+00 9.750691305863877778e-01 1.830931530434894317e+00 2.777752279720335782e-02
2.996458274741473637e+00 1.067083011769203615e+00 1.379441512322408414e+00 -4.504188079175794335e-01
2.994137267842344130e+00 1.032104403519687796e+00 1.615051023890156978e+00 -2.216136114963187798e-01
2.969968724226717871e+00 1.024858437101691333e+00 1.545529075749290104e+00 -2.457404975290298499e-01
2.986381884366434036e+00 1.057477814406581507e+00 1.467044715665667853e+00 -3.444417474430000459e-01
3.025547575731957650e+00 -9.955816135333598327e-01 -1.218092759071163877e+00 -3.828716553176860771e-01
2.967935232854729488e+00 1.035834145763947056e+00 1.240051881147760549e+00 -4.562479818596863468e-01
3.075635100269170863e+00 -1.029219982578920112e+00 -1.267933852623209567e+00 -4.082481581902526191e-01
2.890794440407006061e+00 9.441033959767201056e-01 1.931809987816826002e+00 5.548430384465256188e-02
3.004172152059784828e+00 1.028486273453786737e+00 1.296309540936681381e+00 -4.226086522407859758e-01
3.009786864491882152e+00 1.150422843362375769e+00 2.048548316540614422e+00 -9.410401733697984494e-02
2.959431903085614213e+00 1.058852272975268294e+00 1.338495646656195692e+00 -4.445018237503023384e-01
3.033591347063671062e+00 1.036880121188529680e+00 1.895958476049344199e+00 -3.271077903474154530e-02
2.969617097735144817e+00 1.069286373289025427e+00 1.357522543966194650e+00 -4.462319291602533933e-01
2.978750185553524332e+00 1.080557064830187430e+00 1.298063521907525830e+00 -4.826611357319310902e-01
3.020682234276355516e+00 1.043046356160760801e+00 1.921850874458479463e+00 -4.619619248462065314e-02
3.015241272235941405e+00 1.053111432655068347e+00 1.436810071053965965e+00 -2.720297066001287067e-01
2.998298097324680000e+00 1.092452239136907144e+00 1.528445511383112576e+00 -2.988020718813653165e-01
2.948212831644722254e+00 1.039659965468335168e+00 1.547974501746343545e+00 -2.742361922264646146e-01
3.013467377269632319e+00 1.149947164791183640e+00 1.393357625125354105e+00 -5.119642660899186293e-01
2.915233622098654998e+00 9.738465818543369235e-01 1.905947803745243530e+00 3.082337294459358557e-02
3.062269813164019805e+00 -9.885732619705863700e-01 -1.170391519071385167e+00 -3.783778077444789334e-01
2.962246888623865537e+00 1.044442799920369591e+00 1.355163999931537244e+00 -4.318098440719402853e-01
2.978729545533780332e+00 1.104115408620048644e+00 1.963474785964689273e+00 -5.048953221790361545e-02
3.000977004638100798e+00 1.062018810131426516e+00 1.318450239484332265e+00 -4.538084950542155549e-01
2.981172683206031682e+00 1.034991236107484003e+00 1.470524735618881529e+00 -2.605200204559298127e-01
2.943926075466944958e+00 1.018781253251151098e+00 1.893451028912136458e+00 -1.651503225963013577e-02
2.994842764581634231e+00 1.029021696422952825e+00 1.973821459589950145e+00 -1.179708381292902085e-02
3.028062090950009555e+00 -9.580612033297244423e-01 -1.221563415152602472e+00 -3.509182545059891245e-01
2.959756925221852075e+00 1.035943223267797864e+00 1.283725622670247590e+00 -4.348764305862866109e-01
2.934078959585551871e+00 1.032368642258408409e+00 1.954195528897691103e+00 -2.044213969267393710e-02
2.995547093918288439e+00 1.044350335387185247e+00 1.499579641936377827e+00 -2.583112801292427041e-01
3.001440851406626642e+00 9.767635455447790660e-01 1.484975295947373652e+00 -2.042547684671651709e-01
2.982228813476380580e+00 1.081069597765055734e+00 1.957043395403959218e+00 -5.452058575469156260e-02
3.018650880245337564e+00 1.046397395538146924e+00 1.527724431065561328e+00 -2.754194814054877760e-01
3.010879586826545662e+00 1.181443836315412277e+00 1.345027434422922941e+00 -5.449098714768334517e-01
2.939593268269447890e+00 9.112129384102656271e-01 1.829703283930702584e+00 7.207460790708697385e-02
3.031812245398014305e+00 1.078992314904855698e+00 1.319222212237777470e+00 -4.684727337760201671e-01
2.991431747545095998e+00 1.009930763984234980e+00 1.910302999627770282e+00 -7.242823559515982820e-03
2.989669135221647789e+00 1.097244929875206276e+00 1.390363693843486459e+00 -4.586302608707295003e-01
2.979176840401926984e+00 1.035522427150967095e+00 1.458010135354938175e+00 -2.614251815402126589e-01
3.008467252506807910e+00 1.051287477642047996e+00 1.610436754441788576e+00 -2.205954974673832170e-01
3.036676052916831292e+00 1.173356545636282222e+00 1.554645326183318188e+00 -3.433774279964423859e-01
