1.077015394237675894e+00
1.017471579335512244e+00
1.087557149688310520e+00
1.084902816870405129e+00
1.040057585989332622e+00
1.002262518192736707e+00
1.040541380109594405e+00
9.670782101288859511e-01
1.037343397046157856e+00
1.143249195587030753e+00
1.098885345826668303e+00
9.877937196409757314e-01
9.909829082522457755e-01
1.080600427038653999e+00
1.125625008417090678e+00
9.678283384825796531e-01
1.048672353102220400e+00
1.044502527354170596e+00
1.148358284245317051e+00
1.184573544358098696e+00
1.160961757945333739e+00
1.103507691413772029e+00
9.464611728688826497e-01
1.024131970200940600e+00
1.187592608352243229e+00
1.128604226292266199e+00
8.873137309936924844e-01
1.033998199417829111e+00
1.209002683756855268e+00
1.197447814084097839e+00
1.108441350566643058e+00
9.348571956141893402e-01
1.137954085412521854e+00
9.175570265873107534e-01
1.000746552606932127e+00
1.127844221630044608e+00
9.451705840291677596e-01
1.112550410404217205e+00
9.847290035089778515e-01
1.001706402028404108e+00
1.045035529022637633e+00
1.199004291203427108e+00
9.625505278672427112e-01
1.128458520397078724e+00
1.076717644091651049e+00
1.253495240858940374e+00
1.175438216071745146e+00
9.774353445668827467e-01
1.017597215419521639e+00
1.102463425327576241e+00
1.110933201027942241e+00
8.973975958242951245e-01
1.171354066377609193e+00
1.093941294253764074e+00
9.503347005536642023e-01
9.889075685040925601e-01
1.000423194240667835e+00
8.853295979758650791e-01
1.047523762443227424e+00
1.184872131111659010e+00
1.051261537054805961e+00
1.185194300477336427e+00
1.110097170308119496e+00
1.054470279022957868e+00
1.171483261356741856e+00
1.071450082697800177e+00
1.058785757600478883e+00
1.062499615452372481e+00
1.024943330487325666e+00
1.017643120957872238e+00
1.163257531581185944e+00
1.143633603816839761e+00
1.003612505963654256e+00
1.162818707411957808e+00
1.125885353381000709e+00
1.122444371606465152e+00
1.003590553722640832e+00
1.212672732684259458e+00
1.134890425603943820e+00
9.665384103405074701e-01
1.028133987173423192e+00
1.158232278211002608e+00
1.031987264003188853e+00
9.287590302031839551e-01
1.228408998483410564e+00
9.362067022117559478e-01
9.287254955474497642e-01
9.127232331023663603e-01
1.119511154713607182e+00
8.809684800327521881e-01
1.243412499079353362e+00
1.039870905521973254e+00
1.063567991038049332e+00
9.863671540939111804e-01
1.198257084474493750e+00
1.200078622662050565e+00
1.079887592988550082e+00
1.123198848194969290e+00
1.014070939423893591e+00
1.168272172983866763e+00
9.733370139634937024e-01
1.022619681896211885e+00
1.076168801008085429e+00
1.024959687765910621e+00
1.082119040197652593e+00
1.078721151585423588e+00
1.150813870541362416e+00
9.827185213652598339e-01
1.039740143147452001e+00
1.014934093425531314e+00
1.018471939841874230e+00
1.208970936106170013e+00
1.032150047274520865e+00
1.244246459106812308e+00
1.069730267648206334e+00
9.103077045805344492e-01
9.789469213416324145e-01
9.640199215127676080e-01
9.998003938587209927e-01
1.039797132507521482e+00
1.101705657126752280e+00
1.136222391682947030e+00
1.111322980196159937e+00
1.294731897035130919e+00
1.054000646333402624e+00
1.191455318903208438e+00
1.067784509824429406e+00
1.051229112210403605e+00
1.153531949607669693e+00
1.247796078430840394e+00
1.042565654273266196e+00
1.042612507585634063e+00
1.111270436320143995e+00
1.058341414208290310e+00
9.790703268408923465e-01
1.140680524426128217e+00
9.451668173259041295e-01
9.582430215938937401e-01
1.135808894170384775e+00
1.131709319922489465e+00
1.185071544236107499e+00
1.040178295794725205e+00
1.008863388901270586e+00
1.061727887009780602e+00
1.051488513327896390e+00
1.194910801537008460e+00
1.053073143674386314e+00
1.003156443037606094e+00
1.080486870629572937e+00
1.273888126387564546e+00
1.109557223463571551e+00
1.034350187916375896e+00
9.975697868921237221e-01
1.119880304511205571e+00
9.826581878857315600e-01
9.407847026696866122e-01
9.401322419830611121e-01
9.778733397411750738e-01
1.026340672439385315e+00
1.180662023731644528e+00
1.106489616758235206e+00
1.108030074729804415e+00
9.751558708365453132e-01
9.127699965565876372e-01
1.010059016308981539e+00
1.080778592637475111e+00
1.039376112345383518e+00
1.072624144483588227e+00
1.009819168516448817e+00
1.026933630808889664e+00
1.077605001541496632e+00
8.991715487185808486e-01
1.130112284631933139e+00
1.139524011235390377e+00
1.086517579904599629e+00
1.007691096797192154e+00
9.400890351086960139e-01
1.118744541936659731e+00
1.041170510479185740e+00
1.102398505833315001e+00
1.138979204403974599e+00
1.042190567059216200e+00
1.182284047575653085e+00
9.687186299078663909e-01
1.128020804066096838e+00
1.026709056064502024e+00
9.814989235256342814e-01
1.031299417216262615e+00
8.517063240168220029e-01
1.097306083768287754e+00
1.171989058311928344e+00
1.142286196224417294e+00
1.088460174292718019e+00
8.944227868742146148e-01
1.126265907036836822e+00
1.031285908771407911e+00
1.009722531609622997e+00
1.033174429346504608e+00
1.039595272188147623e+00
1.087329637224347056e+00
9.564875999942772378e-01
1.062710666214929267e+00
1.083599816550791406e+00
1.032749457307767127e+00
1.072869903221410626e+00
1.148610577452132464e+00
1.134950260517599618e+00
9.372994232740812226e-01
9.424843419626310892e-01
1.007393839114750556e+00
9.936647524795917397e-01
1.132280967671598360e+00
9.948503690435017699e-01
8.803284894320553278e-01
1.110952625675124983e+00
1.037246573185153897e+00
1.128195108777630962e+00
1.071853954060640435e+00
9.204122486224112221e-01
1.048266317199338049e+00
9.869673198025911143e-01
1.062246975603752697e+00
1.057129262104969714e+00
1.026076646290357219e+00
1.095361455941966655e+00
1.037641385902068780e+00
1.063319570867420572e+00
1.102131209060579486e+00
1.300899580390292298e+00
1.137326208425780250e+00
9.344613483437432810e-01
1.051712218763158013e+00
1.094729377355979416e+00
9.752037622391936944e-01
9.861058571496228442e-01
1.000964109608827535e+00
1.031287874046985964e+00
9.797101818029767539e-01
1.005449295412258692e+00
9.686848512598991157e-01
1.016597648466116999e+00
1.161699201572873097e+00
9.309344526470483272e-01
1.131373731150021822e+00
1.060146161034755119e+00
1.120800970790102324e+00
1.001413738011319943e+00
1.254567371417416144e+00
1.188586803863669772e+00
1.096458782039478219e+00
1.233131130452125745e+00
1.041016056873046436e+00
1.083148447092746824e+00
1.099866622257749116e+00
1.089354736184538153e+00
1.125047887636586363e+00
1.115140268436422666e+00
1.147998094691731641e+00
1.144031994786733009e+00
1.125446503489485828e+00
1.174484237775770268e+00
1.010152465303466585e+00
1.037712633959596120e+00
1.124571769533531551e+00
1.055994377931879891e+00
1.133487125341420487e+00
1.174952600689455062e+00
1.156161819291236181e+00
1.144916430332732604e+00
1.142409867694406111e+00
8.071623272838389651e-01
1.051438817739775100e+00
1.095489261954912363e+00
1.054857546691456038e+00
1.098176994060769962e+00
1.182598328355106032e+00
1.008312205928390659e+00
1.072622672713108294e+00
1.119399863164847186e+00
9.588172318359303725e-01
1.064380510594140850e+00
1.001259379358623303e+00
1.108915444179477516e+00
1.089482428843630446e+00
9.990204038498013972e-01
1.160753396588087849e+00
9.703803091479799026e-01
1.062274045451713445e+00
1.018592578653359393e+00
9.931034063684575086e-01
9.719600535471022429e-01
1.192901299484186328e+00
1.004275433730728917e+00
1.164905262435615096e+00
1.055401116388098304e+00
1.093569078537706130e+00
1.035535886470345224e+00
1.035713739012129153e+00
1.111549663772477325e+00
1.186462060822771614e+00
1.210028574835976034e+00
9.768604397604147005e-01
1.135744461957420182e+00
8.826392124076668511e-01
1.068683686827951673e+00
1.053637170779753607e+00
1.078226449023680811e+00
9.971710067879229200e-01
1.092724657780284492e+00
8.536787653394913855e-01
1.056828339106329562e+00
1.077004862820087894e+00
1.034571842509336204e+00
1.242751729027541385e+00
1.052828593994526774e+00
7.801505279735280185e-01
1.147060115572852146e+00
1.105919550419490749e+00
1.070076762345473220e+00
1.056412727584777222e+00
1.089697960520188191e+00
1.045097254053175995e+00
9.764271728208314682e-01
1.134130671354400155e+00
1.048403522966770973e+00
9.700304265433756790e-01
1.205356237001650177e+00
1.134638414259594219e+00
9.867914797215072698e-01
1.094242453057885367e+00
9.856908073171888329e-01
1.157847986789721562e+00
9.057232173253224605e-01
1.170501193769627246e+00
1.249932721447494233e+00
1.209161951138628899e+00
1.159895606332860929e+00
1.084257467770843197e+00
1.029458606932505127e+00
1.040373799077520367e+00
1.137508605037674148e+00
9.491249688794227701e-01
1.061225344220764866e+00
1.209250915458567999e+00
1.077505290233568447e+00
1.032306486100539988e+00
9.984915361348982721e-01
1.094433212102495778e+00
9.399687748023383138e-01
1.030586679757699242e+00
1.002509574884074439e+00
9.170778200797660151e-01
1.009794526557199701e+00
9.664108660622364733e-01
1.020541863902998392e+00
1.091799501580374976e+00
1.167649033067641673e+00
1.031781589913024710e+00
1.070505323175853674e+00
9.327148802855139698e-01
1.083864743339456149e+00
1.142667911506271672e+00
1.026540121329267752e+00
9.329831700925793614e-01
1.113617954190299519e+00
1.169167354083355148e+00
1.036569342255315496e+00
9.510806268621679882e-01
1.053086906025769709e+00
1.015489474132708736e+00
1.127802667786036883e+00
1.097408388225006748e+00
1.006225371981554817e+00
1.149124320365597418e+00
1.102765180399988498e+00
1.145942101623805387e+00
1.035064677466103866e+00
1.070639009447489798e+00
1.040124795863328178e+00
1.018417646323644288e+00
1.066031944013657640e+00
9.980810531911296080e-01
1.078672054517182399e+00
1.090916261424985434e+00
1.299441072795880725e+00
1.007337370347595185e+00
1.056760570114799513e+00
1.026611287362598102e+00
1.138500045076636935e+00
8.748485211864218680e-01
1.063656377015763876e+00
1.103104389239445204e+00
7.573437683751627070e-01
1.224030032626709064e+00
1.204822345229092262e+00
8.821937121501305379e-01
1.116194379954109195e+00
9.253368385312239486e-01
9.246628432116861251e-01
1.090964409492741538e+00
1.141281036646202507e+00
8.794562350780734672e-01
9.913393682625925019e-01
1.101411963870545740e+00
1.260066042928211338e+00
9.981544179751900003e-01
1.254167599126408073e+00
1.013792880799671225e+00
1.053356762726279872e+00
1.149439651284302366e+00
1.091424614362894063e+00
9.705308058465883514e-01
1.022314327820559532e+00
1.039666395589322168e+00
9.401448337101233621e-01
1.071387860454781071e+00
1.156170434146527537e+00
1.082980954470731838e+00
9.605181824564282822e-01
1.075139512970787914e+00
1.060711687466667108e+00
1.035612204901804834e+00
1.163505902644467627e+00
1.130114531318889615e+00
1.068866772423689548e+00
1.208914919992707837e+00
1.138122112911279737e+00
1.093990032667025991e+00
9.248456926248784793e-01
1.034871287951582897e+00
1.099302770291351372e+00
1.054515227620788975e+00
1.114222232518245370e+00
9.671457235969842525e-01
1.085387763452688503e+00
8.987047417294645735e-01
9.996924142519986178e-01
1.138796964133766298e+00
1.040374576643487980e+00
1.018430052165065547e+00
1.056452612900742993e+00
1.047811982780781248e+00
8.989531754601093327e-01
9.165697018699439091e-01
1.062726337497860163e+00
1.015248458627659556e+00
1.127329339316413215e+00
9.894415645859059305e-01
1.236003430583942464e+00
1.073912415317293867e+00
1.073203056217384876e+00
8.192570887567447446e-01
1.139049731808602806e+00
9.163449774145423499e-01
1.084051428372169612e+00
1.112294183036965034e+00
1.016902883800546054e+00
1.200593333414751385e+00
9.915734096194459557e-01
1.026920898863602938e+00
1.089309874755514551e+00
1.150764137648802921e+00
1.193714812845660944e+00
1.098215417704904384e+00
1.053817951674989262e+00
9.629514394125445742e-01
9.341339256330051244e-01
1.044998722978905281e+00
8.118936667484257796e-01
1.322946645482885319e+00
9.553959997546150884e-01
1.044572021979642606e+00
1.184375822900736175e+00
1.085715852619926647e+00
1.109476687098123637e+00
1.115710991333954016e+00
1.231640799403998843e+00
1.102185515432409835e+00
1.089041001322337943e+00
1.010949541844987198e+00
1.102330663791975196e+00
1.061412190270202727e+00
1.200483629129311947e+00
1.161589647983468643e+00
1.063828851362793815e+00
1.232308801960089406e+00
1.172486735123225765e+00
1.035343685612707398e+00
1.147347469917203933e+00
1.027120211947561534e+00
9.638158213908620819e-01
1.071166550195814082e+00
1.033668817013518870e+00
1.109224906232586738e+00
1.177972111244534492e+00
1.071180904229945163e+00
1.051948671608077035e+00
9.472889521777897448e-01
1.047214794585923592e+00
1.016531309644209458e+00
1.121411551293783004e+00
1.275884712611792704e+00
1.030962378406903523e+00
1.030188754884045599e+00
1.034953332941609849e+00
1.083669100600688440e+00
1.020822318897318448e+00
1.109083439976609409e+00
1.145874265125458535e+00
1.173446555424168425e+00
1.140845542767702003e+00
1.124703018194066928e+00
