1.086108616816217509e+00 1.072118719538066589e+00
1.004868339001865563e+00 9.232789936985530410e-01
1.024804370568522804e+00 9.941477047520697052e-01
1.010857189122500222e+00 1.015616988797054532e+00
1.074741598191451653e+00 1.089710114086922310e+00
1.050137632446379587e+00 8.934463245299461009e-01
1.036260731202323759e+00 9.405114205739512068e-01
9.516878566638306003e-01 9.750099935557621222e-01
1.015751948314531194e+00 9.232535728469553060e-01
8.341169187041410638e-01 9.846347085517114239e-01
9.181899223754466099e-01 9.075251733996445580e-01
9.901992997225533832e-01 1.031056319929973597e+00
1.098147776915671336e+00 1.008104805142895799e+00
8.847608423180469694e-01 9.667459444956304493e-01
9.736558779523089013e-01 9.308864493518909100e-01
9.451178902113935854e-01 1.228444580908437445e+00
9.168156231356937580e-01 1.042886051687266225e+00
1.094347160054246704e+00 9.466520881791610220e-01
9.677383237420355000e-01 9.809958507476673750e-01
1.085893491469004157e+00 1.071421096590440492e+00
9.114770792172444125e-01 1.226528542958390755e+00
1.039490559039412565e+00 9.991968756609134195e-01
9.926832044594284810e-01 8.776682056330783466e-01
1.047734635533980496e+00 9.297466312240554309e-01
9.475354709855901003e-01 9.847856726548779305e-01
1.074884144969109556e+00 9.160622818141220813e-01
9.238393200620765855e-01 9.783980420003335343e-01
1.139041456992664347e+00 9.725610886712628966e-01
8.945036066238433170e-01 1.002568639999610767e+00
9.847696133101191407e-01 1.004126561008364948e+00
1.089364114267900918e+00 8.608842361132529319e-01
9.600105247828150112e-01 9.303622027937059613e-01
9.329827001358933503e-01 9.295565009470247997e-01
9.946359035292351436e-01 1.076664841216783186e+00
8.979851572199812892e-01 1.006218579937133928e+00
1.021838827077711009e+00 1.009747857663491288e+00
1.040881537038885973e+00 1.144306392554570895e+00
9.397763860763503896e-01 1.000099621284783025e+00
7.045460687659910182e-01 9.871572933983356890e-01
1.047768585809268238e+00 9.625541739619595250e-01
1.129146932236908096e+00 1.110231478921247295e+00
9.767663050803310210e-01 1.009299971692394715e+00
1.188462790753759268e+00 9.822618093166352038e-01
1.045628342779783893e+00 1.028881118080432699e+00
1.027511943363197400e+00 9.237903460487728591e-01
1.161284916526738709e+00 1.059343916893643600e+00
8.701351209029692946e-01 1.051157501535063155e+00
9.752448340235948532e-01 9.724075212555732817e-01
8.849918381721177951e-01 9.108927019261250368e-01
9.898595827970834149e-01 9.723077017641374997e-01
1.109939467866624119e+00 1.080185673572343186e+00
9.757631937895611118e-01 1.131109798923438436e+00
9.555562900428009598e-01 1.054286942588718023e+00
1.089874723554205671e+00 1.038491020470729387e+00
9.484465714590912810e-01 9.404192917071068081e-01
1.007224848174729237e+00 1.016194222964614813e+00
1.058703310876972115e+00 9.638930455845010625e-01
9.276205263223786801e-01 1.154203172104611985e+00
9.851756159932809620e-01 1.108174650398619621e+00
9.497439402686337351e-01 1.086835909756577845e+00
9.727139881080141270e-01 1.083509159156846646e+00
8.974047416056563087e-01 1.006450310247021918e+00
1.056786489682110197e+00 1.168593719088792282e+00
1.031546488977532983e+00 1.041462204555615667e+00
1.115452220582809240e+00 1.013972245471134404e+00
1.044968385148434598e+00 9.775799061000560730e-01
1.039988102164421502e+00 9.739937262067523971e-01
9.626993718838797731e-01 1.024767115171403065e+00
1.049057119333675736e+00 9.568632851012998097e-01
9.942999674141297373e-01 1.039650076155972824e+00
1.113957113946929978e+00 1.037358101035827262e+00
9.536730610582215828e-01 9.487207201199830964e-01
9.414092439259542644e-01 9.354504221727356628e-01
1.089040062115067764e+00 1.065480396011381892e+00
9.476558364557368108e-01 8.430441176177279061e-01
9.255780561102373571e-01 1.140084424250658479e+00
1.034956357114449776e+00 9.800607049624321387e-01
1.116421259691690482e+00 1.079919595791167142e+00
9.466667580427015061e-01 1.174618884020902199e+00
8.643495570214745349e-01 9.031309498839218408e-01
1.059497846373869123e+00 9.037474521118403770e-01
1.041386108629680951e+00 9.849454916842652619e-01
9.271021219764978838e-01 1.038002615150271701e+00
1.056279428552264976e+00 1.022207083706066832e+00
1.003785369412647954e+00 9.730187703557968693e-01
1.075586731193751033e+00 9.311660452437350299e-01
9.693472822180144721e-01 1.247876854390715495e+00
1.049417041487259006e+00 1.012490971586455402e+00
1.039771138433713160e+00 1.112165647206454500e+00
1.064593865117473559e+00 8.740974246521986402e-01
9.595144103056760798e-01 9.954533988611168338e-01
1.067960041660083848e+00 9.997791463781237065e-01
1.029419675795521405e+00 1.149750036191453217e+00
1.059144291372673852e+00 1.014415506066122186e+00
1.152931217696153032e+00 1.048352015153049654e+00
9.395546207040461617e-01 9.897873532707023303e-01
9.147656967279399476e-01 1.077347443703990271e+00
8.072764052537111379e-01 8.654724465453732529e-01
1.061190003112901570e+00 9.753511170365177785e-01
9.622004979870526498e-01 9.275044108106994534e-01
1.074831944479025969e+00 1.043998620140722755e+00
1.002735695367508395e+00 1.021211013232219633e+00
9.548755951051952628e-01 1.045220446244169654e+00
1.048774429753768223e+00 9.825491127899966814e-01
1.073943288909493088e+00 9.411002937440126059e-01
9.436282707949699144e-01 9.313808112420525198e-01
1.096633964380040238e+00 1.052157443575838958e+00
9.917701355921290096e-01 9.174304424790644674e-01
1.048799096919256879e+00 9.799347058612155603e-01
1.112158967551450273e+00 9.404758335883968146e-01
8.951723539743312585e-01 1.010221343803384908e+00
9.952197662522881405e-01 1.048646849291967387e+00
1.055958883961856554e+00 1.012632613989375097e+00
9.687272342406847425e-01 1.189366126144746350e+00
9.620379051030100159e-01 1.013372413609469502e+00
1.029276458017063245e+00 9.889684026134381023e-01
1.113767338851800348e+00 1.136985428598052073e+00
1.163794442073854629e+00 1.038697933406618645e+00
1.096510360397292327e+00 1.066056612915392332e+00
1.075655417539437497e+00 1.045708167744015649e+00
1.076952610751129136e+00 9.215521663383646755e-01
1.035073854951567229e+00 8.843029947941191127e-01
9.725744805994106512e-01 9.759286475081848655e-01
9.373746441593592271e-01 1.123554630434145274e+00
1.046558362715898305e+00 9.218833094847630472e-01
1.082927704491081000e+00 1.079664112219999472e+00
1.023394492943316081e+00 1.040281279988936491e+00
9.905942143814286949e-01 1.000898627103509408e+00
1.021421197099076528e+00 1.044670871166770265e+00
1.195495020924496110e+00 9.954865940011674574e-01
1.127240214752462277e+00 9.896842980827418312e-01
1.111721849218221481e+00 9.952611378428690703e-01
1.040280486222066925e+00 1.009106975781235649e+00
9.357887618243554417e-01 1.013367228359219663e+00
1.015224832313944781e+00 1.014099898859469828e+00
1.072548496492704784e+00 9.249639293676036322e-01
9.689314933410446695e-01 1.021171630962067089e+00
1.109336136591382527e+00 1.158471840255924867e+00
1.113451956623168648e+00 8.384100361790246536e-01
9.317971163301258519e-01 1.007047727525755221e+00
9.447115690999230431e-01 9.751942319713235996e-01
1.008328904778334811e+00 1.014284800249737328e+00
1.068110636888985443e+00 1.148969308267097311e+00
1.021118098760211756e+00 1.083667623411894709e+00
9.487667418218985738e-01 9.579093124027922013e-01
1.017399996895051562e+00 9.934016658016339152e-01
1.088885279118980920e+00 1.067474971850943311e+00
8.745817720516898541e-01 1.089827424435661163e+00
1.047499541815575697e+00 1.030847600333456571e+00
1.071710245565546726e+00 1.008218370593635393e+00
9.356625127462925295e-01 9.844995813094639114e-01
1.100202871100195212e+00 9.072711600859887371e-01
1.024431943279767943e+00 1.031015224251105922e+00
1.112017513049976314e+00 9.987781293125979065e-01
1.007784923674112765e+00 9.797940696159717078e-01
1.029263948788790461e+00 1.014351036614296708e+00
9.193373911061315518e-01 1.065297363768065830e+00
1.021897679168255468e+00 9.760358613465115463e-01
1.008312504077714999e+00 1.218144372139358111e+00
8.569635264043782286e-01 1.049904280446611660e+00
1.189819956209342111e+00 1.094945018137921888e+00
1.030935513268651960e+00 9.140342369626224261e-01
9.903958293124314194e-01 1.099371651234490654e+00
1.106527837554232674e+00 9.127014879865834596e-01
1.097247716694388142e+00 1.011461926487189356e+00
1.026005111688909510e+00 1.115523837466286139e+00
9.771494614938861512e-01 1.040865839648718927e+00
1.018705235269991904e+00 1.006108364950384360e+00
1.003861179887616029e+00 1.110556798767238673e+00
9.421680653319345344e-01 1.044958708779387235e+00
9.788311514605264607e-01 1.028891574603563175e+00
8.779410718580841211e-01 1.031855331062926817e+00
9.247196890012454595e-01 1.063997924240711601e+00
1.035947550970688358e+00 8.954530880042478325e-01
1.021761259051348292e+00 9.925853668063790991e-01
9.726917502306646757e-01 1.018730452813223941e+00
9.464300533230068924e-01 9.201944200683099817e-01
1.047840530176565643e+00 9.840888770914769657e-01
8.789614356638113524e-01 9.141089069543114620e-01
9.528232148557521652e-01 1.005954551837083155e+00
9.409104939153261071e-01 1.106616906888826968e+00
1.132889449962131811e+00 9.256832672851881272e-01
1.074378902842428429e+00 1.023060589948773691e+00
8.588442007337919737e-01 9.253937478426806917e-01
9.333719687529805631e-01 1.033025472453142246e+00
8.635349494352425603e-01 9.906647794322872569e-01
9.629650319980133100e-01 1.013948946781728866e+00
8.978806491294135661e-01 1.074824151558869012e+00
9.231157707716126648e-01 1.158679811931608405e+00
1.002652789725817062e+00 1.021461064450855716e+00
9.523929883055144430e-01 9.713761987111283469e-01
1.114056273285983778e+00 1.062398534897603941e+00
1.127302643051035336e+00 9.680481216528402655e-01
8.200321087942986642e-01 1.087120827345795071e+00
1.143327265033202034e+00 9.636120825996635775e-01
9.435066907873594921e-01 9.947169982413474054e-01
1.103494802990275359e+00 1.023726835832041937e+00
8.235254031828538324e-01 1.044331820837077096e+00
1.024521526008398631e+00 9.536958986405157379e-01
9.652226393110447944e-01 9.958949587756599220e-01
1.061908983836746811e+00 1.208035492652462350e+00
9.481654771644167923e-01 1.106682921314199097e+00
1.034534928192738290e+00 8.690540179366831319e-01
9.395269774793334472e-01 1.055740136689941266e+00
1.149372892639539234e+00 1.179743724327061205e+00
9.542775496803457269e-01 1.097246333893968862e+00
9.250861633031796094e-01 1.070579164530076843e+00
1.008274722693434100e+00 1.008062395362387065e+00
1.128108892585467649e+00 9.523220881414882211e-01
9.503187435098379154e-01 9.877941073205066536e-01
9.515294736871786618e-01 1.014529305578890650e+00
1.078054852070767122e+00 9.579854899577338045e-01
9.790525238470024760e-01 1.098329023109247959e+00
1.102828032961465921e+00 9.169053757495756463e-01
9.327040036763231123e-01 1.133783729776471683e+00
1.078419154668623481e+00 9.550178858259806836e-01
9.121990072463481702e-01 9.406574206102268354e-01
1.005634334851426281e+00 9.340871265594312689e-01
1.049101326213482510e+00 9.754890908413325068e-01
1.067547628147750505e+00 1.069799808365586413e+00
8.974753744518829679e-01 1.050190336705684846e+00
9.279113736545654412e-01 9.104348678299062358e-01
9.018153955999899107e-01 1.101297238488222696e+00
1.033662925100091279e+00 8.309610558309199480e-01
9.998718756549214159e-01 9.131520087735952584e-01
9.467029723988277246e-01 1.041874903489103499e+00
1.061159706117811519e+00 1.125257345522917785e+00
1.043066392410755050e+00 1.027024399268629651e+00
1.084348586862416530e+00 1.183502798055924288e+00
8.997202784299881406e-01 1.017226430266504611e+00
1.079489064134410814e+00 1.169922925016340987e+00
1.130192825936747525e+00 1.099245274549753404e+00
9.616984820303573489e-01 1.043404956327096844e+00
9.387438470100563093e-01 1.007360786550130616e+00
9.899470730069149793e-01 1.056135936215942372e+00
9.786257581222759239e-01 1.055533041447058729e+00
1.063362660138151616e+00 1.004914738160739063e+00
1.039614771524997705e+00 1.049507272507828715e+00
1.054938451944411382e+00 9.601879006621230062e-01
1.072457942459474456e+00 9.109912199382034226e-01
1.000698287840836809e+00 9.085224381687677653e-01
1.060755417148074198e+00 1.032836816439317795e+00
1.009581342201714360e+00 9.344684643244801636e-01
1.076009754771452887e+00 9.946906823699553923e-01
9.233527839478301580e-01 9.835180541651875608e-01
1.129548615751213347e+00 1.088640189177851658e+00
9.472861699078788389e-01 9.764901081944753480e-01
8.845710575234710937e-01 9.868036628624997642e-01
1.112162359440330262e+00 9.817468220264893297e-01
1.129568350614627903e+00 9.939331672246947136e-01
9.892014052463273810e-01 1.029701425799874004e+00
1.074608755606366373e+00 9.827017410715275236e-01
9.770804789421390080e-01 1.014775228347463365e+00
1.022931942209832634e+00 8.961546470044777779e-01
1.045902285279332489e+00 9.324517751700144297e-01
1.166369135973103655e+00 1.136819362257653010e+00
1.061466395619588887e+00 1.094614027903198394e+00
8.849269163886208656e-01 1.153628369678058929e+00
1.109111101661155008e+00 8.697076970002015628e-01
9.276681988167709836e-01 9.853324805453334001e-01
9.230694844341631455e-01 9.238619450545183520e-01
9.570169201654608049e-01 1.025384317676770296e+00
9.793505049927988537e-01 9.815333286147838177e-01
9.291317878088997118e-01 1.050089050105365907e+00
1.064768685622297539e+00 8.994815326683479606e-01
9.965919223278625338e-01 8.374869090265647520e-01
1.123885565975337508e+00 1.013052342565894604e+00
9.045765522259743285e-01 1.049662570901700898e+00
1.086759103750693178e+00 9.065018564390752154e-01
1.021216698554615165e+00 9.567419511912339525e-01
9.085187870888912220e-01 9.693549047747672676e-01
1.058785272996958904e+00 8.851633152877436128e-01
9.626263599957651795e-01 1.083923699509404814e+00
9.584595213561913907e-01 1.165971598478981130e+00
1.033084115759172805e+00 9.487995651930195562e-01
1.000965223998536047e+00 1.046084893927306192e+00
1.056062279830996209e+00 1.017096071782186639e+00
1.025770902008200869e+00 9.200204197272898732e-01
9.057931193002639603e-01 1.032523620467274084e+00
1.048492200829843624e+00 8.708116832797355711e-01
1.047520119809695283e+00 1.000056375456815028e+00
1.098601106784871551e+00 1.008558197288847103e+00
1.004966509175851064e+00 1.009812846318203228e+00
1.170369072436679758e+00 1.117682488140771424e+00
9.629914016793683640e-01 9.644604143102259997e-01
1.022828422654730618e+00 1.073184479752040232e+00
1.081965882987022676e+00 9.170633801673396812e-01
8.591101623300686496e-01 1.060955906084123823e+00
1.074376591018113558e+00 1.041114993101446062e+00
1.013221331624583499e+00 1.008351427978958492e+00
1.015658012329740512e+00 9.884363088007541709e-01
8.972946478859352704e-01 9.812045566635801963e-01
9.086694521577668437e-01 9.777166322012493804e-01
1.004413384134219100e+00 1.172278720322505130e+00
9.962343752785676188e-01 9.970610977562741617e-01
8.506740092686375654e-01 1.005282614640796490e+00
1.061186784573384223e+00 1.030342268111250181e+00
1.058581128657563486e+00 1.098487249601236337e+00
1.078536946621226456e+00 1.015689041235459111e+00
9.436790169126111349e-01 1.051303357384647752e+00
1.036357391696792529e+00 1.169577983629667584e+00
9.356005552160051586e-01 9.305946582838333647e-01
1.088965323966572640e+00 1.069690441109961032e+00
9.255179326915716764e-01 9.342993844138839377e-01
8.191822289931637302e-01 9.717334346753619956e-01
9.634012439923399507e-01 1.106305280547130065e+00
1.043144716894431223e+00 9.609365598675149167e-01
8.960145995508129735e-01 1.065122057828902458e+00
1.114581192176086200e+00 1.051329468110287602e+00
9.818429738008487284e-01 9.980973721387103037e-01
1.034117208312773428e+00 9.917165687938316321e-01
9.433709156130123397e-01 9.054606149398573001e-01
9.184393207742830301e-01 1.142061575683702701e+00
9.641267070501611247e-01 9.891918037741183056e-01
1.106230586116007331e+00 1.144173596406932614e+00
9.798087827218638912e-01 9.142256479173077599e-01
8.939945950796925889e-01 9.826634060483533384e-01
9.699851893462487773e-01 9.776859779070058432e-01
9.699867442727503342e-01 9.553274813596084325e-01
1.018220630033376262e+00 1.057982797989667212e+00
9.100791797083697121e-01 9.878335065580836627e-01
9.666332111500304247e-01 9.088322173358606149e-01
1.055061784861414109e+00 9.408743701126808245e-01
1.041583652478493827e+00 9.807350951175030085e-01
1.005027979314453868e+00 1.130613029177977680e+00
9.503004461767144972e-01 1.013936336157710949e+00
9.767832226243000626e-01 9.449993366971445319e-01
9.338457761849098260e-01 1.063322346888368575e+00
9.687910861687455411e-01 8.680149939984808105e-01
1.147412340380102869e+00 1.038479165566502216e+00
9.258197999449232496e-01 1.120655293198518976e+00
1.009839619465902283e+00 9.988941034295516497e-01
1.060958794291511298e+00 9.706962532747919203e-01
9.871382374866313203e-01 9.345443467764129597e-01
1.161087634538240376e+00 1.047962680864886753e+00
1.132819369084629324e+00 9.696121922243684521e-01
1.108845182907602256e+00 1.032886783991789459e+00
1.040486433440695802e+00 9.388983062156943671e-01
9.459614844134531797e-01 1.056705166851578781e+00
9.988312266669020500e-01 9.712713813311074640e-01
9.480897163273815931e-01 1.014404760606960831e+00
8.534641445741907306e-01 1.045515863452579630e+00
8.893310904146797258e-01 1.098497719210395962e+00
1.079237244959885711e+00 9.375116463664178168e-01
1.059612825728351693e+00 9.822533987753225837e-01
8.144311343271553039e-01 9.925799221779125769e-01
8.910913322679661075e-01 9.715088161410504464e-01
8.462337093254090892e-01 9.867860792388255531e-01
1.042557153725262253e+00 9.422277135419110383e-01
9.435808691400070503e-01 8.917085602467001992e-01
9.497923602426528999e-01 1.084388174903658575e+00
9.821364809969527210e-01 1.091411356382183673e+00
9.107459193364074723e-01 9.949450545955533798e-01
8.710495563689231169e-01 1.021089166205287890e+00
9.338960306112334964e-01 1.047811735236577002e+00
9.169382285341648453e-01 9.399902429161176576e-01
9.390853698632530833e-01 1.109710176476004007e+00
1.127807656750960730e+00 1.216932935615749889e+00
1.076738029203148761e+00 1.020430133952489049e+00
1.030600247075720066e+00 1.032302005872812956e+00
1.078727035051357586e+00 1.096957166459246791e+00
8.682521029763505815e-01 1.032577028407419606e+00
1.081698157518865777e+00 9.040228924202541316e-01
1.093554434619951499e+00 9.303844345252311188e-01
1.054199290501132591e+00 1.017998512312582760e+00
8.323108584588727599e-01 1.010180951357499080e+00
1.020496235301594723e+00 8.928833861901199764e-01
8.927481657391563852e-01 1.086958150461157846e+00
1.015605173053613086e+00 9.106964314106749114e-01
9.716424942778288942e-01 1.061798066250169592e+00
1.034981259764588213e+00 1.038033115824017250e+00
9.742744639675815499e-01 1.113241922824556696e+00
1.032215188288287511e+00 9.393092808551869455e-01
9.834000067502308706e-01 1.022130008497128095e+00
1.045727546098827565e+00 1.028787154411843430e+00
9.034290025542419666e-01 9.904710209878759830e-01
1.063636764434566118e+00 1.010080231483772240e+00
8.439361519979677873e-01 8.804059205979059000e-01
8.839234881453049697e-01 1.016258540671396871e+00
9.021131185997651736e-01 1.086029604032342721e+00
9.695542360676108196e-01 1.067642476069469604e+00
1.021338110289002232e+00 9.678160789367674655e-01
1.174679168235416959e+00 1.030632578769363983e+00
9.714176021568042829e-01 9.609098774849520463e-01
1.083408137555924799e+00 9.379202585125278047e-01
1.077450795272524076e+00 1.094212767377520601e+00
9.903243170564818287e-01 9.834167449212034562e-01
9.907398668070295233e-01 9.994048948364525620e-01
9.159942588682653541e-01 9.648508028759262833e-01
8.900205278281516641e-01 1.117951500903686446e+00
1.048577760650285073e+00 9.336292129798411388e-01
1.089077448513295243e+00 1.012455577481780056e+00
9.662886784317331612e-01 1.084696818648748451e+00
9.413316551438807300e-01 9.459606936407902733e-01
1.106116880985210216e+00 9.667492581593785106e-01
1.055854706558011946e+00 8.948568066832159884e-01
1.029830063651203664e+00 9.414887165395737778e-01
1.037184067672927812e+00 1.089706576544146266e+00
9.165302563636705813e-01 9.326470720680598570e-01
1.126380813676741477e+00 9.145120266077195748e-01
9.836760961212123178e-01 1.093652054072618895e+00
9.587361181326278237e-01 1.019564067918151018e+00
1.084324709849348256e+00 9.699364697711354566e-01
9.771196231385006481e-01 8.907515640892268438e-01
9.345180916078583699e-01 8.299497685412213777e-01
1.097234608798620004e+00 1.039587796807398323e+00
1.110392338838461335e+00 1.041162257335270347e+00
9.128998303624316080e-01 1.026120860540821411e+00
1.052553084299174158e+00 9.201051233654852224e-01
1.029587446052877109e+00 9.871917838853851990e-01
9.480214993827406067e-01 9.951980044229278288e-01
1.006841104907641782e+00 9.305394220865571553e-01
1.099635564308380609e+00 9.730980863070961551e-01
1.186096792428545932e+00 1.026987504708542609e+00
9.876526991172395187e-01 1.047279936671739575e+00
1.092671230194627086e+00 9.209041469712891947e-01
1.151955206134575249e+00 9.676562847508132226e-01
8.787257401332785323e-01 1.006514985567205311e+00
1.102071993265760108e+00 1.015842392197352284e+00
9.950271660985227085e-01 8.447292871470577502e-01
1.133056537430535027e+00 9.081740399320543666e-01
1.038259697845509200e+00 8.718951733972731821e-01
1.077081875629795293e+00 1.047296237634506078e+00
1.040110481667899878e+00 1.006504788192951860e+00
1.107297958557130757e+00 1.211637229890672796e+00
9.439879447844985449e-01 1.076134411559826809e+00
1.096913167284711443e+00 9.285294793657619117e-01
1.037181702833081198e+00 9.787398976599350764e-01
9.919667801988389932e-01 9.737165220794047338e-01
1.066242167937599516e+00 1.036018188157233455e+00
9.202870846258258686e-01 9.614476962135823923e-01
9.827920364391405927e-01 1.071459769587433719e+00
1.003614083589904560e+00 9.775188100328294771e-01
1.025567450900316313e+00 1.012827349939541266e+00
1.034014896432331021e+00 9.580451539023547847e-01
1.090123020742810089e+00 9.559607262567462183e-01
1.045299695347558178e+00 1.118458895786243579e+00
9.273237472280838611e-01 9.648587525484819682e-01
1.062574604575826420e+00 8.815900034245063299e-01
8.732689382250997667e-01 9.771886802178795239e-01
1.040625449718460160e+00 9.296215375457250740e-01
1.155512625783578384e+00 9.689827193227554814e-01
1.002173805779353888e+00 1.007069631837997692e+00
9.560243238446657355e-01 1.027381475219448337e+00
9.734409415279564604e-01 9.371893204923650300e-01
9.602897942348644911e-01 9.241692682815951798e-01
9.264278641611586318e-01 8.757809905137938777e-01
9.378440921051439672e-01 9.724404605159563397e-01
9.331140569148380637e-01 1.089405413046481863e+00
1.042725885228659610e+00 1.047083858564437753e+00
9.868557443990748634e-01 8.628754743922389947e-01
1.083916156017766586e+00 1.102102425488821202e+00
9.240881821930457818e-01 1.059404173854542774e+00
9.368448963016634545e-01 1.133997870923939333e+00
9.314887899708589325e-01 8.700337051589266402e-01
9.204956089275720954e-01 1.093757568326367613e+00
9.414644342784618258e-01 9.895569289358702170e-01
1.112207295305278398e+00 9.267318202855883147e-01
1.060859140119626343e+00 8.954016038816980938e-01
1.145225950401305148e+00 9.903153441521458378e-01
1.095297182222378707e+00 1.078421860231216334e+00
9.025218428246292168e-01 1.037275692943060434e+00
9.420236215976256489e-01 9.234635423932362475e-01
1.088519475330906650e+00 1.124109510362897524e+00
1.136942647251078631e+00 9.637830927092870814e-01
1.068485003129997946e+00 1.011861463004762651e+00
1.020163664600005182e+00 1.014440362044148003e+00
1.091165247592266851e+00 1.011170503506638729e+00
1.013225960816798610e+00 1.079786527461169765e+00
9.891788501170880599e-01 1.115959539419328017e+00
1.019334296266686923e+00 9.834076244282423662e-01
9.176466799942304409e-01 9.211488730897297028e-01
8.770235929980412237e-01 1.084022797640541880e+00
9.840930797010335462e-01 9.967405118940168007e-01
1.046009388474169022e+00 8.855799028761658365e-01
1.064358736749285717e+00 9.450579702286630024e-01
9.244917273351492826e-01 1.127308911184754958e+00
8.812119419750741312e-01 1.045515086719483788e+00
9.986953218448337832e-01 9.201691841294104002e-01
9.320625911578095391e-01 8.437273194165082479e-01
8.662444953139424308e-01 9.221573116764920641e-01
1.053783936537886934e+00 1.102010767550159143e+00
1.000020717814058768e+00 9.086029305537970391e-01
9.359297685783836140e-01 1.097029488194049440e+00
9.597537109784084475e-01 8.699869017652988035e-01
1.082533161008697675e+00 1.089580903238138276e+00
1.082801173537257799e+00 1.030662661083349807e+00
8.349863923424050149e-01 1.028242193577630026e+00
1.026034891708194507e+00 9.637759309772798710e-01
1.066392460654673968e+00 1.033136964809291403e+00
1.069355182134596127e+00 9.696202974891471316e-01
1.009512640397216554e+00 9.325168156750639481e-01
1.132914182589299879e+00 1.068974466700088666e+00
1.157620979255590932e+00 9.186163537514792088e-01
9.438068237981058761e-01 9.761093790715943408e-01
1.019303803919850981e+00 1.097714938374930060e+00
9.177256638838632297e-01 1.035775883837176448e+00
1.026865965161061878e+00 1.049459049354222628e+00
9.425065158198742132e-01 1.134875365887783483e+00
1.007712837923333993e+00 9.010882588772335389e-01
1.090899092395402281e+00 1.025835608991091830e+00
9.288184320251413606e-01 1.130277647305819810e+00
1.016627878012053676e+00 9.323271588404155041e-01
1.000478166540728742e+00 9.061269022897223691e-01
9.720818447903896153e-01 1.136912212770977648e+00
1.029330293308869271e+00 8.770813763629640158e-01
1.038488615931503878e+00 1.103672607694602625e+00
9.318998705170241648e-01 9.640606451445514757e-01
9.638494719821180112e-01 9.662085399977229372e-01
1.018826005890050901e+00 1.109063355632067704e+00
9.813434059047718705e-01 1.076402659112739135e+00
9.832787910893961980e-01 9.182881328861406400e-01
