1.179384887076295518e+00 9.673679998165223282e-01 1.187028990231583370e+00 9.658558642515228110e-01
8.383307261446650838e-01 9.377022684119277196e-01 1.166291752358963318e+00 9.494013808068262339e-01
8.765643946691857868e-01 1.291699171817635827e+00 1.533844380867274593e+00 9.375145579627592873e-01
1.276356931780710635e+00 1.037332561373502715e+00 1.225455960682816370e+00 1.049727246232201372e+00
1.196216169476085778e+00 9.774480307982416072e-01 1.057857639964460583e+00 8.860073404971980926e-01
1.381966000000000028e+00 1.533380331555595388e+00 1.074617972286810774e+00 7.469298389879535094e-01
1.164416130411061623e+00 6.606906846599103211e-01 1.487528946341071912e+00 8.523587536486161298e-01
8.916628200788350167e-01 1.286043232239333589e+00 1.178451829299521192e+00 9.806366028377213606e-01
1.276690600641760209e+00 1.175745257488554074e+00 1.219717731092421875e+00 1.363577996637266754e+00
6.250375969169403856e-01 6.902635639300059855e-01 1.335574986645793771e+00 1.053536991549582247e+00
1.252763914965500769e+00 1.246659838375902440e+00 9.694666865037708803e-01 9.460550662118304421e-01
1.184570671666560715e+00 7.877646033100206280e-01 1.102665083539168034e+00 8.849353111118782866e-01
1.280198375013790413e+00 1.519736351432835697e+00 1.463455281650263951e+00 1.401221038926167450e+00
8.146708780873629374e-01 1.021694411498058397e+00 1.241039995611330049e+00 9.184723903846253590e-01
1.071370409108532096e+00 1.214726134691511694e+00 1.260126668838969399e+00 7.376395805275361983e-01
1.025893400879279493e+00 8.908955886974834204e-01 1.216399472316551877e+00 1.037862535899067851e+00
9.588341658804711010e-01 1.146989592360864174e+00 1.007520902711396937e+00 1.268807552310149633e+00
1.040246031097240564e+00 1.355170597604540506e+00 1.397130237522889784e+00 1.290510251354349602e+00
1.138236236122353695e+00 1.158836135485544316e+00 1.254694595893129927e+00 9.640604561592488464e-01
1.120209399221525182e+00 1.081097071344758520e+00 1.074314899934217360e+00 1.059491993235584628e+00
9.995280565464575995e-01 1.111324048260042829e+00 1.105323491010280046e+00 1.123244957837530977e+00
1.167729487349154383e+00 1.136771915835965263e+00 1.177728837745680712e+00 1.037028519107303204e+00
9.015460210155712417e-01 8.261265619170108376e-01 1.510072039081043815e+00 9.674305272340653072e-01
9.885081421758508124e-01 1.006894367145029001e+00 1.276713427140321100e+00 9.377364306876753153e-01
1.047431086581676718e+00 1.133024878446480477e+00 1.607571511540697662e+00 1.371732118839119607e+00
8.302425876860785037e-01 1.129007900832113664e+00 1.223633885523759179e+00 1.185170587191942237e+00
1.006145049624914689e+00 9.305473939347514989e-01 1.254774318656530996e+00 8.922859442218632475e-01
9.718339048137073499e-01 1.052739936738190663e+00 1.244176510889550391e+00 1.015312139592066565e+00
7.656507963507883652e-01 1.066068386344810381e+00 7.128463776819764508e-01 8.318212119623764611e-01
1.365886234372053254e+00 7.090974750997059983e-01 9.361250368972511282e-01 8.457559643760366175e-01
8.546440442792930803e-01 1.068615884363957935e+00 1.194650874098114324e+00 1.011480077155967550e+00
7.667366669978357141e-01 1.157807237471518258e+00 1.457870667782147134e+00 1.135831384805898070e+00
1.182906870929451015e+00 1.153221186236637497e+00 1.110684757012653900e+00 8.674992859295402869e-01
1.164721240311911821e+00 1.194206236321031955e+00 1.358112126466406000e+00 1.040837581660908340e+00
7.693227795200892061e-01 1.118725041719399904e+00 1.096696274311078190e+00 1.220196812657537544e+00
1.285477202823557485e+00 1.103942192766402153e+00 8.820294169276042817e-01 1.076269049742402784e+00
1.009712415128541263e+00 9.580965656814328657e-01 1.161373427859849539e+00 8.838680087051374867e-01
9.888710065889647627e-01 9.452793883431392929e-01 1.022639562484970011e+00 9.005999797560271247e-01
1.241954702187940907e+00 1.449114058214773681e+00 1.259764748015708591e+00 1.151453528375988800e+00
1.237661513499969335e+00 1.059275323476999597e+00 1.247957084761315061e+00 1.126075259141873453e+00
8.405270635203743179e-01 8.550031422519710489e-01 1.376447325153708157e+00 9.467738727474908078e-01
1.018638932752216286e+00 1.111327010686736116e+00 1.228726826361078661e+00 9.070305120317609937e-01
1.080290686799064037e+00 1.258908430480619067e+00 1.486403423117366840e+00 8.408660952760852458e-01
9.882210040826905351e-01 1.308145155985179997e+00 1.195701025451461952e+00 1.315226442227569681e+00
1.328405151133253748e+00 7.159121731144302281e-01 1.285359567361719968e+00 8.859108086466149778e-01
1.308228184917859638e+00 1.218580837042958054e+00 1.172536171729609888e+00 8.060474529601053817e-01
1.063280751376015409e+00 7.568979251417490284e-01 1.131993191688174027e+00 1.049842049793543675e+00
8.968062315572830068e-01 9.914149422274634027e-01 1.096752918909571273e+00 1.087806506844628318e+00
1.018792673835968277e+00 8.541019711737891651e-01 1.158271935357223947e+00 1.099970921042571437e+00
1.046794540708929633e+00 8.261480758530184154e-01 1.163419461723273818e+00 1.012542001476448128e+00
1.189643884593460488e+00 1.034532366692222149e+00 1.114507386303261516e+00 8.327319783281617038e-01
1.462025700855132282e+00 1.249124291351839000e+00 1.120799126653081457e+00 1.030102460281740129e+00
8.950577867198082904e-01 1.051653359157498580e+00 1.223988923847525223e+00 9.964686608139893265e-01
1.148385208726901974e+00 1.068555649075842551e+00 1.233998223654966919e+00 8.642981841000014764e-01
1.119790400388515739e+00 1.229635715654358030e+00 1.222750502256748639e+00 1.183666076457368765e+00
1.142091199783634492e+00 1.319044493567525844e+00 1.055228872592957501e+00 1.423970453482859222e+00
9.285898908310392663e-01 9.402617816450651311e-01 1.028356589766695972e+00 1.344716249943195496e+00
1.058086239669716155e+00 9.665001144980934766e-01 1.081874178895619210e+00 1.049006336032758835e+00
1.038520339830540928e+00 1.296546616667305418e+00 1.152183585328235615e+00 1.156764911309370758e+00
1.191982050700305606e+00 1.056246025742078709e+00 9.933776346551900227e-01 8.855170384846989817e-01
1.501112878969214082e+00 1.171739615779031185e+00 1.088220043056333131e+00 9.158531593951276806e-01
1.187328714734808610e+00 1.096920082729935242e+00 1.158268557368438145e+00 1.598018675065600469e+00
9.667526861971584839e-01 1.001772739743206797e+00 1.244849348363031627e+00 1.144883740391393179e+00
1.408800553635158215e+00 1.026705934823893163e+00 1.146217227726891608e+00 8.761423899724538611e-01
1.090298978869664648e+00 1.337909447522758200e+00 1.149917769398183021e+00 1.146117224570188942e+00
1.098955714392737981e+00 1.408084061770682460e+00 1.236068002259582022e+00 1.443568667984621801e+00
8.875942093611443040e-01 1.113394207397688129e+00 9.701873294368663636e-01 1.082076889400237718e+00
7.448671046962558329e-01 1.136575539349250263e+00 1.154267148189370484e+00 1.110728728905659546e+00
1.362851611985916422e+00 8.224811118359738327e-01 9.992741941144729356e-01 9.379290717185114756e-01
1.231605257440974155e+00 9.896853866280157508e-01 1.185276093916149076e+00 6.680330048798053255e-01
1.119165728175213648e+00 1.110167857697136329e+00 1.137441684359130845e+00 1.067290278150573313e+00
8.423900369359401674e-01 1.454690309781212498e+00 1.204923557077217655e+00 9.645772226892499468e-01
1.233065055328666837e+00 1.022091704420238445e+00 1.169618742998923322e+00 8.318295352480283844e-01
9.670055524895107002e-01 1.149726922869907408e+00 1.132985550859320956e+00 9.698189020626324375e-01
1.123368473674950740e+00 1.381966000000000028e+00 1.247579244527045050e+00 1.212897926282969108e+00
1.061589533285174802e+00 1.140518341921510359e+00 1.270516103154156529e+00 9.110006099462468754e-01
1.087102819221786865e+00 1.361009513829497086e+00 1.016226671583439378e+00 9.973893142182015392e-01
1.265095731374362042e+00 1.360679766255579182e+00 1.022574967451248984e+00 1.114616076069125938e+00
1.024240844446374643e+00 9.650960293245648414e-01 9.243405596691705028e-01 1.160484474917240938e+00
1.162846414039744092e+00 1.013865024198940867e+00 1.248262361180118907e+00 1.149629155673473013e+00
7.744674279683143592e-01 1.264133694645898975e+00 7.504626138559993276e-01 9.593711873538086632e-01
7.753410858315250564e-01 1.552683824749952368e+00 1.231945830955812449e+00 8.330269452006323627e-01
1.070834066835235854e+00 1.003793244921105110e+00 1.130494057027757293e+00 9.981375637577913906e-01
1.203985964325027247e+00 1.132182861078251834e+00 1.134840495326836729e+00 1.120651994897912340e+00
1.014807826587470707e+00 8.525248803371532347e-01 1.078243234820688956e+00 9.000386978692248574e-01
8.912725512043910836e-01 9.435911580911751084e-01 1.206229960873366203e+00 9.115380817459851626e-01
9.688240914758035061e-01 8.438824596970897485e-01 1.258866058493425921e+00 9.046615124485996029e-01
1.291629090592129714e+00 8.977537413225122886e-01 1.159070391455590876e+00 9.825372123778843836e-01
1.023781902286933665e+00 1.361772848061675090e+00 1.095100762900848013e+00 1.036085645683637146e+00
7.905086615206793343e-01 9.276584549902355814e-01 1.161223270872252522e+00 8.696704647768200847e-01
1.345834879677988205e+00 1.337282247478099206e+00 1.455248517546674281e+00 8.406076663977577468e-01
9.650254997295812931e-01 1.477555840531219467e+00 1.366384624152396476e+00 1.217982129562925397e+00
1.181088636091163435e+00 1.061724641209629727e+00 9.260962200144553513e-01 8.913322428317280721e-01
8.713859086822568489e-01 1.073790959442021631e+00 1.025247389580457691e+00 9.733579096460855951e-01
1.210972392454109148e+00 8.632403575507149318e-01 1.214696747323182446e+00 1.252857896457452824e+00
1.066681386388808495e+00 9.588167773644034053e-01 1.174785535919887103e+00 1.179476736116041646e+00
1.039648435987751585e+00 9.980108494349403392e-01 1.003738034281012714e+00 1.092522894410990597e+00
9.543808220670459974e-01 9.867581030145170518e-01 1.531665267399039632e+00 1.034886251401052393e+00
1.161479575965261413e+00 1.335467053734609166e+00 1.692350557977827075e+00 1.242248314854000002e+00
1.169085398145079058e+00 1.381966000000000028e+00 1.083439826090513591e+00 9.720600761820196167e-01
7.824883149167846108e-01 1.150183204597567066e+00 1.134361216219499591e+00 1.047885243417770340e+00
7.243833314096805864e-01 1.258383778621822602e+00 1.298446604067595933e+00 9.820615710819287081e-01
1.131843306055201337e+00 1.013808418024481961e+00 1.277190572760602993e+00 7.291010811416197557e-01
1.291807874095322717e+00 8.198376148287511711e-01 9.545099988514441636e-01 9.993150610434805570e-01
1.055996823930530404e+00 9.879072398266234289e-01 1.443552486644172239e+00 9.327055791055078870e-01
8.815798073676166524e-01 1.040217119097564202e+00 1.342558954377149005e+00 9.244305077796054482e-01
9.964666407326642217e-01 1.243618429251649671e+00 1.095942929262639920e+00 7.079456359301565804e-01
1.083916313030013345e+00 1.078251173932991414e+00 1.039948192479163147e+00 8.753311376748678097e-01
8.750698167091033319e-01 1.082932086906702063e+00 1.249324551943359118e+00 1.021490047121208722e+00
1.018772041319708777e+00 1.142110261861935872e+00 1.438846780318946861e+00 8.890473647778612820e-01
1.136737993275683811e+00 1.038501131443504200e+00 1.397805397695033314e+00 1.066115916084319881e+00
1.195782942073933208e+00 8.500785869085363267e-01 1.322848756353215416e+00 1.126098618604222779e+00
9.814943815498188284e-01 1.105034197450981637e+00 1.385690670890159959e+00 9.626366325647532918e-01
8.250822993612197953e-01 1.140839157754828914e+00 9.999902269519329590e-01 1.018406122266388492e+00
8.965334008521029796e-01 1.045544143499762324e+00 1.121721801271481800e+00 1.091819289924950809e+00
1.028962282842061926e+00 1.324687963025113380e+00 1.404536420443027733e+00 1.006703066470660213e+00
9.760558708846042153e-01 1.107406847145637752e+00 1.250865912772389343e+00 8.474993941080490867e-01
1.054594489100527444e+00 9.419293756528841488e-01 1.124671314584379633e+00 1.029694765371607090e+00
9.508054723200350944e-01 1.219308224212209746e+00 1.220871813783063420e+00 1.031393690092280435e+00
1.035429618569899679e+00 1.469648801797017512e+00 1.314913482626151930e+00 1.014773730438749411e+00
1.251592891942634012e+00 1.135841808934425545e+00 1.454154275550378239e+00 9.632867994144529433e-01
1.167272914793605398e+00 1.040342569732872313e+00 1.140121519536401618e+00 9.757174791984301043e-01
1.270961383654876320e+00 7.942090937594135092e-01 1.081761223198830502e+00 7.771075895033878744e-01
9.963540420618280935e-01 7.432808648378814720e-01 1.311815667402898011e+00 8.739785301095233105e-01
1.062893353010645470e+00 1.127796185290689479e+00 1.012810200052155940e+00 1.244356127710306792e+00
1.270783329920210480e+00 1.130724720729103572e+00 1.326672835429546504e+00 1.071306981783266998e+00
1.062319356265137182e+00 1.016107088004655212e+00 1.421212695559207928e+00 1.087515210446923009e+00
8.373814606165481678e-01 1.432825745324810107e+00 1.178421176072797394e+00 9.265204312592461022e-01
8.816407142665666496e-01 1.075887650103966475e+00 7.785860060399816263e-01 1.214251668127659389e+00
1.186467010944330269e+00 9.881483221639193459e-01 8.998614918089840042e-01 1.018911942989585651e+00
9.573881020615412352e-01 9.666526807353834627e-01 1.176111316205561197e+00 1.000165860181757127e+00
1.088517468899844687e+00 9.912343477955872784e-01 8.598426270834527152e-01 9.782953498025651617e-01
9.342644577142863449e-01 1.478795670556668274e+00 1.489628672341472226e+00 8.022571372680813440e-01
1.604878358658000659e+00 1.546110386818015936e+00 1.545185572766196058e+00 1.105017496677373368e+00
1.597753087322402399e+00 1.002873774245878868e+00 1.250031529523091045e+00 1.198352560875878936e+00
1.236067974843999773e+00 1.411980934828812373e+00 8.534719686840157582e-01 1.208807924618575669e+00
1.238315724789008421e+00 1.038553217167849985e+00 1.029547770184130240e+00 7.531048394559015646e-01
1.131554403179490853e+00 1.094308138767954519e+00 1.698476789392970199e+00 9.281877554754813797e-01
1.283098422407872974e+00 1.256140591361248005e+00 1.247307854861811061e+00 9.411409120741532908e-01
1.480092061231779610e+00 1.237347670096523577e+00 1.156392671841498743e+00 8.766129921130667579e-01
1.331505773881962895e+00 1.030521696966205436e+00 1.200635748209323506e+00 1.140388757776959139e+00
1.517605946671813921e+00 1.026043879267998005e+00 1.530474680448149938e+00 1.018397520536188594e+00
1.027371024313825876e+00 1.472989429825684482e+00 1.361261489591804485e+00 1.146397375726986745e+00
1.015626975451888958e+00 9.644439820891528292e-01 1.193609734283479717e+00 1.165324021274684929e+00
1.052668128696551131e+00 1.502033314540625941e+00 1.138258704894440143e+00 1.049009678927790068e+00
1.121646333036460330e+00 1.119210899524685887e+00 1.138702354057804733e+00 1.290684591530580683e+00
1.338033723160722221e+00 1.381966000000000028e+00 1.160740568973527509e+00 9.011139280821776065e-01
8.921348923395263641e-01 1.292363542172173085e+00 1.040065384235057788e+00 9.198974842476319580e-01
7.453344047379658610e-01 1.087565456581632617e+00 1.028169743877841436e+00 1.118246433017463737e+00
9.407686746848235027e-01 1.046093433655631344e+00 1.388750616363511936e+00 1.118514766091431634e+00
9.861269324741103182e-01 9.359838736927050817e-01 1.425643894829115466e+00 9.607927053429689002e-01
1.090596334705273840e+00 8.439761481777339203e-01 1.302161535485304888e+00 1.048571618094616742e+00
1.015219239040842547e+00 1.424680085005467278e+00 1.171913621711210940e+00 9.640760292978913792e-01
8.804666183878461228e-01 9.757375979771090169e-01 1.218541117355604664e+00 1.178658973456614190e+00
1.423495902172797756e+00 1.077104005482270921e+00 1.185415804314130517e+00 1.068574205409712041e+00
1.066721015103686776e+00 1.246748182019207896e+00 1.022789420299459850e+00 1.126578159514910915e+00
1.084271862642566919e+00 9.444707743761830976e-01 1.204961308697463096e+00 8.475937607288641651e-01
1.063571750663209192e+00 8.975715096595380249e-01 1.592142845254357342e+00 1.316489556207225853e+00
1.162256799705728927e+00 1.192056694817941631e+00 1.267707490365620027e+00 1.112457907743246155e+00
8.637747798742314576e-01 1.027759737266786377e+00 1.167012355219128050e+00 1.322647009747062619e+00
7.717523494927918115e-01 1.001375211447479430e+00 1.137645088104195512e+00 9.898321031941987869e-01
1.368685492091892719e+00 1.315647071992976480e+00 1.068994031838769398e+00 1.066308222012079199e+00
1.474560211645419061e+00 1.035167012053120450e+00 1.063034495985823336e+00 8.144015670275991381e-01
1.395341741368004929e+00 1.127662446563243659e+00 1.168036767755197936e+00 8.902937458792570258e-01
1.069370378023197565e+00 1.075017471073860031e+00 1.154266129973160471e+00 1.105763811316233358e+00
8.956348838797718592e-01 9.168592536438854301e-01 7.679271545344339422e-01 8.884011372496012360e-01
1.173253315904861926e+00 9.867182260560448670e-01 1.263791202951018988e+00 1.091444424172897110e+00
8.915127153433435314e-01 1.059534960630217570e+00 1.017778309957432015e+00 7.345107020666190589e-01
8.501514789529585059e-01 1.254595468267313274e+00 1.316756745461413525e+00 1.149050242393286014e+00
1.066538436661373046e+00 1.062710691366713922e+00 1.469802129559518278e+00 9.139961597171721852e-01
6.990483456001785889e-01 1.069673150883829971e+00 1.082883186326585756e+00 8.946910624523649602e-01
1.246105898826963987e+00 1.223472017254477517e+00 1.499498459209277712e+00 1.177487449337746295e+00
1.042477122878384010e+00 1.172524097452312120e+00 1.000492163643325050e+00 9.856351769753139980e-01
9.831028156268798446e-01 1.061229842238345933e+00 1.527426173162679257e+00 8.004733355140011275e-01
1.025895646649754411e+00 1.109077671747338290e+00 1.240066993555467789e+00 8.891271355561319867e-01
1.407506618697438538e+00 1.247490787149677871e+00 1.256728071845624628e+00 9.888319847460081968e-01
1.129458340102221348e+00 1.110581115076545222e+00 1.097216554234658359e+00 1.045370241812688228e+00
8.632922170250465488e-01 1.455467739532931404e+00 1.462587907964149059e+00 8.078081670572672124e-01
1.011585956125703456e+00 1.130712850755240639e+00 1.280823672496778753e+00 9.629507720165177975e-01
1.059261152965464747e+00 1.364439529029669140e+00 1.165155619803783349e+00 9.045218652074951127e-01
1.010080266415038119e+00 7.639320347647367004e-01 1.383035930374304723e+00 1.195689802427087667e+00
9.681545367163409965e-01 1.196541248724218187e+00 1.051797438044866473e+00 7.836713341373877650e-01
1.325033601188316590e+00 9.288539996439256763e-01 1.159095791257134245e+00 7.870376422485332313e-01
9.046786872586608519e-01 7.832786805900835425e-01 1.309334207096947145e+00 1.085412718582900782e+00
9.297843627562794033e-01 1.378212102926120064e+00 1.656662523250420627e+00 8.443905878708738433e-01
1.066398037506643304e+00 8.201204345408630303e-01 1.169432397857503858e+00 8.826386208448065984e-01
1.123122446291209942e+00 1.185317580708476815e+00 1.250627783525403380e+00 9.876184539358604519e-01
1.009888246021367397e+00 7.540746354442405819e-01 1.151079003227557518e+00 1.004579846553541822e+00
7.781563739735651852e-01 6.824675449328918564e-01 1.122895369344101724e+00 1.058434776870784910e+00
1.386509177968813455e+00 1.055477972996982983e+00 1.182966189046477989e+00 1.015235181145091037e+00
9.114214698656546432e-01 1.103374393176899115e+00 1.448370220837530198e+00 9.589385162232035853e-01
1.287234802341423512e+00 1.156719222232323929e+00 1.218959519747141229e+00 1.149766617392229628e+00
1.167282438689564161e+00 9.934669149815296141e-01 1.249975039883898242e+00 1.422046041752808909e+00
1.188492785069960034e+00 1.137412234867353433e+00 1.085283745888007578e+00 1.292186413292749636e+00
1.038310534538574581e+00 1.177760372082430784e+00 9.554967644968710427e-01 1.465832850253250497e+00
1.000001425321159765e+00 9.216126250716171198e-01 1.299098518719034034e+00 1.021142886981521780e+00
9.668173010332303807e-01 1.160549090374861647e+00 1.526117474157008935e+00 9.762945460198269032e-01
1.018327512155860370e+00 1.323049376754957596e+00 1.263695499137579947e+00 9.993830126672507141e-01
1.223946384842760526e+00 1.407654050810484003e+00 1.332342246280945997e+00 9.552137513974811034e-01
1.017319243995160383e+00 8.653575273715254923e-01 1.160373756427270475e+00 9.656961211457145700e-01
1.001086830816622752e+00 1.322965078726319410e+00 1.456762297025068875e+00 8.655931557278043753e-01
1.050240011369836468e+00 9.163297091002926553e-01 1.171831418182331053e+00 9.845679300578054072e-01
1.180600715502267972e+00 8.787183578100472570e-01 1.171825438900288452e+00 1.051974522580129801e+00
1.114839687628315978e+00 1.308735890949331848e+00 9.601547204693581250e-01 1.069876290157877330e+00
1.193610051974652198e+00 1.513345742576102548e+00 1.726597142858445011e+00 8.647802846738458227e-01
1.087675689791774980e+00 1.194854535290241992e+00 1.214246553392636097e+00 1.011212223600408411e+00
1.000618343708832292e+00 1.207747518155835920e+00 1.371898478539332444e+00 1.274359777061867760e+00
8.925665325392002636e-01 6.794663071807121035e-01 1.575944679659645464e+00 9.382239163178367480e-01
9.938048221636601731e-01 1.156385493813954390e+00 1.222557741013394761e+00 7.496337092356663012e-01
1.067526160557880965e+00 1.092524351427974771e+00 1.331786736916777958e+00 1.118475011898145910e+00
1.174829828742555149e+00 1.144821886465683392e+00 1.439461497359407538e+00 9.390095289407951462e-01
1.141432604171771059e+00 9.808175233378572111e-01 1.106457546960686100e+00 1.041971384272362577e+00
1.770490275349543730e+00 1.001550251765401134e+00 9.189685833739295040e-01 8.136522937675647604e-01
9.665307908315355911e-01 1.199447006327235998e+00 1.172099861161850054e+00 1.135197550497337504e+00
1.109541346675151363e+00 9.131365313353357882e-01 1.100414194596560646e+00 1.063504893828464359e+00
8.732227367351614866e-01 1.132719890662954310e+00 1.251793280028631106e+00 1.233714430446322341e+00
1.188320049417586954e+00 1.143364769909418932e+00 1.442542570221343690e+00 1.026267007459607417e+00
1.062683690375819889e+00 1.051346865486884496e+00 1.101264523924881944e+00 1.010417353881724711e+00
1.389255164842133183e+00 9.449290674013204328e-01 1.041646366862761353e+00 7.635731114769015448e-01
1.088575714245545445e+00 1.201029674728454788e+00 9.726611392643480514e-01 7.967892164031242785e-01
1.199642504307332658e+00 7.698859133478321848e-01 1.239935874874547261e+00 1.150770068079904229e+00
8.831977609142309671e-01 1.326992839259985013e+00 1.361202455424484814e+00 1.002945474854956665e+00
1.055725477371942223e+00 1.019692208378558895e+00 1.146838694752984944e+00 1.248039119548845610e+00
1.010792232973253935e+00 9.084590571316701890e-01 1.095539964617881612e+00 8.854220158672362340e-01
9.700287317138991394e-01 8.814594293681139447e-01 1.268206074721137666e+00 1.182624132042685350e+00
8.368955244212782363e-01 9.906332231626140405e-01 1.475234892531966491e+00 8.164141297398679331e-01
1.159679498615639348e+00 1.311083514935436511e+00 1.167125404563232438e+00 1.300763673123308983e+00
9.312696888046311239e-01 1.421432848022521789e+00 1.763931999999999833e+00 1.115345094754248700e+00
1.049890612937228074e+00 1.381966000000000028e+00 1.423768641153377867e+00 9.959431166809896707e-01
1.390834896141027288e+00 1.354284211881111144e+00 1.293673436072062977e+00 1.020991536429099122e+00
1.243925240305485902e+00 1.152306837920635596e+00 1.385766736543790456e+00 1.188434033331807971e+00
1.128111003769930232e+00 1.103297244096455687e+00 1.086282322352309926e+00 1.163859889042623719e+00
1.194259847860277279e+00 1.371965999990000018e+00 9.717723160242717206e-01 8.927004337022992342e-01
9.855247489366114610e-01 9.260978738735858862e-01 1.156825871055628951e+00 1.052625670412437708e+00
1.067351729407787442e+00 8.370170431572190317e-01 1.380000298071337950e+00 6.323900223160381362e-01
1.027471555092140942e+00 1.148212827224294630e+00 1.236934851532182744e+00 8.890486055380978359e-01
1.327664621471430495e+00 1.387530367610871895e+00 1.079825050880389048e+00 1.371942408844324834e+00
1.017907448431924822e+00 8.881523149463540490e-01 1.182705536042249816e+00 1.000030823234944188e+00
1.281570510861597345e+00 9.393460777833766429e-01 1.432445884611527775e+00 7.932358422137287812e-01
1.197072598371273555e+00 9.448516299565765664e-01 1.160098127928597567e+00 9.692792499139724072e-01
9.854365970800085250e-01 1.104420473765180821e+00 1.034014113256372935e+00 1.178375401973508207e+00
1.194974096329520563e+00 1.112364388704339513e+00 1.597542095998915501e+00 9.308696690536321094e-01
1.334711696774859124e+00 1.227872907262129942e+00 1.271353283117563127e+00 8.998110418579139402e-01
1.003153356900771120e+00 1.023396303112795724e+00 1.097131895247302147e+00 1.405791030871507807e+00
1.008401543266221223e+00 1.462312263483205532e+00 1.145124120573555615e+00 1.097169425234247875e+00
1.128197695896480779e+00 8.533525028452576544e-01 1.468617457602950482e+00 1.023357861200793195e+00
1.471178064972169963e+00 1.527864059920736706e+00 1.068489143898756044e+00 1.186830670352631900e+00
1.196503353152212235e+00 1.188368165369064755e+00 1.281676964022869569e+00 9.324290352017329253e-01
1.020580106334217696e+00 1.248723743402782471e+00 1.563404369013930095e+00 1.192735052311252097e+00
1.032810798651607298e+00 9.597613768256529898e-01 1.076864814417211935e+00 1.248186264863445638e+00
1.062869819195235488e+00 1.051810887248024740e+00 1.175103058616092877e+00 9.455138659539402690e-01
8.755899919671047416e-01 9.643855518927241244e-01 1.378191298316200575e+00 9.756389486357415208e-01
8.089033244287363589e-01 1.111984942377385988e+00 1.273017342428299781e+00 1.308387208053909845e+00
1.333886145767212872e+00 1.221866276673508001e+00 1.230953163288134977e+00 1.380798531480727176e+00
1.012446467837612607e+00 1.182325993569076861e+00 1.250122030572049958e+00 9.842059985946139955e-01
1.265125672594550554e+00 1.198927576847769405e+00 1.220237184896936666e+00 1.086304231691700428e+00
1.320569579726737608e+00 1.153324786044321204e+00 1.534059895811136220e+00 7.954825338578684901e-01
1.105102434164003666e+00 1.154598914932427833e+00 1.055570687502182192e+00 1.097688384229016600e+00
7.208445765094808610e-01 1.254947427347414601e+00 1.235696681842471722e+00 1.102127062844267202e+00
9.957679050122235642e-01 1.078404933429130352e+00 1.412887329981133533e+00 1.311777028584188320e+00
1.358086965989202533e+00 9.442778166663612360e-01 1.042906418745588981e+00 1.064056338596863327e+00
1.027580995351483173e+00 1.103348411839149223e+00 1.319301127197709089e+00 1.166819829906831307e+00
8.500842500689178571e-01 1.066207028003549384e+00 9.681759165998475858e-01 8.810754724368901059e-01
1.004574118279880190e+00 1.127421735511978884e+00 1.271138891241755164e+00 9.667995600293413094e-01
1.155272379839145547e+00 1.039412933174967302e+00 1.078398375160763090e+00 9.976195828181497749e-01
1.517569521520753861e+00 1.205615896395106468e+00 1.462549956513457428e+00 1.139638111676257282e+00
8.348696512887355814e-01 1.143394888536348741e+00 1.196891282938126855e+00 9.598372293979628989e-01
6.146094357055601476e-01 1.115511278977282306e+00 1.253231779744375052e+00 1.111733376201429646e+00
1.235863115147644686e+00 1.148670614466786422e+00 8.654832036099241455e-01 9.370320837990040452e-01
9.584828858056843037e-01 1.074561564864872087e+00 9.308753834360155022e-01 1.071543524210740728e+00
9.588481688971276506e-01 1.091340686173487118e+00 1.234257142319905354e+00 8.540571414894722047e-01
1.639880303164166442e+00 1.123837273750581067e+00 1.254952281480937071e+00 1.162968212813093150e+00
1.032804481083940518e+00 9.583981671060225471e-01 1.646693425580207260e+00 6.375313204087658114e-01
8.196601235116840467e-01 1.381966000000000028e+00 1.244938873095881027e+00 9.691457211990919252e-01
1.069039036888218552e+00 8.994331897208143189e-01 1.486493001791799884e+00 1.019097751277980857e+00
1.190496441600258359e+00 9.130078594782063961e-01 1.259779427009159569e+00 8.896046267106832994e-01
1.168146763023053314e+00 1.104400831772975877e+00 1.207398719755555350e+00 1.034857881224192866e+00
1.129311948226173756e+00 1.224858335762491146e+00 9.672912160235803691e-01 1.309486463243809018e+00
7.418426470315159227e-01 7.132787384975429745e-01 1.087027142074716402e+00 1.083431377908293580e+00
1.207196198316809799e+00 1.162029331587338454e+00 1.422087509833399377e+00 1.011363864433289850e+00
1.159661556910485780e+00 1.195440051430233908e+00 1.068111225779368789e+00 7.881210848082589315e-01
1.002309911170147450e+00 9.598312138591487130e-01 1.061655132910370503e+00 9.163731628252262951e-01
8.152863961568816986e-01 1.269341192920711459e+00 1.484976867724522309e+00 1.030401222636831982e+00
1.204821860399987843e+00 1.003819660010000003e+00 1.759158622166370867e+00 1.049054327551055765e+00
9.028689321324564476e-01 8.887815265987482061e-01 9.822861898875483444e-01 9.706846484049940216e-01
8.930092395833151286e-01 1.204046903365771692e+00 1.423227215797952194e+00 9.131671246042205592e-01
7.409349591553853198e-01 9.590913215150863591e-01 1.167461795603901731e+00 7.968156139969935214e-01
9.299746003028965813e-01 9.598189677945397902e-01 1.136234844508769548e+00 1.048181528538248752e+00
1.381966000000000028e+00 7.244576772342101734e-01 1.131482077218113114e+00 7.694255716998263939e-01
7.489973309574229354e-01 1.140183521367050368e+00 1.490497835758790801e+00 9.540885283997933008e-01
1.172891588029753018e+00 1.411673611887342972e+00 1.098633276666504122e+00 9.031510584854109958e-01
8.898364039791221147e-01 6.484486382284629924e-01 1.082753773374891093e+00 1.135148234320435323e+00
9.474978036050135666e-01 1.039448920173963398e+00 1.182019696441416468e+00 8.514965186921612528e-01
1.221231375298326371e+00 1.428111862592413628e+00 1.305050223527024711e+00 8.158716678096010755e-01
1.170703394792553809e+00 1.055912674372563087e+00 1.379073726803594413e+00 8.618555135754554231e-01
9.446174019628054142e-01 7.963951722728446203e-01 1.235864038329339776e+00 9.148687176103045271e-01
1.037776529779996126e+00 1.027758939055211318e+00 1.260767061390097643e+00 8.188305994535750587e-01
1.092522837141349346e+00 8.045130870386780764e-01 1.297750610948278371e+00 9.748668746385994455e-01
8.915664056115610858e-01 1.209909838919634995e+00 1.173532335760380851e+00 1.114562679018765490e+00
1.179242110087890483e+00 9.920368298707351595e-01 9.695419222568231188e-01 1.233899119357134255e+00
1.176986165679672958e+00 9.498053293933870211e-01 1.228505736182764707e+00 8.425449775598834457e-01
9.584699362474590201e-01 1.449749530479057968e+00 1.309914289682163169e+00 1.163104057207743791e+00
1.170753989349501367e+00 1.024341116136421315e+00 1.142921357671246918e+00 8.989805337965807164e-01
1.198324524668120450e+00 9.590023354813098644e-01 1.585307774208306153e+00 9.630304134169331842e-01
1.017651330320793024e+00 1.189613573567333216e+00 1.095840236375974275e+00 1.361892296519068735e+00
1.009729958648040604e+00 1.046091670626528858e+00 1.308521917486911823e+00 9.468595200874092566e-01
1.339943666451230087e+00 1.235276167000334047e+00 1.468598636371034605e+00 1.432605902465210246e+00
1.157276347573193975e+00 8.574301236917071245e-01 1.364413736773874453e+00 1.452927415862549143e+00
1.102816190977133903e+00 1.032736976587199651e+00 1.274900471537938174e+00 1.162944404216835759e+00
8.694405842056838196e-01 1.187370822026730499e+00 1.115295903432307778e+00 1.147357005417560138e+00
9.431888229323202033e-01 1.010004154401632492e+00 1.222892073524089795e+00 1.599282445673288588e+00
1.145234426211362955e+00 1.573698723653653264e+00 1.113437296711660807e+00 7.693711522898294408e-01
1.363785409476003352e+00 1.213539139393829736e+00 1.220319845923522939e+00 1.209510987552965045e+00
8.104156818072345558e-01 1.338050579522716887e+00 1.065437952668912613e+00 1.025146335963785793e+00
1.109476654388214856e+00 1.392862448005187215e+00 1.257234317693341374e+00 9.277750720065183199e-01
8.790537371695266167e-01 9.435299607926591614e-01 9.934617696712615409e-01 1.383097908242767904e+00
1.106344045530774034e+00 1.070501365285697393e+00 1.615309860997533820e+00 1.176989334705808465e+00
8.859452009583582699e-01 1.177558847372742079e+00 1.232761764904396484e+00 9.253726295527545664e-01
9.202413058171738935e-01 1.107781906788486648e+00 1.276934005444314346e+00 1.146549861569675199e+00
9.784892914124391217e-01 9.795200231096728993e-01 1.036461664384300541e+00 1.202079306071828668e+00
1.054506813987263980e+00 1.008481067655125685e+00 9.706221961447022428e-01 1.276898975114972190e+00
9.924619312790350367e-01 9.627953089244365437e-01 1.303777582110184685e+00 9.683071532080179677e-01
8.188532785694443428e-01 1.227378465823575127e+00 1.321840215077547898e+00 1.062182187508311504e+00
1.137502904975573825e+00 8.226365801210377970e-01 1.152955569963060700e+00 8.345734894716949626e-01
1.055360264158263561e+00 9.541773790635074137e-01 1.059721145260658304e+00 1.415769294537499556e+00
8.233645847954411678e-01 9.534852129485266170e-01 1.450381770376165225e+00 1.185279475783662440e+00
8.344892322036333576e-01 1.053880131231567985e+00 1.650366146103084741e+00 1.188207699568264442e+00
8.390686209897511016e-01 1.202439061041436608e+00 1.468060092771625413e+00 7.378553206668656550e-01
7.788107459070603422e-01 1.028288684068664915e+00 1.169441520563725412e+00 9.011630249553774785e-01
1.136852856765556252e+00 9.196966569048536932e-01 1.057671162203306148e+00 7.640778033592074969e-01
1.104865150198175883e+00 1.113693574994958579e+00 1.140817896989952951e+00 8.715545430906161961e-01
9.912523577821278353e-01 9.665515083354160319e-01 1.461007204918368441e+00 9.158215966017764220e-01
1.011684542490424832e+00 1.130846913489444328e+00 1.108667153274367045e+00 1.194370614194926628e+00
1.359776543069523669e+00 1.085011378382378044e+00 1.203217772977357880e+00 1.337097676437473570e+00
9.065460349898992742e-01 8.661858664473633951e-01 1.081559594828022997e+00 1.035664695602019680e+00
7.294901752255797955e-01 9.445571130176420027e-01 9.705924031649861838e-01 9.651185238888371209e-01
1.391372504811203781e+00 1.413309495947661754e+00 1.164284509467703010e+00 7.854660648329816475e-01
8.603485712517559003e-01 8.987379778183597345e-01 1.071930749068052524e+00 1.139979764884468949e+00
1.148152144311298528e+00 1.105744628597332246e+00 1.223550327651073077e+00 1.023801919309416997e+00
9.348317461971726861e-01 9.920083756316844248e-01 1.237673159678195800e+00 1.022789051486577838e+00
9.811288652884084804e-01 7.777297488271430748e-01 1.514681085076358569e+00 1.016282350790197020e+00
1.210573621347099671e+00 1.041737860448316066e+00 1.259948658744343808e+00 7.805642417584279791e-01
1.048563870229291650e+00 1.122005582055478845e+00 1.235080313731865553e+00 9.209792041969127041e-01
1.021223882960274443e+00 9.065597092352563058e-01 1.361167519346159205e+00 1.091864122380108659e+00
9.999331630844645602e-01 1.108696791771760060e+00 1.128086590567810354e+00 1.111380777344996629e+00
1.124990106675211043e+00 1.142101097812699306e+00 1.422786540544470180e+00 9.714921799116648105e-01
1.036652912369300239e+00 1.026381884939019606e+00 1.034897872898256743e+00 1.079127612748123743e+00
1.149398479887914659e+00 8.087588859881356118e-01 1.269979752169363429e+00 1.034810222052121365e+00
1.531220808161172009e+00 1.287538402535624016e+00 9.379987964705254200e-01 8.920733246160627017e-01
8.426702184644209170e-01 9.255272510155477805e-01 1.193524805058264748e+00 7.537265012554349441e-01
7.299089535519250882e-01 1.181936308858377194e+00 1.150918980650896595e+00 9.163336443668363973e-01
1.216140399359476820e+00 1.325550959511911042e+00 1.320871742804039961e+00 1.009756626723725681e+00
1.287128193240904883e+00 1.223560166608490318e+00 1.071775162401080950e+00 9.461177869296647502e-01
9.808459104308083765e-01 9.576438442391186356e-01 1.287160780036810337e+00 8.642907080789082874e-01
9.315515186102307776e-01 8.926656298274784351e-01 1.108562407558429941e+00 1.411036486053776295e+00
1.302510354991500474e+00 1.124471470641650539e+00 1.326838307650366700e+00 1.029893013013711611e+00
1.176350078806312816e+00 1.100593493614669960e+00 1.186381402599243406e+00 7.873261692297182091e-01
1.416536183869545384e+00 1.255036529858075678e+00 1.140996719990595043e+00 9.888794890913670255e-01
1.118803115770603318e+00 1.076666481914131168e+00 1.016805736098900237e+00 1.076955918874828555e+00
1.082395024435014452e+00 1.012884685005248198e+00 1.038751515913864276e+00 1.091155346152697714e+00
1.114102607103495401e+00 8.798448730639110149e-01 1.229074080372295041e+00 9.513104328015140609e-01
8.876595273810550246e-01 1.092150844901153439e+00 1.226906739451590012e+00 9.942611133962803160e-01
8.397068824104207962e-01 1.072647724611176079e+00 1.334964018931714236e+00 9.819802927487600863e-01
1.008840257324455703e+00 8.476793506690005753e-01 1.131808827998049605e+00 8.197159514008295345e-01
9.232355353305224943e-01 1.307539050286245397e+00 1.334381368700511716e+00 1.050625564935070644e+00
1.191229335962450175e+00 1.252880787291587250e+00 1.287833634460795684e+00 9.206912660504847912e-01
1.050961751886683171e+00 1.354788707334214859e+00 1.206743003734776387e+00 1.229066184819107121e+00
1.066110358332652552e+00 1.431642470952434687e+00 1.496812522026673697e+00 1.051734340470885209e+00
1.063407836195300993e+00 1.136378179581148506e+00 1.342446433830102093e+00 1.067415609176431968e+00
8.088982398756725534e-01 9.071471240024518989e-01 9.641558889728182313e-01 9.662721426932363578e-01
1.220867696133129066e+00 1.010751157229271335e+00 1.487838782550239713e+00 1.067364078211452849e+00
1.077751695833054413e+00 1.262618293348704901e+00 1.435814013509959075e+00 1.212198661531191046e+00
1.088864287017394572e+00 1.403252235146316584e+00 1.348632072288155737e+00 1.001154022382945374e+00
8.452962586735440764e-01 8.495586487442465806e-01 1.349460421154187184e+00 8.972598031470212510e-01
1.130582478539249980e+00 1.238574279224107233e+00 1.197178253055298125e+00 1.003881915995140206e+00
8.232754675525800758e-01 1.034301553884256819e+00 1.687505645927911857e+00 1.096656924693114155e+00
1.273057434398427556e+00 1.327257281941962352e+00 1.180942621808908077e+00 1.107411928492054054e+00
1.200193236947099340e+00 9.210075072441028521e-01 1.224320511296524971e+00 1.184069969249109011e+00
1.104577044984284440e+00 1.133206086826609171e+00 1.531447671064204874e+00 1.086514865029551524e+00
9.250624211537592512e-01 1.011408171740512563e+00 1.259653306740173617e+00 8.890768904654955396e-01
8.845123663120288970e-01 1.114257275337528608e+00 1.668740959451765704e+00 1.004598351911153653e+00
1.151234226938069094e+00 1.011555959049997178e+00 1.074613521531824656e+00 1.455513695881195835e+00
1.043939823239407039e+00 9.657264578832066571e-01 1.065003458180906915e+00 1.409957358407937233e+00
1.062364607000130245e+00 9.272717100467862128e-01 1.044014533882874352e+00 9.708378286906063082e-01
1.037750030994591732e+00 1.044145439497351724e+00 1.258684425534733364e+00 9.221903686438311931e-01
9.097115101184366504e-01 1.281068039563640903e+00 1.432333538063010225e+00 1.073282615897054315e+00
8.874368435217258044e-01 9.105797526597885216e-01 1.740281620420599973e+00 1.109976043899890463e+00
1.112193582746400455e+00 1.595688864802347728e+00 1.554264941540640654e+00 1.098548635437187615e+00
1.008632326086855047e+00 9.977875917407932338e-01 1.036264990161468225e+00 8.173770783367401149e-01
9.905985168683391073e-01 1.161390131560925409e+00 1.451276182161169936e+00 1.137277153374285144e+00
1.057793803834603974e+00 1.014463009314340081e+00 1.052657956621308788e+00 1.500750749622905555e+00
1.025169238554941353e+00 8.778816997287686164e-01 1.181810254040007946e+00 9.000891682220121259e-01
9.911661499719405244e-01 1.044558718224914307e+00 1.285029136153486684e+00 9.851465889471944237e-01
1.406540225913573749e+00 8.881315767753308332e-01 1.437407368603708546e+00 1.110219939059983618e+00
1.227201398916940134e+00 1.375505543892821425e+00 1.261185078409287730e+00 7.421284473187351738e-01
9.661941827121929283e-01 1.114471535204133890e+00 1.363312013752458807e+00 1.030738956151215246e+00
1.172334424609970061e+00 1.383449174617254140e+00 1.099557564650055497e+00 1.198004283045630336e+00
1.284847165322474671e+00 1.060666062227034079e+00 1.210150045382273998e+00 9.878983024986028871e-01
9.871455337770799199e-01 1.011182957221662626e+00 1.347524150069579818e+00 9.681866826994098840e-01
1.124765472824866164e+00 1.054246452372771259e+00 1.082299111726473528e+00 1.354051063094888763e+00
1.071754255364703257e+00 1.233421938173044241e+00 1.029706582520870439e+00 9.673524406232859585e-01
1.424256266340294674e+00 1.104709254395909390e+00 1.107748865124858595e+00 1.145310298309284214e+00
6.703151433001000026e-01 1.155634820844544830e+00 1.146210283809947494e+00 9.169032108068249087e-01
1.286231260783082586e+00 1.110563796333592146e+00 1.105465845929537894e+00 9.861578058333712038e-01
1.088760632271075002e+00 1.249408569631011323e+00 1.295200756231617234e+00 1.020407232078325954e+00
1.203081911260073023e+00 1.400907652105410017e+00 1.367311826649502349e+00 1.105312741751488304e+00
1.088421294923481275e+00 1.061363558138275431e+00 1.393059765907993075e+00 1.093640629499845529e+00
9.534079921768874311e-01 1.245686202222338279e+00 1.244475019671954730e+00 1.035938575933000871e+00
1.031627136315801829e+00 9.393713671686547695e-01 8.590418580215316569e-01 8.955954955619107594e-01
1.325321418573571108e+00 1.171053176491833936e+00 1.331990312839685942e+00 1.122463478945271875e+00
7.538918839380824855e-01 1.622141770602514077e+00 1.045323938900605487e+00 1.230456962525190212e+00
1.243475385692911050e+00 8.402929473580585951e-01 1.179612429084995417e+00 8.314756704587289438e-01
1.002479221043538926e+00 1.141385830053126771e+00 1.165164315955451668e+00 1.218810740276179416e+00
8.896816700107623710e-01 1.237392346682028688e+00 1.280364081368216223e+00 1.219922046695127937e+00
9.834277771848587424e-01 1.118942045265845175e+00 1.611133925629167019e+00 8.236037335432443429e-01
1.000000000000000000e+00 9.570288369964254915e-01 1.343935988583685015e+00 9.113768713683960687e-01
9.898326117033499072e-01 9.366740290060584506e-01 1.761355454340054472e+00 1.194476404881708920e+00
1.115745271223639090e+00 1.261507231350966318e+00 1.150910483463426726e+00 1.035559929389511247e+00
1.248201461052589334e+00 1.227190888267418956e+00 1.165939274992014996e+00 7.852475891090128224e-01
1.199460769411423433e+00 9.098300636953501330e-01 1.002987097954653128e+00 1.012837965156589082e+00
9.934635016719234324e-01 1.217963415640522129e+00 1.123340604196283010e+00 1.219725051567652319e+00
1.417784470655009565e+00 1.060424166830089332e+00 1.211460235341663472e+00 1.221538613096129877e+00
1.100125163949065454e+00 8.078984838425424808e-01 9.694313398111016333e-01 1.372059209055746631e+00
1.155583852796820965e+00 1.197406174842564175e+00 1.385490925559456077e+00 1.105613226949941685e+00
1.019041924182916281e+00 1.315757281001029844e+00 1.194049107493146966e+00 8.502852928616698724e-01
1.008187432419249463e+00 1.108009561640391105e+00 1.215516304584665086e+00 1.369432283361845748e+00
1.208410447419077105e+00 1.097336852724652090e+00 1.278955324380060210e+00 1.029982693066120003e+00
9.167933335078877199e-01 1.188066554377338324e+00 1.459167659388206806e+00 9.095479407437727648e-01
9.176699535252097473e-01 1.215941409213305180e+00 1.195573572964524711e+00 1.107648137178579351e+00
9.732126868383487173e-01 9.426331943558814430e-01 1.028207818440761701e+00 9.309232640227100841e-01
1.043844924345681324e+00 1.090586039141280938e+00 1.266840663658583610e+00 9.174459146338647120e-01
1.052657705167176605e+00 1.381562838417624617e+00 1.340864056497621304e+00 1.278461427932265693e+00
8.368651493779902806e-01 8.716996210728948924e-01 1.072239303294512780e+00 7.843281409750445521e-01
1.070495926016890031e+00 1.460906607643773780e+00 1.123909647283460878e+00 1.009790358061188664e+00
6.790200031469690867e-01 1.087282128936172043e+00 1.283088810919309930e+00 8.827777777033400941e-01
1.054656778444865051e+00 1.241695897099599932e+00 1.134991761481037642e+00 1.018673793807745032e+00
1.177270733782083356e+00 1.097042267741105803e+00 1.130897856888657405e+00 1.101990855653496082e+00
9.613378185977322632e-01 9.849947037675155226e-01 1.065988991578848299e+00 1.092749956377063736e+00
1.279239641980521203e+00 1.044913828371777820e+00 1.161852792072160634e+00 9.796554213493361418e-01
1.231486654877715248e+00 1.170798672649443928e+00 1.231609151750960640e+00 6.925324344299519375e-01
1.057771946417931597e+00 9.898217926589191196e-01 1.340920559335294637e+00 1.093428419020185505e+00
1.056505465802860755e+00 8.449821938185487769e-01 1.504808831493291477e+00 6.731334754598861103e-01
1.308198232839278496e+00 1.268899358045330716e+00 9.206519912663492233e-01 1.019054908687059502e+00
1.129660504182492087e+00 1.025148152570271254e+00 1.334095819740629629e+00 1.011407308659264537e+00
1.342274411382752053e+00 1.266660163830365171e+00 1.126912703781261182e+00 1.175777565363368637e+00
6.391565409396657849e-01 1.395650356702877071e+00 1.258780177654686749e+00 3.504173057875270558e-01
1.092288797477896534e+00 7.978790625052285534e-01 1.574117121041040290e+00 1.008750694367004597e+00
1.503056525538873700e+00 1.380058622645946809e+00 1.232943937339229024e+00 1.348844726935335636e+00
9.181154239825586316e-01 1.351432949390277249e+00 1.393001378861594697e+00 9.475735796220077223e-01
1.007891325471927946e+00 1.009995429895702124e+00 1.290543022939838469e+00 7.605667937929594391e-01
1.070597562409310921e+00 1.208881164431697686e+00 1.193440666433622344e+00 1.360719698556956958e+00
1.129020167491311843e+00 1.030520533208061584e+00 1.163563761932950191e+00 1.304463452994322425e+00
8.958293110103512369e-01 1.438985057985836757e+00 1.233383987575472629e+00 1.151114880865715673e+00
1.519733417206315051e+00 1.234508882591015766e+00 1.140838615144746049e+00 7.272310908501955495e-01
9.768210337311301616e-01 1.057378366171109807e+00 1.343098242267948272e+00 1.043167829816549208e+00
1.329024477574386687e+00 9.524511365127922291e-01 1.101743536003481960e+00 1.305870235787437217e+00
1.021680524639793752e+00 1.175252208526718078e+00 1.466090397672974444e+00 1.129967942834330330e+00
8.091900253673247612e-01 1.079722017433017767e+00 1.324061476571107177e+00 8.358494522032693386e-01
9.784150045324239153e-01 1.332578793198747613e+00 8.863504606025280896e-01 1.260666494736403687e+00
1.118497697484895914e+00 1.357602955771233244e+00 1.063041194979750470e+00 1.066886425802275440e+00
1.034833888100366694e+00 1.254901320391367037e+00 1.198760910248358069e+00 1.046367484045695795e+00
9.981726346821965246e-01 9.840151188335422017e-01 1.163814934090529052e+00 5.510303559502978121e-01
1.209303464483214130e+00 1.025433490456809871e+00 1.370122485414811742e+00 9.741029605334003971e-01
7.394893926683137053e-01 1.034723258350232600e+00 1.283223931708137311e+00 1.024832614506806738e+00
1.369379939563860393e+00 9.578086730539731031e-01 8.650606046510337377e-01 5.187288119656862095e-01
1.157141735985961484e+00 1.127913702381972083e+00 1.290888332586554110e+00 1.113235748532316105e+00
1.093733824466890825e+00 1.085972155943533357e+00 1.070321051173620752e+00 1.196925540130890697e+00
7.577835512923702943e-01 1.207081417825354386e+00 1.223888085867027797e+00 1.186892860230126301e+00
8.349020644777521705e-01 1.188596688155053593e+00 1.108830000935610238e+00 1.067667410180730414e+00
1.147719200970785947e+00 1.127354762978514779e+00 9.598186368088625908e-01 8.559508541002889270e-01
1.040205952327202699e+00 7.346062011507342726e-01 9.712645100357982786e-01 1.012909881602513718e+00
1.167094882800344013e+00 1.123002013408138433e+00 1.307925777769814557e+00 9.867012119320763830e-01
8.641637232295849014e-01 1.255093197915072789e+00 1.106062763507710489e+00 8.451473834004081809e-01
1.122106261255334081e+00 9.146339037521901139e-01 1.410420701238656482e+00 1.158108596836743720e+00
1.060552004147799376e+00 9.983098396621197246e-01 1.156308990331103015e+00 1.099895867035794117e+00
9.434446068039537003e-01 1.126624635466825897e+00 1.343106978981464028e+00 1.158760952564058089e+00
1.019769203812845415e+00 1.368076248756377788e+00 1.176563453075709642e+00 1.068990618977250895e+00
9.850719845005626585e-01 1.618114194105878090e+00 1.198287387397004355e+00 1.456040637714496100e+00
1.091044374501413117e+00 1.135757269669680491e+00 1.716383064897564426e+00 1.224153622739567737e+00
1.264645522342930706e+00 1.029711462931048427e+00 1.526611551208185702e+00 7.351504437244616996e-01
1.250909563188891793e+00 1.136366764455279066e+00 1.068330965448676562e+00 9.999731878607774904e-01
1.367375689397218208e+00 1.054211653723208020e+00 1.133877071102775247e+00 1.135774995469493787e+00
1.348631386395273246e+00 1.252649309044532089e+00 1.251401387941431409e+00 1.391807622421373125e+00
1.165065703391631402e+00 1.444194719066431931e+00 1.610788097683450104e+00 9.755835646252351001e-01
1.138833537425709919e+00 8.971469887633931606e-01 1.136230920107601294e+00 9.615952763168627015e-01
1.216650032494494438e+00 1.116310468065413453e+00 1.437279299396762022e+00 1.279614006914038704e+00
1.326237913521367773e+00 1.237585587324916414e+00 1.073322791944528065e+00 8.987727746081063396e-01
1.104389789016938517e+00 1.014827495650839628e+00 1.606686340137152724e+00 9.576279373405081063e-01
1.096408881383004408e+00 9.557298895682873052e-01 9.822238867691901465e-01 8.461496194343729460e-01
1.222327562147867308e+00 1.457121017456515899e+00 1.221543467193505705e+00 8.166232343592361165e-01
1.061884269896054223e+00 1.073504684190863978e+00 1.058155531733619981e+00 1.127460846148328200e+00
7.999632394375875144e-01 1.065807297207420623e+00 9.312775218502541419e-01 1.044786274157760486e+00
1.000699874227745090e+00 1.178800279896291547e+00 1.011344254934980924e+00 1.293185722317906183e+00
1.150966758424074365e+00 1.014335082382443076e+00 1.137830270636595031e+00 9.150105549578140263e-01
8.430218046644351038e-01 1.251653196606347773e+00 9.708414143416941311e-01 9.972173814282878634e-01
9.095915470941269287e-01 1.396034690643384479e+00 1.399783761751177247e+00 7.852522637354377721e-01
1.259134908022923272e+00 9.257458382995638058e-01 1.320602758755002881e+00 1.443672005546008830e+00
1.344050279598706821e+00 6.737620983556839027e-01 7.778215463024504839e-01 1.107639881241788693e+00
1.515526876672206757e+00 9.476447957404195988e-01 1.263205483160414033e+00 1.048489882698984133e+00
1.202341922068019597e+00 1.244452445495857651e+00 1.144386860142583728e+00 1.181090181374714332e+00
