1.353026530029110885e+00 9.173736076060988731e-01 6.619733228069272224e-01 1.172951146306752346e+00
1.382394688655842030e+00 1.030169973439221787e+00 7.944275238557149121e-01 1.013473336791174129e+00
1.214679892805345496e+00 1.408102142747489793e+00 1.102847511527676572e+00 8.890254572445396297e-01
9.812689297920644815e-01 1.134480785705918038e+00 8.893078248574496358e-01 1.194177543652491513e+00
1.089438774375946162e+00 1.180602202741809936e+00 7.570775129596122310e-01 9.347896373057535957e-01
1.386581705602818237e+00 1.332695553123643073e+00 1.164517781274773789e+00 1.234786826641936841e+00
1.330033798857471528e+00 1.224471593052461671e+00 8.898962104836746212e-01 1.090169938078292988e+00
1.361957483838883265e+00 1.021817154882343814e+00 9.306627346877565099e-01 1.259673420819050760e+00
1.220504045973201723e+00 1.108470450717053746e+00 9.042575061603049802e-01 9.783735725437624486e-01
1.049506781831028634e+00 1.198933523890580055e+00 9.543936322162448471e-01 1.216811382943266517e+00
1.311130603559497398e+00 1.354702744115814594e+00 6.180340059385258655e-01 8.483949980563860738e-01
1.115993860520538172e+00 1.183375795463077251e+00 6.459797976573860012e-01 8.629892007266395382e-01
1.414825695983603415e+00 1.025542268456118178e+00 1.208352747106425928e+00 9.087114091996209009e-01
1.145844521896365764e+00 1.137224461807769149e+00 7.820524216265511974e-01 7.660536421526048523e-01
1.123552684865150475e+00 1.148262610340327283e+00 1.103995241684394557e+00 9.828685899080757959e-01
1.386491078153913925e+00 1.090703707160030067e+00 9.676445831617667137e-01 8.420372578928008167e-01
1.503064935633782628e+00 1.023660658128760614e+00 1.251902376719695287e+00 1.156605532130437153e+00
1.354707402164555985e+00 9.463442415268126240e-01 1.260069217010133080e+00 1.199582613233353356e+00
1.140637875613579100e+00 8.164089583227510660e-01 1.055501087924984649e+00 1.126893831168328974e+00
1.424513177774459072e+00 1.608976766710519479e+00 9.077172776816597732e-01 9.574825992473509073e-01
1.377601895228090623e+00 1.076126134150528824e+00 1.093886001574253086e+00 8.195486030569628655e-01
1.157888700740127508e+00 1.061408448054669940e+00 1.104338107912726130e+00 1.097119073818870749e+00
1.103132605125527244e+00 1.002430211817796790e+00 6.764104056601715209e-01 1.137279811430206511e+00
1.177719568864504796e+00 1.020410687479968104e+00 9.149411411420482754e-01 1.169926478003483927e+00
1.202173513208822930e+00 1.273276104998723790e+00 1.226032721807486681e+00 7.799440770995740291e-01
1.061873885431027675e+00 1.153662766606822432e+00 1.007854459414696535e+00 9.351724737984020708e-01
1.422231674567650650e+00 1.153395279733513190e+00 9.128955349261097529e-01 1.097719178505164539e+00
1.157864644469632109e+00 1.275499375054585771e+00 8.867379809069719787e-01 1.253642204694056073e+00
1.067256257768626870e+00 9.485965582513874450e-01 1.202987162450068537e+00 8.840951820088287505e-01
1.387665324955312363e+00 1.064997460033343168e+00 9.478776961243374766e-01 1.005006823248776326e+00
1.162722192539218158e+00 9.813234519483635676e-01 1.146910881027725981e+00 1.276217709919603482e+00
1.608463498393783109e+00 1.043673688267528377e+00 9.681045910258796461e-01 9.840546014762495686e-01
1.213310295225327851e+00 1.255013836564028207e+00 7.249817141643286611e-01 1.458699369486547992e+00
1.175293052957069762e+00 1.620053663209870543e+00 8.625993132261041696e-01 1.305798905807890931e+00
1.255743903476324919e+00 1.527753946196852119e+00 7.511448682170449587e-01 1.048108768637257882e+00
1.484072900319174382e+00 9.124306928074614742e-01 8.799665815868910057e-01 1.031531616868246237e+00
8.672365293219868043e-01 1.089272778112598150e+00 7.039908564998218488e-01 1.218433395340197789e+00
9.402911990967501854e-01 1.015847905800056461e+00 1.115903985627276995e+00 9.846403553639198059e-01
1.278552142707450212e+00 1.261380947447346301e+00 8.656238933367395028e-01 1.156503686497666994e+00
1.374418400324043610e+00 8.527914786968060490e-01 9.650862057648172954e-01 9.669584248084603928e-01
1.259482169496590309e+00 1.224388299537373825e+00 1.102156440208780008e+00 9.574152566870248737e-01
1.245227309485407385e+00 1.075833220430661319e+00 1.155166094968136825e+00 9.263353867118864216e-01
1.223936985666147725e+00 1.326493511768107592e+00 1.169660175448753225e+00 9.926936265370845947e-01
1.290415543516709729e+00 1.094741374230286723e+00 1.002438203205722411e+00 8.733038920130139493e-01
1.378666004180748361e+00 1.367214087976893699e+00 1.475989798568510203e+00 1.033282441283221331e+00
1.504471299324671829e+00 1.227733614809594753e+00 1.072280152245847384e+00 8.710669811117002226e-01
1.381966000000000028e+00 1.212021596388608957e+00 1.027116581621839941e+00 8.283931420233917597e-01
1.086765941349720821e+00 1.049639683685108071e+00 1.204122581872360431e+00 1.024089264946595135e+00
1.043257779609920055e+00 1.229830268719310116e+00 1.007410727888428115e+00 1.100948302150978275e+00
1.272406175703921560e+00 1.434617513554589774e+00 1.645785281511434661e+00 1.098568796841577599e+00
9.430619774605961680e-01 1.115750738134152931e+00 1.164759201327216109e+00 8.709982763226405966e-01
1.238056896155752984e+00 8.508249766821023297e-01 1.011714749809343727e+00 1.083839254850970324e+00
1.357697728340525156e+00 1.087962175251805164e+00 9.321434180464026609e-01 1.001103006135734885e+00
1.054292432146292091e+00 1.122053351827561274e+00 8.625748567234663433e-01 1.039626965340428866e+00
1.233978887209794761e+00 1.147758899703412716e+00 1.141223971766715195e+00 1.279099228260818011e+00
1.277658957568419407e+00 1.340022737854841051e+00 9.420940089203205803e-01 8.420245201971039428e-01
1.108328372464943756e+00 1.386990998092101357e+00 9.120635119669406876e-01 1.145924389486649542e+00
1.120287553571506223e+00 1.013801953831186431e+00 7.944693310625370319e-01 9.931961896218495234e-01
1.223395023398420323e+00 1.359878191893237442e+00 9.983537373980930774e-01 9.718605786324339135e-01
1.371885371517582275e+00 1.030875248157342661e+00 8.851029162523451621e-01 1.323614922236836300e+00
1.274910953166433325e+00 1.418991359602019608e+00 1.130986987273330246e+00 1.172439796229930220e+00
1.319905108376043579e+00 9.871762717396368458e-01 1.018870594275294694e+00 1.166827653639570750e+00
1.264438390969877979e+00 1.149921568816432593e+00 1.139448864103524306e+00 1.091452886272493705e+00
1.262661146428690762e+00 1.187810154533758489e+00 1.069362751427551217e+00 1.231556862695161625e+00
1.274714789555022376e+00 1.300430598368570667e+00 1.127646657685685616e+00 1.039344813179440052e+00
1.115461303696111628e+00 1.136049750200383013e+00 9.659024474936962479e-01 8.821949579206479486e-01
1.350336180302232458e+00 1.394679431409975079e+00 9.957876115191526267e-01 9.858507504252396192e-01
1.259726701272010363e+00 1.318031267153116026e+00 7.351241384581144178e-01 7.669787982558557982e-01
1.249702008026847722e+00 1.095310195493673255e+00 9.769466738735494982e-01 1.148966310704157223e+00
1.140321961883529411e+00 1.046211242382448114e+00 1.182241327804842035e+00 1.034982873767897882e+00
1.390615613212110135e+00 1.211046297343131517e+00 1.195236763533298774e+00 9.077563794681191567e-01
1.151405317282753860e+00 1.346355126297414495e+00 1.128588423763779547e+00 1.096650025805552930e+00
1.108450403435291332e+00 1.117225792197972245e+00 9.450014180200325686e-01 1.119996661766738510e+00
1.109175539289987800e+00 9.560184621920164716e-01 1.049148880754312563e+00 1.258203513788181294e+00
1.268427933205654501e+00 1.109089032534405606e+00 9.817408996338794491e-01 1.000069828781771308e+00
1.104461688809007303e+00 1.073061516672237259e+00 9.463489980955420711e-01 1.228980229302753857e+00
1.207309006114294370e+00 1.035198561505936699e+00 7.014882113330902502e-01 6.939555448015862771e-01
1.255306310083645016e+00 1.151056825281570051e+00 1.026999671481820364e+00 1.081125185393138732e+00
1.082052306488468174e+00 1.008517833487412529e+00 8.497776986544894884e-01 1.459114156991817790e+00
1.230170949916452150e+00 1.133055716159905080e+00 7.639317321791408988e-01 1.034742438429941069e+00
1.344915186597756662e+00 1.050962955376240737e+00 1.033655863124694818e+00 8.966824367552665986e-01
1.170592076332542142e+00 1.044633259780809009e+00 1.221202430851721754e+00 7.070219238511565862e-01
1.241036206324671598e+00 1.154518013284687061e+00 9.480179497119358700e-01 1.139331218474215257e+00
1.488254611095304325e+00 1.256904458408258485e+00 1.041376851728278874e+00 1.015463988682733909e+00
1.666675740994397525e+00 8.329612486816875272e-01 7.970185179222378791e-01 1.527864025156000061e+00
1.231802044792333684e+00 1.345518348797487995e+00 1.106063990122243990e+00 1.104677344414817464e+00
1.193568225752226875e+00 1.290346163088005316e+00 9.629979967014026254e-01 1.112919752568605425e+00
1.108577894234989092e+00 1.525844663804072798e+00 8.268508763655533222e-01 1.151073002309594973e+00
1.189156473069251430e+00 1.588604696452655229e+00 7.456459105637919249e-01 7.603603587912938222e-01
8.703595094556770828e-01 1.096375171487156130e+00 9.347679629225466025e-01 8.947227489285385360e-01
1.061042884447674473e+00 1.716783842655031034e+00 9.942150741998864172e-01 8.173064938019100056e-01
1.109344724074373678e+00 1.435732667304420840e+00 8.017385225103891289e-01 8.776351903048557057e-01
1.223249637090792374e+00 1.092190050927461131e+00 1.127976123020951960e+00 1.129969685533890988e+00
9.915024556987290794e-01 1.376920519965498801e+00 1.041631200611365715e+00 9.651889452442331541e-01
1.638240192378467075e+00 1.176948251928468192e+00 9.237321903356858765e-01 1.119275385552298774e+00
1.357592639091327991e+00 9.780553538629785937e-01 1.060268205565899402e+00 1.317898557887556832e+00
1.199025933791474818e+00 1.046684320655608680e+00 8.569460714677050728e-01 1.253035713800564777e+00
1.271204790141175156e+00 1.156178544401078589e+00 8.818851405845600233e-01 1.012220885560945138e+00
1.068710190382058167e+00 9.265993376976872087e-01 1.230258850527718995e+00 1.279452207520263229e+00
1.175676430912950599e+00 1.363446684357896954e+00 9.516535576399559604e-01 1.384662967100607434e+00
1.094379956866268433e+00 8.227809411508879567e-01 1.145391010196507908e+00 8.628879523811100460e-01
1.320784441511331897e+00 9.938870836908204609e-01 1.151873914887301842e+00 1.065338463228566290e+00
1.368308667198286699e+00 9.970200418551313781e-01 9.312107906484197173e-01 1.235392043102073512e+00
1.325078794311497443e+00 1.168167186618221276e+00 1.231836345344909489e+00 8.356812276632880065e-01
1.453188082674677473e+00 1.241929382490339684e+00 1.145898025156000033e+00 1.018391577119290181e+00
1.211264009043722334e+00 1.053643729986611932e+00 7.697381656731994148e-01 1.197685371446229441e+00
1.147199557099225498e+00 1.165691846307769231e+00 1.373949571456147600e+00 1.104626802392921991e+00
1.029075719145330137e+00 1.317450759019476614e+00 9.394887697230208667e-01 1.018099782584278357e+00
1.240230188617485352e+00 9.539565695060429062e-01 1.127682978030546179e+00 7.187506048185777763e-01
1.110194923253378985e+00 1.268282917940150689e+00 1.127360365503224049e+00 9.275888593838019780e-01
1.333166755731035824e+00 1.458186791505693636e+00 1.098722065751585486e+00 1.156972545918949935e+00
1.240456575632266745e+00 1.034479036825792786e+00 8.827616131254129028e-01 8.662505063592758070e-01
1.410710963559084652e+00 1.168064485754486403e+00 8.077364214911866291e-01 9.615011950661883633e-01
1.171438696549196967e+00 1.241349005453832754e+00 1.047885975072625930e+00 1.060886300301991270e+00
1.318931537118800401e+00 9.649063909553606821e-01 1.019261235824036937e+00 8.405895671359081556e-01
1.271286196069381536e+00 1.233648447958624939e+00 1.143111620507732740e+00 1.145865195208802589e+00
1.268761426302764006e+00 1.053445833914798069e+00 7.967328326002042216e-01 1.053011631727728936e+00
1.164390315704532108e+00 1.178552108823211375e+00 1.117242999103990941e+00 1.181079181586242255e+00
1.274075415700749669e+00 1.555451297788785547e+00 9.822246720036251766e-01 9.672626193056910182e-01
1.581371226471082858e+00 1.423280179910394017e+00 1.152828850279520312e+00 1.201483327207703677e+00
1.036064190071725788e+00 1.441880189638325760e+00 1.226680111845680710e+00 1.044532765105974370e+00
1.458931563926273434e+00 9.708041652505415842e-01 9.436356118342182908e-01 1.432770987041240840e+00
1.357579268981460752e+00 1.067362520744180587e+00 1.039226768775552756e+00 1.144047391477238440e+00
1.096983549328172991e+00 1.207708872602560657e+00 1.019351248154514833e+00 1.333189046493325369e+00
1.270924737161625462e+00 9.911241175457308206e-01 1.293109117127945407e+00 7.845413558793074005e-01
1.244532546213982682e+00 1.151321602149870893e+00 1.310068641752455187e+00 1.124895240990748890e+00
7.921431081564946908e-01 1.381016059725379108e+00 8.908552243610710075e-01 9.857655853692948167e-01
1.343279142034826901e+00 1.125608590712782853e+00 1.020737369765974067e+00 1.349266687232478557e+00
1.259623987765694064e+00 1.030080494353092568e+00 1.108469041500986796e+00 1.050834436256156135e+00
1.183926324960096421e+00 1.279529173380986817e+00 1.165340952196086022e+00 8.905146703083874904e-01
1.191585381483027284e+00 1.113058050983225078e+00 8.662189894394060063e-01 1.066042057626188422e+00
1.618033974843999800e+00 1.334102959604728245e+00 1.238488342234039807e+00 1.013441357712870694e+00
1.210728402517808888e+00 1.012933457322710007e+00 1.066923227663894469e+00 1.361137440018682199e+00
1.287116084469709820e+00 1.579946415729949649e+00 1.103133800173831780e+00 9.936281387662102560e-01
1.301424053788965640e+00 9.919844093462566459e-01 1.271468119724097123e+00 9.488570043606764370e-01
1.063095337743235946e+00 1.381966000000000028e+00 1.104868746721451300e+00 1.018643856595466524e+00
1.234775750399286665e+00 1.486737731920889205e+00 1.059930910953265082e+00 1.097825105351089237e+00
1.179450190919718366e+00 1.275975148680588367e+00 1.148788920638185385e+00 1.381656937983718469e+00
1.145925300324959428e+00 9.204413018263013502e-01 9.887350205540001991e-01 1.431834347015756626e+00
1.326809417799021285e+00 1.413227101371525407e+00 9.134970916312886713e-01 1.007153954872447521e+00
1.241073850736503115e+00 1.202676500584827890e+00 1.323480977283443494e+00 1.155401394116243985e+00
1.616280006536689351e+00 1.183136799838697684e+00 1.288444575470923059e+00 1.523385238892985161e+00
1.344145183457835069e+00 1.381966000000000028e+00 1.014946668682370934e+00 9.738127095014902368e-01
1.328620581751626784e+00 1.067018429565497417e+00 8.008615608593740998e-01 8.287560404029024053e-01
1.237997051764269552e+00 1.234181320683918281e+00 7.819758049427716351e-01 1.143363643611100766e+00
1.157897398382104592e+00 1.483426232604355688e+00 1.229223907599011012e+00 1.218512682898144073e+00
8.146167141294471392e-01 1.064956904574225982e+00 1.030208975056412957e+00 1.011774215319140913e+00
1.106443706143340533e+00 1.062808050682665151e+00 7.191844084315095476e-01 1.040688534703769319e+00
1.199973841173465949e+00 1.227257731386217632e+00 8.391967094153998108e-01 9.478948240881706067e-01
1.210267956253913146e+00 1.183264675769681640e+00 1.026905984537341832e+00 8.926136975523123462e-01
1.438168672847007112e+00 1.067107139947371497e+00 1.008796672394208560e+00 9.999427220968154506e-01
1.139224675569693757e+00 1.358867448768480646e+00 8.044114861779854131e-01 1.090434965944243384e+00
1.376914589863587945e+00 1.321115133225581051e+00 1.032491187997931270e+00 1.143998842826059237e+00
1.150425375772240466e+00 1.014836663219783830e+00 8.388896635307182548e-01 1.026792799944221901e+00
1.116129861763826669e+00 1.194646580250364520e+00 8.274357826480785993e-01 8.990043275626501407e-01
1.132808918894172345e+00 1.033248473313278293e+00 1.111477081048193538e+00 1.114121248168417511e+00
1.347498507456948769e+00 1.086278411450343651e+00 1.028562965518749817e+00 6.893268792117481780e-01
6.180339903912630550e-01 9.918932579589032628e-01 9.350478502969881145e-01 9.291519068991404007e-01
1.177906904419885992e+00 9.652781278054174408e-01 1.125668108154501912e+00 9.360561273290471940e-01
9.307688856035638558e-01 1.438427222374786929e+00 1.104584907692731210e+00 1.018926454032337503e+00
1.313459924689063696e+00 8.868444749100099500e-01 1.102689042716008982e+00 1.004905757203449213e+00
1.255202721137099964e+00 1.216440122998562190e+00 8.530733401476486844e-01 7.887449016582908090e-01
1.363276847470884956e+00 1.240836190395575134e+00 1.371399222611639601e+00 7.749571692522100319e-01
1.208728959350131138e+00 1.311039623203489102e+00 8.634307318288304556e-01 1.028881850739901349e+00
1.248705039750008794e+00 1.032216894880285007e+00 1.188384216887177658e+00 1.221511013676524371e+00
1.410761475538280685e+00 1.060497555573052697e+00 7.873135829181656664e-01 1.169387482588182259e+00
1.114140542073253082e+00 1.132421576651530648e+00 8.715509090551439852e-01 1.045072889871465183e+00
1.333533775951173173e+00 9.100857376945362676e-01 1.013850720482372569e+00 9.099826889765022520e-01
1.273062295160150903e+00 1.136969966389017150e+00 9.859102363477907360e-01 1.030583749618045886e+00
1.288627107036828034e+00 1.243503002052531503e+00 1.380793110450812433e+00 8.203899026651447768e-01
1.126460364659333191e+00 1.099892047002341222e+00 1.107769160008762910e+00 1.124622542634726496e+00
1.221042651766261145e+00 1.223688641597300508e+00 7.692507278941662641e-01 9.773582349247424972e-01
1.114085610749734556e+00 1.150245906210664915e+00 5.777375189887001827e-01 7.410204190883201703e-01
1.172452840656977413e+00 1.172701468753343024e+00 1.406265107176908780e+00 9.966484452171733288e-01
1.399794964632451899e+00 1.270119098855510220e+00 1.171322277181626736e+00 1.221469865286100909e+00
1.347524147801264949e+00 1.204151404482892707e+00 1.259131538354389734e+00 9.290480065907955609e-01
1.147880565868194092e+00 1.090042731329555759e+00 1.274141113222418520e+00 1.090803425407995686e+00
1.226247658364252091e+00 1.016232767042115626e+00 6.485804736427969175e-01 1.191502385979312573e+00
1.224656138548017914e+00 1.169084592056770511e+00 8.802170153854570467e-01 1.020731711535585839e+00
1.076343863716930471e+00 1.074812636729019388e+00 1.130410527945372667e+00 6.167514453068159153e-01
1.289529261626592094e+00 9.511149660699680375e-01 9.903229287576373885e-01 1.134891108444755048e+00
1.460591087794178344e+00 1.323548252221303567e+00 8.223996998072784503e-01 1.216207581212750855e+00
1.124830665070243096e+00 9.855493262601926485e-01 1.371965999990000018e+00 1.391966000010000037e+00
1.013773494457284929e+00 8.404356712559037934e-01 7.818990246022186064e-01 9.580183675186286774e-01
1.052198466635192897e+00 1.141625038907669865e+00 8.738171950291369061e-01 9.544009234675308040e-01
1.124976701637708354e+00 1.067563818546064969e+00 1.000808222526403890e+00 7.081808723733814537e-01
1.291774287190825987e+00 1.021054362999687770e+00 8.711457821167545301e-01 1.061739699955648764e+00
1.353533007731454019e+00 1.092884705685196023e+00 9.829167620357494028e-01 1.268531176653428849e+00
1.286915341073226804e+00 9.707176001363247986e-01 8.599393686377518886e-01 1.175881889072375230e+00
1.203145689227771875e+00 1.122018806217853326e+00 7.877755310451044490e-01 9.120219100268764922e-01
1.381966000000000028e+00 1.387855675331431504e+00 1.024483767825373093e+00 1.141045453513205299e+00
1.262440255550329571e+00 7.303918878786176405e-01 9.258171645154232854e-01 8.256494547782509130e-01
1.705912587865668684e+00 9.303945813582068514e-01 9.337151137116609378e-01 1.351535797941055606e+00
1.245173741303896797e+00 1.103081630276972147e+00 1.102625679699879235e+00 1.288723233903183329e+00
1.222308779088317587e+00 1.084144968617493099e+00 9.961948797880455508e-01 9.800567890897631251e-01
1.147659061025684268e+00 1.086600423841590279e+00 1.030397668089097829e+00 1.006830553984296550e+00
1.427890960034160273e+00 1.197673302682756624e+00 1.202753735409506808e+00 9.961090351131686171e-01
1.477268778219370082e+00 9.119677981092174646e-01 1.366155023147486158e+00 1.200362851497459582e+00
1.246363957856464033e+00 1.218339405289010635e+00 1.105860295288506379e+00 1.017022178073885064e+00
1.111461278533694363e+00 1.184117047517551535e+00 1.112708154518767589e+00 1.281354730160872313e+00
1.195898488694626005e+00 9.264113174209156476e-01 1.544898437128461532e+00 8.912314627232461595e-01
1.254707089108607621e+00 1.054608684955956610e+00 1.210371877857058909e+00 1.070980497362473027e+00
1.255681246803812989e+00 1.019690459604177812e+00 9.342852369352322439e-01 1.050123967480015352e+00
1.184149179362222304e+00 1.141258718228005842e+00 1.078045373696422171e+00 8.986551817480248339e-01
1.067732340767395094e+00 1.093966766438917659e+00 1.167153465661396883e+00 9.030216552328788060e-01
1.114258393962375360e+00 1.260540215310757439e+00 1.181079204982826925e+00 1.292387251326258202e+00
1.126603836900284650e+00 1.288666578913505889e+00 9.066020880338140353e-01 1.221475359506322356e+00
9.762376347677889088e-01 1.033404576920241791e+00 1.124316152384835732e+00 9.189666754801683046e-01
1.349607601381711985e+00 9.640548001028597103e-01 1.002585776642674009e+00 1.049557186478246695e+00
1.223532005767634434e+00 1.363486947202858124e+00 9.758929150508386385e-01 1.127693899978633674e+00
9.462797879131583656e-01 1.189733481413541849e+00 1.144534199123005358e+00 7.901577409823268283e-01
1.049565895641905167e+00 9.249382240052914650e-01 1.003981807330028619e+00 1.402427133111452839e+00
1.084817000660747377e+00 1.147468502864202655e+00 1.162811757565720194e+00 1.327895713916178000e+00
1.694894272961930959e+00 1.312553849424573871e+00 1.064707851693809548e+00 1.253125790052007194e+00
1.321005157981585576e+00 1.131378708712129866e+00 9.924765815723973761e-01 1.158965337942486906e+00
1.113574964875804874e+00 1.417344024695493809e+00 1.331308688349094549e+00 8.608986890628919086e-01
1.335610316451876445e+00 1.008812960781375612e+00 9.139647047979260197e-01 1.043834429339290493e+00
1.363964290498923759e+00 1.642874527397810258e+00 1.110361451104230124e+00 1.216400664500152828e+00
1.044844976767472344e+00 1.076417631484439807e+00 9.676608927356655787e-01 1.224907509370300129e+00
1.589602603886746790e+00 1.207014308004531911e+00 9.782199137342258988e-01 1.094674649119633525e+00
1.247641230298245807e+00 9.790451693105907127e-01 9.370189856652731963e-01 1.045765971053750576e+00
9.995478632770864458e-01 9.171536103342928792e-01 9.512260158318808223e-01 9.908564538738691141e-01
1.378982727527621410e+00 1.142721826592145273e+00 8.905339696748377776e-01 8.248714015916447373e-01
1.268398020691811290e+00 1.188456038302775131e+00 1.199122360138703103e+00 1.433153299327343255e+00
1.124050870085360199e+00 1.198026099301368497e+00 9.734930974618098976e-01 1.081057176445609391e+00
1.231952029902482426e+00 9.906080299286975643e-01 8.289487999083579028e-01 9.496488798613036408e-01
1.381966000000000028e+00 6.814343751360034673e-01 6.779272762205923453e-01 6.180339999999999723e-01
1.365456407904039882e+00 1.069728333640418416e+00 1.182273257254896182e+00 1.252479602551883175e+00
1.595414289099204908e+00 1.253566193605450518e+00 8.906196815620619489e-01 1.365100698615620001e+00
9.214177609561007287e-01 9.992668627317907726e-01 1.122410946809376364e+00 1.038495226777109037e+00
1.331182792638841983e+00 1.091784025481752129e+00 1.167113777565785826e+00 1.344474308534817864e+00
1.562747070595991383e+00 1.008595564622072560e+00 1.084617575321248806e+00 1.311611268023858967e+00
1.053598066112920950e+00 1.208406366163861989e+00 9.649960409419493512e-01 1.081992388457112542e+00
1.341182848578060582e+00 1.381966000000000028e+00 1.004539673035381053e+00 1.133687717141971252e+00
1.092059043676478325e+00 9.373520981681306985e-01 9.844522429915787409e-01 1.224626218597752558e+00
1.220280075217018201e+00 1.448459872190720032e+00 9.495755037298574397e-01 1.180822122965018428e+00
1.158216411294989534e+00 1.182087345597135020e+00 7.226583441578620093e-01 1.175850868812462702e+00
1.289110838325289832e+00 1.294409437306986987e+00 6.180280391412543706e-01 8.147905226290497183e-01
1.056996372744684498e+00 1.353148750907705145e+00 8.323379419715571936e-01 1.130089821058328337e+00
1.094836061498778212e+00 9.315574326494383550e-01 1.073935765994254554e+00 6.658217788302323026e-01
1.161459164394597732e+00 1.301042613685153837e+00 9.382064882218973390e-01 1.222211889986090094e+00
1.208424114398617411e+00 7.638885867774214411e-01 1.142390102528266782e+00 1.414258796795029749e+00
1.071947675364373520e+00 1.235369688627796503e+00 9.593618402178055726e-01 1.097543258886948703e+00
1.291828665521555397e+00 1.148301411049161613e+00 1.068658538778854084e+00 1.036947087971312298e+00
1.313673447521432891e+00 1.326076454197414378e+00 7.454486820014835091e-01 1.488507151597294298e+00
1.021069714916889248e+00 1.178709244686752644e+00 1.036751007697067184e+00 9.003777533914227860e-01
1.270916964254093617e+00 1.102183668553175178e+00 8.563718608479053973e-01 1.065931219594703494e+00
1.431628928580649163e+00 1.170985719093795563e+00 8.062118787040813972e-01 1.246585724184446686e+00
1.375889403376940878e+00 1.068019921402254990e+00 8.047958561647047260e-01 9.733321800714167527e-01
1.522691965877295495e+00 1.015193975456079256e+00 7.626201639023109102e-01 1.093153794005429891e+00
1.381966000000000028e+00 1.381965999999999806e+00 8.484636789609608654e-01 1.073675850604597359e+00
1.222253518162872199e+00 9.798931907458581225e-01 8.776483817289097988e-01 9.939885688034919564e-01
1.028230443331673349e+00 1.195136324005362960e+00 8.552501494459617826e-01 9.126991184003364621e-01
9.488451160255374495e-01 8.224110503887539503e-01 1.055190280906026956e+00 8.110637706482461962e-01
1.418255709684362431e+00 1.587502937994661467e+00 1.284409329328132454e+00 1.149951133353785737e+00
1.180057515741218754e+00 8.958169235062760638e-01 9.973100465167786810e-01 1.505538012495014621e+00
1.310365909840280230e+00 9.828709326219129405e-01 9.012306441441738647e-01 1.042045283400801825e+00
9.920319749078576610e-01 9.295304358792644273e-01 1.247736065633284097e+00 9.207359978786310295e-01
1.330207334070004466e+00 1.394459665017169447e+00 7.790507586326469447e-01 1.016623493535551814e+00
1.307240476452651956e+00 1.201431180487362527e+00 1.096754127563758674e+00 9.598089807390308703e-01
1.192790193634962304e+00 1.138215252856642490e+00 9.156059559803100267e-01 1.198673941842578028e+00
1.113827766799717844e+00 1.101390510551890412e+00 1.029723022127951193e+00 1.057791568660626069e+00
1.256545737209524560e+00 1.392503626522731297e+00 1.250210269370802596e+00 1.003650841286914730e+00
1.183906270869992561e+00 7.202028362963307506e-01 1.017448685112031237e+00 1.312043673219549955e+00
1.174475604513562255e+00 9.504649038493024893e-01 7.228655925579278163e-01 1.034970580764198678e+00
1.763754179644590137e+00 9.825063580898537596e-01 1.431820339026035560e+00 1.088520313594327549e+00
1.370714290892941500e+00 1.026977910211787304e+00 9.625516062475025780e-01 1.381966025155999978e+00
1.017160240812171379e+00 1.122969382085104328e+00 1.214141343284421470e+00 9.773861584441010386e-01
1.347307791729422055e+00 1.098887913520490756e+00 9.717031269782969716e-01 9.449798851441660874e-01
8.377737733584212920e-01 1.075624688358333803e+00 1.091018104937458100e+00 1.310839049306034454e+00
1.381730411625680777e+00 1.295708556828115032e+00 9.253380754845828005e-01 8.737694525122013944e-01
1.306676894044144888e+00 1.017623121406378672e+00 7.676172658788933401e-01 1.007249966290620469e+00
1.069044502206207392e+00 1.282822246705473956e+00 1.050349647890740146e+00 1.417671520526817774e+00
1.109606745898265912e+00 1.302225166115796862e+00 1.099118041667629164e+00 9.055505785132705876e-01
1.161538899658526303e+00 1.055868901629498202e+00 8.324117406848288159e-01 1.247466229900363599e+00
1.308507714371000885e+00 9.531779010888044024e-01 9.522181045352731132e-01 1.066323511799376123e+00
1.657751368494383870e+00 1.130486738483899689e+00 1.028364957198224960e+00 9.843464721145070984e-01
1.253684274273920707e+00 1.072460148805623348e+00 1.103980192380495495e+00 7.336502153808295290e-01
1.083908685919222403e+00 1.079643050490483702e+00 1.246468598769289837e+00 8.997285466571548485e-01
1.177277190534861129e+00 1.614694166743773973e+00 1.186297210652550005e+00 1.139490588855446518e+00
1.250124863972442935e+00 9.478436829853807977e-01 1.283735131383188177e+00 1.172725048790980606e+00
1.070828598389944819e+00 1.070782187948859709e+00 7.380626579040429069e-01 1.010966528597582403e+00
1.099700131331342812e+00 9.850213302274740679e-01 1.085188998228197699e+00 8.910143232574807559e-01
1.363481607141794116e+00 1.444646363456207894e+00 1.253225014183117603e+00 1.177932529388979521e+00
1.560199289339628370e+00 9.520690784151097930e-01 1.441594119924686002e+00 1.123265895500265232e+00
1.229301708882162503e+00 1.529953008874538556e+00 9.264396687106095651e-01 8.770318936932245402e-01
1.025389243421720886e+00 1.270914426667282715e+00 9.297089823852668911e-01 1.120861774941414923e+00
1.229456239503463166e+00 1.055154341412217534e+00 1.078556773790275258e+00 1.052469831201998440e+00
1.259591234367307466e+00 1.487493931902299060e+00 9.125708751577235045e-01 8.438942835230681672e-01
1.136189766988339622e+00 9.452421892468330089e-01 1.081249143194686679e+00 1.092533717315006037e+00
1.427658682312823002e+00 1.179368287397939641e+00 9.402401789270067312e-01 1.168082022522161312e+00
7.549173531779955759e-01 1.121779790515406550e+00 6.761796453752091374e-01 7.368317984606020943e-01
1.444913233452095991e+00 1.403252235146316584e+00 1.004186417385676933e+00 1.128195524129754324e+00
1.262405777928634398e+00 1.236067974843999995e+00 9.806121951252019242e-01 8.352870208375702266e-01
9.988876508124598930e-01 1.029580291836070360e+00 1.011570221890826460e+00 9.678815403564201558e-01
1.144521396859097262e+00 1.104496576884121284e+00 1.088863285631314071e+00 1.051045404670719607e+00
1.295546686650957291e+00 1.282277706479387991e+00 9.153612032975342316e-01 1.209577447127884398e+00
1.190525896343048950e+00 9.405749067694770815e-01 9.081038566541251855e-01 8.459189137162161920e-01
1.294662195637837687e+00 1.291884541021512289e+00 1.233229254790319418e+00 1.214571048097911499e+00
1.137094871036484323e+00 1.326949438234130252e+00 8.971567938676812126e-01 1.026091353692216490e+00
1.338718006958719675e+00 1.011179034182769554e+00 1.130847582628890624e+00 9.063202644843726397e-01
1.026076964535261871e+00 1.246016818165414541e+00 8.613682581721016085e-01 1.216622824662213942e+00
1.274817940921939119e+00 1.392617553077086345e+00 9.463374163814393114e-01 1.048320343518095887e+00
1.033043201541165024e+00 1.356859925313702142e+00 8.382607253482158294e-01 1.013650453276879082e+00
1.053755567760466638e+00 1.229324242711492987e+00 1.005811523690898435e+00 1.032911548303977689e+00
1.311055234233370559e+00 1.262878689540054777e+00 1.010474440668371443e+00 1.421904224001276029e+00
1.142366204424273279e+00 1.225484898020618330e+00 1.068948375638132831e+00 9.401588261012702175e-01
1.312614645100674826e+00 1.367283591135401100e+00 1.088993395398862862e+00 1.022707788407476670e+00
1.118039654403520711e+00 1.074667327437019315e+00 9.063649509650500979e-01 1.140166217841221741e+00
1.293037015285116498e+00 1.105229278688266481e+00 1.153911154984142096e+00 1.030017459391860513e+00
1.113649385804450054e+00 1.216962759316098763e+00 1.127277252343744207e+00 1.219548699858415075e+00
1.308604347863687734e+00 1.138561221012384772e+00 9.489849332337371157e-01 9.352540784548228903e-01
8.892548191534094260e-01 1.355183735633671782e+00 1.099612659238495826e+00 9.988748933478397429e-01
9.848962034211701244e-01 1.082963628644070253e+00 1.096074886193594278e+00 1.131395955114489649e+00
1.430588875397757587e+00 1.166326359239793442e+00 1.140336572060898446e+00 1.103932784068312634e+00
1.093427367931519845e+00 1.234016801629129079e+00 1.214167034845442972e+00 8.749997681048184983e-01
1.224742108850081168e+00 1.060176268199017446e+00 9.492939094775090236e-01 8.890677874481002219e-01
1.579170886655104855e+00 1.163053427820836649e+00 1.114328577805076215e+00 1.367634905732995287e+00
1.273126869622684731e+00 9.819499851636532828e-01 1.268630843004958431e+00 1.002874362453902268e+00
1.137643872811396006e+00 1.018185070382948476e+00 1.117609830538147664e+00 8.078130181283003086e-01
1.102965361278556822e+00 1.097279930295948391e+00 1.013806464682608377e+00 9.037429799263200225e-01
1.389379179088643168e+00 1.353010349711411875e+00 9.301609445862274450e-01 1.052306151306754645e+00
1.006898975566036247e+00 1.135850939874389010e+00 1.022807436765076794e+00 9.624039269978522659e-01
1.535191281454491685e+00 1.141464085944074558e+00 1.173863443793667471e+00 1.375974349165040467e+00
1.155575844364960636e+00 1.024037865997502461e+00 1.156450665017011881e+00 1.076926933389903862e+00
9.247820032864846329e-01 1.252572259124236975e+00 1.032103400748941802e+00 1.081215762037913919e+00
1.128261880345680535e+00 1.387296764563333173e+00 9.507973433652592288e-01 9.340408318779362951e-01
7.939897603377876756e-01 1.061795486280374234e+00 8.494116636490738337e-01 1.169485006937039939e+00
1.342154774175811083e+00 1.279461638395038348e+00 7.932493551917403352e-01 1.102919525267358480e+00
1.407678250435342671e+00 1.039905002714543780e+00 9.829201259264771506e-01 1.331383685518813476e+00
1.131513549421204301e+00 1.085989780673937588e+00 9.111644581615386818e-01 1.226166315220408087e+00
1.424376409053971893e+00 1.044590313227969691e+00 1.071449185641993651e+00 1.183012919507214100e+00
1.210898805650980403e+00 1.111102470815972243e+00 9.625673154825455935e-01 1.107725029907950409e+00
1.384028003508569693e+00 1.017968324021633286e+00 1.495580083376339964e+00 8.727019502434016918e-01
1.380194301286565395e+00 1.282924884874247606e+00 8.541019771123150583e-01 1.376412525317694868e+00
1.138507624832922671e+00 1.025441766936069588e+00 9.605398001442227995e-01 1.338723404683707541e+00
1.234589799149347522e+00 1.194256928199402434e+00 1.016038006726649900e+00 1.074648062615512822e+00
1.201773009721921248e+00 9.810606296573982643e-01 8.024859783568919491e-01 1.112478252198140449e+00
1.189526062307222354e+00 1.308535080290611496e+00 1.284031599303788518e+00 1.154531428552323602e+00
1.455126528340052294e+00 1.150433528471363820e+00 5.870571280222041111e-01 9.929970928295575039e-01
9.164543103652060818e-01 9.454078417349307539e-01 8.493960205684207843e-01 7.991040981594498271e-01
1.378935817274757003e+00 1.171035556267262745e+00 9.714416914446892815e-01 9.238915557676117274e-01
1.317444837228865628e+00 1.471040349939847447e+00 1.297205299374236454e+00 9.622778006084632407e-01
1.421995103734063015e+00 9.892222914962864877e-01 1.028385112033735282e+00 9.612919207801911003e-01
8.959074949908326646e-01 8.450645274768173731e-01 1.037418470609989152e+00 1.029406887974123608e+00
1.250401456554211421e+00 1.112407549468847456e+00 9.707058228246839837e-01 1.128393053406119506e+00
1.146982585104337371e+00 1.354097558876540708e+00 1.115249346050704027e+00 1.325124912158817558e+00
1.399954027178769822e+00 1.290474732689299575e+00 9.161018125212982977e-01 1.056186897961026716e+00
1.382917579326556234e+00 1.186256490761671278e+00 7.686854211990631347e-01 1.033506990531660508e+00
1.112000766322038370e+00 1.083328121352024498e+00 1.321322849689182233e+00 8.128399673241037959e-01
9.366051822337418953e-01 8.591612504383262516e-01 6.863858032615861582e-01 8.394861979959983289e-01
1.785118113213620461e+00 7.885048084081101027e-01 6.656339729051554688e-01 9.541201020654602738e-01
1.374741155209839194e+00 1.186814254486406872e+00 1.136590592959088930e+00 9.914381158646888847e-01
1.282048837428970467e+00 1.169191188714422180e+00 1.000000000000000000e+00 6.211591696177397592e-01
1.291912758360244773e+00 1.054643286076072162e+00 9.127653470249209589e-01 1.433127645773615733e+00
1.240819610169368481e+00 1.130146360023358554e+00 1.105211908710093116e+00 1.088032169134906413e+00
7.589937230609902219e-01 9.858285559466141157e-01 8.658890386854811716e-01 1.137328372428889844e+00
1.133811682238942797e+00 1.140115150003881306e+00 9.268568936891430354e-01 1.062682422195981191e+00
1.335570818193763998e+00 1.129991840254942037e+00 9.148673056299329032e-01 1.342604928279637955e+00
1.218699797764514869e+00 9.787590976040637658e-01 9.033609440683577629e-01 9.766095408875641315e-01
1.134388462945605580e+00 9.826965649877682507e-01 8.945325563110021472e-01 8.816154258153983125e-01
1.113119318410187075e+00 1.054007490781907919e+00 7.903148215013631184e-01 8.879424705493768055e-01
1.148751424416494915e+00 8.356790367165770617e-01 1.298821114961763223e+00 7.367591637723882592e-01
9.510195090187587574e-01 1.056321440443559911e+00 1.200874152017610719e+00 1.127626536405586410e+00
1.382313401955248988e+00 1.007098783170716549e+00 1.018658377855141017e+00 1.007967448073141981e+00
9.771550942011199004e-01 1.312160435141475734e+00 9.340387128686913343e-01 1.127959738323365491e+00
1.156460194078263060e+00 1.021111145989703761e+00 1.269785076272544222e+00 8.770562792632601301e-01
1.428294836429343517e+00 1.164499454832530922e+00 1.324635257777630581e+00 9.986591431640494676e-01
1.342084266905569478e+00 1.025573132390509956e+00 9.149345404262962944e-01 1.435924034321164555e+00
9.707318005091500890e-01 1.386990998092101357e+00 8.093069793205326379e-01 9.385473766913787763e-01
1.170602017683001206e+00 1.237406917047850552e+00 9.660403574986992092e-01 9.995535973436152632e-01
1.676694486857328803e+00 1.197559514491660870e+00 9.087964056461598217e-01 1.013717872933570741e+00
1.466384509112342638e+00 1.257458872564079178e+00 9.360047714090165005e-01 9.791692923247063973e-01
1.265134716951993310e+00 1.413280979302712348e+00 1.043949896215863316e+00 9.901048957338646206e-01
1.292504876594734009e+00 9.579677588162830437e-01 1.137299202720200908e+00 1.198790442645488064e+00
1.054024721053294922e+00 1.249957316768075533e+00 1.021347950624680090e+00 9.549849811510702224e-01
1.165486310059747899e+00 1.224546729419039748e+00 8.584025200676586032e-01 1.192919884787013274e+00
1.179677812167905460e+00 1.137737119320842094e+00 6.778402507183449721e-01 1.262050750937311561e+00
1.213077648929183461e+00 1.110614594808110756e+00 9.248641918509846738e-01 9.486925642229802058e-01
1.425020566187458870e+00 1.223885415269147625e+00 9.053148688147447665e-01 1.172655125667851461e+00
1.230872521677059073e+00 1.110642876602909945e+00 1.261479473973876830e+00 1.017114950508993809e+00
1.212021855671757242e+00 1.100749441869971479e+00 1.287043380980656071e+00 1.156375889598383333e+00
1.291646321482761151e+00 9.720181164952506059e-01 9.711658725449665575e-01 1.144158088078518043e+00
1.062280067697205288e+00 1.162526942076747893e+00 9.853871056519545313e-01 1.255199069352850749e+00
1.093243796234639298e+00 1.234677809104057999e+00 1.115195667340679986e+00 9.621259567812381341e-01
1.190972569905176970e+00 1.285678135391046695e+00 1.360927687650459905e+00 1.278482459602146459e+00
1.503343305359225779e+00 8.855761191005139255e-01 8.020353371913302443e-01 9.577909893010218001e-01
1.375112329928438459e+00 1.037882446265808722e+00 8.134842521347009914e-01 1.265280817229319066e+00
9.031727258965289717e-01 9.777919002474356747e-01 8.658927144471257886e-01 9.366314436977951630e-01
1.219341366731996557e+00 1.206184233627561442e+00 9.991358932855587405e-01 1.027795859945157320e+00
1.125012684377441952e+00 1.049030597025626843e+00 1.307428837588661130e+00 9.971864711551988725e-01
1.096146766080499102e+00 1.206870718220947714e+00 1.008639017233198931e+00 1.342697872459935438e+00
1.408998795434688533e+00 1.065514688671115984e+00 6.921037101403521019e-01 7.578568439994639583e-01
9.974290712278600646e-01 1.126803990335401684e+00 1.013066857812994659e+00 1.000003729909569650e+00
1.027668861458168603e+00 1.000066514124922312e+00 1.217823335459762957e+00 1.443070244913712719e+00
9.791625927248075456e-01 1.156088410336680861e+00 7.737316374220104542e-01 1.479333090663636385e+00
1.409480858951363880e+00 1.251715031674360379e+00 7.899734363799085779e-01 1.137060094693125523e+00
1.230047015119466458e+00 1.242174596600489789e+00 1.064152926119102949e+00 1.179390476121128906e+00
1.085522016749156382e+00 1.239527912808758181e+00 1.032765743365511746e+00 7.577683588084664912e-01
1.579541845677394862e+00 1.003928489540886426e+00 9.829500578592175186e-01 9.667734784151459371e-01
1.443259306102815387e+00 8.114980825238093942e-01 9.482689329975223513e-01 9.881817406052655350e-01
1.223830536458703211e+00 1.591325275340420342e+00 9.255725146085744814e-01 1.423980279321875653e+00
1.147044082366214024e+00 7.799825198825710570e-01 1.159104296199344741e+00 8.945622437683795614e-01
1.121565063382279792e+00 1.472561110842829812e+00 1.014485227521565003e+00 9.850398473227706120e-01
1.449196167807882407e+00 1.103411791663135633e+00 1.098466041898984225e+00 1.183150837272380906e+00
1.154806498342785481e+00 1.547058587338374869e+00 7.242645732342437581e-01 1.213165578985476944e+00
1.177542701623896848e+00 1.064242143008362396e+00 9.515365789906002902e-01 9.645227137693377362e-01
1.270228778014787840e+00 1.087381430692001771e+00 1.323464669284861950e+00 1.223382196667385236e+00
9.992668627317905505e-01 1.014017919242010901e+00 8.157743064867448712e-01 1.431840200750309045e+00
1.327190246964502940e+00 1.170531817419648402e+00 1.092807433552650087e+00 1.019656550678940787e+00
9.866538815198472312e-01 8.064014490389290746e-01 9.103718507211927546e-01 1.128270500320448733e+00
1.165233837310929887e+00 1.065170631006288726e+00 9.353789866782472595e-01 1.098941856283308649e+00
1.196809679764342160e+00 1.353566410499008388e+00 7.911989024468923937e-01 9.794297798546786060e-01
1.182257285946895609e+00 1.063040366199984987e+00 1.237265533756295222e+00 1.410450648048781064e+00
9.466020801394146034e-01 1.185847364441203089e+00 9.507571958373954857e-01 9.576675261689050478e-01
1.360297214131577892e+00 1.231592340707458932e+00 9.065473342564324133e-01 1.095398703427220344e+00
1.524268539483442542e+00 1.012452925123893399e+00 1.157877395096542417e+00 1.159681779916291955e+00
1.294354112901714426e+00 1.124248107090527693e+00 8.930503214405081103e-01 1.047418366872265860e+00
9.499295744452118662e-01 1.222924751168562141e+00 1.323264318123238636e+00 1.217481296515149136e+00
1.265093331650928965e+00 9.445406153943820549e-01 1.042885665362146330e+00 8.574404621297849749e-01
1.173386163412554195e+00 1.450938505666405476e+00 1.014874211664233972e+00 1.011483018673796419e+00
1.248929595180813701e+00 1.119166621494919189e+00 9.420816343792716152e-01 1.352749285878515284e+00
1.464688547321101986e+00 8.844197278251606509e-01 1.025903565092195269e+00 1.158666951394262901e+00
1.317557949499625902e+00 1.624111977415809038e+00 7.608727048212731159e-01 1.029300442233864077e+00
1.673762059920736567e+00 8.438213312532445443e-01 1.381966000000000028e+00 9.233222984852296200e-01
1.085767804645621615e+00 1.002721663993415557e+00 1.169606666149523910e+00 1.120072790157117470e+00
1.371614893733134499e+00 1.327457515559776091e+00 9.803837111333845167e-01 1.035572701840965060e+00
1.051390577662580039e+00 1.227957736879504047e+00 6.374355597488082781e-01 1.314143092793059964e+00
1.035092332607780996e+00 1.029189604122968449e+00 5.093639247303654027e-01 1.270447964934151797e+00
1.241935728293838137e+00 1.074237215095209530e+00 5.181882998135169949e-01 9.980923825337543187e-01
1.182906383164041841e+00 1.232219694146170275e+00 6.148986927809871883e-01 1.038308898442742878e+00
9.903382343008079181e-01 9.459918795553989845e-01 1.084168643774896079e+00 1.131341762729860090e+00
1.282066617152874066e+00 1.151457190607809711e+00 8.285066740002686725e-01 9.717923747205148288e-01
1.199106113939388818e+00 1.130816642719828735e+00 9.306781514634505648e-01 8.244578748002300284e-01
1.391115617046319253e+00 1.349574687159813546e+00 8.508178333858673614e-01 1.033724461376454906e+00
1.402495519294675530e+00 8.848014444133067702e-01 8.051520372407509063e-01 1.149410730973636552e+00
1.229935493677962510e+00 1.043950298479324967e+00 1.125490331547436273e+00 1.103761271031097779e+00
9.883058381644205248e-01 1.248668672814623903e+00 1.014767031363432936e+00 1.230765760346536064e+00
1.028623051374053743e+00 1.252514183339477283e+00 1.068400103197141515e+00 8.438140295306437721e-01
1.400937854928795190e+00 1.446170594718993563e+00 1.259458042111987863e+00 9.683753991091483826e-01
1.106905742050468655e+00 1.004152434324687260e+00 1.009798266789561527e+00 1.103678028095799402e+00
1.038260884472107737e+00 1.215026526585564204e+00 8.774232089275676438e-01 1.140068819318686977e+00
1.001413477165894461e+00 1.599927323467178253e+00 1.518855449699619831e+00 1.147107253022173534e+00
1.034433482051261066e+00 7.604736584918670994e-01 6.002965229367569489e-01 1.448614630841813966e+00
1.456930494799567599e+00 1.089512678885133257e+00 1.021468418141337375e+00 1.135222958121560932e+00
9.802194662972417705e-01 9.915260974305923902e-01 9.671743323782607815e-01 8.443653989801622739e-01
1.136123256748688082e+00 1.004889136776111469e+00 9.739312382194358353e-01 1.064039268026836238e+00
1.215589173562350744e+00 1.106506395850617164e+00 7.901333197120025131e-01 9.530484899952704758e-01
1.134252851683653862e+00 9.689388682601272063e-01 7.639320384349473914e-01 1.227226799922059408e+00
1.154320850112722008e+00 1.239349563074173544e+00 1.437750925803460866e+00 1.339244079421756828e+00
1.269352521703668524e+00 7.618396669318646675e-01 1.059407186165473913e+00 1.204174434748194633e+00
9.581242300284315005e-01 1.126889412630524889e+00 9.650688243453605653e-01 1.118592420130582354e+00
1.059689187446840375e+00 1.251265616719633655e+00 8.408382173578791141e-01 4.707657311904644981e-01
1.164964305175808290e+00 1.095466373021590556e+00 1.395685652215924888e+00 1.078751061500902608e+00
1.102877032532226353e+00 1.032022153831071876e+00 9.162591649364596469e-01 1.097636013186600978e+00
1.494718971698512089e+00 1.116723987119097705e+00 9.727689811779313134e-01 7.523966729763096328e-01
1.085902031498847453e+00 1.080118074583444443e+00 8.261820859590900401e-01 1.187292919894351817e+00
1.165331485551698298e+00 1.136064569668672197e+00 9.532594558886881009e-01 1.325565039190508720e+00
1.285506960182520864e+00 7.473389636847129758e-01 1.038472863705178995e+00 1.219239857964307561e+00
1.023251094725512456e+00 6.894799422101363096e-01 1.290064592792389941e+00 9.402365240239622945e-01
1.240704779912793043e+00 1.056837057978991412e+00 7.903655576230370627e-01 6.506001700534307375e-01
9.254296698939075139e-01 8.784422309954416086e-01 9.719560022221025442e-01 1.246557065430971889e+00
1.333269815801538805e+00 1.058401507295313237e+00 9.446585711463625357e-01 1.150923101594649944e+00
1.097785050106323101e+00 1.425444203661301090e+00 8.915331877257482995e-01 8.007499559302979630e-01
1.353218181604327830e+00 1.003687779352106402e+00 1.008395411206206793e+00 1.221267470258269761e+00
1.468014147935059910e+00 9.313832284712226794e-01 1.051132594153850075e+00 1.026468929158240506e+00
1.059149264381790134e+00 1.075907581684816261e+00 1.171678511358954955e+00 9.766688850849960524e-01
1.283738896947906438e+00 8.703107428986367466e-01 9.071588606463500959e-01 1.263129578719529134e+00
1.274234949582740972e+00 1.000006552527846759e+00 9.178060257468184657e-01 1.369647574372626853e+00
8.996252358700246310e-01 1.281601942624616797e+00 1.157442516133339261e+00 8.085621106286063897e-01
1.023167881292527115e+00 1.327794069759578699e+00 9.986723546038094312e-01 8.776238211206127682e-01
1.201294325742255475e+00 9.259079375488776797e-01 9.564394661922313023e-01 1.171584903140272971e+00
1.172840478570070566e+00 1.247533810459274362e+00 9.236745988560829401e-01 1.052951305233772228e+00
1.370469877226283328e+00 1.197333433431487570e+00 9.078033751315484068e-01 1.324350417977370409e+00
1.315337211822005914e+00 1.071485757867850497e+00 9.683998056452270964e-01 1.008977941494836106e+00
1.183882836964340601e+00 1.108320345418401187e+00 1.339876807277328830e+00 1.125537264224794942e+00
1.398146052984126086e+00 1.265738227700853535e+00 1.368402967779862145e+00 9.422132336714559298e-01
1.342667170723514047e+00 1.274333062569505071e+00 1.309845559342639021e+00 1.312549571533667025e+00
1.192720656062413953e+00 1.199670148825276783e+00 1.147305574353613133e+00 1.050485551071860257e+00
1.427888408275385768e+00 1.095200149604772966e+00 1.029851408387000511e+00 9.881095514963310622e-01
1.270850887493048642e+00 1.032824408162276830e+00 1.145226980250078297e+00 8.863169682408413852e-01
1.482161798641815631e+00 1.187098474687342087e+00 1.151306428506055912e+00 7.603289349738624470e-01
7.608264152202917074e-01 9.813073076266888295e-01 8.405764130582112914e-01 1.024423901852840268e+00
1.346357911736408397e+00 1.123918918238971720e+00 1.097749275746258579e+00 1.324410608783929799e+00
1.256957769383779899e+00 9.488221429723897593e-01 7.883255684150778375e-01 1.152083132355759432e+00
1.187260468282056447e+00 1.308274095242361934e+00 1.345250924336817588e+00 8.458484589982542268e-01
1.303119349228035073e+00 1.021185101180024368e+00 1.015337425354174261e+00 1.205019050715451900e+00
1.364654491426547045e+00 1.536994545574336568e+00 1.207028232969496351e+00 1.451012761323350331e+00
1.139177340193093357e+00 1.211447432951996417e+00 1.074880543106006447e+00 9.838867659896182172e-01
1.372032039835302752e+00 1.527864028826210863e+00 1.030340371261853738e+00 6.525797800149460981e-01
9.592492617246677344e-01 1.157033818406352443e+00 1.006408924219783563e+00 8.497404393536182043e-01
1.031640941214017060e+00 1.130352597398580627e+00 1.043946616005717809e+00 1.044836610616195482e+00
1.378113641266809575e+00 1.154992619047378488e+00 7.873099475551843529e-01 9.380583908255871739e-01
1.178670666383864418e+00 9.329995232587596776e-01 1.139209118302718426e+00 1.404398881840899671e+00
1.052804580153610559e+00 1.151883984136778727e+00 1.147475805617046873e+00 1.176120153025740356e+00
1.450039136807722784e+00 1.355631355450249931e+00 9.123382674617378507e-01 9.152813596233885240e-01
1.199491852239183975e+00 1.268803208441755093e+00 9.626447100189675643e-01 9.918378360315933673e-01
1.257864391484004418e+00 9.519076259929646344e-01 8.109783929538154634e-01 1.031595558093551412e+00
1.154314371951099094e+00 9.254011928449148439e-01 1.087859354811029799e+00 9.734125085830376278e-01
9.682420675147019873e-01 1.174313346222969567e+00 1.220945496428239130e+00 9.469215594190383278e-01
