8.916705996823789393e-01 1.186292972896503262e+00 1.119202861812206740e+00 1.133870392617144507e+00
9.323998564722802973e-01 1.249756395609515236e+00 1.066138458679940726e+00 1.255441818647431651e+00
1.078988365715113584e+00 1.236033436727684620e+00 1.050112227129684106e+00 1.057221067767589062e+00
1.037610717540395688e+00 9.512053279876920842e-01 1.090976460343597410e+00 1.406727876447288805e+00
8.649847783940975976e-01 1.091148677096177355e+00 1.274017989664594008e+00 1.471787648042133689e+00
1.068491335669164988e+00 1.009389853327253173e+00 1.187532647758926307e+00 1.483309977493364018e+00
8.350720070564011666e-01 1.052079676979578160e+00 1.144026409785047438e+00 1.057918208664159643e+00
4.929322074977959822e-01 1.236068207388423490e+00 8.879564065254839100e-01 1.097290568889212503e+00
8.169087501411436136e-01 1.052906240354979150e+00 1.187643037881899621e+00 1.189700615699285535e+00
9.513895006392144582e-01 7.062968241850429152e-01 1.248835424195395838e+00 8.633153370655168857e-01
1.067537727988359997e+00 1.032239423759632846e+00 1.421458442237421682e+00 1.247308382618415479e+00
8.137544775591493140e-01 9.839802650193861799e-01 9.727885723713427524e-01 1.196557434397314434e+00
7.648810645569005251e-01 1.156796329703126514e+00 1.139118243129898955e+00 1.112104685863771092e+00
9.724649779450305065e-01 7.279496576685128284e-01 1.007776955385955686e+00 1.273417149801614023e+00
9.527842892211521031e-01 1.023724491569361961e+00 1.203927138419672582e+00 1.163886829552248869e+00
8.558707058026358006e-01 1.081552595688103802e+00 1.202974669558792620e+00 1.088352404412524566e+00
7.570487534532246432e-01 1.072052319447618141e+00 1.043448617286206082e+00 1.224797691829984103e+00
1.000640629636107892e+00 9.028933149210862652e-01 1.052004234615863121e+00 1.123210115074684712e+00
6.665476284082934022e-01 1.261551294172236659e+00 1.397263460867253615e+00 1.314455458373709140e+00
6.409183348141888059e-01 1.153141183721902552e+00 1.031600756805664210e+00 1.197308799707263782e+00
9.547826056453124766e-01 1.019238994396216125e+00 8.735388877799459273e-01 1.229679153202002828e+00
9.771864494865507567e-01 1.122126982465190492e+00 1.147333807793941896e+00 1.274609427205513512e+00
9.507377984399171256e-01 9.390912361897529870e-01 9.419821101227981996e-01 1.064735943347523417e+00
1.040242919158171908e+00 9.849671452844016573e-01 1.050318901089418722e+00 6.867565379578484119e-01
9.160466047974178405e-01 1.567914622791534374e+00 9.292371431630273015e-01 1.097708015331677389e+00
1.084848986727907416e+00 8.572445184261692219e-01 9.939620906286414925e-01 1.133520504050415267e+00
8.774140620888977171e-01 1.209918002097990719e+00 1.112316502303871912e+00 1.418313900541847472e+00
1.193452738284456638e+00 1.167262742084782534e+00 1.419563327517467277e+00 1.275000887811082340e+00
1.048787975895698832e+00 1.150050208865674772e+00 1.226520339112016078e+00 1.195270504797096622e+00
1.020176271003209845e+00 7.837396692349529737e-01 1.164798773064795512e+00 1.018977858083258026e+00
9.636522712260469081e-01 9.612479528390899253e-01 1.013897041434158375e+00 9.173314632723207351e-01
1.012907369867068086e+00 1.051748499615887678e+00 1.478605197463176202e+00 1.077791644682996930e+00
1.248550703328287659e+00 8.567367362457640745e-01 1.021428751057950057e+00 1.123285326390281336e+00
9.084053336065280870e-01 1.116912381886734140e+00 1.217728445065821008e+00 1.259919541362641171e+00
6.854720749362639420e-01 9.588282211007340683e-01 1.048187884947864079e+00 1.430731366940358740e+00
9.961290300349150417e-01 1.328042525970767107e+00 1.170456708574093341e+00 1.059913995842947987e+00
1.080941675976381688e+00 1.021886353235786249e+00 1.320176793711383523e+00 1.273410896106785817e+00
8.096822944652531939e-01 1.290384133106305509e+00 1.136278223421871569e+00 9.155550019091721614e-01
1.031151032368663456e+00 1.079769881703584788e+00 1.257474759882727833e+00 9.510816507233376127e-01
1.066902693567887361e+00 1.053787745975201640e+00 1.145127064447686527e+00 8.182902330592403128e-01
8.993224592748263468e-01 1.128250027102792652e+00 1.207683950504350401e+00 1.200697980787021280e+00
8.049114069284952766e-01 8.334931836202891242e-01 1.013213165314460706e+00 1.314144291999724379e+00
6.509330398498690551e-01 9.773003957621384519e-01 1.047560543744714190e+00 1.311154410349564259e+00
9.292062251489998648e-01 1.008168876057007113e+00 6.650661571959874951e-01 9.885918622209980411e-01
1.099623217714742918e+00 1.273460231189157632e+00 7.948467506648653202e-01 1.219781267045181750e+00
6.595753568250888321e-01 1.118929377066543163e+00 7.551943554424722649e-01 9.491592876091714537e-01
1.061330984350093987e+00 1.148960479453787542e+00 1.102602939206365873e+00 1.338009816098770122e+00
6.809885025166466654e-01 1.000000000000000000e+00 1.245023919221460718e+00 1.070313715864912973e+00
1.004924590072962864e+00 1.477591282063458022e+00 1.151575322277880620e+00 1.111722359968665863e+00
1.096078084891301874e+00 7.726714297195699244e-01 9.574275328421010256e-01 1.289849005678212146e+00
7.654421017201378241e-01 1.113558042821873872e+00 1.187442342304893872e+00 9.668869602489160719e-01
9.557922853593828760e-01 1.041484761216003641e+00 1.332823717135811048e+00 1.172221874905298611e+00
1.326665848368867806e+00 1.184913316761576629e+00 1.050855509331939164e+00 1.143053346225906930e+00
8.639972740006157670e-01 8.619176892230405729e-01 1.505359754514524973e+00 1.330754048992076832e+00
1.042186187751318993e+00 9.843112201815001905e-01 1.123404552508109999e+00 1.526705444107304688e+00
8.806030682190498782e-01 1.381966000000000028e+00 1.098555230185679132e+00 1.057670171251750002e+00
9.956413689443746051e-01 1.042388318865798746e+00 1.294869134013047818e+00 1.289547891582492944e+00
9.687682283411938045e-01 1.194001100805048621e+00 1.471581277623685624e+00 1.262946575612843958e+00
1.248142638450900233e+00 1.483725027259766183e+00 9.101562482423025680e-01 1.026529210415114690e+00
7.835863407469710884e-01 1.202316476710535653e+00 7.739820308708145191e-01 1.089634985791268829e+00
1.096986650371290395e+00 1.046974013647946178e+00 7.811876901966501308e-01 1.170130682932511768e+00
1.151665537914994930e+00 8.792166080878748291e-01 1.154025510736839122e+00 1.406275186314198677e+00
9.368333067869116793e-01 1.357004493601157602e+00 1.119420090428562942e+00 1.068535281761827438e+00
9.697571155690121181e-01 8.820807700889639058e-01 1.215950426527002692e+00 1.171787879430719048e+00
8.076653500893251625e-01 1.081836742454790556e+00 7.447193232084340364e-01 1.153731818444905910e+00
9.127854226672029725e-01 1.151181781207687660e+00 1.170794496519653505e+00 1.169776153984744882e+00
8.485910907210929555e-01 9.748120078234486785e-01 1.169756946744171744e+00 1.368773549029157932e+00
1.154836296499800241e+00 1.160159343498211593e+00 8.713938830167431426e-01 1.283512236461286538e+00
8.309510534272935844e-01 1.074043047591348277e+00 1.022369131972505230e+00 1.090913330338015408e+00
9.257023466933612665e-01 9.621276880868728787e-01 1.230363038742177118e+00 1.198628600915937925e+00
8.998466242956391081e-01 8.362385013527955380e-01 6.724347317372966204e-01 1.075345397220622834e+00
9.382615444661662751e-01 1.407647224046084666e+00 9.914404007306041322e-01 1.212093120632820042e+00
1.269294737807325824e+00 1.408919040489415409e+00 1.052354256267052035e+00 1.002822597025007090e+00
9.699573855667744660e-01 1.310951456802797122e+00 1.082206975496880164e+00 1.484671028936666248e+00
7.892499870303971710e-01 1.022105719151436443e+00 9.008134981052037249e-01 1.305662837194017767e+00
8.892956805632544759e-01 1.093979627792337705e+00 1.122279639836506693e+00 1.568516272765489106e+00
8.629266088409699442e-01 8.888437597593641382e-01 1.083734503243456659e+00 1.150150931006532096e+00
8.938099490648175882e-01 1.118512459377364543e+00 1.156512192866681499e+00 1.284264133289583887e+00
8.208756076896056575e-01 1.185142249522466162e+00 1.121685093892828444e+00 1.137525807565088698e+00
6.976977474674133095e-01 8.440872697090013865e-01 9.952774266868025244e-01 1.258902398277934376e+00
7.935579731195180342e-01 1.103255988801262077e+00 1.036264841415935889e+00 1.128867555545231216e+00
5.947768278737642911e-01 1.264301900374810383e+00 1.066271946678680527e+00 1.383700528819106879e+00
8.882088794022520162e-01 1.015751575059730794e+00 1.112133920305569790e+00 1.429996240703995003e+00
6.838311300664144943e-01 1.112543929505439788e+00 8.309725077451386444e-01 1.096798668526581810e+00
9.458442804567414042e-01 1.324968255266641526e+00 1.271231142229521272e+00 1.288866640537370101e+00
1.071816419250245067e+00 1.016711101676499585e+00 1.412086174438070607e+00 1.406926796737898888e+00
8.977910227562504453e-01 1.214293546508676824e+00 6.861159517854612533e-01 1.076985024053082274e+00
7.114941339005221854e-01 9.317217700015083537e-01 7.367228082295419478e-01 1.259443869142842898e+00
7.459145820320917109e-01 8.151073515231295197e-01 1.000000000000000000e+00 1.247272920503007976e+00
8.078240322133222184e-01 9.319026523392165418e-01 1.060855281600985078e+00 1.141481941282340040e+00
1.016298798786921420e+00 1.242323171642718771e+00 1.287867302058848029e+00 1.181940912949255296e+00
8.607545770435021115e-01 1.347146563215193771e+00 1.178562289851984968e+00 1.320575356750412821e+00
8.246955166957816719e-01 9.223466894614019695e-01 1.212913770359090426e+00 1.083988356300306766e+00
8.196556443116580493e-01 8.605066511732784029e-01 1.129061620058781301e+00 8.799257419992909668e-01
9.537322777477591496e-01 1.155882237945225377e+00 1.081456128548713647e+00 1.245932225159585238e+00
1.230296292632830912e+00 1.078746625960689265e+00 1.055977440773675724e+00 1.083530865899589024e+00
8.852914685394502881e-01 9.858957090390341182e-01 9.520899704620735537e-01 1.381966000000000028e+00
1.264672428932975157e+00 1.186751979129835544e+00 1.233488050782247214e+00 1.137984657820289680e+00
1.029115779646435413e+00 1.046403504180912325e+00 1.303942795870115079e+00 8.750445395303700913e-01
1.272946923471960368e+00 1.082561738148638764e+00 9.663336316678297067e-01 1.338828445918062160e+00
8.726812176666496335e-01 1.286438237195287826e+00 9.524102535348640819e-01 1.155124091565929989e+00
8.182034444141350615e-01 1.071956802226812444e+00 8.896184514136667998e-01 1.050151773334242700e+00
1.050635438706155167e+00 1.396823180702610578e+00 1.289089733568997254e+00 1.066633117675965359e+00
1.030170205527187743e+00 1.400985327819523896e+00 1.463804270323052048e+00 1.654772557610014072e+00
1.010123547971484959e+00 1.422836632510250388e+00 1.143931823591210151e+00 1.189266119336287009e+00
1.130052310807076799e+00 9.122918178026419023e-01 1.255418227803774434e+00 1.502873306278891041e+00
7.106313685307230621e-01 1.089039359992432843e+00 1.246142784501301337e+00 1.311546662449349476e+00
9.735476460315355407e-01 9.571598526410336483e-01 1.208244294899495364e+00 1.142519372005311284e+00
8.693054850851331672e-01 1.002925896521539073e+00 1.506739065381609510e+00 1.141670843371464183e+00
8.911291064480392210e-01 1.077917868606350416e+00 1.087004360897191990e+00 1.063657445698954485e+00
8.779320370414093189e-01 1.367443596981668286e+00 6.012646894679081200e-01 1.140458418575197364e+00
9.257251597934618159e-01 1.096041246465722985e+00 8.242051172796283076e-01 1.135398858877309625e+00
8.759350430232967222e-01 1.243774476015315100e+00 1.143843106999578030e+00 1.267439691620941833e+00
6.297315726378699408e-01 9.195029178550577775e-01 1.257703115535299343e+00 1.669292724258391925e+00
1.087034028081245163e+00 8.946432888409916462e-01 1.390694324069879695e+00 1.286743335910931041e+00
8.441594547571795726e-01 1.409203315097101061e+00 9.225060439446837179e-01 1.155087478548973312e+00
6.783104053086310703e-01 1.280195313223753351e+00 1.393967877888340867e+00 9.931923690799957516e-01
7.665943760149258601e-01 9.306267499292744105e-01 1.041344776577078912e+00 1.318789069701012284e+00
9.484087192511632125e-01 1.091230705816360835e+00 9.322527586320825677e-01 1.130852124759584632e+00
9.422993398153320932e-01 1.215678866947140779e+00 9.535121727067626951e-01 1.119317074786959409e+00
8.767774922212623334e-01 1.091008405686009208e+00 1.331735959853239670e+00 1.273995610930141575e+00
1.078606785851061067e+00 1.259124870839980481e+00 6.424283090367415294e-01 1.089288595371041390e+00
8.591055729776627681e-01 1.000125453678953447e+00 8.712997020344368515e-01 1.234900646358910059e+00
8.645432055747703792e-01 9.980047043080039204e-01 1.375828558573257254e+00 1.359191707351548928e+00
1.020261517709748489e+00 9.984421107721814792e-01 1.081685815862557742e+00 1.215057669810209795e+00
9.198857751275202332e-01 1.094556070238763557e+00 1.097471188609627113e+00 1.105717585241093648e+00
9.986573303626444797e-01 1.017878589690480728e+00 1.055867880468657427e+00 1.305497431411905440e+00
9.324456969655177119e-01 9.470662092890911321e-01 7.500007745043443252e-01 1.163866813606397654e+00
5.745454109784331465e-01 1.106446209196689567e+00 9.383515766884317211e-01 1.301794071465741442e+00
7.154904874179156549e-01 1.456884454406427887e+00 1.105837908217879084e+00 9.442719157896825033e-01
8.927187746362783560e-01 8.025106910402911575e-01 1.328123607478970847e+00 1.120259674686514773e+00
8.644719629333403876e-01 1.186256368328393096e+00 1.132461703890016436e+00 1.295068740304445631e+00
8.740454043454025657e-01 9.677948755358010136e-01 8.759231908526534660e-01 1.300986721502998211e+00
6.752709072388078937e-01 1.071972370839981759e+00 8.038933401723774574e-01 1.271091784010466075e+00
1.011849538950185146e+00 1.006980541582491062e+00 1.085307390285952023e+00 9.950387818675042739e-01
9.097628759546505517e-01 9.706599370515225367e-01 1.181091662291301470e+00 1.177323786577316511e+00
1.016936528541873663e+00 9.207521927804175332e-01 1.068047261924459645e+00 1.402228598444698493e+00
7.098358082986128137e-01 9.550875855258879055e-01 1.008526278559339628e+00 6.810360396638976965e-01
9.128024939657048975e-01 9.903485030218441842e-01 1.281884236677253375e+00 1.009059102089215676e+00
7.021106496633930938e-01 9.542425702131014376e-01 1.544880958179215780e+00 1.038948459050782702e+00
8.626348572746649346e-01 8.951542115185934234e-01 1.098190357629127645e+00 8.912869653372713641e-01
1.121814579141053203e+00 1.077746053612895549e+00 1.113950828857164455e+00 1.235824185297852207e+00
1.052905692901901169e+00 1.256822374777269546e+00 1.263618769201821701e+00 1.251251630721413655e+00
1.041715644611422853e+00 8.638381465154090222e-01 1.022656771634744777e+00 1.154990364167781225e+00
1.054449161845880445e+00 9.149086805880789486e-01 1.498720344194108156e+00 1.244056889346671912e+00
7.353651137175877261e-01 1.141991629954517418e+00 1.175013305006290754e+00 1.339722163878002137e+00
7.372721183406881762e-01 1.441909145653240243e+00 9.630893784996747975e-01 1.145173106252606487e+00
9.784672189502290340e-01 9.747683211232401890e-01 1.058100081409523829e+00 1.296851245689187415e+00
8.847368455789996755e-01 1.116815115502695743e+00 1.161207348227804026e+00 1.250557785171021230e+00
8.841446758654278870e-01 1.025537594910151951e+00 1.161683387342863583e+00 8.956975737982707519e-01
1.111828814298534862e+00 1.121234318046548273e+00 1.104800110828210391e+00 1.508092041837721498e+00
8.604520636409610512e-01 1.471509713727222834e+00 9.635291656808888661e-01 9.020464633677619526e-01
6.204642898891011837e-01 9.075933940012312906e-01 1.474005452753165635e+00 1.560140102172023369e+00
9.814857012497587574e-01 1.447440209739215611e+00 1.331170139801039376e+00 1.089185693394443488e+00
8.548994914582481730e-01 8.249889316789049687e-01 1.095882281862950114e+00 1.205936812146821246e+00
9.076675178382118681e-01 1.238558054628279947e+00 8.828485371417154060e-01 9.951088931000202642e-01
9.454584092295847952e-01 1.057419344517027460e+00 7.131828925066340252e-01 9.138257457849370269e-01
9.619344952225170609e-01 1.161190794352064737e+00 1.054631165528384651e+00 1.066162573930348856e+00
1.038094123271358971e+00 1.222246988646124910e+00 1.216410740041168559e+00 1.341769957619442177e+00
8.737678055742741368e-01 1.293662105883710556e+00 1.012538824579341856e+00 1.156237116947157251e+00
8.434010373105575997e-01 1.031359670741810675e+00 1.033274508476867748e+00 1.108103485058374638e+00
1.104849723378621196e+00 1.317350270622154484e+00 1.166971966449324993e+00 1.040706168095274720e+00
7.704536551729873617e-01 1.146747646097188600e+00 1.014429484444917540e+00 9.596175382298293144e-01
8.365200451679031257e-01 9.653608336985289862e-01 1.018848592561759858e+00 1.156013990450278417e+00
9.217582733483219437e-01 9.768492190408594178e-01 1.572110859778346192e+00 9.133738935858923824e-01
1.154766621181465558e+00 1.631351746346967779e+00 1.086642308771739396e+00 8.698889786249871525e-01
1.048992203568645643e+00 1.084388305218429549e+00 1.097943844095434773e+00 1.170841440909855091e+00
1.014958655354441852e+00 1.005675508514805028e+00 9.315461893859480202e-01 1.003196650956669878e+00
8.874552812965105231e-01 9.833622649685398454e-01 9.767242463440329869e-01 1.255246431671354301e+00
8.009814588837657068e-01 1.049915871312160798e+00 1.439101619885789551e+00 1.147393786760778189e+00
1.114837404550043765e+00 8.615003311365301286e-01 1.202262909355368281e+00 1.018038664227569168e+00
1.056483071257223294e+00 1.340260907413151958e+00 1.229113958993821809e+00 9.910878284878913425e-01
8.384191510221661314e-01 1.207196774557139696e+00 1.365843752708995273e+00 1.577421628491439742e+00
7.640468938795196285e-01 1.157523692142930161e+00 9.829214718752766755e-01 1.174887699786233863e+00
7.607373024028031283e-01 1.055158882801391806e+00 1.323227952365249482e+00 1.285108810624873810e+00
1.103745763146871894e+00 1.335134440520062249e+00 1.396422103709600515e+00 1.024056975791336033e+00
8.815004093131636465e-01 1.080624307790203797e+00 9.992406813225710449e-01 9.537207869080670530e-01
8.945541839130377593e-01 9.869730905528698583e-01 1.272286205206127452e+00 1.223205949839104134e+00
9.362222424661658104e-01 9.999750431810436879e-01 1.137356813187473614e+00 1.148021737171476708e+00
1.008419633025221973e+00 1.253268216985932382e+00 1.286356700254339458e+00 1.017976084620614508e+00
8.566091150059307324e-01 1.095865493273023406e+00 7.139414957145843177e-01 9.527778741744370450e-01
5.725026794187739743e-01 1.023083590955924382e+00 1.063449512644603967e+00 1.287162241652174410e+00
1.057634808440392371e+00 8.356445074876525103e-01 1.160587892151736300e+00 1.339249407229174071e+00
1.272228688211936687e+00 9.996484870435107251e-01 6.454191819104284633e-01 1.251589119429465491e+00
9.184151803025262240e-01 1.134980331268846010e+00 9.178631662320534401e-01 1.005635969844242750e+00
6.409041891321336504e-01 1.347203166466404367e+00 1.156832135298218711e+00 9.588125823033634143e-01
8.478239081844861635e-01 1.036587920244894656e+00 1.261564636075428236e+00 1.100624007421960204e+00
6.882384438130422222e-01 1.353972141320752609e+00 9.876824223023967786e-01 1.213479647812023776e+00
1.163109315381247288e+00 8.922088257614289031e-01 1.296630359045604086e+00 1.320787713115142203e+00
9.117547032110172589e-01 8.831379789387658885e-01 1.227131846574434748e+00 8.943286148027527194e-01
8.683173527266934144e-01 1.369115049498222270e+00 1.130736941144075969e+00 1.167041776828074084e+00
8.015283310805623174e-01 9.824874812631190224e-01 1.193246015444041852e+00 1.352619408639233356e+00
9.232145272621556931e-01 1.302602213580422053e+00 8.884630659771540762e-01 1.296145281991751386e+00
7.362560766638529541e-01 1.124630194929087557e+00 9.660187061563518807e-01 1.231769249715019887e+00
1.139087905386067856e+00 1.054521642068943610e+00 1.000096037563807938e+00 1.227481012862323473e+00
8.153958672689201048e-01 9.972470320340355299e-01 7.276016289119535685e-01 9.937378045940635785e-01
1.144115898043876367e+00 1.051857106228812455e+00 1.419503053526960601e+00 9.894625145355178120e-01
6.394741441585782837e-01 9.920984715187736169e-01 1.347388449482180173e+00 1.314446355416957202e+00
1.084233130680322787e+00 1.112338368094846208e+00 1.075832518644821434e+00 8.704749682756036666e-01
8.357843492686259923e-01 1.144170459397936268e+00 9.764375336246547965e-01 1.237304132774327714e+00
9.612843542100801830e-01 8.702955189560009908e-01 1.092726205252967597e+00 1.007388572386184178e+00
9.998939016455634654e-01 9.176306436595134119e-01 1.224611085366431151e+00 1.109614918322539001e+00
7.842671186388523452e-01 1.330173803228391405e+00 8.215904044427442265e-01 8.875975130233227928e-01
7.796221879396676435e-01 9.759280007900837939e-01 1.026335129880696639e+00 1.286515586244747045e+00
8.054773729301393237e-01 9.537390877274833922e-01 1.168351042013755059e+00 1.291377038300695057e+00
9.655543291991178778e-01 1.057839571395374101e+00 9.947569385158613331e-01 1.027601894400833160e+00
9.221283844133347785e-01 1.087289167319806626e+00 1.031626110209164171e+00 1.319069469165075947e+00
8.470520274745575451e-01 1.169177773236796725e+00 1.103302518041043623e+00 1.199657422960905162e+00
9.748408092129513536e-01 1.126857931510232502e+00 8.573028019119756094e-01 1.073280050670354147e+00
1.155876963581503158e+00 1.182063753534632777e+00 9.326133064099012548e-01 1.482172876160274599e+00
7.439674834043177309e-01 1.079068373519257440e+00 8.494062976915204288e-01 1.053716687867030544e+00
5.075498364278525631e-01 9.284109026745138715e-01 1.031282017232978188e+00 1.270160740811260514e+00
9.381435240433432243e-01 1.030024257872804494e+00 1.032597296676037280e+00 1.002259935830296156e+00
8.810042500485461003e-01 1.056762639981712271e+00 1.157330543274387891e+00 9.963735681254159982e-01
9.579535959930974842e-01 9.198779809998443024e-01 1.237238862468295730e+00 1.066139273366089490e+00
9.795501241271431514e-01 1.000000025155999950e+00 7.918603709802148893e-01 1.023493776617825590e+00
7.972491785633847305e-01 1.133418056553061604e+00 1.136680779920918649e+00 1.573948482352606426e+00
9.443304295544985294e-01 8.580258799293987160e-01 1.102406908953719178e+00 1.088149375227322135e+00
9.093933469688029181e-01 1.356477270029305071e+00 1.180541379761177234e+00 8.736418190666427330e-01
8.663734179480366837e-01 1.259757404192586083e+00 8.308214535695714886e-01 1.211308585021596329e+00
9.118466552632631394e-01 9.541341785813908238e-01 1.285509506368079258e+00 1.111719982739435952e+00
7.511932953613706943e-01 1.046631795445506885e+00 1.296008002165973672e+00 1.238948918117142917e+00
8.760713668321992165e-01 9.950911048238026968e-01 1.116153427267821963e+00 1.151872758957545706e+00
1.060828916392777321e+00 1.293186647416605384e+00 1.071462774250006023e+00 1.124043286977437939e+00
8.887751232704278470e-01 1.034341304949638163e+00 9.180963536724445762e-01 9.060100271718134479e-01
7.756526350084638199e-01 1.150164433722280499e+00 1.219058845275045710e+00 1.137421713540368140e+00
9.550010591111762759e-01 1.136608556270823023e+00 1.011845171168146207e+00 1.143968124008857057e+00
9.858865527688133179e-01 7.695801551721128675e-01 1.045547267135286340e+00 1.168309307204337122e+00
8.174360279626453618e-01 1.364203502976407245e+00 1.098916952126361091e+00 1.012939319858791265e+00
1.045826149412613759e+00 1.014337437446248602e+00 9.800405631252709915e-01 1.324714510593142602e+00
9.964891076274955406e-01 1.234267586130458616e+00 1.032712752233865272e+00 1.280504379365377421e+00
6.242143397584400955e-01 9.418636674208480386e-01 1.197489503140058531e+00 1.224725851851736547e+00
6.546264609179375249e-01 1.060399449765714763e+00 1.164156206857714260e+00 1.499754021558069361e+00
8.509599780241353661e-01 8.995593029398487595e-01 9.894296871147408856e-01 1.154684581871896931e+00
8.232777321790694103e-01 1.043405280338135510e+00 1.206877256135165055e+00 1.180159412675179986e+00
1.026874141567894139e+00 1.328132610601973296e+00 9.563625682012941720e-01 1.107363700016071206e+00
7.719839876028338210e-01 9.997733755256954513e-01 1.187307315880151704e+00 1.474161061586271249e+00
7.848032397539438376e-01 1.203598817775165086e+00 1.121728284175979029e+00 8.621799742533580169e-01
9.297793904699870327e-01 1.195435248715526866e+00 1.239028150998201960e+00 1.389850275022375570e+00
7.573452616968652240e-01 1.053704506362806104e+00 1.143874728836720811e+00 1.043786771731310070e+00
1.369478649297323436e+00 1.010049116166459093e+00 1.068401008194122648e+00 1.415628574604312906e+00
1.052952257099192490e+00 1.310878820119047994e+00 1.028817349815624338e+00 1.332957776672041295e+00
6.744516219287161052e-01 8.248589692461647527e-01 1.270558349806776288e+00 9.576109588944635709e-01
7.436817252295735425e-01 1.096291079008882230e+00 1.179029222993777548e+00 1.313598276491874106e+00
9.311629064892609220e-01 1.127950832394184033e+00 1.257605255766627295e+00 1.086820687964560772e+00
9.308990126926131037e-01 1.525519518363000149e+00 9.819793871214117509e-01 1.266444148843784978e+00
1.105156052030540792e+00 1.075155439540976587e+00 1.142775314412972865e+00 1.060498134338501597e+00
8.215394010969555572e-01 1.038164657018242121e+00 1.127316322891124045e+00 1.550100518197114585e+00
9.703465777896236322e-01 1.221335193189363455e+00 1.014937603993157689e+00 1.190331809091712767e+00
8.646810099923034620e-01 1.089328529456082828e+00 9.685978909712882334e-01 1.125321859220531850e+00
9.532523273852930856e-01 1.269018363985380926e+00 9.095167135176079887e-01 1.147916412608761760e+00
1.010047853903511594e+00 1.129429356691166397e+00 1.245168137963866162e+00 1.053098165976624534e+00
8.560629063150673179e-01 1.237349386267368567e+00 9.406014855997735236e-01 1.201638277634629715e+00
1.124611791411579187e+00 1.495923917179424079e+00 1.507015392201881410e+00 1.267277668988525896e+00
8.323621805555454500e-01 1.194625534322294680e+00 9.601843942925935016e-01 1.179256845968670531e+00
9.393243876967121153e-01 1.133653294287356283e+00 1.170521593217011214e+00 1.382104850222440451e+00
9.817312483369675657e-01 1.285534145155870833e+00 9.139228685819333897e-01 1.437653716398667569e+00
9.147153460827990301e-01 9.646377948686253312e-01 9.502911486199118185e-01 1.390874058421215809e+00
1.135372168718736141e+00 1.408116698015624779e+00 9.542416753280189567e-01 1.327926954765121126e+00
9.062947880321368110e-01 1.435589604169541289e+00 8.335544822928725450e-01 1.303895403527449703e+00
8.478041880326834256e-01 1.344003580524435693e+00 1.026112820686431837e+00 1.141832070096223450e+00
9.328198729070146245e-01 8.972475992827242397e-01 1.236312014362294764e+00 1.101133167066586704e+00
8.247558156173790955e-01 1.020670757247595262e+00 1.162205032079965727e+00 1.112542120024602399e+00
9.179480639267160180e-01 1.237865625837418548e+00 1.015950628235055886e+00 1.160689814360079453e+00
6.462464897937330033e-01 1.034498375096847944e+00 1.068938479732239433e+00 1.576294831197178503e+00
8.591326955570751656e-01 1.272825267806973137e+00 1.040439171737133295e+00 1.086359463776374490e+00
7.341128719548075665e-01 1.121119186083208819e+00 9.984965252832834759e-01 1.058659502674532016e+00
8.926057473279866983e-01 9.701870088555234473e-01 1.181597588464653681e+00 1.106673607445956220e+00
8.969322981284491014e-01 1.292032508100648069e+00 8.081321012282445260e-01 1.373647042723482814e+00
8.686633641923170446e-01 1.073859878040996252e+00 9.317713113180330353e-01 1.395470596581700917e+00
7.735833715601045935e-01 1.131860947045396193e+00 1.059071840146205812e+00 1.040828137535444675e+00
1.072243092973204304e+00 1.171273710235563037e+00 1.149487623194989538e+00 1.097652771793831139e+00
1.116272704726314124e+00 1.092369727409230773e+00 1.330971985951230785e+00 1.386047826674313255e+00
6.466545544531328016e-01 1.183521773496770013e+00 1.095487993218246192e+00 9.180260036493540499e-01
7.215593666612759582e-01 1.319962136876774883e+00 1.540359036366916623e+00 1.170495857202253909e+00
1.040580901488522336e+00 1.454961615018681043e+00 1.356413291048179648e+00 1.202618094453258513e+00
9.357417543626411760e-01 8.482570086897887052e-01 1.009366342611441425e+00 1.242499703026069158e+00
1.287863659492659796e+00 1.482406147131024143e+00 9.401804126576671639e-01 1.182489820038216788e+00
8.500250768704724624e-01 1.178585091834818632e+00 1.092737367898651168e+00 1.245843530849516156e+00
7.614016942678173416e-01 9.989993531088059431e-01 1.317752247514726971e+00 1.175080096955035014e+00
8.661723375753793697e-01 1.101565390351836760e+00 1.340381582895845636e+00 1.054585679085889183e+00
8.918546421962511017e-01 1.545267756001736936e+00 1.042613002710730097e+00 5.399727354120085199e-01
8.173888422161146305e-01 1.450916242876483908e+00 9.329724304446279648e-01 1.257855551852005593e+00
7.954922871774878779e-01 1.572698002812865425e+00 9.117273727126146143e-01 9.606634755832307304e-01
1.237637073924056974e+00 1.159185505108106806e+00 9.853319205933931402e-01 1.547706165373284648e+00
8.899449275392646852e-01 1.322653391890115548e+00 1.124334842454014050e+00 1.203269823350455292e+00
1.035413600959114389e+00 1.231960011437212676e+00 1.072883934298383135e+00 1.009009260749781367e+00
8.482168105350049725e-01 1.138740481029292040e+00 1.118520430027673873e+00 1.215672385846556569e+00
7.717249427484154101e-01 1.036047377512775647e+00 1.057308908305458983e+00 1.242335615677747196e+00
1.204102643589148647e+00 1.130573652369821103e+00 7.790272077519495575e-01 1.151628248522446496e+00
1.055090836450712777e+00 1.103707367010371421e+00 1.067047556251242701e+00 1.316075105991060479e+00
9.058360027965444150e-01 1.387551917769680676e+00 1.358673226439029991e+00 1.240003671139145114e+00
8.055660115356413353e-01 1.097497224508281022e+00 9.393820937327962417e-01 1.396675142796320435e+00
9.634975116021202712e-01 1.187642963384178296e+00 1.127120132608150804e+00 9.805011452557157448e-01
6.526507526654937719e-01 9.548455829676363305e-01 1.206775223947467168e+00 1.176446508662113422e+00
1.102511921311444487e+00 1.112985670818210204e+00 1.000206548905899773e+00 1.544147270638420943e+00
6.653878524917412607e-01 9.233970953268635373e-01 6.401249014033153495e-01 1.211712729572520963e+00
9.535603036621977946e-01 1.342006648358818222e+00 1.400496160467245010e+00 1.132486609646505826e+00
8.846658697540498162e-01 8.266862366856617683e-01 9.127073583042827343e-01 1.369246581577129307e+00
1.312926802975728613e+00 1.140170489875288684e+00 1.317608479119939835e+00 1.078782802125533014e+00
8.523633485671321397e-01 9.317212055134092008e-01 1.001815864752562568e+00 9.775039978751016712e-01
8.637962868093589375e-01 8.792044455537812997e-01 8.260222739329652342e-01 1.031453973955695824e+00
5.204128441829916074e-01 1.196314668681361937e+00 1.177524243827331230e+00 1.112268583466589966e+00
6.170426693202498702e-01 1.404855651656352844e+00 8.882281150230377786e-01 1.147807038304681448e+00
1.082358278942325835e+00 1.000446052038910016e+00 1.160986705316279677e+00 1.016775979313310874e+00
9.198797531411111450e-01 1.118420104022313843e+00 9.343415057848867278e-01 1.018921241277108258e+00
9.881749643439280417e-01 8.184658727522948762e-01 1.089338046931003001e+00 1.290386326904703340e+00
1.144499009509710952e+00 1.060906709441842732e+00 1.065482395203350308e+00 9.442691500926363446e-01
9.759827679656032373e-01 8.506738796520499912e-01 9.440141543733503449e-01 1.165356936028667301e+00
8.028128787168427039e-01 1.163484888116300464e+00 1.224894740363656753e+00 1.030285668319308456e+00
7.107243102255654810e-01 1.498366374551940439e+00 1.169390825939629952e+00 1.565098249610310965e+00
8.495418684003220866e-01 1.537362051909062499e+00 1.166694674893153705e+00 9.301636914478406126e-01
7.157996664286156996e-01 9.388278270742738130e-01 1.113247603403110908e+00 1.132243327756821127e+00
8.042678578170754378e-01 1.470614967562626774e+00 1.134156994775369132e+00 1.073886375187615538e+00
8.342642497703649518e-01 1.076404369858427579e+00 7.905773392152563028e-01 1.109481073808665341e+00
5.322539575287360547e-01 1.109552874751156493e+00 1.357533833767450293e+00 1.310635426873587583e+00
9.415838294510552320e-01 1.102673073151509087e+00 1.026781510833683519e+00 1.285243598384041563e+00
9.139084634385510331e-01 1.432811505794403306e+00 8.626531302757072250e-01 1.056408162048548594e+00
8.368185304187378826e-01 1.072285190814230349e+00 9.411547795288686125e-01 1.420517210037874678e+00
9.577472781540437019e-01 7.426458004848393024e-01 1.228550117064304503e+00 9.989677329757161717e-01
9.098305557988604075e-01 9.718224228667970976e-01 1.093311511171897177e+00 1.317560532064030232e+00
1.247609911703609242e+00 1.224074908635046421e+00 1.318070587259795978e+00 1.056855960666959859e+00
8.423209875889958731e-01 7.246951417654164951e-01 1.289760190902286441e+00 1.369628032860815692e+00
1.038510570805409650e+00 1.405312149459863047e+00 1.231278681391831054e+00 1.233468380771514328e+00
9.318314656707703536e-01 7.262992586753739266e-01 1.080928860544965397e+00 1.345240108649365274e+00
9.216362900717544049e-01 9.985334452210742340e-01 1.014634569776104334e+00 1.272406080528866834e+00
7.230414983987835109e-01 1.258704305255553990e+00 1.215299642953783898e+00 1.102481730450814768e+00
8.355165235280090918e-01 1.220163975568326009e+00 7.770876504152595121e-01 9.392469175711721796e-01
1.040514965246170043e+00 8.590181047176108642e-01 1.153532312354925482e+00 1.022919054671536543e+00
1.164290888037601945e+00 1.110556622469033083e+00 9.757229226863048943e-01 9.946221469067372256e-01
8.752627130974961478e-01 9.184025294780057136e-01 9.775145738684638541e-01 1.099428090967321303e+00
1.144534499818904871e+00 1.120824801443621954e+00 8.741080376383074668e-01 1.177594721357144714e+00
1.119793126209343237e+00 1.017855344056558309e+00 8.742883671799577261e-01 1.220179196290511747e+00
7.169191604919824545e-01 7.639320192174738899e-01 1.011798444582353795e+00 1.595765265602677951e+00
8.303752050622497105e-01 9.137309695391910846e-01 1.272313694968799425e+00 1.026829358803231118e+00
9.933874430466957950e-01 1.170088697955371515e+00 1.100518395637992253e+00 1.355900721669026865e+00
6.409977594982734228e-01 1.335695683850357751e+00 1.186359256049012378e+00 1.459255528052704864e+00
7.979259961436037107e-01 1.467810513874732825e+00 9.655581500695797903e-01 1.198356618640028515e+00
1.019759833875409027e+00 1.125755370659367927e+00 1.095336779849823472e+00 1.200841171203780533e+00
9.460989463798555876e-01 1.303343859742502220e+00 1.148833959273932059e+00 1.303879413828685330e+00
1.196459360528973281e+00 1.416407851332315948e+00 1.029645873602258455e+00 7.212626085973168344e-01
6.247220789456564560e-01 1.193651419341164921e+00 1.401613044552476595e+00 1.230378966701603183e+00
8.279203555901977207e-01 1.149618876606857354e+00 9.010098327331271806e-01 1.454391331064740500e+00
1.093509759467401476e+00 1.124422942210559828e+00 1.234214661538340696e+00 1.137032915140797629e+00
8.704232434851125744e-01 1.135412510168235301e+00 1.188438317079930195e+00 9.690119202791105391e-01
9.031068639154344879e-01 1.061969939659426432e+00 7.035584700757380183e-01 1.489813978128353700e+00
7.872097360876919581e-01 9.078687248013362909e-01 1.060992071443713769e+00 1.270245621544302761e+00
9.780337229215045891e-01 1.201137745981709859e+00 1.057938612162464098e+00 1.071839796015137569e+00
8.091311858363637866e-01 1.028545676242135887e+00 8.441581230639998434e-01 1.181108696710615691e+00
9.518012053816728990e-01 7.122981931307228454e-01 1.249181485250079993e+00 1.379267001530150916e+00
8.763605108866950877e-01 1.350843732290618604e+00 9.429553836692130542e-01 9.092786220580983958e-01
9.634551850984394150e-01 1.139635496862142716e+00 9.179366774069798174e-01 1.320323542978277365e+00
9.651411554577036256e-01 1.118789927107461724e+00 9.630881449619771439e-01 1.103521204839352121e+00
8.562376346111386649e-01 9.238618451195925729e-01 9.386863719050840826e-01 8.957141939613040282e-01
8.101715614424847001e-01 1.125808596166701037e+00 1.416407855002526528e+00 1.123202027581124973e+00
1.274721243469088661e+00 1.100156983749419615e+00 1.173025358038373378e+00 1.024086629701780105e+00
1.161342333140851668e+00 1.283260267340313066e+00 1.048849758993448900e+00 1.110728572712061490e+00
9.183987495897979469e-01 1.063660749188600541e+00 1.405388998612379314e+00 1.119207665480393965e+00
1.067331628393953125e+00 9.882252191118655604e-01 9.151063521404633194e-01 1.168041658681861161e+00
7.614486252496960317e-01 1.212794251141656510e+00 1.236616579860668752e+00 1.304858303987387558e+00
8.919185367316484481e-01 1.282117328257548872e+00 1.082115112272759916e+00 1.378146339990000024e+00
9.649899656247670210e-01 1.294671601155651164e+00 1.196619305387995880e+00 1.401418653526947722e+00
8.149075126143385805e-01 9.363750893251128193e-01 1.050630814858229733e+00 1.173247319877327666e+00
9.143768310346804817e-01 1.303446465864047443e+00 9.975332479374892092e-01 1.278661720666500301e+00
7.046751914070216172e-01 7.725073278363833174e-01 1.306352287971867643e+00 1.198077333899122188e+00
7.667665114015570493e-01 1.146463233856601205e+00 9.219479598848857593e-01 1.179814207644785062e+00
1.006110312539582941e+00 1.110298410755539145e+00 1.130934740179539988e+00 9.590988730384040206e-01
1.085285317393201110e+00 1.068039530445075824e+00 1.093519560984918204e+00 1.227048997058246771e+00
1.000303510254689776e+00 1.097356026170847709e+00 1.037490994029874214e+00 1.418092575187473559e+00
6.995220874936863842e-01 1.020485951313002237e+00 1.000000000000000000e+00 1.355259531103383708e+00
9.946389932051560301e-01 1.241376050124163299e+00 1.090682412041432237e+00 9.314292072024260571e-01
1.252358946654625660e+00 9.966632002900377429e-01 1.048473262112058491e+00 9.914849106430428938e-01
9.677067471156507450e-01 8.209898699523716648e-01 1.104591305695942438e+00 1.087949899155004063e+00
8.985452175608986680e-01 1.104604571811010461e+00 9.981059396087793578e-01 1.213964618565629650e+00
1.106067783341059707e+00 1.108643237457970443e+00 1.042401389196772499e+00 8.979106852378248016e-01
1.154559092590780489e+00 1.010261393431684862e+00 1.204846278437652352e+00 1.121473511734003559e+00
8.159923177025081298e-01 1.390223454431121386e+00 1.313545637439686109e+00 1.057231796520982092e+00
1.200171622008752159e+00 1.080485188609558556e+00 1.240006774186484861e+00 1.147662971230238860e+00
8.338980877612651721e-01 1.125394704502579835e+00 1.000060586733926060e+00 1.156327734922413919e+00
5.849352138028811599e-01 1.236067961565052276e+00 8.884766580069655140e-01 1.026672412334636908e+00
9.613471473492781749e-01 1.325425539073328718e+00 6.839148866490902812e-01 1.331789662355507220e+00
9.174852767577621471e-01 8.302033999827882482e-01 1.106717762136165240e+00 1.104597973296135516e+00
1.064475998085011810e+00 9.161956558708553855e-01 1.174949374150118464e+00 1.223091112471884845e+00
5.961757095850279686e-01 9.568862017695356492e-01 8.719253424141517606e-01 9.389391932014541364e-01
9.267099107022649385e-01 1.066503470086368477e+00 9.512185874688843246e-01 1.104062930794807551e+00
1.010342210859104028e+00 1.159904888593068284e+00 1.032847634939913162e+00 6.454423196812000274e-01
1.183428091514700187e+00 1.111581088652974891e+00 1.277954089334298216e+00 9.121122493470148473e-01
9.761573012959764428e-01 9.651832569052245514e-01 7.884780921684672039e-01 1.306494105571174513e+00
9.252076496578578446e-01 1.059263245191501612e+00 9.172977826868335960e-01 1.352520674881737772e+00
9.582367912655926911e-01 9.013365092537442003e-01 1.157166572315678099e+00 1.294184456248807180e+00
1.069395619782429030e+00 1.203883785901258552e+00 1.002023935554392731e+00 1.088859251212322299e+00
1.096852202420369071e+00 9.934948906415552727e-01 1.077506914825336004e+00 1.434728946540277938e+00
6.752609845864012694e-01 1.190291473417414592e+00 1.181511328239014613e+00 1.159452937362571712e+00
4.825164272504418594e-01 1.039690831780466063e+00 1.109079087336141800e+00 9.669184659998967257e-01
9.899999999899999903e-01 1.176973063874174441e+00 8.591153688302720637e-01 1.089400849356499501e+00
6.709967057413611657e-01 1.097839456024950477e+00 9.928092351755635203e-01 1.347860217148362239e+00
9.690463425288063926e-01 8.418317908622775514e-01 1.014821599800948215e+00 1.227168167799998155e+00
8.696399552305498215e-01 1.197266775894414659e+00 1.159469409163498499e+00 1.134884669941992774e+00
9.212702758432669281e-01 1.408205805836503899e+00 9.125792278832766113e-01 1.194670583637529093e+00
9.060948901294125779e-01 9.451425608277722601e-01 9.416796297064027321e-01 1.145472722974467006e+00
8.682291712513712234e-01 1.165119240491915065e+00 1.025723224968014602e+00 1.183684880768588910e+00
1.157544086990812460e+00 1.276952980452461306e+00 1.130010849370915338e+00 1.068959897735658027e+00
9.820505353443387264e-01 8.994266883721739880e-01 1.210538245858150397e+00 1.119306526253617484e+00
7.498103876837639570e-01 1.009754323958034883e+00 1.152660455413141882e+00 1.340338326547487746e+00
8.340317105237204931e-01 9.736863734329721520e-01 1.007865654301454361e+00 1.118651567661567148e+00
6.233488663084352233e-01 1.165982221147009223e+00 1.174095633900730240e+00 1.074319026957801571e+00
9.666518403087763778e-01 8.849499469678410168e-01 1.006074338752146691e+00 1.228381964712742080e+00
1.160943484760462940e+00 1.027705532713762304e+00 9.343653099201599810e-01 1.032360021433095243e+00
6.361743297094696326e-01 8.027077698382349968e-01 1.024434864369641041e+00 1.291727206712974807e+00
7.863946803448715883e-01 9.009477477763307984e-01 1.274453358002076264e+00 1.116221169304777883e+00
1.267610767623364776e+00 1.105227047365993531e+00 1.094627596274746484e+00 1.233269238731909745e+00
9.544183118479721006e-01 8.573074272185197131e-01 1.167254539275341285e+00 1.092706677972873575e+00
8.398738047514255900e-01 8.427526870314457907e-01 1.240711076490091269e+00 1.202876239058015218e+00
7.128188753324798954e-01 8.005788243887436151e-01 1.381966000000000028e+00 1.573963022319747607e+00
1.004421930595626788e+00 1.081984874426097587e+00 1.184695959323802672e+00 1.364344093893208765e+00
1.079809062342319770e+00 1.259601859866626983e+00 9.566565448904393865e-01 1.232541625829840060e+00
8.606520260457488636e-01 1.067882511011758018e+00 9.731078626705643719e-01 1.236355521513292199e+00
9.383849571129700973e-01 9.418874406835489044e-01 8.241431797978741036e-01 1.174644057234709882e+00
9.546870910210526473e-01 9.872164294829718356e-01 9.080426247907273929e-01 9.974731194145435298e-01
7.270826907790683968e-01 1.009563541401827580e+00 8.793869853089097965e-01 9.198300636009474340e-01
9.376731901623928112e-01 1.246820096195137895e+00 8.772741044684077005e-01 1.240147940539590321e+00
9.610115038190321091e-01 1.152347205094182314e+00 1.175881093414808509e+00 9.067244440465024313e-01
9.283358827659594636e-01 1.147697994394967669e+00 1.346998314586309586e+00 1.141553773502470781e+00
1.079480492187810059e+00 1.118007417834374406e+00 1.257749240566723437e+00 1.252135089452542704e+00
7.795832852603835628e-01 1.070203357941201805e+00 1.387793394031563210e+00 9.652258208870576617e-01
1.190857846908391249e+00 1.093115622895117989e+00 9.971636135675440160e-01 9.794751240464038000e-01
1.103325535110416311e+00 1.495721282153612330e+00 1.185789744284083236e+00 1.170482564456077679e+00
7.206767479080715688e-01 9.954750424583018731e-01 9.654524170906026992e-01 9.891576993092652259e-01
8.689881244184290976e-01 1.205504649776566906e+00 1.083604810230499371e+00 1.370761297034141180e+00
1.287862247812905814e+00 1.013646582835583621e+00 1.260282268629097535e+00 7.768099895537070587e-01
8.480577451779126585e-01 1.278307912203436425e+00 1.077175141765442712e+00 1.244226436751903586e+00
8.547237132065089726e-01 1.007864045818680943e+00 8.594219895807899690e-01 1.284869126120361527e+00
9.745427322485431532e-01 1.300121971150944855e+00 1.380781917706965567e+00 1.108469300734912011e+00
7.183023105399641839e-01 1.153153788631775978e+00 9.837861715906501825e-01 1.478542827075339350e+00
7.807481884039084719e-01 9.090744868420794766e-01 1.120353739231550128e+00 1.092135059736629055e+00
1.179230753947664745e+00 1.025886190092732964e+00 7.835072621448183616e-01 1.149876094578175856e+00
9.702170567481925856e-01 9.739245436349028839e-01 1.556423491276896387e+00 1.202799733599946519e+00
8.193892886287676980e-01 1.244336751411869946e+00 1.124385020434573779e+00 1.218053996337852052e+00
1.157199240412217112e+00 1.307659544506062144e+00 9.427526021774198517e-01 1.153389849579287363e+00
6.987535905989166185e-01 1.024956061829823240e+00 9.765713143768153248e-01 1.063944283647992428e+00
1.118033448544364372e+00 1.460171470984035880e+00 7.976384086359766812e-01 1.335405228777888809e+00
7.794181466980520945e-01 1.072270400924206557e+00 9.500907364332406013e-01 1.272867937186142884e+00
9.382814476981150564e-01 1.080185341984940539e+00 1.092890013375389380e+00 1.024206916233109110e+00
1.080541292097230155e+00 8.526180071292895901e-01 1.237219293433232004e+00 1.018067015892197169e+00
6.180339999999999723e-01 1.153300483190193848e+00 9.280231573640785880e-01 9.935733654765934730e-01
6.335873455210757621e-01 1.386026436948451401e+00 1.225808758168069224e+00 1.262618050440394990e+00
9.405876435483964126e-01 1.082175712445223592e+00 1.338333024496449530e+00 1.262980399825273103e+00
8.269155616832003508e-01 1.037481588340685823e+00 9.984317933342706786e-01 1.331337419226803709e+00
1.276837555132779967e+00 9.985721090787154086e-01 1.022948304283207488e+00 1.355513933398305060e+00
9.570790225759269187e-01 1.026203318852902724e+00 8.258244482948369214e-01 1.087413050111334156e+00
5.227047661442181248e-01 1.039386592222772965e+00 1.367765459630306824e+00 1.335499559479370379e+00
9.988224459704952984e-01 9.027610699473255229e-01 9.480630559735817586e-01 1.096573948146159383e+00
7.674301108440731989e-01 1.174521040247889836e+00 1.007071422790926762e+00 1.122525834532251299e+00
1.270477806237714224e+00 1.186115427169867287e+00 1.539487216078274878e+00 1.075916301602953595e+00
8.309445561555013349e-01 1.195075631176861997e+00 9.230506620659746364e-01 1.060330428616090837e+00
1.242310619174551656e+00 1.166553608062929737e+00 8.456816661830599546e-01 1.026840592047337131e+00
9.575191033317388412e-01 1.291089974073879265e+00 7.082039364090526590e-01 1.125621275292803647e+00
6.312698185085858782e-01 1.073606451824984154e+00 9.424065402455258367e-01 1.119379297463128475e+00
1.013700861173304268e+00 1.087941818197866173e+00 1.223181936371032563e+00 1.275925542760675713e+00
1.028440641808835654e+00 1.189745156708690077e+00 9.987015573874002961e-01 1.171455456425104957e+00
1.244274174054421422e+00 9.548630566001412578e-01 1.532384122850349639e+00 1.223805876372349166e+00
8.373958680748887495e-01 1.035350613603690739e+00 1.416407851332315726e+00 1.178170038811888087e+00
1.096948853902264487e+00 1.221408768151074353e+00 1.061387747120141611e+00 1.196920965978683693e+00
7.796937692414873666e-01 1.125995458855954201e+00 1.089718510746141122e+00 8.342257515104156695e-01
1.112046509982239417e+00 9.134326426195550352e-01 9.103234806823713443e-01 1.138498347342546513e+00
9.853548217285558186e-01 1.259428008142983169e+00 8.650451297594812239e-01 1.176402977788933768e+00
8.893740715366317273e-01 6.441350557036986668e-01 1.000889984597935101e+00 1.065812886294049022e+00
9.185360665685831094e-01 1.089169501914763583e+00 1.182839766220903144e+00 1.104032443908571359e+00
7.477255886364357895e-01 1.044777147672823814e+00 6.180339999999999723e-01 1.460782983464451901e+00
9.034025008525709000e-01 1.209785729302413237e+00 9.460853596964122758e-01 1.177516988486752014e+00
1.066381563773271868e+00 1.437084848337507381e+00 9.119890243971551236e-01 1.581375545708418873e+00
1.017510308062236746e+00 1.236067974843999995e+00 1.088552186728246163e+00 1.273964293921383106e+00
5.124561283564567082e-01 1.381966000000000028e+00 1.199057894234241362e+00 1.293768158899496035e+00
9.793675758625074446e-01 8.593735444922789846e-01 1.435151136981111852e+00 1.281953306493542222e+00
9.524653717484437010e-01 1.033878924666161048e+00 1.534316286977718713e+00 1.453106282623876977e+00
9.663252281323304604e-01 1.258198081680374836e+00 8.918928512799022545e-01 9.182457143319511239e-01
8.105196032214435631e-01 8.939720634287785517e-01 1.247926772341531265e+00 1.237448309573527583e+00
9.432571158207160300e-01 1.153493428268315579e+00 1.158489650583024888e+00 1.236688184182761940e+00
8.395931223253243481e-01 1.150724648876225720e+00 1.075748998884282326e+00 9.856396043328351508e-01
7.525578114370157223e-01 1.194207906299607380e+00 9.454949264988482538e-01 1.069510443553637780e+00
1.125358887246819428e+00 1.132022114306685978e+00 1.012467101395676750e+00 1.376282085149677759e+00
8.539198512032272204e-01 1.170569967403830569e+00 9.472547730410334488e-01 1.025551140263423866e+00
7.304406801544455208e-01 1.008882719318909826e+00 8.815541443121427401e-01 1.185489425260092267e+00
8.962724904163339446e-01 1.070979103941591681e+00 1.026871100860496044e+00 1.108369607964562187e+00
8.738402778959367678e-01 1.028464590605495443e+00 1.186330843900184062e+00 1.201102485229444072e+00
7.996676424790514215e-01 1.314111509119854748e+00 1.353619338162352470e+00 1.186953156431963530e+00
8.909787058248148650e-01 1.108888460685671484e+00 1.225238589343584428e+00 9.140811479011043961e-01
7.910984809598894385e-01 1.191027980907112704e+00 1.071533096842925081e+00 1.532701484687585491e+00
8.501355598669958491e-01 8.362900555560925930e-01 1.083954048406007953e+00 1.165121538406724833e+00
9.197512046928862928e-01 1.001428835670914008e+00 9.670680927677526295e-01 1.209517953393632217e+00
9.020606561665724943e-01 1.178456705954770145e+00 1.286815291173381004e+00 1.381043263413004096e+00
9.102268031451756780e-01 1.145861426303070862e+00 9.007177418645939682e-01 1.122487659708627739e+00
7.990791702785029482e-01 1.029576662641848994e+00 8.586809271352879858e-01 1.274989692280661169e+00
7.745903748433057290e-01 9.586039396359490317e-01 1.104785430054579187e+00 1.190546726626202423e+00
7.949295317993850807e-01 1.322512699036943129e+00 9.999992515984513775e-01 9.125788493323773176e-01
8.556383083193538353e-01 8.716224945321811024e-01 1.028040398444384884e+00 1.220711775948416733e+00
1.162443009958080475e+00 1.079598670867653487e+00 8.617110747310936514e-01 1.132100768611457253e+00
9.670287227691287679e-01 1.008749428794575298e+00 1.282291293864138648e+00 1.230151811740243017e+00
7.310917544766724063e-01 1.374315449594859739e+00 9.454093771581295602e-01 1.174382137438127360e+00
7.244005686203759398e-01 1.027080232450389374e+00 1.158303262240392595e+00 1.375558621661885361e+00
