1.243548947369564894e+00 1.069907009826421618e+00 9.875763500778321768e-01 1.264344098747619105e+00
1.221005380405777219e+00 1.003448865307502214e+00 1.148797220541892594e+00 1.088999409151886422e+00
8.712938466574811081e-01 8.551465907912741971e-01 1.193781496957030619e+00 1.088235038526684573e+00
8.342190107011193678e-01 9.845258547704343055e-01 1.169084804706209235e+00 9.577957159819412425e-01
7.640434056236967697e-01 1.178919871840933498e+00 1.005697568628312055e+00 9.827313037721003841e-01
1.184602211111017489e+00 1.089031030966237878e+00 7.533803088235777601e-01 8.491881614922067723e-01
1.342823522932861557e+00 7.639320347647367004e-01 1.225116190314146758e+00 1.446335966599576528e+00
1.221263231934135662e+00 8.767570131420010515e-01 1.021131234563428691e+00 1.317347247142302002e+00
7.584603215644123431e-01 1.061988897939732723e+00 1.290808658321902724e+00 1.237024854798281392e+00
9.564994001438196225e-01 1.239341173795707629e+00 1.159094138054114431e+00 1.264468037657615396e+00
1.171346653148857442e+00 8.989391850060216571e-01 9.898092552765443974e-01 1.187384931789118081e+00
1.023337364953122552e+00 1.123143408512791597e+00 9.518155958283237572e-01 1.163009513085465185e+00
1.000634073489132803e+00 1.414202579165577678e+00 1.018676234089547661e+00 1.050427840783611177e+00
1.179700461507815268e+00 1.223458580742253110e+00 7.399009672555326711e-01 9.872507699616667187e-01
1.084424573079351806e+00 9.461078907837108254e-01 8.627900680182546411e-01 9.567165515720505997e-01
9.737671974243331530e-01 1.337538079051594719e+00 8.953660059962259554e-01 9.088625575250057764e-01
9.866587633203611762e-01 8.740221180049180250e-01 8.507702093726074999e-01 1.011229901205621173e+00
1.242087922317555604e+00 9.732785431010326782e-01 9.192207082926253658e-01 9.710641626545073457e-01
7.924605181898382034e-01 9.185113732690223243e-01 1.178129299672311170e+00 1.034536186334990004e+00
9.929434688753110416e-01 9.408283943503665814e-01 9.462206661771725980e-01 7.492138773582689426e-01
1.163721374850731571e+00 8.190396742804459951e-01 1.067538013051663182e+00 9.283454488770506163e-01
1.416943550408651387e+00 1.034227841400173764e+00 8.683653965119261242e-01 1.004354381358125270e+00
9.006743270864806528e-01 1.343096424547078449e+00 1.347092925305714228e+00 1.190713389400593458e+00
7.212406158581169402e-01 1.088143102246177385e+00 7.636167276662564340e-01 1.049036426940175737e+00
1.030857791916692356e+00 1.124127368826619344e+00 1.035253231154001918e+00 1.010726734709493480e+00
1.084472984053580058e+00 1.112053258032561276e+00 7.138812901091151630e-01 1.053326185353341993e+00
1.090533190559364485e+00 9.995448402157020018e-01 9.459397217418449300e-01 1.174234503678563302e+00
1.176766834640456727e+00 7.810549792623343590e-01 1.079292445758035512e+00 1.002113013450100176e+00
1.088733043242799514e+00 9.596396636344084463e-01 7.157442810138880951e-01 8.163176150166991940e-01
9.352985802860162012e-01 1.066391102874258978e+00 8.279598503527956233e-01 8.761096634250111759e-01
9.083519243646230867e-01 1.049681587818593664e+00 9.066068758709241449e-01 1.104216972101419891e+00
1.013322133713148610e+00 1.040825445050443943e+00 1.063622146141904645e+00 9.460150664173903046e-01
1.048370992396667534e+00 1.052313839681151997e+00 8.887149992037046697e-01 1.232256350017413515e+00
9.883406739962595777e-01 1.308166760462395883e+00 9.879372148838984069e-01 9.206401079687724920e-01
1.145898025156000033e+00 7.639320347647367004e-01 9.455465257307126281e-01 7.710344262814858851e-01
1.347524148667684107e+00 1.468248996971204035e+00 8.187604979664093729e-01 9.987814312377825132e-01
1.133270468773001749e+00 8.466246197854804256e-01 8.779119829652812790e-01 1.008896774830565279e+00
9.346983344456617493e-01 1.120439379024738447e+00 9.828488194189322069e-01 1.101119862072519551e+00
1.027231888720578024e+00 1.244833383228148627e+00 9.849518954115916713e-01 1.220948654210479711e+00
1.374978430647814331e+00 1.204393319073498114e+00 9.853773685093610846e-01 9.794521778380380628e-01
1.156454635894812233e+00 8.708398886983437226e-01 1.043617353421164795e+00 1.047665983241575560e+00
9.472596039049709926e-01 1.003177344484304179e+00 8.741209116768243748e-01 9.349418729362228841e-01
1.103290921314081574e+00 1.026037001504805479e+00 8.877429469592614808e-01 9.515178089525755389e-01
1.019089563443930091e+00 1.198348869533830463e+00 7.642046441928004308e-01 9.874882287125558156e-01
1.001899326103323995e+00 1.084749076251994016e+00 6.846449019035073524e-01 9.195607565162325914e-01
1.075058895762105227e+00 1.390069100001475100e+00 5.848795554641104122e-01 9.880288245963486649e-01
1.243574589195852731e+00 8.260464599463545055e-01 1.033205034965651636e+00 1.011085697774047887e+00
1.080157635379106251e+00 9.986011488862926999e-01 1.165027363976792962e+00 1.097357546157589514e+00
1.093004390351326682e+00 1.259225921520939817e+00 4.530290412298387803e-01 8.999333798436202070e-01
1.327623829288550050e+00 1.207219354993441796e+00 9.379957754740879672e-01 1.179029183307168438e+00
1.085124807918369072e+00 1.152001682373251956e+00 8.206486295633508288e-01 9.462001624302878167e-01
1.146253175836418947e+00 1.041611330880624076e+00 7.542517983739804865e-01 9.648123662719493288e-01
1.186797458301744657e+00 8.141543274501135130e-01 1.182864526260615667e+00 9.885577962071880886e-01
1.172107545345618673e+00 1.313230957921406761e+00 1.180481748240999940e+00 9.340939862759023438e-01
1.033495497372209915e+00 9.940076553220908995e-01 8.592390471333921642e-01 7.501228678305440489e-01
1.149542890284579899e+00 1.020205970184446143e+00 8.343606404850062441e-01 9.436183165954561414e-01
9.401407775774662801e-01 8.821221292647538625e-01 7.010011439947011480e-01 1.486140245144069727e+00
1.023658537321242346e+00 9.959686974554283756e-01 8.470791608345986656e-01 8.971645873920482961e-01
1.323542240775709145e+00 9.009400845373052302e-01 1.023359556615620614e+00 1.303446426136613212e+00
1.028939281292209795e+00 1.063570926598181865e+00 8.558911057966254177e-01 1.188515259377687538e+00
1.153965078416429035e+00 9.018293538481447769e-01 1.491684585191559442e+00 1.048077104722837438e+00
1.381685597181258718e+00 1.002988140462107047e+00 6.759349644938004165e-01 1.092182466283782682e+00
1.089873932819394708e+00 1.180657237930383907e+00 8.981873951944345791e-01 1.232148864894097251e+00
1.161403811386094720e+00 1.008805069572040081e+00 9.692281345120182801e-01 9.527928555002915800e-01
9.001166570247283172e-01 9.633181283493967850e-01 8.798447653230535570e-01 9.574221806505847088e-01
1.139878991277225584e+00 9.675376551441673412e-01 9.086169956318458363e-01 1.100911186036671596e+00
1.190165583197092980e+00 1.094851510306487530e+00 1.027511921347458168e+00 1.110129733059750823e+00
9.449451143321520030e-01 9.598392269283062550e-01 1.089286442021379253e+00 1.096372756660501491e+00
1.014229922455040400e+00 9.525285302272317178e-01 9.946620085905127917e-01 1.107336652633690965e+00
9.936989467209077498e-01 1.204944072877856653e+00 1.075918328447507122e+00 1.031594818320976215e+00
1.321417011306318612e+00 1.024352561464980216e+00 8.640316542036262648e-01 9.360747157666982066e-01
1.080590337979569160e+00 7.601694318612192136e-01 9.301886078161978322e-01 1.398908872204836173e+00
8.615920693745048320e-01 1.088620041516831893e+00 4.485479369842939601e-01 6.977186608327177186e-01
1.129369291458393709e+00 1.233022151721941295e+00 9.173412250319138428e-01 7.639320347647367004e-01
9.026699773719315534e-01 1.135867217577806620e+00 1.019202025640898013e+00 8.245689573464486388e-01
1.055918370973779385e+00 9.062695824369705333e-01 9.928179775895960013e-01 1.117662499302932710e+00
1.178411774058795825e+00 1.208373308271679658e+00 6.099033822370447666e-01 6.680385046175324470e-01
1.270094672780380129e+00 8.370860095111104515e-01 7.219121062692468449e-01 1.408803950532149241e+00
1.005083607451968009e+00 1.147283965102089187e+00 9.419608977166217256e-01 1.086876861190031685e+00
1.026935080301290437e+00 1.117805639651169747e+00 9.063644468972310575e-01 1.001018723766695651e+00
1.059415135752957760e+00 1.055995873063617418e+00 8.194105127888883233e-01 8.385442121007538052e-01
9.160122039950138184e-01 1.648023006071956953e+00 9.503038913702203105e-01 9.615605006786741571e-01
1.398868972810226596e+00 9.590378342033217818e-01 8.310520982416422786e-01 9.472514146927205614e-01
1.167307662188566075e+00 9.875820048089509751e-01 1.029363330622324435e+00 9.155410592729719133e-01
1.189136282392089461e+00 1.173915592240326156e+00 7.839555568605667268e-01 1.084292712111042167e+00
1.279817059522223133e+00 9.438574528401633135e-01 9.644194144711737415e-01 1.141908234030281744e+00
8.436519675681027897e-01 1.211374935690618049e+00 4.579625368504882665e-01 1.153450526504211426e+00
1.373835372832841850e+00 1.004655008881219835e+00 8.708214830740439449e-01 9.574777499593372099e-01
1.121881968295203924e+00 8.451674847357908416e-01 1.004443682624321710e+00 9.189013726711958707e-01
1.211156272603124640e+00 1.055021028540463979e+00 6.242019391744981771e-01 1.427946257320208634e+00
1.206804916039372566e+00 1.290480297412282873e+00 1.065653036868321468e+00 8.772063430596770406e-01
9.168567156597845491e-01 1.132017070799033576e+00 1.077775535753667357e+00 1.150113965418166684e+00
1.080369096488397851e+00 8.049710826898868188e-01 9.507540044541972213e-01 9.809859196159038675e-01
1.139662985767521786e+00 1.075848024917297918e+00 9.655871994039632034e-01 3.915681564865447495e-01
1.247927649083261814e+00 9.617682954683950403e-01 9.553078979060534159e-01 1.127535707888846161e+00
1.197174027510709671e+00 1.184889298839317817e+00 5.024800432687457352e-01 8.503301030632924862e-01
1.030444003290625021e+00 1.136452318725834854e+00 7.752741947147349100e-01 8.142928116066949773e-01
9.849899926757879065e-01 1.090658831794865558e+00 1.446114222226516199e+00 7.591021603604168888e-01
1.469110474540853417e+00 7.780333256427389710e-01 5.784514766574676559e-01 7.475254898348361321e-01
1.427168606814234852e+00 8.916355980225929567e-01 7.202911275819569026e-01 8.512061263276284873e-01
9.738458477705770333e-01 1.157965995189926600e+00 8.563983410176315703e-01 1.397456538540586157e+00
1.095684480422977281e+00 9.930385411655590078e-01 9.350798206701479431e-01 9.441450406000875262e-01
1.069193602455706049e+00 7.634793991996610130e-01 7.908232343276224707e-01 1.109487520226528856e+00
1.367190913969966282e+00 7.639320384349473914e-01 9.596758342437651246e-01 6.206152383474144996e-01
1.249065613956590326e+00 1.137130592612578095e+00 8.601918652437416934e-01 1.453513520397961001e+00
1.058047183606076969e+00 9.467007939970972785e-01 9.432320080868601408e-01 1.186498607828605945e+00
1.242089562848281536e+00 9.906441687944522734e-01 9.476866743575588226e-01 1.129073367691878715e+00
1.040974539944849564e+00 1.174413988946760412e+00 7.659117098514758304e-01 1.090343006634887812e+00
1.316801656401292098e+00 9.694107295197066376e-01 1.033548505230402315e+00 1.066026228248783569e+00
1.236119990102321431e+00 1.072152173786196094e+00 7.932584125434772870e-01 1.085102404603520032e+00
1.034353467292893125e+00 9.859203698385704540e-01 1.097572822475923360e+00 1.130974398564091432e+00
1.099517507024693197e+00 7.519328819997874724e-01 8.752714905717010607e-01 8.402048487413803501e-01
9.799376973646558575e-01 8.550745989699096716e-01 1.319698629372501042e+00 7.637792541025768545e-01
1.182124080761687512e+00 7.631531231958235129e-01 9.036462246019253408e-01 9.698716560102179640e-01
1.180904197225539409e+00 9.700528416947722388e-01 1.179608291468916104e+00 8.752895955172800280e-01
9.094879834775171368e-01 1.072674807598142710e+00 8.240018762193930257e-01 7.564784146080111293e-01
1.150239997085487964e+00 1.055308395532884802e+00 9.284654606548755629e-01 1.115979128951011257e+00
1.201358628386434813e+00 1.064219809902006819e+00 9.239065366566371340e-01 1.305096802614992946e+00
1.202680736366058101e+00 1.280540605885325700e+00 9.937023077954886263e-01 8.917335116575582088e-01
1.075620462849286252e+00 1.050736995115111982e+00 8.689387091422711151e-01 9.133930711573281513e-01
1.374401109260449561e+00 9.640042897321929871e-01 8.730888088903393518e-01 7.846601793198224595e-01
1.381966000000000028e+00 9.996334313611259237e-01 9.235779794087878303e-01 1.213145899464552535e+00
1.394094227006502873e+00 9.178357275603299392e-01 1.010453105436262433e+00 9.088621406745260867e-01
9.944358771902508387e-01 1.069576599745741818e+00 1.076433285288107777e+00 1.091206421942434446e+00
1.300740502720503899e+00 9.999958955345332745e-01 7.123113859046287244e-01 1.018217613870634697e+00
1.102479006624989877e+00 1.275011033670045757e+00 9.502308907265554216e-01 9.820398700624368704e-01
9.941532471798868453e-01 9.355293305234858581e-01 9.439922442404506953e-01 9.935471981170556077e-01
1.135412875076255546e+00 1.103541199136974571e+00 1.310757318990875664e+00 1.313818103585978170e+00
1.062402562922957427e+00 7.461681646407619661e-01 1.075128551789106268e+00 1.120992399804904283e+00
1.166081232715848071e+00 9.257694865068994972e-01 9.673075404349802398e-01 1.063240176618637900e+00
1.183260227739139525e+00 1.033335593276087039e+00 9.407805034283551748e-01 1.143245362700619161e+00
1.227096686495172673e+00 8.848335586351951942e-01 6.779286028907053341e-01 1.338180994096750620e+00
1.115620079957952981e+00 1.013323978083922938e+00 5.179934977173077382e-01 9.554707428323128138e-01
1.065806838631968345e+00 1.121829480445587057e+00 1.111109621631181987e+00 1.147984259774454063e+00
9.198100966487962049e-01 1.124582750474586890e+00 1.280282499328480483e+00 1.088072492662804702e+00
9.225652703582667424e-01 1.158067903772904916e+00 7.419751653566015737e-01 1.250041321336632372e+00
8.899847069050618176e-01 7.724388504270738309e-01 1.148718721938641885e+00 8.827099311037767126e-01
8.567589736381067134e-01 1.020332699607737315e+00 1.053695192194297414e+00 1.060695045985430740e+00
1.006058320701161524e+00 1.021481641741515123e+00 8.109676582473451800e-01 8.377463960015572031e-01
9.504487227494623491e-01 9.571839590262563036e-01 1.466604068316718745e+00 1.036258249087024907e+00
1.224461615891676347e+00 1.064676634895706187e+00 1.135337738164101440e+00 9.885687607487378958e-01
1.034286786148854498e+00 1.079696233941614736e+00 8.981625748127399778e-01 8.207974165079438000e-01
1.263303771944499720e+00 9.155425342673931821e-01 9.213486545226352575e-01 1.013939812906845317e+00
1.000776667612319537e+00 1.362722099696801692e+00 5.093478772669731702e-01 1.241199964866509742e+00
1.082829757363797940e+00 1.017976926265323101e+00 7.253193133595211561e-01 1.340807915046398513e+00
8.982637958112613674e-01 9.524116311238247645e-01 9.158710684969602056e-01 9.215727107450689681e-01
1.148050519508578837e+00 1.189147093257366450e+00 8.319066997169927147e-01 9.719174295889000392e-01
1.152244406471277571e+00 1.068977354095885790e+00 1.198600497379036067e+00 9.863829462343247645e-01
8.682213474585331880e-01 9.670204534010697905e-01 9.240386918368173053e-01 8.099757514213101750e-01
1.194906517709456217e+00 8.103308447725436903e-01 9.771511350267161333e-01 7.256816763526544589e-01
1.356315898617355353e+00 1.152747985204652492e+00 1.036647420838209488e+00 1.382105964322504210e+00
1.468336308645002752e+00 9.795796672222614188e-01 1.251248991351016082e+00 1.154060844360661475e+00
1.026713158672679427e+00 1.012347421228006583e+00 1.130762177773375177e+00 1.011839464140933398e+00
9.020511537236101107e-01 1.165356648280484020e+00 1.016471336914704260e+00 1.037280954940194677e+00
1.046183158097217181e+00 9.382134543279921912e-01 1.190742964625268296e+00 7.748513197192027357e-01
1.494996713040853242e+00 1.310756507194057452e+00 9.104691035282511669e-01 9.254429994629160827e-01
1.272647218952466686e+00 9.275401476995264183e-01 9.558783950778323435e-01 1.112414878207945712e+00
1.146174876685522426e+00 1.049543419772193564e+00 1.001347754090779141e+00 1.036405213067747244e+00
9.933917559984756229e-01 1.390779601907357055e+00 1.014880493648248727e+00 9.303515903529641085e-01
1.000000101526927976e+00 9.743886363834239894e-01 6.852105482794288438e-01 7.957417711548793182e-01
7.335807107946588079e-01 1.095566914485586407e+00 6.188480908861089258e-01 1.235883111120898992e+00
1.121889067373884163e+00 1.014068372730712708e+00 6.262548009500953361e-01 1.358093232852348287e+00
1.195791408129883937e+00 1.086120326763845068e+00 6.700482230687585528e-01 1.166240467348093945e+00
1.007711317528077188e+00 1.066716148221122928e+00 8.031123593599237553e-01 8.323247399522465395e-01
1.340271729578201176e+00 1.209829920513059598e+00 8.442091964992805009e-01 9.831631676199847902e-01
9.229736826736784083e-01 1.018740671307420298e+00 1.083518267245395794e+00 1.112278974285240807e+00
1.157992305589365278e+00 1.085528655210078242e+00 1.069683644458831795e+00 1.261461926584079185e+00
1.082369709165206917e+00 1.187755818840273481e+00 1.019854724131780577e+00 1.113733330752887607e+00
1.076806570978716682e+00 8.234154892081357868e-01 9.143336055221319425e-01 9.997453124938757707e-01
1.129612148254956594e+00 1.263626512034316418e+00 1.049148965366174968e+00 9.769496886183268725e-01
1.083635568691064144e+00 9.233029805583027327e-01 8.465894512203351319e-01 9.636171078511907018e-01
1.095465762222300743e+00 1.107768178791211477e+00 1.070530224030240340e+00 8.612383714558676795e-01
1.262878028688784626e+00 1.107329679227737396e+00 1.034726488995492577e+00 9.041595129206076997e-01
1.161126703583351016e+00 1.119627629752146580e+00 7.090500992053898610e-01 1.036077107453159174e+00
1.108547139039719909e+00 1.379015008817386923e+00 9.347983258370363702e-01 1.254366509381177774e+00
9.610584237487469483e-01 8.482110631298718229e-01 7.921850320406724766e-01 8.504494034440857053e-01
9.999999999999997780e-01 1.147710440543420862e+00 8.340296517123498843e-01 7.686771696378023044e-01
1.269659449793719030e+00 8.333715243714516774e-01 9.685366053321484703e-01 1.178588305165541250e+00
1.456188334458955680e+00 9.871153064166119373e-01 9.824923282056881035e-01 1.036971751774971695e+00
1.000757495074762415e+00 1.105504168172846136e+00 8.997817557796073951e-01 8.245198372375008855e-01
1.038544441333589807e+00 1.034127534458103348e+00 9.863240689698260510e-01 9.717798588948693972e-01
9.145691933157902298e-01 1.298861255890885413e+00 1.107541475423995392e+00 9.852026119635334256e-01
1.217919514181465601e+00 1.324499004644901889e+00 9.817293877508954658e-01 9.634698119933141625e-01
1.297162799433030367e+00 1.264093589385506755e+00 8.255176292365894453e-01 1.065641931123970654e+00
1.151735618135406369e+00 1.101404406414462356e+00 6.531683829843918376e-01 1.077752121528974483e+00
1.213795391582153549e+00 9.577479436045756023e-01 9.182506270508687951e-01 1.259563127517313141e+00
1.194182542232654631e+00 1.285844740703323552e+00 6.743291167506771933e-01 1.284708072540750701e+00
1.297293506893166803e+00 7.569467963406614208e-01 8.220109370340843435e-01 8.725619201346107578e-01
8.884914849110611135e-01 1.152848838603576898e+00 9.592205896503870344e-01 1.076411657797218480e+00
1.087249979068045436e+00 9.728248636572575103e-01 9.336848238992303539e-01 1.114759103955435871e+00
1.105038292648326426e+00 4.458594893767483525e-01 1.018269962268629758e+00 9.442406573643538081e-01
1.028938139620011016e+00 1.340213021692714168e+00 8.290471189868929835e-01 1.334768331196895641e+00
1.193386579551290350e+00 8.296013146465326393e-01 9.140338393508128378e-01 8.739422045844863485e-01
9.012245433505357006e-01 1.152892160942725175e+00 8.218511532120453822e-01 9.698219844475050033e-01
1.083141213646455103e+00 1.176881751457640179e+00 9.619572683437574989e-01 1.176613133534928357e+00
9.840296093178678705e-01 1.267745129635387658e+00 9.197178075396668095e-01 1.339652100347790808e+00
1.023613566865820834e+00 1.166372124129171794e+00 1.237719886993178697e+00 8.945881568635352110e-01
1.046337436668381526e+00 9.477874924900312470e-01 7.868752766115973962e-01 9.145258564796465706e-01
1.468156643006226059e+00 9.037189064410015016e-01 8.859528941452901041e-01 9.597532847127520084e-01
9.865889422137813503e-01 1.379360111844480707e+00 1.085547192031850905e+00 1.053412393518928347e+00
9.637353571123438156e-01 1.031316287873712989e+00 9.142328521639799810e-01 9.638182944161080012e-01
9.610267733866335593e-01 1.173529064401746869e+00 1.330977395797215301e+00 1.083585047015784397e+00
1.443867839606394421e+00 1.399072891975925215e+00 1.182733226609058219e+00 9.009934475822070077e-01
9.267137994428941150e-01 1.112061139477919625e+00 1.029213383300796814e+00 1.051196194707619602e+00
1.178662540454703755e+00 9.498027420451915503e-01 8.455698572292360549e-01 7.604601013738703230e-01
1.146102286587309171e+00 1.133404172692570544e+00 1.038920342968499888e+00 9.866255564004203782e-01
9.929491754153174643e-01 1.406901511200031374e+00 9.640338069045724101e-01 1.272177119452760685e+00
1.424125168990565404e+00 8.993496272914690559e-01 7.977686224272309001e-01 1.034032908225110958e+00
1.309510469892232187e+00 1.267817014957140387e+00 1.080586070477380867e+00 1.008084474916656426e+00
1.052851268743220103e+00 9.676730978186969256e-01 8.969075031492534933e-01 1.053827369117581236e+00
1.220312045363008746e+00 9.855371774214229941e-01 1.293417631612635121e+00 9.652925064032179536e-01
1.020810580710210358e+00 1.085756539393004871e+00 8.350004262350934070e-01 8.832346777051187647e-01
1.060769976676101178e+00 1.011846408383574758e+00 8.612607361630839620e-01 8.507022568153128628e-01
9.287846281309708463e-01 9.233002688722201645e-01 9.439932473054644113e-01 9.309325205837211126e-01
1.077968095711762553e+00 1.119994705467496576e+00 1.001298066612472226e+00 1.059080134419650099e+00
1.187649568751714790e+00 1.337534179260767786e+00 9.873266702176043408e-01 1.189577635919495169e+00
1.065828684124107140e+00 1.275590342202691740e+00 9.670655519734706607e-01 1.090726609599920183e+00
1.061813122244152030e+00 1.036730046013093265e+00 1.088218000080193537e+00 1.384915679558639701e+00
1.244737384639675426e+00 9.096060013417693879e-01 1.293313513607124987e+00 1.006503743321893740e+00
9.610772571141067422e-01 1.187191528569089494e+00 8.485070175517718249e-01 8.471761857595111467e-01
1.445521607385521268e+00 1.392120256776426590e+00 9.693555541973216672e-01 1.071205325322260205e+00
6.939989068831839969e-01 9.706449229921707555e-01 1.181257627124376208e+00 1.081596719772717652e+00
8.748066758364617668e-01 1.186467492799156087e+00 8.805523459526969354e-01 9.716776140819276542e-01
9.210847235192328730e-01 1.034441849930420210e+00 9.999926670532933715e-01 9.642017888207974341e-01
1.164693350074484046e+00 1.175723716187233592e+00 1.112844165872936220e+00 9.635880088263406584e-01
1.246129405345885344e+00 1.037410611374301572e+00 6.393202337444208183e-01 1.326237914923263261e+00
9.551329674553966642e-01 1.166451860669295959e+00 7.958359099977071471e-01 1.330714662099488521e+00
7.565228369406293840e-01 1.171957452743181305e+00 1.249219547716313716e+00 9.776301189333649333e-01
1.010108736319178302e+00 1.238682487761239681e+00 1.038507935412464445e+00 1.359890730981279994e+00
1.130621278220746762e+00 9.871011217448855124e-01 7.797970709533407208e-01 1.111304637531791428e+00
9.906974802077435083e-01 1.121852325994638466e+00 8.048435826471680432e-01 9.308400351348056212e-01
1.143338772109416146e+00 1.287504491901925618e+00 9.056669271628798867e-01 9.488972575679687216e-01
1.024420183545416529e+00 1.035789086454061536e+00 1.031756299173455460e+00 9.245092069211784391e-01
1.352554434893461499e+00 1.072492156881536207e+00 1.256135964867851396e+00 9.470679287092037546e-01
9.312546704148408905e-01 1.130160890400195850e+00 7.717791811699907800e-01 1.034276778870128588e+00
9.521819753970817146e-01 9.926615819867157242e-01 1.281369365563729934e+00 9.918594715029392939e-01
1.018041887049237371e+00 1.265402014178173440e+00 1.178624672492432079e+00 8.816977959182749069e-01
1.020235669133485956e+00 1.153049876364648396e+00 8.062215539577270995e-01 7.091808344794255925e-01
1.198112905328245548e+00 1.086481028935561977e+00 1.127658642712689341e+00 1.267990235776365937e+00
9.928705846463106166e-01 1.056628644338780454e+00 8.905462992607542372e-01 9.759714326528786676e-01
9.857781257527129526e-01 8.956102459826285056e-01 8.971553749345941853e-01 1.169387665714784363e+00
1.039222498841956277e+00 1.007576748982454307e+00 1.046075138524627413e+00 1.074028152451554252e+00
1.209004201006459223e+00 1.118308507952189501e+00 1.180176608967735241e+00 1.168415540113721951e+00
9.911071870371424009e-01 9.750155753386509083e-01 9.465961212941245151e-01 1.020074032135673603e+00
9.055175354589318770e-01 9.877173262171318191e-01 8.583502505684902362e-01 1.103088637173696540e+00
5.955414658542981243e-01 1.247194779554773092e+00 9.960639948249289111e-01 1.085761997622235908e+00
1.133901427513445581e+00 1.041558365440524270e+00 8.401287599330751199e-01 1.116358741053979697e+00
9.857644869040564917e-01 9.486702781990618005e-01 1.006701030085190629e+00 9.936666449400000101e-01
1.176927335315640422e+00 1.378146339990000024e+00 1.136745332423702237e+00 6.599140487219952167e-01
7.925491446390704464e-01 1.073714957453109964e+00 1.034877574034732461e+00 8.877729497656396962e-01
1.358732028017821891e+00 1.128787906173702726e+00 1.000878970369370347e+00 1.182572031751089714e+00
1.160267276571466555e+00 7.527083561611497275e-01 9.198123114835626835e-01 1.034433689441812909e+00
1.003426268346642170e+00 1.188558622335361026e+00 1.022062737713053115e+00 9.618750677134716431e-01
1.029635813736971661e+00 9.591827013050280293e-01 1.191514718881877544e+00 1.041696184786694568e+00
1.499412063057423028e+00 9.705521730799150371e-01 1.145793690691472300e+00 9.069754904579154786e-01
9.257005427705577993e-01 8.408187425115924984e-01 1.152036906892585755e+00 1.189657091044882042e+00
8.186274899284956552e-01 1.171015934590224017e+00 1.053789628539445911e+00 1.387835377534886394e+00
1.311320640628518941e+00 7.566374686149056616e-01 1.030592415428806419e+00 8.396450302932212395e-01
1.066621302820434991e+00 1.371953124973443794e+00 7.301528123132652315e-01 1.067798817662226618e+00
1.057146887247591982e+00 9.819510765506755945e-01 1.028239235329093004e+00 8.473802533721042085e-01
8.931777450910962646e-01 1.304511973201720743e+00 1.048850687481018618e+00 1.257901060498579415e+00
1.213045293981196870e+00 1.120105019358583753e+00 1.178743690709832537e+00 1.172641032498560554e+00
9.304250006765473202e-01 1.331430936694542044e+00 1.232824479680201479e+00 1.039138183793762993e+00
1.295645686223358961e+00 1.335097969900971959e+00 1.094518447451228615e+00 1.191116359945382008e+00
1.191914641032304267e+00 8.019529901363804392e-01 6.693889596181020751e-01 8.798445786831239346e-01
1.016831549440291083e+00 1.123749322149045105e+00 1.218543986052915029e+00 8.717801407928413848e-01
1.334291140325293723e+00 9.539215894375536742e-01 9.388957221032998568e-01 1.221297012892458511e+00
1.115985299881119275e+00 9.253935876559160612e-01 9.627468777087350160e-01 9.322341614561353573e-01
1.110932095891206561e+00 9.977576161460244286e-01 1.132362524492524392e+00 9.284115976928726255e-01
1.238673382747171869e+00 1.174313216582757669e+00 7.175357631880423526e-01 1.031657722583886549e+00
1.424538477677740111e+00 1.384326679753167699e+00 8.707502295747746590e-01 8.518464523869887506e-01
1.151878443699363208e+00 9.334836497304095371e-01 1.141285872775441135e+00 1.299403204127487221e+00
8.965219338081609202e-01 1.167311385203833707e+00 1.011134094821699581e+00 8.290542356898629173e-01
1.116702878840600821e+00 1.041076646399415662e+00 1.096863658086479010e+00 1.043637325748241640e+00
1.126250655061572070e+00 9.947474119517913937e-01 7.696077617249129643e-01 9.431161078782428486e-01
8.838103043959363303e-01 1.301279638375026249e+00 9.689073132240909603e-01 8.017445040332535910e-01
1.161189302414526114e+00 1.038284366518950286e+00 1.087383528429646251e+00 9.179606811493689067e-01
1.266012295588230696e+00 1.112937878616172105e+00 9.902272678497020530e-01 9.172911098567979593e-01
1.088418501450023834e+00 1.037561773515967012e+00 7.049598232710155843e-01 8.424335190836398368e-01
1.586639923681342212e+00 1.176522859426831547e+00 8.206307329217364943e-01 1.178376576646563256e+00
8.911524034357631852e-01 1.120194566907569911e+00 1.092550550078887683e+00 1.369998566309159616e+00
1.092293134789058540e+00 1.204746930845616237e+00 1.046385962753199950e+00 1.334967864015285333e+00
1.468107491672268283e+00 1.203847526604232776e+00 8.586191678538653838e-01 1.271720633127591427e+00
1.016419109888409000e+00 1.117489758579383263e+00 1.268885237066693872e+00 8.400302005248815318e-01
9.726590816314055754e-01 9.095763966916782239e-01 9.216057815174918399e-01 9.931390093011168707e-01
1.248821333323148153e+00 1.017351042474455847e+00 8.612314945892837192e-01 1.190545310961733882e+00
9.547330345533004969e-01 9.719125767675601546e-01 1.001733180507306642e+00 9.010940975007191156e-01
9.764950785459934890e-01 1.004914974789246740e+00 9.433662964317253152e-01 8.861226615789151717e-01
9.457764025656396623e-01 1.074561184279821280e+00 7.668205401396985810e-01 1.226749179765168396e+00
1.048987039903062302e+00 9.544230671210591765e-01 1.229136232293304154e+00 9.993950561497895180e-01
1.136921112268609591e+00 1.000687430904779518e+00 9.892708158788217077e-01 1.091029478010679954e+00
1.093145731672308996e+00 1.096491708530939579e+00 9.804658339018902380e-01 1.020394417018109179e+00
1.528100595003341056e+00 9.394933221399585088e-01 1.125670540508412421e+00 9.336992115520433844e-01
9.318748961306589917e-01 1.151984940944656310e+00 9.223420396436162738e-01 1.097594227225523689e+00
1.118095936379406963e+00 1.168978652605410007e+00 9.954977737930018611e-01 1.456830350992579071e+00
1.322666470746427070e+00 1.213936329634504929e+00 1.035864664601215290e+00 1.187831855586069851e+00
1.082106308989905452e+00 1.346218153187275446e+00 7.255810552815213921e-01 1.000000000000000000e+00
9.822635890917622570e-01 1.093820954222337383e+00 9.442810584405794128e-01 9.673189836727119628e-01
1.035912362263481157e+00 1.071531724818584941e+00 8.820896890533871382e-01 8.296112405433790915e-01
1.103144539286008419e+00 1.093041808988533647e+00 9.215309391687719343e-01 9.662063031644483324e-01
1.075778393750190576e+00 1.249738989838313108e+00 1.231733849475928899e+00 9.901413944572377002e-01
9.229609403499484666e-01 1.257354208588420841e+00 8.943953000957423072e-01 8.579875240830286964e-01
8.930209961571178301e-01 1.090967099299274823e+00 9.849053296431097282e-01 1.140050691805554406e+00
1.037107776285172811e+00 9.391120471868688035e-01 1.209036991258646054e+00 1.244906492564511469e+00
1.150249302823419972e+00 1.233582325654322798e+00 7.139436891880466263e-01 8.881626980524803816e-01
9.291411903528291605e-01 1.183792468520541874e+00 7.210973142072647502e-01 1.184728518017898802e+00
1.261202299991410314e+00 1.026406720749583723e+00 1.263803815166978151e+00 8.052283060101415035e-01
1.246175769516925547e+00 1.031158271094958279e+00 7.413877129205785899e-01 9.662683844396311450e-01
1.208796430696284618e+00 1.236612787559996374e+00 7.625818823208675434e-01 1.214212014067150402e+00
1.016507219608917767e+00 9.455801959412255542e-01 8.388850772055759242e-01 1.094602452118986768e+00
1.000729929387449424e+00 9.026860022333571543e-01 5.819845459396139065e-01 1.336028524997733058e+00
1.274298041111159074e+00 1.011807926754409337e+00 1.165548965167497286e+00 7.953830688264864612e-01
1.109024173595064555e+00 9.886277657485852410e-01 6.752439457829666480e-01 1.065694708112973732e+00
1.399671000720776437e+00 1.440142243908632658e+00 7.380930151470478373e-01 1.082502539910942252e+00
1.086566487038084450e+00 8.838974822372799300e-01 9.027182826606506838e-01 1.243969886824738413e+00
1.275264675070559628e+00 8.904124201615829515e-01 1.128885339106291630e+00 6.768311209954511742e-01
1.188429343302165542e+00 1.417686113870214815e+00 9.901805764155983125e-01 9.873393061936384107e-01
1.000341003352481106e+00 7.991350512200714462e-01 8.453985007066440183e-01 1.336119806357310758e+00
1.153068235151116561e+00 9.313110177870244089e-01 8.935716944600101685e-01 7.663727628032486194e-01
8.980330472046473833e-01 1.267602106308648668e+00 8.604942220113513951e-01 1.087905820948411595e+00
1.074930094836660466e+00 1.321932721037958558e+00 1.025537968072611772e+00 7.844217918130700351e-01
1.055734489617282446e+00 1.023662716864162325e+00 1.186277698839823813e+00 1.203256614507835387e+00
1.344972709996732352e+00 1.641559372647242387e+00 8.683745219030213347e-01 9.038015294937440380e-01
1.278793668396806638e+00 1.096318357419301170e+00 4.484411155279057759e-01 1.375716026325237928e+00
1.173672137236436042e+00 1.028213766600462487e+00 9.169079233336211443e-01 1.326190110452410087e+00
1.336604664362961437e+00 1.572133135000400639e+00 1.025464250417225553e+00 1.251648965093519417e+00
1.017666813670015546e+00 1.272645907165688373e+00 8.394069619754853662e-01 1.088098817364530069e+00
1.019205320341189047e+00 1.051019633548575749e+00 1.190059153761085620e+00 7.811107156547878461e-01
1.307294804214986561e+00 1.157455150172663760e+00 9.079112792258589026e-01 1.058563465299936057e+00
1.165658206578668254e+00 1.096392740113772302e+00 8.495509662823262920e-01 8.981970424238538975e-01
1.086646976941714193e+00 1.053136741733393000e+00 8.251163870076601015e-01 8.116107294727999966e-01
1.159897388962165099e+00 1.122248401324591249e+00 7.314589424957691488e-01 1.070852622684024702e+00
1.170887638935057318e+00 1.022668160452751884e+00 1.045751220019961902e+00 1.146353868270355125e+00
1.055935341005920680e+00 1.011046037713858592e+00 8.538491511314012516e-01 8.723651078640960455e-01
1.173047904304231670e+00 1.036868157178721273e+00 1.096989156493165307e+00 1.043762739353923719e+00
1.435439658207719127e+00 1.161912659195104558e+00 8.780011162112448808e-01 1.089283100507936419e+00
1.009122825806352708e+00 1.071209110212668847e+00 8.163207876722617939e-01 1.372473329878512782e+00
1.028117233865808222e+00 1.285345040147188644e+00 9.287316034241250851e-01 1.174250045390811792e+00
1.170185786063517419e+00 9.640003196801911756e-01 1.271921381465526801e+00 9.882779754509288805e-01
1.212300055152933265e+00 7.779102069307111122e-01 1.458118463269324483e+00 1.430026575732745053e+00
8.130934785431063183e-01 9.075361756872224461e-01 6.802787858463463788e-01 1.409597211984251475e+00
1.186699198183412296e+00 1.352260731938303095e+00 7.278894857121631645e-01 1.018215016668358119e+00
9.595630765193539080e-01 1.259501438811160279e+00 7.807017159052139776e-01 9.252669748377925218e-01
1.185344722246683746e+00 9.942606072317724530e-01 1.143573447632917572e+00 9.278670031770704929e-01
1.079822539299723827e+00 9.680938670416866509e-01 1.000000620351070735e+00 6.181214933318194271e-01
1.144481630307068842e+00 5.428162437383265981e-01 1.164022335522674201e+00 1.048768930704859770e+00
1.023934176816856612e+00 1.295518082970403384e+00 9.462459625108161632e-01 9.871811988426684170e-01
1.061080043569700315e+00 1.191856097073736409e+00 9.413572786242552226e-01 9.954669554216573069e-01
9.823766650040772763e-01 1.069660300091037852e+00 6.627364532070904035e-01 9.788651355227598883e-01
1.108184990690539884e+00 1.182041842655237929e+00 7.480873205746404464e-01 9.989715239923264711e-01
1.059578526767827711e+00 1.159635968342582757e+00 1.053298673788186868e+00 9.375391510262173211e-01
1.247166602429930382e+00 8.729386104763318110e-01 7.317832336881808786e-01 8.096338787372350243e-01
1.236023574513308576e+00 1.252729301180678378e+00 7.744852211475284909e-01 9.692508477471342143e-01
1.162966948474809969e+00 1.131555374416322479e+00 7.875097686408676356e-01 1.161840339585048953e+00
1.195354478649693464e+00 1.381966000000000028e+00 1.180161169166687118e+00 1.009993147282599590e+00
7.849573520326919018e-01 1.474981166415336942e+00 8.308453004251175056e-01 1.378831701943354027e+00
1.122627154074853362e+00 1.047534753468094548e+00 1.060753083168838096e+00 1.131487105857960529e+00
1.060131112041125867e+00 9.136366154816812912e-01 8.076539091811796300e-01 1.171836141595449465e+00
9.585116005588834032e-01 1.077735694273973532e+00 1.116518017647589955e+00 9.882413065688614440e-01
1.205724188527657281e+00 1.002602374945901653e+00 1.003540319758877919e+00 1.462318265387436922e+00
1.162028432887756813e+00 1.095182125998872547e+00 8.782093743537967567e-01 1.156354417657880607e+00
7.109085581160212719e-01 9.582861226081674788e-01 7.562926771663353032e-01 7.510545023112582541e-01
1.339138268861153058e+00 1.059272664945664744e+00 9.962380013509736232e-01 1.137813938585418239e+00
1.099760735138634260e+00 9.797542375558481176e-01 1.072187637585856113e+00 1.028138002674084950e+00
9.862160301852768152e-01 9.260932993157078297e-01 1.094864011843939666e+00 9.643993192454952679e-01
1.098213047714531543e+00 9.510368887755461520e-01 1.249432126971868229e+00 9.569605797194237207e-01
1.307520605690422277e+00 1.197802348339519485e+00 1.219751137373179528e+00 9.237276450192387633e-01
9.766462284171314456e-01 8.406433979969680781e-01 8.263266291526337737e-01 8.887046211435102316e-01
6.969578635436071146e-01 9.074381039262329196e-01 6.548983002447824608e-01 1.253427417665089694e+00
1.064908484836193159e+00 1.172734872673753648e+00 9.214741708560365563e-01 1.043857002100016196e+00
1.365902925614015162e+00 1.064434374172717579e+00 1.230759538110551388e+00 9.343049291979121929e-01
1.546022523802620174e+00 1.364592718355715162e+00 1.014675738268760785e+00 8.897522816901936027e-01
9.218065553657048827e-01 1.165748327175124555e+00 1.003295364882313745e+00 1.086461844480172578e+00
1.140521701441429503e+00 1.085680861585502921e+00 1.058204956386377793e+00 9.952423595607545748e-01
9.426387800589990373e-01 1.172841627109263207e+00 9.832825616082484510e-01 9.158572415064618610e-01
1.069638068105629669e+00 9.909074133015582930e-01 1.119447783523239481e+00 1.127491361671985715e+00
1.336131423736272472e+00 1.133414213569123419e+00 1.149403037697743546e+00 1.037322812975585817e+00
1.179165298468165979e+00 1.107088919349433320e+00 1.246481387986791312e+00 9.792424887593530469e-01
6.861364289120917004e-01 7.979320264107208072e-01 6.381330527934834240e-01 9.266843654624983273e-01
7.389193973179203345e-01 1.051958570455904685e+00 6.212444815597227832e-01 9.444633445947161476e-01
1.124780791386611245e+00 8.894085501773514313e-01 1.259372117257818724e+00 8.542171785349574886e-01
1.103569928400760292e+00 6.472668727126695831e-01 9.300723279903463370e-01 8.825549899736802040e-01
1.421923809848596232e+00 7.490858135699218767e-01 1.238388446428962064e+00 9.999845622580000315e-01
8.922655678737857476e-01 1.493447142107462433e+00 8.841600719388136298e-01 1.343862691454623226e+00
1.144650318827478364e+00 1.364083472480917658e+00 8.514521809507505923e-01 1.071222527524578583e+00
1.115500043687747800e+00 1.080695298282925210e+00 8.466138443055071239e-01 8.090621663592705293e-01
9.089283582189459088e-01 1.068883701262736130e+00 9.999588042576057489e-01 1.236067974843999995e+00
1.005974766649838870e+00 1.371113292646667370e+00 9.482367740043913251e-01 8.558605777077913368e-01
9.375268215808649774e-01 9.196843368466769419e-01 8.701627589583222910e-01 1.100826386718355643e+00
1.178330493984578675e+00 7.280859989630191764e-01 7.986425582810849910e-01 9.259191780336613053e-01
1.204137701131810623e+00 1.097477288458330591e+00 1.155965050503001468e+00 9.667585179619846425e-01
1.442721289090483694e+00 1.123899650298223474e+00 1.112093693577882014e+00 8.673279647556493277e-01
9.889432674630851405e-01 8.580022974127700097e-01 1.029923052704158293e+00 9.863222005728017328e-01
8.768102769544456887e-01 1.271671617232225993e+00 9.934085929319546038e-01 1.015678033943277603e+00
1.119286275327364244e+00 1.128021488565446040e+00 9.346278233146931846e-01 8.450707538412285391e-01
9.327247715094141300e-01 7.253252235520375457e-01 5.597277715001454101e-01 9.734602030967023367e-01
1.145573331889186752e+00 1.309183930551499841e+00 9.367911733285823050e-01 9.187917446037441316e-01
1.127763898628273864e+00 8.483451818716933879e-01 1.325998019800786132e+00 1.139990671941086164e+00
8.922431142946734006e-01 1.054285238462331131e+00 9.820459092647251254e-01 1.019027937225901237e+00
1.113147762752576098e+00 1.071886540255762910e+00 9.057106544097681677e-01 1.289413218398394623e+00
9.902469465711590813e-01 8.048505052482207711e-01 9.231432615744387116e-01 1.075310543715735534e+00
1.193233264675255034e+00 9.767159331036782133e-01 1.420500428922452096e+00 9.089283642168568544e-01
1.212936431167357387e+00 7.990176683995183771e-01 1.077268357418556644e+00 1.059500419223879053e+00
7.649020916100672807e-01 1.088718406181816478e+00 1.032250277836493479e+00 1.161708585044777919e+00
1.444256927413427372e+00 8.293515088878733454e-01 8.956133650800230939e-01 9.062907027142061978e-01
1.185058838315607543e+00 1.212019501809299182e+00 7.928168312550714081e-01 9.311850814243889385e-01
1.149147137207262359e+00 7.168745101893461147e-01 7.834519461927353934e-01 1.505747850254790965e+00
1.039669966026442571e+00 1.171929223471335213e+00 9.154442836069569545e-01 1.080752741794035021e+00
1.157264635283869136e+00 9.609366514583663754e-01 1.024047386360321887e+00 1.336743176369723063e+00
1.272529184506458355e+00 8.870054615013491794e-01 8.791994846084829618e-01 1.143050023418684225e+00
9.064232684748182445e-01 1.056379334750800592e+00 1.140207363006313424e+00 1.338708894961822882e+00
1.018537856833846789e+00 1.146827884334701952e+00 6.179439405931832496e-01 7.779211560724195174e-01
1.123672870275604696e+00 1.247167671435345682e+00 9.302978747410826088e-01 1.170061024207723399e+00
9.977700950373533662e-01 9.134463657432696504e-01 1.365789081382530190e+00 8.396021536756297365e-01
1.108743842625314890e+00 9.368651362895423773e-01 7.659523754240321614e-01 9.442044058253139527e-01
1.045632555692542098e+00 1.111580242655684225e+00 1.016226885266286351e+00 1.008008678916106238e+00
1.109442375210182297e+00 9.959277591255796258e-01 1.095391249481501239e+00 1.031861832870513362e+00
1.434227953393579780e+00 9.819460768644647786e-01 8.895631322774504302e-01 9.954375269690872718e-01
1.106601038128651071e+00 1.144025941405386604e+00 9.482249112573979399e-01 1.077450782720637656e+00
1.194935305676802839e+00 1.142360080802399480e+00 9.800518044848306465e-01 1.107797551061739938e+00
1.069559681351891278e+00 1.374533837303267836e+00 9.632303656139067360e-01 1.053784718848072011e+00
8.097863373257642161e-01 1.002041176760382957e+00 9.342878089117119256e-01 1.082055576695672539e+00
1.427597199984443677e+00 8.071216562839005348e-01 6.588919179382187741e-01 9.587117622440533005e-01
1.068733811374090070e+00 1.163641371449838813e+00 9.723822545334929179e-01 8.739681818843278993e-01
1.442366158026276768e+00 1.295627830856763918e+00 8.312322380234785646e-01 1.400884164410547195e+00
1.363388555855788553e+00 1.080057884610075236e+00 7.790262470484210500e-01 1.067436032584268446e+00
1.366987393567714815e+00 1.127228456760778208e+00 1.554120852030622668e+00 1.263886318964542843e+00
1.213428775201983889e+00 1.073515477049841405e+00 6.864009181141417226e-01 9.428488674484756249e-01
9.807474168169317830e-01 8.888638134568599414e-01 9.699279272938952090e-01 1.065648898005113088e+00
1.084761644516541113e+00 1.038595972048465432e+00 9.901121399854657668e-01 7.697858477973116287e-01
1.021079428791687782e+00 8.774672070373480404e-01 1.232228725446078865e+00 8.953204199899508220e-01
6.003700279183374899e-01 9.616716192910338412e-01 8.165986467681011218e-01 9.945247528023395400e-01
1.021342723858263968e+00 8.322353376223114996e-01 1.436405170595810521e+00 1.122188254571865329e+00
1.397820067278258360e+00 1.280084894036207732e+00 1.134629408968358621e+00 1.031280390710945571e+00
1.371184620687818656e+00 1.097517882570103742e+00 7.489626378704360432e-01 9.535787870334595517e-01
1.000754178887051982e+00 9.017382729292874322e-01 1.062546665780017552e+00 1.159410607741657273e+00
1.056175683640072638e+00 8.541019748439999670e-01 3.673383616369518823e-01 1.167505510146304992e+00
1.245458965785164684e+00 9.960344832021826855e-01 8.723916930746363763e-01 9.823351399795604566e-01
1.316026322237841217e+00 1.282577996138106968e+00 7.288343234189113007e-01 1.439768504464158161e+00
1.578550687668799579e+00 9.803589437729748335e-01 1.100905182361459733e+00 1.007862019274418763e+00
9.577790786330111494e-01 9.713371095876272010e-01 9.487609075625356159e-01 8.864873574257248201e-01
1.164130772162601524e+00 1.092134155791984806e+00 9.509249275655816680e-01 9.415910720886147001e-01
1.033576185343687781e+00 8.618906731145949962e-01 8.852784946963268009e-01 9.367230367627370491e-01
1.088155134556517245e+00 1.381965999999999806e+00 1.374389688332651627e+00 9.813933971360891961e-01
9.442992114408360615e-01 8.277168825975794730e-01 8.653247731866477999e-01 1.004406842091165597e+00
7.993777900343812526e-01 1.300593654336366312e+00 1.027538802390966843e+00 1.219120303587650112e+00
1.015768876257225894e+00 1.121638391196633666e+00 1.022610895321625302e+00 1.113430513160285740e+00
9.047226878679778261e-01 1.107322226360393458e+00 1.089956756530010340e+00 8.549218994149417883e-01
7.770876413419993689e-01 1.124592976543593137e+00 8.784286348491142649e-01 1.004206312636627185e+00
1.226857713002993622e+00 1.209711236897263564e+00 7.768408894845723056e-01 1.012156289215345284e+00
1.292934465546960787e+00 1.192832760641651335e+00 7.973076346777869805e-01 1.027208294822019807e+00
9.000461675316299148e-01 8.204488888695238291e-01 1.217507628917800844e+00 1.048740623700763930e+00
1.093021317897679756e+00 8.908921025269399552e-01 1.000258781545244169e+00 1.345407559626350835e+00
1.067977117295658251e+00 8.613122805654812586e-01 9.417425896789470841e-01 9.197824954430963151e-01
1.164357490663485262e+00 1.172209260662732788e+00 9.206750154406496689e-01 8.460603294927502294e-01
1.000664929360812527e+00 1.182264887618299953e+00 7.560402020953193025e-01 8.953979615938632008e-01
1.366162274979233260e+00 9.626416716435053367e-01 9.706986567379138897e-01 7.631443450966407527e-01
9.009266502297723633e-01 1.291904239087199535e+00 8.147702232404593348e-01 1.345951758764186490e+00
1.106626367810650047e+00 4.896722828304229669e-01 1.129598379381773654e+00 1.053582421153101301e+00
8.130117114932012834e-01 1.296433108152414304e+00 8.328752487366249957e-01 1.138941293878533934e+00
1.228889861285524576e+00 1.049377546461876198e+00 9.286055762799760860e-01 1.062358396234606372e+00
1.618033974843999800e+00 1.428046988163194975e+00 8.840740241680072886e-01 1.471724145242744308e+00
1.313134807500687673e+00 1.007426754448605966e+00 1.045626067063680553e+00 1.163631928519017089e+00
1.188227375492574067e+00 1.323661526570540481e+00 8.165708896352807944e-01 1.163994887888001095e+00
9.347652901063382425e-01 1.398952229236900102e+00 1.106329626028501600e+00 9.311836916406365239e-01
1.090567541887220493e+00 9.731052012598921941e-01 6.921613312907621829e-01 1.032811529774238402e+00
8.030889545244965788e-01 7.639320347647367004e-01 1.056287323005187462e+00 1.295542730024669575e+00
9.320468140414487346e-01 1.164911851770042750e+00 9.041416895490023142e-01 8.239793839683602350e-01
1.336197598050740565e+00 1.247240523769920451e+00 8.707039713639820322e-01 7.616848564007847600e-01
1.021236032639148972e+00 1.173451944426284976e+00 7.743091875907628374e-01 8.861729985990125513e-01
9.481987473151564094e-01 1.275376897007582055e+00 9.357467394612551947e-01 9.764382371833036922e-01
1.034110036554212630e+00 1.102023643945480025e+00 9.307614352587832984e-01 8.668678117720791665e-01
1.139978359858041301e+00 1.184053747501340181e+00 8.398398182787338850e-01 1.095456294212175719e+00
1.130756583615253774e+00 9.728028347254570329e-01 1.006999890364030703e+00 1.008121568921926947e+00
1.246932699390815857e+00 9.977382805430016210e-01 7.509217275260703373e-01 8.552430796121277545e-01
9.806500436893779149e-01 9.088521381869896221e-01 9.485272469625576353e-01 9.212715278113497996e-01
1.152205299881821743e+00 1.148723778358176739e+00 9.615856135877961508e-01 9.265810143044529434e-01
1.007489006129238307e+00 1.069043115249076470e+00 9.066925540281776108e-01 1.062816796432920929e+00
1.035904474301072575e+00 8.951020490793465401e-01 9.428115557620155851e-01 7.817321279813340684e-01
1.126135356501679619e+00 1.118717142185800428e+00 1.090169940079263267e+00 1.011404426199190798e+00
1.047816326410940801e+00 1.057845730360768455e+00 9.551629121994238414e-01 9.738356148402503853e-01
1.004929067814204435e+00 1.184524244746922417e+00 1.127840616543752006e+00 1.019355503278411845e+00
9.439002809308879582e-01 8.951145973689325075e-01 6.556376071435298103e-01 1.267598698262342172e+00
6.816420559703713078e-01 8.541162982357113354e-01 9.324012284781550974e-01 9.538076111148425795e-01
7.957961219740654624e-01 1.093434997702318778e+00 1.210088647471791345e+00 9.668399988186636707e-01
9.737384105323190209e-01 1.179227035584329730e+00 8.274813744991820208e-01 1.341980818441250722e+00
7.815576216722295300e-01 9.132161645142600204e-01 7.946258346484956769e-01 8.919308591026536837e-01
1.198790886315368676e+00 1.079902638738698739e+00 1.003465961335044287e+00 9.436394033281212401e-01
1.497968917774660458e+00 9.619060564012811287e-01 8.870008597919317728e-01 1.028931495605715174e+00
1.348947850237958823e+00 1.289544144766572309e+00 7.661528807841389010e-01 1.381966000000000028e+00
1.271630863331399741e+00 1.179643787687432166e+00 1.142780220973253158e+00 1.079786619077195198e+00
9.848099196434754177e-01 1.326209686311001779e+00 1.064760879673014582e+00 1.030590333103916789e+00
1.147777348082495763e+00 1.070989821956058963e+00 7.954373188042986875e-01 1.092175273959040460e+00
1.080637091054302390e+00 1.025485720547330226e+00 8.948621672027402552e-01 9.058900552801969486e-01
1.040402140784508767e+00 1.186226843457990121e+00 1.000058134375699792e+00 1.263414947416638512e+00
9.136933386720854644e-01 1.145414969021390172e+00 8.537100470938916441e-01 1.118167838808082015e+00
1.050750642317859862e+00 1.220451891504870323e+00 9.771574916812409972e-01 1.150407360646942045e+00
1.093488762514179813e+00 1.129530683511166700e+00 5.591981381106390092e-01 8.624427764988816802e-01
1.128220012184291576e+00 8.909710796100860364e-01 1.125665419036526060e+00 1.407232695044142723e+00
1.006249029493848202e+00 9.446748971660314798e-01 1.124945407790540086e+00 1.074480670807518967e+00
