1.058272341534362226e+00 1.020997550575870605e+00 1.308770460012865122e+00 1.436450486402702120e+00
1.302670589882914953e+00 1.094883600760752973e+00 1.525641764033779157e+00 1.156414443720506613e+00
1.034848195169463692e+00 1.066967631734873745e+00 1.194739691093948730e+00 1.105649244041103429e+00
8.437331976580224602e-01 1.191453782069622047e+00 1.586317198837883247e+00 1.187540798688148991e+00
1.307194581258919630e+00 1.034722526134997933e+00 1.323178294158636525e+00 7.183787036421339645e-01
1.030135433253291488e+00 1.060393064766993243e+00 1.488580156328103810e+00 1.206717549586820759e+00
1.193638444553397848e+00 1.427628671095533708e+00 1.518394066369262330e+00 1.460356970997911841e+00
1.183801636735676954e+00 1.212799625155753125e+00 1.071282614042319059e+00 1.298273684587071486e+00
1.233785327832975787e+00 1.114183013232161290e+00 1.217943093771369778e+00 1.174575319838946585e+00
8.764195994184786898e-01 9.702562156640330837e-01 1.055872589525416183e+00 1.238465521676362258e+00
1.002930127873205679e+00 9.816105015020825109e-01 1.567508965090909978e+00 1.120737511792682106e+00
1.299385175981225382e+00 1.104022923769309772e+00 9.876216387582023026e-01 1.064590444365086874e+00
1.555332828507664189e+00 1.284515405766327945e+00 1.368455394478045539e+00 1.169859771788549496e+00
8.256644382496007850e-01 1.178565754279956801e+00 1.363242866129705355e+00 1.036832869876997743e+00
1.442547629898531580e+00 1.049924549278314467e+00 1.359925126618826141e+00 1.539106757537447079e+00
1.175429584623980173e+00 1.214358706813815525e+00 1.322361238395955096e+00 1.709941751475854366e+00
1.087202170682324720e+00 1.371965999990000018e+00 9.999999999999997780e-01 1.007189850489171201e+00
1.366444902096403347e+00 1.763932000000000055e+00 1.105010850546221279e+00 1.601337269029012189e+00
1.349723974370574897e+00 1.146083360361814574e+00 7.639320347647367004e-01 5.812399303667974415e-01
1.034945244585627755e+00 1.570563993091556698e+00 1.639594965055828357e+00 1.228326846035436848e+00
1.565505872526677500e+00 1.150396973841790960e+00 1.825201281031117562e+00 1.693038085162077877e+00
1.160936400738060037e+00 1.594906416173269337e+00 1.478141567458860273e+00 1.173912342099909578e+00
1.073573338310131797e+00 1.072420611381006195e+00 1.277671900076017719e+00 1.284444733863360444e+00
1.364768722650183230e+00 1.350309370528963049e+00 1.282865849161748617e+00 1.201683986796906911e+00
1.032114678631915305e+00 1.271163393397772845e+00 1.495561897094918713e+00 1.202682572080217893e+00
1.432218692165770912e+00 1.113064966306843928e+00 1.114736450268456469e+00 1.199354043076198417e+00
1.606236972380835404e+00 1.171185700364216764e+00 1.316924328701736480e+00 1.697726379477692005e+00
1.435823342800067959e+00 1.217525499553967716e+00 1.181622026150482174e+00 1.487412729373620124e+00
1.395489004878868178e+00 9.794234781111531563e-01 1.087808664947582216e+00 1.271453582707542607e+00
1.170734520723848204e+00 1.154176629522318365e+00 1.415453257670397091e+00 1.009584837307225591e+00
1.111490771057832783e+00 1.133674395387976652e+00 1.164626349313511611e+00 1.234968807343843400e+00
1.044561263728476908e+00 8.708433209253096940e-01 1.308424892500192449e+00 1.161093944744345574e+00
1.049875169994668678e+00 1.023686225494292223e+00 1.621003332118836404e+00 1.015594683035719203e+00
1.457307712988868742e+00 1.212073546743900110e+00 1.496610246047827664e+00 1.271505882168991075e+00
1.239899041542583014e+00 1.250031688299110710e+00 1.451902757113462172e+00 1.171207160360222765e+00
1.475835636933311656e+00 9.776916196111952173e-01 1.431542231875459148e+00 1.107896841266903465e+00
1.279089848705820653e+00 1.000011349755184797e+00 1.132281816431048194e+00 9.913760925422455683e-01
1.287793199895369556e+00 1.356125395326420069e+00 1.046301380893434718e+00 1.280340142567148787e+00
1.206998610756489843e+00 1.341419766440430372e+00 1.276715843307055787e+00 1.090499803911899601e+00
1.255088201093345512e+00 1.150785486598970841e+00 1.385431755334401549e+00 1.411130583425669771e+00
1.197460388113037677e+00 9.602168388733584026e-01 1.441042316716955707e+00 1.720808291087299047e+00
9.098313846566602470e-01 1.436523871330913638e+00 1.198499884269388582e+00 1.113117620679075159e+00
1.161543360603482400e+00 1.583466063367357179e+00 1.487000941459346137e+00 1.409569507036802394e+00
1.134670793902968322e+00 1.210012633532472792e+00 1.242535486353514074e+00 1.068502247254222937e+00
1.248052483837385651e+00 1.002225993968540951e+00 1.357743853354396402e+00 1.023073790228422597e+00
1.360617914436877074e+00 1.215409499725731202e+00 1.410091140095947715e+00 1.191755462896977757e+00
1.321515935145087361e+00 1.297074704226856667e+00 1.155556624725659232e+00 1.080733180180226238e+00
1.351118296808991426e+00 1.472135936409052714e+00 1.043938150478306959e+00 1.545055060614910936e+00
1.170217805476689854e+00 1.090026743828175659e+00 1.317978563117622626e+00 1.048466839652715921e+00
9.804639633389377051e-01 1.213422443316720445e+00 1.305567100326695540e+00 9.248083230883333838e-01
1.171054626827776168e+00 9.635701522432860155e-01 1.381369482322646336e+00 1.215270323452476875e+00
9.556457323130670423e-01 1.317369835222623742e+00 1.079050358759403139e+00 1.280107830912508682e+00
1.085286630353019977e+00 1.175092021714550627e+00 1.164754800236579513e+00 1.183365843532925510e+00
1.092977704604233047e+00 8.547407215416410464e-01 1.308065766256402362e+00 1.329160940103156552e+00
1.288358072264514487e+00 9.416915383319008903e-01 1.377903102345555908e+00 1.428755621266747600e+00
7.895684989798583686e-01 7.286225239693550071e-01 1.278512496288813916e+00 1.280166638087951059e+00
1.310380630087468301e+00 1.044828144242531565e+00 9.926619139415246984e-01 1.562172221687252005e+00
1.163909761199498183e+00 9.033843510640761076e-01 1.181233509943804938e+00 1.252381879191222014e+00
1.259915083646387046e+00 1.379691106064338202e+00 1.287970941288432813e+00 1.163649257106334822e+00
9.280915737629275020e-01 7.218238197547546253e-01 1.310807713845173028e+00 1.250783806555898048e+00
1.183940231664781351e+00 1.221807712775653254e+00 1.314177661492474058e+00 1.028545681871582573e+00
1.149869379192423047e+00 1.198515773711235743e+00 1.152030387085467344e+00 1.161144688706018169e+00
1.073415406169168085e+00 1.497074456283046695e+00 1.244605046870217002e+00 1.341153270793528085e+00
1.098643123388418630e+00 1.072978491167817960e+00 1.306634965232963852e+00 1.216153611011211222e+00
1.298695993825711659e+00 1.110777204797297690e+00 1.421976286421094526e+00 1.164114396713907151e+00
9.782275357552571160e-01 9.661169870999271048e-01 1.422989485474534632e+00 1.113930238025514052e+00
8.729051242117096265e-01 1.291685168467652467e+00 1.196689500393819161e+00 1.367061996297509241e+00
1.125207389152934390e+00 9.800322431137555856e-01 1.431400371698592355e+00 1.310746317774633907e+00
9.681025215176249921e-01 1.533593069449121105e+00 1.225115429360229768e+00 1.138287842228068225e+00
1.058011467422701246e+00 8.306087617943663792e-01 1.180622993628973605e+00 1.198034597736940876e+00
1.114493764064566239e+00 1.069698753377484879e+00 1.259147146647220605e+00 1.435608737814698443e+00
1.230250649897490334e+00 8.234752935462021917e-01 1.370581866520518499e+00 1.391017640737572725e+00
1.149505472211573176e+00 1.192200285551055616e+00 1.223055081267985900e+00 1.324486643313081524e+00
1.199966567188097244e+00 1.080362990994531813e+00 1.290434635465099955e+00 1.285115608560596145e+00
1.285551940258954362e+00 1.217546390631109032e+00 8.241111236871735413e-01 1.051553371964788708e+00
9.018959051410310179e-01 8.293412875008197016e-01 1.130045796699880700e+00 1.054948775608817613e+00
9.489431679058653035e-01 1.055589035908426121e+00 1.259062779530415233e+00 1.153543439258025716e+00
8.293276354770997560e-01 9.102994318950963226e-01 1.114882932672803140e+00 1.274246842830048188e+00
1.031323917671530754e+00 1.318384332396857150e+00 1.304818988852030071e+00 1.580860275951839533e+00
9.944596143292819823e-01 1.422883447636908993e+00 1.178804904805778708e+00 1.235237219074549309e+00
1.322701076070947446e+00 1.353103478518732583e+00 1.341761499198149021e+00 7.048336661372878176e-01
1.406467403271369321e+00 1.010768187920294991e+00 1.486095515300455139e+00 1.611646729109789344e+00
1.061018624331540261e+00 1.308682899492669582e+00 1.490438263700577526e+00 1.210311532602609930e+00
7.323356636205160530e-01 8.564747826406431397e-01 1.129396498126736592e+00 1.373357002319667064e+00
1.347714089341427224e+00 9.887818732257676047e-01 1.475211509262822407e+00 1.431786489663136930e+00
1.269330136253107755e+00 1.315369981783814479e+00 1.480741067545629841e+00 1.440090218620835527e+00
1.198323841576995008e+00 1.040234099024524017e+00 1.194787806380708695e+00 1.079657945152049603e+00
1.091020424319011140e+00 1.498360169807234188e+00 1.108164787089294778e+00 1.329376693399199061e+00
9.133437536044881622e-01 1.048925339345992080e+00 1.508757938547495403e+00 1.666534205761852849e+00
6.923056133653792132e-01 1.263551767792403302e+00 1.378146339990000024e+00 1.189370527950637246e+00
1.150194652650189830e+00 1.227514083384332100e+00 1.344560453392614541e+00 1.139787039370099064e+00
1.617681782045410355e+00 1.343767124422844184e+00 1.070314142292756454e+00 1.298214457528841015e+00
1.086978121172764045e+00 6.200038602239363872e-01 1.736988129673959325e+00 8.734988597005739486e-01
1.216387561373953652e+00 1.062773480629271461e+00 1.488816642601449081e+00 1.242752183955607492e+00
9.430305757272884337e-01 1.702408284691564022e+00 1.065664411290795144e+00 1.360773489096475997e+00
1.188759977831776782e+00 1.344799369764798413e+00 1.259644185602717625e+00 9.245550265994579853e-01
1.222073155739670458e+00 1.214846700718875905e+00 1.239459388456551459e+00 1.438597403241359762e+00
1.412137058828223379e+00 1.003415722198985449e+00 1.451855780276466445e+00 1.601553515593326260e+00
8.722469988482854930e-01 1.313956507633886162e+00 1.260210472031887630e+00 1.167106030951625018e+00
1.024854242359165779e+00 1.124637008848565989e+00 8.217150714645276022e-01 1.104189948109766117e+00
9.072132124807156250e-01 8.831989454387602079e-01 1.376373459341218020e+00 1.275766164226562305e+00
1.468899616322670187e+00 1.236995264206925516e+00 1.149321380869118947e+00 1.027836874762397157e+00
1.505563639802186993e+00 1.011301192482143785e+00 1.459897956918967843e+00 1.196079870999450900e+00
1.069770785447207828e+00 9.735841383133512217e-01 1.023843767330808507e+00 1.043319846417797070e+00
1.093033816637942079e+00 1.036976877304513156e+00 1.062615879788139317e+00 1.371175376443633631e+00
1.237362472908843491e+00 1.105109572381039573e+00 1.323837313304465635e+00 1.141651403128638220e+00
1.273895986079147225e+00 1.222395878352472209e+00 1.366838411619409444e+00 1.095883118140613455e+00
1.236025431869602453e+00 1.055533567469223222e+00 1.686141680149604749e+00 1.056997379744921695e+00
1.415902172013190352e+00 1.010246645500692431e+00 1.132442171891071325e+00 1.275820930704401501e+00
1.194171206340288283e+00 1.245367918449591604e+00 1.272725354336681658e+00 1.175883862577553840e+00
1.336110855839551137e+00 1.094514717336524168e+00 9.414779408141649153e-01 1.338780686873738190e+00
9.554900327111381930e-01 1.081460835571968149e+00 1.135554770600097685e+00 1.418100347698980412e+00
9.394629382672551321e-01 1.062350282429596726e+00 1.410352505028450665e+00 1.120382075741543471e+00
1.013468777017272116e+00 9.790195258817167012e-01 1.848890615890438127e+00 1.028214831571653720e+00
1.134616100018000617e+00 1.365744803905504234e+00 1.132088819676998037e+00 1.599401550968176489e+00
1.147177965028269409e+00 1.165826379033402471e+00 9.497911616743430763e-01 1.220021559248969156e+00
1.200740711341933498e+00 8.321665491244184532e-01 1.099973778873962527e+00 1.220855856262717865e+00
9.528043608348906179e-01 1.358187629577017663e+00 1.310345833052075415e+00 1.201283176448745049e+00
1.055728086478632255e+00 1.153286211758021595e+00 1.244969866548175652e+00 1.376890820615848332e+00
1.241560761498572196e+00 1.112904931827124244e+00 1.423857325731586521e+00 1.053785646660875708e+00
1.199236807062426635e+00 1.351176116230957236e+00 1.290841832149266288e+00 1.313707470315232717e+00
1.194198388446698456e+00 1.067388207733990679e+00 1.262735290705118585e+00 1.514664985434016620e+00
1.209824918923547044e+00 1.071837761676972312e+00 1.249594655993220282e+00 1.102046647336166529e+00
1.003287716584507105e+00 8.817412276199584342e-01 1.350966832715426502e+00 1.241850780804331089e+00
1.416653093045105560e+00 1.018512759584348393e+00 1.337074240631876076e+00 1.160889075810869642e+00
1.023367144293893860e+00 9.966799369096651651e-01 8.826339179026148063e-01 1.384427651942677473e+00
1.257882206146796911e+00 1.230346790719735850e+00 1.573928271462148532e+00 9.383744867284298241e-01
1.238559888658339991e+00 1.144449893399207330e+00 1.439383195923675363e+00 1.361037810450791197e+00
1.043136102470930471e+00 1.214613814010490511e+00 1.414893472257490181e+00 1.439359282488351433e+00
1.059642326920576361e+00 1.103961225929653400e+00 1.281467830372053474e+00 8.449179161507416325e-01
9.329516266219703979e-01 1.108183238798027714e+00 1.142072118451341822e+00 1.344909153400853929e+00
9.572743786797086596e-01 8.853639850346645135e-01 1.846546869298800964e+00 1.625325010736537124e+00
1.013468415025717828e+00 9.993664718992736340e-01 1.000000025155999950e+00 1.233350305087722365e+00
1.222061464381818841e+00 1.078022138626570703e+00 1.160862937977192200e+00 1.756724593585841321e+00
1.419882993647056946e+00 1.099324714793542102e+00 1.348292137213274344e+00 1.364644296535219681e+00
1.443120689228510667e+00 1.310070148870964513e+00 1.209085467546285653e+00 1.357001782554508873e+00
1.395126301321122808e+00 7.087508065084482389e-01 1.178862591030608087e+00 9.840896616522644136e-01
1.089557346673030169e+00 8.304609367874379311e-01 1.489376698427018697e+00 1.219621589774879444e+00
1.129918418952047254e+00 1.015570126278855678e+00 1.262694998430106796e+00 1.110720336071604031e+00
1.324488216010288433e+00 1.363881393110143225e+00 1.569356267503555724e+00 1.586551219933616474e+00
1.414425452026579766e+00 1.578562282713222631e+00 1.378146339990000024e+00 8.441293403103540260e-01
1.053635464720306114e+00 9.985166727042326107e-01 1.090169942347578136e+00 1.380523244860318854e+00
1.579224960494492125e+00 1.200801764470696309e+00 1.439670073163421105e+00 1.312156933103296064e+00
9.969207762312910504e-01 1.113397950387582158e+00 1.169300210395832318e+00 1.059678751443008604e+00
8.502002469442134780e-01 1.209835047663539775e+00 1.098833312769986081e+00 1.197287666505662207e+00
1.276792427000573937e+00 1.346260019815255005e+00 1.369653234926837104e+00 6.180340251559999221e-01
1.307074700901421860e+00 1.437694086478632283e+00 1.526241642704342594e+00 9.348060997460965194e-01
9.844350040363268883e-01 9.617220068643790309e-01 1.392346503172810612e+00 1.391149917459842289e+00
9.923645176161992598e-01 8.344319688123720269e-01 1.115413696024775358e+00 1.244568893992686665e+00
1.142860335858425280e+00 1.008625157236285208e+00 1.405172544425743242e+00 1.048977956520471544e+00
1.155566837362566712e+00 1.156432390333297588e+00 1.357413676614720011e+00 1.293363482941864984e+00
1.166790039696897319e+00 1.305376783123307405e+00 8.878994076208590602e-01 1.531318384641456865e+00
9.796990198879659273e-01 1.141504458297732727e+00 1.343467134056673284e+00 1.508765375175001866e+00
7.755361961861383380e-01 1.623986514033028516e+00 1.520621347862929573e+00 1.247165012783322480e+00
1.202451949568041467e+00 1.230302011986368349e+00 1.504753148713923849e+00 1.106860601737206906e+00
1.163967275685345859e+00 1.139395901607905159e+00 1.615568417413780322e+00 1.294391650030653151e+00
9.806114471871253402e-01 1.483028586095429091e+00 1.397749757729644271e+00 1.275604470252454492e+00
9.315349956203891058e-01 1.063523573896407504e+00 1.311525940530793743e+00 1.114508334506680631e+00
1.397124313085350122e+00 1.070351500590041915e+00 1.409653481498416072e+00 1.223791216896464418e+00
1.440359534211772763e+00 1.585025192703361840e+00 1.286486365633564999e+00 1.454033859457975808e+00
1.183823672986838993e+00 8.947384246033440736e-01 1.308562558253484109e+00 1.482612010379969369e+00
7.851965868148735872e-01 9.655581500695797903e-01 1.222589209025418677e+00 1.521024289130415097e+00
1.608617073311510604e+00 9.443016860886791486e-01 1.255952864236953515e+00 1.442277358084909755e+00
1.541621505384570545e+00 1.147029300105270933e+00 1.269920476027913470e+00 1.255270015285137486e+00
1.130771699712157519e+00 1.345940782897467880e+00 1.272168876872890042e+00 1.420316606942213955e+00
1.131564707024268923e+00 1.048974477500584257e+00 1.044022837526294101e+00 1.206109481309271647e+00
1.307530233814993892e+00 1.031291170965970672e+00 1.123847369611178149e+00 1.442610327943990800e+00
1.207223377504681894e+00 1.074095775057655189e+00 1.609634491272951662e+00 1.321517055951523245e+00
1.259856632666329634e+00 1.276039124773629352e+00 1.178401015443689248e+00 1.189448350584546121e+00
8.907436257238714461e-01 9.400392941130421010e-01 1.476173430378474150e+00 1.272128024584832318e+00
1.209867195550487606e+00 1.344063791827607268e+00 1.370776092568944060e+00 1.357075719256892965e+00
1.000268622038089639e+00 9.696729958916088243e-01 1.395600382507402815e+00 1.412757324203502307e+00
9.954485510449861962e-01 8.134010716073906133e-01 1.167536688668498135e+00 1.489581711894633731e+00
1.327398646179083874e+00 1.220091969658101849e+00 1.184319254603074967e+00 1.129922458702222299e+00
1.381966000000000028e+00 1.000000000000000000e+00 1.070961198955820315e+00 1.176020397153090480e+00
1.537413661671028109e+00 1.185065723559975304e+00 1.311565704433493629e+00 1.124313795584178433e+00
9.424100270295208137e-01 1.155196730062848953e+00 1.150687348133778709e+00 1.121740094167057222e+00
1.023890106873247330e+00 1.001155341870872073e+00 1.183721273124834994e+00 9.603369612085705942e-01
1.286392133651176550e+00 9.424755335982721860e-01 1.352247366383446447e+00 1.402206985887406443e+00
1.190601376838965830e+00 1.020286284987080183e+00 1.510276295171249616e+00 1.211140338352856727e+00
7.200513015759673063e-01 1.010630570814549323e+00 1.387079337572024285e+00 1.265502457195887276e+00
1.031996491484526990e+00 1.238812838149860873e+00 1.456316226526197521e+00 1.150085156669717890e+00
1.789956086836222537e+00 1.115358841065621442e+00 9.923473558682701645e-01 1.385450049535503547e+00
1.320224583955745379e+00 1.466997732401930099e+00 1.220419399209863309e+00 1.378271564805144234e+00
1.332786811366981405e+00 9.705159068316226989e-01 1.411605084592661097e+00 1.076833048451497632e+00
1.030282152366154502e+00 1.097649562620970798e+00 1.272947185068971532e+00 1.373835382237044600e+00
1.219067534745147618e+00 1.021586762767569656e+00 1.581180686185424733e+00 1.068116799558314511e+00
9.051007859369706310e-01 1.176700512936456056e+00 1.473824164370580503e+00 1.283591033536350512e+00
1.424334127104571746e+00 1.135371794669953971e+00 7.993352570021305947e-01 9.487559970589957148e-01
1.541992950646142058e+00 1.618033974844000022e+00 1.604213012250688575e+00 9.189463285542174287e-01
1.308961486859994583e+00 8.294589093934817692e-01 1.201439932338951078e+00 1.203350588702895463e+00
1.146179740976422723e+00 1.171139595618491569e+00 1.211888161851580659e+00 1.423360192592800999e+00
1.091384135708882264e+00 1.031646659003457644e+00 1.477529669729640727e+00 9.402656608114681180e-01
1.088873452998185609e+00 1.337980459213042206e+00 1.328238538344618025e+00 1.133292072133613049e+00
9.976136703296646369e-01 1.112257575884123106e+00 1.197774913863533852e+00 9.158140189515484586e-01
9.280915737629275020e-01 1.662507334425145533e+00 1.504961628486814806e+00 1.550988902985981799e+00
9.234767761591378132e-01 1.168832139838404727e+00 9.524025310797888944e-01 1.394728351477964923e+00
1.189364879907784278e+00 1.659268485750999167e+00 1.130959057130718204e+00 1.424660115728339616e+00
1.099942203107304728e+00 1.188345816944564870e+00 1.362667059990285034e+00 1.509994911999029688e+00
1.119158219098544294e+00 8.078532050183448998e-01 1.195962886937978586e+00 1.200879491658773945e+00
1.416539141117705292e+00 1.459275942583003083e+00 1.065312845109529505e+00 1.370351238141333194e+00
7.306316007782257538e-01 1.052019768468156480e+00 1.387697949715532619e+00 1.144605854654363597e+00
1.080123773944651866e+00 1.226844772371912473e+00 1.350182998330890172e+00 1.620761460134561460e+00
1.157391288229431936e+00 1.175262572351125856e+00 1.007378745814833998e+00 1.327844952478218765e+00
9.994750576264123110e-01 1.240258544332476731e+00 9.999999998690222158e-01 1.147394851592071996e+00
1.126809651923389444e+00 1.350429962242276627e+00 1.246371239362898287e+00 1.203303382431202717e+00
1.474014804859392402e+00 1.423301822779607484e+00 1.376267425850063342e+00 1.041093371929756817e+00
1.140299922538247746e+00 9.276844575929307224e-01 1.485737435215318980e+00 1.655912637764886508e+00
1.462288427107819810e+00 1.577769658970207933e+00 1.372632142239107456e+00 1.156561637963960498e+00
1.132617515505430106e+00 1.352839923008152034e+00 1.244321347945029244e+00 1.235723520498229089e+00
1.254789606602939811e+00 8.744421406163372934e-01 9.336777549215520278e-01 1.326017633704206222e+00
1.301995373558400892e+00 8.346050098917299209e-01 1.476027219491251596e+00 1.203125832090027769e+00
1.101063317699910948e+00 1.054433854439501550e+00 1.433470227321067103e+00 1.209524294367412489e+00
1.576927625636936448e+00 1.047467521158451431e+00 1.275777257233042139e+00 1.212910967979853094e+00
1.537798825306266881e+00 9.529096939877247374e-01 1.459006478079349911e+00 1.648093444813299779e+00
1.330525125627196381e+00 9.394842280732565998e-01 1.394127816779337392e+00 1.042497487682944035e+00
1.249428242444552417e+00 9.945448307200117632e-01 1.327859005121925895e+00 1.295602697730366515e+00
1.125186262223014211e+00 1.339645107350697195e+00 9.999999999999997780e-01 1.313578367295157756e+00
1.007887330335897724e+00 1.384021530301977165e+00 1.266899381397642799e+00 1.225131418135926520e+00
1.000351073650525890e+00 1.285593993428216342e+00 1.433513437965526327e+00 1.309089466469769203e+00
1.056960635694366157e+00 8.532445379851537615e-01 1.418771286370791973e+00 1.214902748001684074e+00
1.149169088380207038e+00 1.195780788449590348e+00 1.257431793787665342e+00 1.372920592615220370e+00
1.123197234460298288e+00 9.330960904165593872e-01 1.096707393143592668e+00 1.009954813238551630e+00
1.008354988220684145e+00 1.263518570444075451e+00 1.327063019816022038e+00 1.113851250835826256e+00
1.157333899604375382e+00 9.474645190096008252e-01 1.492207924792363638e+00 1.626156767774195488e+00
1.061004889395951611e+00 1.349886025212017504e+00 1.674358837510421472e+00 1.127088005981376817e+00
1.200392379143361721e+00 1.176074306389220059e+00 1.065778082458301412e+00 1.324078024699074208e+00
1.040878967519116127e+00 1.149977927812208867e+00 1.435970205915531483e+00 1.204334058427618981e+00
9.650403026373797211e-01 6.660032468982972631e-01 1.218172031224104002e+00 1.109919981935045374e+00
1.010717862223157848e+00 1.126925795220742099e+00 1.367576030918326024e+00 1.288475988568706931e+00
1.280944040138597195e+00 1.254724663044956445e+00 1.450849706334842448e+00 1.313493602956577133e+00
1.178013487145754157e+00 1.103852323838905081e+00 1.108306606317423171e+00 1.360100507953036164e+00
1.304181281560704564e+00 1.166373194176253403e+00 1.203073454725415825e+00 1.166363475121839022e+00
1.230891292219637556e+00 1.444039108817205541e+00 1.086539296946346544e+00 1.101181869602703367e+00
1.121730813724987286e+00 1.618019938730787421e+00 1.295684531719649257e+00 1.334715014856594051e+00
1.221176767019510390e+00 7.720626427144214876e-01 1.002299803325482186e+00 1.063234392742500756e+00
9.218730479239396480e-01 1.029001956387225913e+00 1.456975994738353375e+00 1.337558378019946037e+00
1.070792362313593982e+00 7.516871112167582414e-01 1.314703527053519228e+00 1.143405784522586011e+00
1.000900267999784932e+00 1.148277183755387343e+00 1.120752716728298681e+00 1.296684594412776947e+00
1.378971411045859519e+00 1.227725296880708639e+00 1.168812467319270132e+00 1.206810254105186164e+00
8.360621496960527477e-01 1.123500728869735621e+00 1.331413094899935201e+00 1.240288586726239206e+00
1.070885762818613030e+00 1.096720085672743927e+00 1.339080208278026207e+00 8.760824069106951661e-01
1.381966000000000028e+00 1.148362782517754033e+00 1.439955685166984134e+00 1.202030839814778984e+00
1.014246416976092080e+00 1.258347040113755089e+00 1.237850511970215672e+00 1.584244757992379959e+00
8.723545314243145166e-01 1.574494461940067369e+00 1.226269910955430253e+00 1.067478202113300023e+00
1.360679766255579182e+00 1.263417827619498945e+00 1.381966000000000028e+00 1.479154135303270667e+00
1.044900776633199690e+00 1.425078174118118879e+00 1.378950202943206360e+00 1.219046790972514893e+00
1.280167500761023591e+00 1.419073067942829169e+00 1.496416807671308691e+00 1.544568359214443021e+00
1.088643772751397787e+00 1.193682546865597827e+00 1.252535869292001891e+00 1.250112248400042869e+00
1.221187497659068644e+00 1.063076857815256737e+00 1.288270100867450640e+00 1.294008742201839368e+00
1.474229418849192452e+00 1.033834050262165682e+00 1.209340905573469183e+00 1.464926056891620920e+00
9.053769447775623647e-01 1.350629768134004038e+00 1.635968413935824151e+00 1.303293521991960802e+00
8.704906466495538897e-01 1.096413296021066408e+00 1.379717396878670010e+00 1.345627333303974327e+00
1.193338149273052817e+00 1.437609428890454177e+00 1.215646147242932518e+00 1.253461642928786368e+00
1.558395154792383774e+00 1.485007485801552507e+00 1.281433501794511765e+00 1.321692782469946259e+00
1.161652574295046758e+00 1.254575149548007085e+00 1.351975901786706125e+00 1.124410252139805166e+00
9.827859199051491856e-01 5.823128414568201627e-01 1.181229752945288203e+00 1.341584771233849560e+00
1.248515834389737122e+00 1.184788956053878461e+00 1.226346054424538812e+00 1.461300519801246534e+00
1.005268840611276193e+00 1.589904882290962718e+00 1.097450975194652401e+00 1.316339938472399052e+00
1.297897143118115659e+00 1.020127110591296349e+00 1.436757454367992182e+00 1.271855410616227866e+00
9.602478688426132614e-01 1.245371145606380292e+00 1.258752060116707039e+00 1.354592698024397635e+00
1.285331536622652537e+00 1.479271727166500128e+00 1.138542235419285564e+00 1.261238227591469530e+00
1.100168045580599108e+00 1.212540564989494252e+00 1.261434006784877715e+00 1.189184073707640676e+00
1.368410416119066442e+00 9.222027852462498787e-01 1.424387317542129106e+00 1.153549332221065482e+00
1.000289232165620490e+00 1.229317918827485423e+00 1.316083364552556922e+00 6.048783738743210847e-01
1.326287814167166124e+00 1.258547243819893913e+00 1.395513563921685130e+00 1.214899973723283733e+00
1.119181732059538081e+00 1.376615978969508935e+00 1.635381633727899908e+00 1.410024046031705502e+00
1.125094374640177364e+00 1.048670816937929073e+00 1.541356815179364181e+00 1.371847482904386073e+00
9.258169013499917277e-01 1.189211017931842029e+00 1.381966000000000028e+00 1.262202728764022286e+00
9.812335189289438375e-01 1.394978467385801002e+00 1.387566159033942093e+00 1.319879485028535804e+00
7.088861699042737774e-01 1.269581052333913052e+00 1.561358845422576636e+00 1.102029526501087764e+00
8.987776481347052870e-01 1.128441388294593173e+00 1.452287515300699106e+00 1.413201372788336352e+00
1.116976834245284156e+00 1.052611835053354872e+00 1.167184284591896049e+00 1.449638439238075227e+00
1.242292093634474792e+00 1.086393940235847344e+00 1.292255214096787119e+00 1.516512283460015320e+00
1.254861909167089173e+00 1.085855213952029885e+00 1.191399017461639342e+00 1.482877755895210203e+00
1.127238937460355750e+00 1.300040463724401851e+00 1.569927647571744300e+00 1.032740007179139718e+00
1.071133687442495264e+00 1.015399490186216003e+00 1.380868037602777321e+00 1.242846180233929010e+00
1.203257110825435072e+00 1.283147328783509566e+00 1.300465495258926740e+00 1.295210976861533414e+00
1.330427198001623124e+00 1.119926187844890730e+00 1.511788859253388129e+00 1.524107835540549738e+00
9.674142786439794417e-01 1.085033086989009021e+00 1.346141593678621629e+00 1.151685873938686155e+00
1.655220169545250197e+00 1.239129448094403951e+00 9.327456786973411518e-01 1.169264557961013695e+00
1.360475669865305992e+00 1.050814012414783782e+00 1.436297562924614635e+00 1.440728792924875323e+00
1.206214201690292809e+00 1.076401365533292909e+00 9.781584023243814485e-01 1.372235658086391252e+00
1.450228489483124994e+00 1.073898234462783874e+00 1.585006548088136347e+00 1.524050462701296071e+00
1.105641712275640787e+00 7.940245705681208133e-01 1.241377212708374866e+00 1.183909470564781019e+00
1.421190667321681866e+00 1.098868013729128457e+00 1.062951625359544572e+00 1.296603299268713538e+00
9.703747730016619721e-01 1.113103692600297512e+00 1.310602576318868007e+00 1.074216918711201174e+00
9.707951810130318604e-01 1.595662088383940969e+00 1.086319369279496794e+00 1.284259317222695929e+00
1.251427539129106314e+00 9.391281283538414071e-01 1.078141396858180778e+00 8.459902833742317663e-01
9.866391853043318116e-01 1.150179864037283561e+00 1.235223739338811022e+00 1.393037766103474295e+00
9.313902854190856395e-01 1.134394796514432979e+00 1.252609529062657767e+00 1.537135791315163535e+00
1.146312569592123243e+00 1.107406059826273603e+00 1.118432359296443135e+00 1.166979978182859812e+00
1.186182036077379154e+00 1.049122047769836419e+00 1.217961364721269923e+00 1.397218467216163829e+00
1.597821123370448015e+00 1.148995963118375485e+00 1.504259434732597267e+00 1.400517937039215122e+00
1.147011520691621600e+00 1.125054977231338071e+00 1.429584790232007574e+00 1.431497291802614980e+00
1.285444664305307239e+00 1.160796757178554683e+00 8.761898967355195023e-01 1.164845664307513573e+00
1.236412438537103142e+00 1.283287268748026344e+00 1.313582639364822890e+00 1.203208870021272636e+00
1.148545981907835190e+00 9.291227785539200035e-01 1.399904625799065050e+00 8.834515092363814937e-01
1.045052192984700978e+00 9.454885662267251689e-01 1.256383331617323851e+00 1.160106597515739857e+00
7.767033344960461161e-01 1.086071386349208856e+00 1.519813485026736188e+00 9.999999999999997780e-01
1.420077106324235006e+00 1.310067991031394374e+00 1.278464567440271926e+00 1.022859843506120692e+00
1.023700824342761440e+00 1.264569859909441485e+00 1.020010181542463368e+00 1.328425615623368250e+00
1.319942994984287132e+00 4.915256625346405839e-01 1.571863097536294163e+00 1.122816288240257254e+00
1.236067965715093253e+00 1.338151996377867858e+00 1.404096373539849951e+00 1.007894023690958596e+00
1.090800674072799348e+00 1.080623048440614520e+00 1.394197521905564674e+00 1.225091467800720313e+00
9.443389588134765145e-01 1.045747011788400460e+00 1.081212107736145844e+00 1.051534125923002660e+00
1.372545339558024047e+00 8.503248875344872060e-01 1.237524040392220304e+00 1.544778236336883159e+00
1.408250844813122349e+00 9.100049804772551987e-01 1.388313105026728556e+00 1.054751403812793420e+00
9.478426081785784607e-01 1.276569812056234987e+00 1.348716218342714823e+00 1.159183665939734098e+00
1.472135940079263294e+00 1.319460267342790649e+00 1.131152695581257195e+00 1.504633496560332517e+00
1.037129618272022658e+00 9.788115394745682263e-01 1.077780453859574328e+00 1.115431412272695599e+00
1.266559333451910963e+00 1.375781622584079100e+00 1.264537060263440482e+00 1.299072018444241472e+00
1.253706811807743904e+00 9.931421391719147396e-01 1.278932614057837203e+00 1.174329133075439957e+00
1.195778009926216967e+00 9.756158589760398625e-01 1.367928095904497710e+00 1.186774492141918103e+00
1.296316719353328928e+00 1.058899760636869525e+00 1.385785660010000031e+00 1.253268028421081315e+00
9.391121994246783844e-01 1.115722930827387049e+00 1.255939905931501288e+00 1.050377345498147541e+00
1.059887099827494072e+00 1.129655731914933625e+00 1.321138073342870145e+00 8.960080736988870198e-01
1.055736757303765483e+00 1.524305877378767882e+00 1.279088137348939780e+00 1.097456130927070062e+00
9.839165122643338535e-01 8.885190451684493729e-01 1.103818526204835893e+00 1.432286036416973385e+00
7.872988818374258013e-01 1.114316755367625866e+00 1.617167140463461550e+00 1.575245738911133619e+00
1.248758732737121013e+00 1.049577442357826573e+00 1.572141853277817747e+00 1.079076645701944948e+00
1.463186506376919604e+00 1.412441264274896247e+00 1.337586295265256853e+00 1.076736935617832458e+00
1.210814817694019663e+00 1.189820162760988564e+00 1.223180702718806190e+00 1.145117787948067400e+00
1.139362865811305969e+00 1.201423487130286016e+00 1.300999673017576574e+00 1.616234621347775846e+00
1.158620942659002173e+00 1.057460535885104580e+00 1.458756269321941801e+00 1.589871475748043217e+00
1.197834311058548096e+00 9.998802111977701523e-01 1.123720876891109555e+00 1.165823132165784148e+00
1.123360441721937830e+00 1.015546797932769918e+00 1.346130040532214078e+00 1.169799013512288210e+00
8.664770605787458502e-01 1.350597752772559224e+00 1.558981768545047775e+00 9.286808744069444677e-01
1.005223206743761422e+00 1.023935729930595340e+00 9.098300635909473133e-01 8.245096200581106816e-01
8.488319441019436251e-01 1.166559438792120762e+00 1.282416209466465506e+00 1.058669673889578444e+00
1.114563670661478767e+00 8.213682657798957454e-01 1.547580675663291716e+00 1.415025783312229279e+00
9.304651571986760628e-01 9.887759271183391707e-01 1.449907625468970895e+00 1.257705683153195420e+00
1.190239656305864369e+00 1.294878153929513109e+00 1.083668188488342343e+00 8.468873576291393590e-01
1.139255894685085480e+00 1.004896989789785700e+00 1.464011087176297465e+00 1.845717358138674102e+00
1.133398856580033254e+00 1.042536168069255087e+00 1.243662486663128064e+00 1.598680394277527839e+00
8.570114919991403957e-01 1.067480251354541387e+00 1.378132623007775726e+00 1.339851965710117554e+00
1.274896534377397472e+00 1.196670741926374681e+00 1.417189995065827324e+00 1.615181439757260806e+00
1.191691784904071350e+00 1.381966000000000028e+00 1.338558705160621365e+00 1.601559024084583616e+00
1.311431380605703190e+00 1.111456170153473311e+00 1.128678662589164494e+00 1.455832483461865667e+00
1.258301208991389863e+00 1.618807504227047778e+00 1.354846696041517529e+00 1.071193348252226674e+00
9.088122124069971663e-01 9.778598856429803199e-01 1.341679593375002089e+00 1.244248931466696684e+00
1.076533399837612537e+00 1.372712315785176385e+00 1.569873798464251236e+00 1.048686754641020125e+00
9.649521445006347120e-01 8.907506166700186467e-01 1.218236054906215227e+00 1.265678549352474258e+00
1.480076042363309696e+00 9.588982165528834312e-01 1.507401999710120899e+00 1.096231759221296231e+00
1.333664328186080716e+00 1.474354285026529876e+00 1.393547300636153841e+00 1.437366596661742602e+00
1.327299936771231259e+00 1.231579968089300925e+00 9.283074897409808734e-01 1.161426326437667411e+00
1.193849855960311235e+00 1.161298979759088690e+00 1.541683694870823906e+00 1.333648979799889611e+00
1.114546649928240374e+00 1.244818161444113835e+00 9.400078213135305560e-01 1.293964459457057403e+00
1.089894552250470827e+00 1.074344623611658056e+00 1.556170739027484595e+00 1.229339041328008530e+00
9.414281023201798160e-01 1.174102471125829883e+00 1.068042087753159564e+00 1.067573100217557691e+00
1.341800496360283201e+00 1.130995156168211002e+00 1.381935559049683127e+00 1.060953014410106254e+00
1.556763655924324308e+00 1.127989408577774633e+00 1.482135940089263304e+00 1.057968754283337587e+00
1.059200889486147990e+00 1.390596783871074216e+00 1.683902004209969716e+00 1.065654596180047653e+00
8.997342134677470682e-01 1.066999220634139434e+00 1.298741816275078120e+00 1.085072333257964816e+00
1.310952041404879198e+00 9.899839553731584196e-01 8.050670660853744831e-01 1.169331592440381540e+00
1.356248449856044758e+00 1.249243741931533203e+00 1.432520023502584783e+00 1.001501118314366945e+00
8.535300244804157055e-01 1.209103062968303055e+00 1.494490669140689398e+00 1.119155786979454170e+00
1.188194117989089804e+00 1.273019319215162648e+00 1.171000282982530338e+00 1.428548852938329894e+00
8.842976239728262966e-01 1.022455848914818333e+00 1.119420098873327163e+00 1.373110321272879242e+00
1.395879153163673170e+00 1.168514701351210938e+00 1.567665642726625563e+00 1.306448386843860332e+00
1.382236475004638754e+00 1.132556886086714121e+00 1.037034309248298092e+00 1.301548150773914614e+00
1.202417127078486248e+00 1.364769321041760186e+00 1.319568265709731403e+00 1.288658883977642278e+00
1.239291815819956621e+00 1.326721769014043373e+00 1.518913096586256728e+00 1.099547577771580409e+00
9.937820218849933163e-01 1.149494349763973133e+00 1.235717902149721992e+00 1.095619860103680843e+00
9.670253612136416876e-01 1.081801623474680119e+00 1.625107480502364643e+00 1.219013103204121817e+00
1.212107804709783299e+00 1.192858109455856352e+00 1.269586030105578134e+00 1.470729025015913072e+00
6.889168459705519165e-01 8.422232303543825127e-01 1.202905716794950841e+00 9.982451321841472325e-01
1.104193714230861101e+00 1.260331282575102518e+00 9.962913270487089301e-01 1.162784113446443834e+00
1.351039405157037576e+00 1.281752178952159982e+00 1.277059117569639302e+00 1.144544797871225983e+00
1.490493682872398029e+00 9.062536470610825790e-01 1.090101243233188466e+00 1.011646425922175574e+00
1.302251429509925229e+00 1.011189849298272270e+00 1.187218498745860273e+00 1.091319408540990299e+00
1.151468320473987728e+00 1.233459509863060521e+00 1.329119206344141713e+00 1.387055843339011663e+00
1.127558308458052938e+00 1.302588573170655240e+00 1.443214010009006953e+00 1.215454161315272508e+00
1.244710415663521363e+00 1.221535759400498522e+00 1.150694999973331134e+00 1.163968839413664469e+00
1.183348912642261830e+00 9.911249701811373214e-01 1.218802574120666948e+00 1.121195822149046117e+00
1.144328934920924024e+00 8.891976328933282048e-01 9.028743299695178859e-01 9.942589455338212145e-01
1.040464440681485581e+00 1.257130881130197109e+00 1.670780152513441141e+00 1.356012373312251107e+00
1.059275759312962695e+00 1.147852197294722432e+00 1.217875868369732606e+00 1.357846519632421645e+00
1.070211864577732319e+00 1.441810852216347527e+00 1.639318808735989119e+00 1.508261641449359480e+00
1.331393592325413655e+00 1.121279433428433503e+00 1.318025975807163297e+00 1.111515475483914717e+00
1.159112079990338939e+00 1.171260949470090074e+00 1.227866547988728962e+00 1.373200006147507812e+00
1.169235436465329458e+00 7.495084213038882837e-01 1.369354429752204672e+00 1.255124928360327186e+00
1.016585311231997579e+00 1.308965295561218545e+00 1.422285644978184660e+00 1.186295949353148416e+00
1.190517640129716614e+00 1.364499426265579185e+00 1.336203571350837338e+00 1.087404682259723643e+00
1.157079014666086314e+00 1.134710039008350657e+00 1.023874600317088213e+00 1.165466756230115086e+00
1.197907448467239844e+00 1.190978526437815432e+00 1.336555411463840271e+00 1.371950931748996183e+00
1.334085122212238295e+00 9.386183056608943254e-01 1.421432870842191054e+00 1.357212373334215405e+00
1.372183598371736979e+00 7.779323698619556859e-01 1.486820359128510072e+00 1.261366783443703454e+00
8.028502642312329574e-01 1.101905610809553293e+00 1.436333580302628254e+00 1.336948222988814550e+00
1.190480716943770778e+00 1.645939199722221025e+00 1.414933815086482527e+00 1.235722358397751908e+00
7.580418251220110148e-01 1.001964029543095380e+00 1.509961007741260186e+00 1.436823904475559743e+00
1.259303874760909103e+00 1.181537394615824743e+00 1.317617969191513527e+00 1.167474633234543147e+00
1.068343970280786648e+00 1.262113287208852297e+00 1.052157044039512490e+00 1.220150749753324604e+00
1.605904658729737422e+00 1.270519507328266684e+00 7.692609690313600979e-01 1.251908514625565516e+00
7.875001316547820540e-01 1.409373526593970860e+00 1.173888365154023727e+00 1.492707690960592304e+00
1.055685145910116418e+00 1.240097689085746469e+00 1.400558287007446889e+00 1.399147276739616030e+00
8.474459391488399218e-01 9.311163224913682201e-01 1.240815517783843802e+00 1.657046480351259010e+00
1.157429753523972593e+00 8.839998996155418176e-01 1.126579230031903744e+00 1.159641909213337652e+00
1.188003873306438862e+00 1.341071127757154535e+00 1.039967969087565169e+00 1.166738160229163990e+00
1.097029162674145963e+00 1.370405519562553520e+00 1.369910672939697038e+00 1.502566808003753973e+00
1.369075665289392729e+00 1.040571573916221793e+00 1.509673576427907893e+00 1.344123451119923152e+00
1.237962089686668321e+00 1.346009759162400732e+00 1.402378136999985481e+00 1.600712788533352970e+00
1.190769093954190394e+00 1.157739866199371193e+00 1.229580152924485192e+00 1.672217477770236327e+00
9.572182278156132762e-01 1.205438925953557394e+00 1.176113250312079694e+00 1.417447373384675524e+00
1.435435413287927231e+00 1.092466484243931779e+00 1.244493166888769764e+00 1.238670310316826617e+00
9.410742726940549696e-01 1.381966000000000028e+00 1.020014887358605016e+00 1.254302183624346645e+00
1.045562257687548513e+00 9.107628382280067436e-01 1.363998579452924576e+00 1.155260064034302259e+00
1.158102020920072750e+00 1.270856338651711992e+00 1.536577047069476620e+00 1.134367328886265458e+00
1.250471789230750197e+00 8.563697100631029180e-01 1.187850747676491903e+00 1.209069237388586071e+00
8.440703027622997734e-01 1.287948110806274027e+00 9.565130215558028670e-01 1.326250641785913897e+00
1.205492096450403228e+00 1.229139504907537095e+00 1.112882011504251922e+00 1.017017195082245085e+00
1.149212632891852159e+00 1.575373678593543492e+00 1.137678307751064155e+00 1.383026450427428777e+00
1.336001991428194646e+00 1.227583964994102494e+00 1.118206659996860086e+00 1.216431363640157581e+00
1.182337973454335556e+00 1.110469322538222725e+00 1.446907798049456240e+00 1.008587523425989341e+00
1.148943745636769043e+00 1.346319584661502367e+00 1.279039787605609879e+00 1.339692350386897601e+00
1.152118607824559327e+00 8.652871137684124969e-01 1.138901791658521123e+00 1.318049046778220212e+00
1.249227117663959108e+00 1.267678110454985463e+00 1.122201779285324719e+00 1.034568508284891664e+00
1.285385428882829917e+00 1.468453668340335971e+00 1.418280928567648314e+00 1.527627797781176300e+00
1.532052985786829247e+00 1.522846205383113549e+00 1.267593036045591592e+00 1.525066731153701616e+00
1.250088081694268105e+00 1.126188494587595068e+00 1.377355156755807997e+00 1.458440734516318837e+00
1.213187734206772284e+00 1.184078639580417036e+00 1.404987168921915108e+00 1.249499851160452035e+00
1.237430178718521567e+00 1.412475876315389511e+00 1.356836234856355183e+00 1.281882073099031460e+00
7.253317176705131875e-01 1.140844327277265924e+00 1.296566059001862614e+00 1.443266139373546419e+00
1.404733836159030025e+00 1.593213250448001883e+00 1.580485794569033153e+00 1.607284338747883901e+00
1.173747152561215090e+00 1.164757492800607697e+00 1.445086353133488322e+00 1.211223908173862274e+00
1.272007813213201333e+00 1.140845602854321905e+00 1.223447958241814293e+00 1.213976027671372915e+00
1.141001253370550916e+00 1.069675104817464195e+00 1.314324127569049594e+00 1.393707241568527877e+00
1.087281139157167509e+00 1.149618570651593341e+00 1.482291675409240339e+00 1.220550238108064400e+00
1.195526127944641637e+00 1.384835206058196322e+00 1.201585482810852090e+00 1.159402345423315328e+00
1.022819397813405695e+00 9.574879231223428766e-01 1.245552219547741535e+00 1.470631739451782716e+00
1.351880059548721924e+00 9.697457433113185754e-01 1.172140161873958863e+00 1.390199914710186446e+00
9.323913588414425302e-01 1.132099142969854588e+00 1.180490141617582367e+00 1.289039529522364225e+00
1.084775972845766434e+00 8.538354431021158986e-01 1.220946492437094966e+00 1.107075281017698254e+00
9.535744194390630701e-01 1.332852195024661013e+00 1.282591524455214849e+00 1.228024274667209204e+00
1.005737394023838549e+00 8.881253473278704069e-01 1.097174547217687257e+00 1.213369339396849877e+00
1.227113276981357082e+00 1.415270862077437686e+00 1.336399149690677080e+00 1.354513050366337845e+00
1.057467943806696287e+00 1.156659477983282835e+00 1.629726865073348296e+00 1.184888244122060286e+00
1.061034510386260621e+00 1.395121616185999391e+00 1.168163041955079251e+00 1.362651805184187381e+00
1.068537575265002371e+00 1.054280452381091138e+00 1.309882674332416785e+00 1.359947003633308782e+00
1.391589874642726432e+00 1.285990339719117248e+00 1.362004222168514911e+00 1.607313942708419097e+00
1.157681706958106904e+00 1.157351638813368444e+00 1.397565954607085770e+00 1.753887824919757810e+00
1.169181746742574024e+00 1.149774772452978322e+00 1.517872226220117193e+00 1.155471369025681483e+00
1.175884106594662581e+00 9.567927584247546413e-01 1.382419103747022149e+00 1.112668812139276042e+00
9.936332789423671930e-01 1.354078185577878513e+00 1.425173010355159420e+00 1.254874798780975631e+00
1.505592704048945851e+00 1.206075607081040557e+00 1.571122259971639235e+00 1.367708607800148357e+00
1.401901433322540802e+00 1.308108678776629397e+00 1.210350674303656504e+00 1.762358428302082780e+00
1.179053409653676443e+00 1.005898764196354156e+00 1.423550522731480195e+00 1.005382383877013064e+00
1.740537707089325759e+00 1.153590495774700964e+00 1.412607343652305003e+00 1.429377664966103634e+00
1.159575107157475360e+00 1.258176387182987632e+00 1.415240105418306582e+00 1.307075518783418433e+00
1.512981951346211273e+00 1.391167174864870848e+00 1.543671779653372989e+00 1.205451518641213804e+00
1.220137833895506008e+00 1.001843238150472049e+00 1.080561797618448283e+00 9.582879043522135598e-01
1.348702145062966817e+00 8.708537123591963969e-01 1.245528014865300737e+00 1.081480716430109901e+00
1.077580620608538764e+00 1.305322169789350450e+00 1.181476890859948226e+00 1.371219169066254961e+00
1.458612146934527676e+00 1.597282631573639922e+00 1.409372516384552299e+00 1.359792179471014606e+00
1.241999299501806542e+00 1.389795887376520378e+00 8.942935195054659836e-01 1.178451208602620204e+00
1.409568048497529258e+00 9.607351990910948381e-01 1.101132121543371589e+00 1.516777695746099663e+00
1.299993232323853221e+00 1.265750628147739532e+00 1.486836241427411220e+00 1.466066667533094225e+00
1.264594295417651004e+00 1.342999944346247476e+00 1.172969077813005301e+00 1.231041335894551114e+00
9.514160587275009018e-01 1.226632166699374915e+00 1.627938975568425040e+00 1.183382166739206598e+00
1.333911642106589968e+00 1.647017957285409340e+00 1.312726520225771187e+00 1.608276248416655507e+00
1.205877444876644278e+00 1.262064187968039430e+00 1.742405742242549849e+00 1.126116484107339888e+00
1.002140141149955310e+00 9.532242798973661335e-01 9.763152868562743336e-01 1.431388081697154036e+00
1.093440424429656277e+00 1.105498327458081631e+00 1.161024256553891965e+00 1.167022401731380832e+00
9.689555594036176611e-01 1.410361943940495522e+00 1.307577631144855923e+00 1.199834823099586112e+00
1.089331287228468836e+00 1.326597418764024150e+00 1.016282040834943334e+00 1.614835445745552489e+00
1.297192198398112728e+00 1.008152761058229485e+00 1.045492347248098586e+00 1.226625418652203203e+00
8.503465864809223174e-01 1.041857985579225376e+00 1.105950375586721268e+00 1.264324013065600827e+00
1.506123161932486187e+00 1.385246679292729155e+00 1.221880589424636288e+00 1.209744604181919314e+00
1.391692923909054080e+00 1.474653140047592625e+00 1.485490969277352136e+00 9.772622190687663135e-01
1.072950711299177629e+00 1.098610893423238366e+00 1.312624585243908903e+00 1.228824818027911769e+00
1.172836777584728374e+00 1.061320066056160583e+00 1.067986856953136332e+00 1.248550324661901856e+00
1.283019992326769332e+00 1.044549779802567802e+00 1.224346112452100677e+00 1.072834949787205838e+00
1.170056853369822347e+00 8.578855368310064344e-01 1.315841536740604889e+00 1.351007754423985574e+00
1.104026449652699693e+00 1.071435609532889188e+00 1.633021082857175843e+00 1.536538733336566098e+00
1.398822847765194277e+00 1.091673437338283037e+00 9.229589020500256202e-01 1.297092070983743239e+00
1.073426704026554379e+00 8.554430332538276449e-01 1.300359633748078059e+00 1.811113146667521434e+00
1.016039673557604273e+00 1.232456855231415238e+00 1.267336216229294932e+00 1.328159082887943709e+00
1.309167023068330771e+00 1.453661067961043996e+00 1.398835601285357999e+00 1.318507083557015624e+00
1.248376976482463263e+00 1.233376716772407233e+00 1.397245237525399864e+00 1.260850654966103823e+00
1.034565253592787171e+00 1.093228713846844613e+00 1.361221998095544894e+00 1.250948297925946306e+00
1.339177689768698665e+00 8.802135303608308314e-01 1.493953660859089982e+00 1.013905167080638492e+00
1.181852429465430232e+00 1.303015330104970948e+00 1.102445186398927746e+00 9.407971601569946607e-01
1.305621830604956291e+00 1.189114063934473942e+00 9.346979597089553060e-01 1.355631183926474304e+00
1.452909103542487479e+00 1.104750846473339987e+00 1.423041481065684399e+00 1.112371204146834103e+00
1.214742637044644358e+00 1.480530131266549532e+00 9.421316516058098056e-01 1.494882838717237261e+00
1.466662187942052942e+00 9.963386167990996301e-01 1.422362011232938261e+00 1.482050857038627489e+00
1.431762386537450249e+00 1.274938721273642273e+00 1.460876985213173107e+00 1.519195649786356128e+00
1.012191685724497026e+00 1.039539375554863865e+00 1.256122833034466479e+00 1.010083529735402719e+00
1.346513158818481770e+00 1.187450286356006135e+00 1.238421400394137395e+00 1.369864882837168896e+00
1.414998451202725827e+00 1.136941811259321033e+00 1.401649549419944574e+00 1.075457232701249266e+00
7.242625399144690945e-01 1.335656297737177312e+00 1.318222191560762591e+00 9.648935083916039268e-01
1.278470325394450047e+00 9.041090626180336987e-01 1.370217721383600429e+00 1.113841951272894093e+00
1.218401681198656217e+00 1.054775713472362098e+00 1.517625741695894925e+00 1.203097401964020374e+00
1.128844778117300773e+00 1.003113204268124781e+00 1.029531636525161664e+00 1.087130235538525058e+00
1.169995466185852706e+00 1.114809860467018465e+00 1.097005048601555899e+00 1.384789261214712353e+00
1.011441397136844333e+00 1.099543258327589479e+00 1.468014471513766406e+00 1.028597944491375982e+00
1.273068653316907772e+00 1.004694374070868035e+00 1.247697774088521339e+00 1.625134758766272336e+00
9.011081188121152774e-01 1.225079644409152069e+00 9.841225107080551204e-01 1.437297448690028734e+00
1.316176474027193732e+00 9.921988931549718949e-01 1.264256259453916176e+00 1.128677127593588292e+00
8.885438293462438741e-01 1.153526099786135628e+00 1.238090317072765290e+00 1.168460113921804711e+00
