8.754223155962800318e-01 1.423059883933542435e+00 1.025976801296135665e+00 1.181758407686701817e+00
9.710471537653315721e-01 1.362411728438232883e+00 9.968840521050490455e-01 1.211551517059708871e+00
1.107182065205298604e+00 1.216866725509351488e+00 1.042688325544231631e+00 1.219724054546478254e+00
1.207030288671513407e+00 9.733087765716276207e-01 1.363883026679454602e+00 1.702802600146186895e+00
9.891559739332713708e-01 1.418634926306924893e+00 1.396870236480685090e+00 8.474608855269122332e-01
1.191319209037176030e+00 8.159302341919612012e-01 1.053977740154415921e+00 1.190926136052426587e+00
1.299013654983911303e+00 1.332273071687137822e+00 1.113087078513653960e+00 1.346730215381786611e+00
9.068622985709595685e-01 9.970052420532604653e-01 1.096844052492930821e+00 1.277264595946928871e+00
1.033888522952860045e+00 1.088459880051200868e+00 1.457123674690572024e+00 1.094664312995303090e+00
9.984895588185295212e-01 1.048452093151812203e+00 1.183920298251748271e+00 1.045498713230185173e+00
9.179412012436612978e-01 1.038951169506773020e+00 1.307428586721859354e+00 1.470025735156716751e+00
8.450976062786103027e-01 1.280858732784015519e+00 1.127445848597834921e+00 1.169123762802281252e+00
1.371808153608635727e+00 1.173460515664059622e+00 1.112770460595293942e+00 8.899381797076142409e-01
1.048403294715129164e+00 1.200959000495359197e+00 1.288542454339444587e+00 1.320085964391599864e+00
1.047164896769496867e+00 1.045748520974363771e+00 1.258376887727384874e+00 1.184394170051962458e+00
1.189251521119846444e+00 1.301680722485653696e+00 1.126709141878571296e+00 1.263538231056687833e+00
1.045323488515654597e+00 1.581253279487652819e+00 1.237562505338431817e+00 1.261908698268936257e+00
1.063546892265593069e+00 1.543101464211297014e+00 1.045746079462070988e+00 1.219743505308734655e+00
1.382502937490607708e+00 1.399573617901078482e+00 1.303624014404972442e+00 1.102060641210387493e+00
8.841470802188747813e-01 1.053888683675418436e+00 1.460291629675109393e+00 1.374209088914487342e+00
1.016427539570461169e+00 1.205246906591190825e+00 1.053371144982841567e+00 1.136185600627330539e+00
1.349947090412388473e+00 1.261634116611836332e+00 1.381966000000000028e+00 1.265737331033566893e+00
9.370109821556249496e-01 1.019996300771862874e+00 1.189810436784381809e+00 1.432887694899203757e+00
1.381966000000000028e+00 1.537314610672169790e+00 1.100704161296114370e+00 1.311591438290746758e+00
1.366836021113596145e+00 1.254587643857752122e+00 1.256850585566182232e+00 1.439591528362861972e+00
1.080743274584236691e+00 1.057078936039959727e+00 1.153326324472653486e+00 1.602268961479336395e+00
9.490517811925437419e-01 9.673520245048273791e-01 1.187478625950871614e+00 1.565609756976969136e+00
1.126663293281669809e+00 9.094796824511464095e-01 1.226108137280096155e+00 1.300474647345903234e+00
9.849663952464654537e-01 1.084330166235419446e+00 1.025383883145560837e+00 1.168617281862898594e+00
1.044053626529546808e+00 1.270592658773436634e+00 1.026709764886054366e+00 1.000195078454653386e+00
9.955894370563163065e-01 1.195191041254036746e+00 1.132045421541538532e+00 9.224517590866683214e-01
6.605722944253826778e-01 1.578177412526049039e+00 1.356984763297822472e+00 1.121097258173533673e+00
1.135827335585041009e+00 1.288843121646152889e+00 1.207832337800226918e+00 1.259062493128072502e+00
1.220847602737908044e+00 1.400043391887386024e+00 1.548889854619739159e+00 1.242360844685753918e+00
9.693726656582578594e-01 1.390554373378585229e+00 1.253852781045698306e+00 1.674440788133984670e+00
9.368811694213969865e-01 1.503674879061100977e+00 1.139249601968636227e+00 1.419177992636022623e+00
1.065393295359021497e+00 1.546352983044484430e+00 1.036290012839867325e+00 9.738808219030887781e-01
1.066094951991217510e+00 1.225514777528873278e+00 1.132089153304137286e+00 1.290074196129818773e+00
1.433304771976193104e+00 1.606232532163388349e+00 1.369468549634501597e+00 1.499427559631834717e+00
1.132708868067489938e+00 9.655797788310794827e-01 1.069508356356747791e+00 1.168778452680238278e+00
1.012082735010055856e+00 7.170021963998416403e-01 1.028375231432813175e+00 1.406883700610590093e+00
1.115718548135963273e+00 1.120170227968851240e+00 1.196547486467401278e+00 1.125291789295312705e+00
9.227188860718892327e-01 1.245924122727807504e+00 1.066258027820539800e+00 1.625997755980866932e+00
8.541020098111938852e-01 1.077063980604584970e+00 1.184282052839557231e+00 1.233390641788109754e+00
9.793524027811156829e-01 1.077484238107194514e+00 1.025278104519881328e+00 1.198828470378938693e+00
1.067983341554811672e+00 1.099131455287785553e+00 1.149638671232128262e+00 1.395789195310424224e+00
9.171288718114753991e-01 1.143720923293141789e+00 1.271312980332018228e+00 9.029194788836598651e-01
1.097374393786736624e+00 1.229851980103346065e+00 1.394701792537915042e+00 1.109678007700452662e+00
1.016748696534179430e+00 1.071168534301235375e+00 1.075727870265733577e+00 1.568199874510703529e+00
8.603113789832420588e-01 1.264114318397836945e+00 7.588540553964282509e-01 1.625763105144507614e+00
9.745416130637434282e-01 1.092593485872618730e+00 1.234990751538469045e+00 1.336681943930230876e+00
9.926711956560976269e-01 1.228951144436731147e+00 1.138532725396564027e+00 1.151385212686570236e+00
1.162476700007027075e+00 1.219999932646826268e+00 1.239616852755402787e+00 1.414452897425375610e+00
9.809554447551441791e-01 1.133853230774892751e+00 9.416045463051788689e-01 1.303905187923122933e+00
1.250132713493220971e+00 1.738364470761753600e+00 1.212703677524274104e+00 9.319957760829047366e-01
9.958242225111710866e-01 1.402644764524477505e+00 1.244500853519588501e+00 1.020051989245554624e+00
8.404599412270457037e-01 1.108787674068604678e+00 1.018229615606076610e+00 9.917465983496653870e-01
7.639320347647367004e-01 1.000000000000000000e+00 1.286397281021117944e+00 1.117297431529243879e+00
1.055121722469540391e+00 1.450756009065566898e+00 1.018053166863423842e+00 1.284356202873079944e+00
1.212745541337344246e+00 7.326450822203547375e-01 1.204115462394841574e+00 1.321448991360707925e+00
1.093242222440304889e+00 1.051108632822819411e+00 1.267153537794706297e+00 1.147160656924427036e+00
9.767221966846411085e-01 1.166481234547368073e+00 8.687568139410060120e-01 1.416348277814391432e+00
1.051999498377940157e+00 1.213607210275424286e+00 1.057829691932958172e+00 1.319642471689539187e+00
9.788747101192397659e-01 1.005632632269637616e+00 1.221958792966769236e+00 1.594135010666696495e+00
9.689672563087602386e-01 1.095405693858950258e+00 9.617906072218319613e-01 1.321295289585535215e+00
6.333123309708599269e-01 1.347524396186068785e+00 1.324728041167452464e+00 1.483033457303114089e+00
1.066541379013881574e+00 1.039563637752926040e+00 1.268162176492519722e+00 1.470864622068469796e+00
1.257297180115965141e+00 1.198959200105872869e+00 1.175001225612483324e+00 1.004300071577112874e+00
1.116900982245941476e+00 1.107006976373819951e+00 1.321658822999709937e+00 1.225672921173969421e+00
1.271138139857806770e+00 1.179943451501236140e+00 1.177006924487890904e+00 1.506482974849510548e+00
1.487437191003989412e+00 1.101224173686755181e+00 1.350926668621398097e+00 1.080805593112010632e+00
1.240768842790804349e+00 1.320843412275308104e+00 1.086721948479737687e+00 1.289360872896652133e+00
9.027908486751791139e-01 1.361463441951903830e+00 1.056766866734708321e+00 1.585243557568610573e+00
8.575009458653407579e-01 1.334104094395481166e+00 1.372154739426711068e+00 1.325926903996744510e+00
1.081548287581105772e+00 1.062908434279169922e+00 1.226620923853187550e+00 1.260512769138821154e+00
1.173992167080303517e+00 9.644637473162132046e-01 1.068598780426874839e+00 1.097120566684247178e+00
9.660776445951063662e-01 1.280320538873921388e+00 1.032875703631458641e+00 1.343473811726597633e+00
1.213062981423797870e+00 1.196178841521322145e+00 1.179656415877109010e+00 1.159930466264601723e+00
1.385498945186514064e+00 1.141791274760906250e+00 1.054011714256379184e+00 1.378231308355722939e+00
1.007383961271815176e+00 1.230681571055241008e+00 1.166505867243545991e+00 1.361829992357076691e+00
1.133324985155981457e+00 1.375988985044640511e+00 1.407857229205123017e+00 1.418484435676861555e+00
1.047170543499858164e+00 1.321948136762870707e+00 1.125005740720661063e+00 1.353598006308539992e+00
9.998749899562547894e-01 1.300629255967373998e+00 1.145296036790588223e+00 1.331951182659841582e+00
8.556698901204069507e-01 1.406260181455762037e+00 1.313272960455435401e+00 1.202898334977278161e+00
9.025753512029033310e-01 1.029461808259199085e+00 1.101111406469185816e+00 1.068889559216974261e+00
8.057534222623228271e-01 1.502316051289112719e+00 1.321828778204491961e+00 1.345009330184591789e+00
1.013618579913883044e+00 1.306956941849739762e+00 1.217506577968749282e+00 1.006280170352485515e+00
1.358095984491680230e+00 1.208255283794686719e+00 1.016531439598650222e+00 1.262529663445554728e+00
8.436461418968512760e-01 8.965055867738878081e-01 1.321062696638488188e+00 1.502471697064255540e+00
1.078149171816073171e+00 1.339774856633057842e+00 1.304824319335172067e+00 1.134420736540699082e+00
1.503213929998172604e+00 1.547694067331691681e+00 1.447641126961127789e+00 7.695844971698437842e-01
1.229029635847918467e+00 1.198495360912766428e+00 1.033389240270922826e+00 1.256738303969427761e+00
1.130542757449696900e+00 1.217676499725383055e+00 1.018003118063522061e+00 1.297172852118742226e+00
1.095175152160823506e+00 1.226268545829048984e+00 1.117575786136532301e+00 1.021998224508585684e+00
9.888130885920536350e-01 1.674074605866533449e+00 1.183329078400457757e+00 1.355080159607653378e+00
9.651052176367330704e-01 1.439080549841127432e+00 1.121267924088563461e+00 1.128362783001735092e+00
1.162596671213470545e+00 1.305060537525867481e+00 1.135422960393944747e+00 1.197408775556789262e+00
1.268859731552842929e+00 1.299109320354686847e+00 1.062899622829859947e+00 1.198368977122360013e+00
6.540823022315190860e-01 1.126268418414434258e+00 9.869027175737686841e-01 1.605763180967908710e+00
1.094992089185968576e+00 1.467533956552078411e+00 1.489723051739245019e+00 1.391824375118949186e+00
1.146518835929848157e+00 9.802506131942584355e-01 1.016782354221366091e+00 1.078346689606660247e+00
1.018272387831480996e+00 1.201853888438705997e+00 1.298324983951076650e+00 1.363292898012778309e+00
1.184970498057030364e+00 1.305718324437843192e+00 1.274461080160418147e+00 1.285354201383836825e+00
1.390944173738408285e+00 1.199139229358132441e+00 1.165148827312761703e+00 1.270457138319927903e+00
1.332169403853777911e+00 1.156552293097042439e+00 1.067031720877200440e+00 1.273176046321255583e+00
1.111146752076082933e+00 1.374385333090915706e+00 8.601240714028227652e-01 1.424404805499993154e+00
1.002334289229160014e+00 1.175364711153737307e+00 1.237477445055655823e+00 1.001213424637060312e+00
9.607722857101685943e-01 1.034376997068857662e+00 1.270101899652766875e+00 1.204354300437120884e+00
1.035420251626649080e+00 1.101126803550310340e+00 1.036688141302183563e+00 1.454480641163192756e+00
1.098300532024333309e+00 1.165656615285832087e+00 1.384416103470328840e+00 1.589398502740975161e+00
8.529538444612673187e-01 1.441210061849070412e+00 1.151609237379091377e+00 1.213206942054788851e+00
1.369438303190551931e+00 1.179183301620795321e+00 1.213015805052422680e+00 1.322046737427774010e+00
1.161261688879020371e+00 1.227863947775496900e+00 1.016137809189736618e+00 1.590239283447681284e+00
9.292116415283453446e-01 6.829882674060321346e-01 1.116873964813260844e+00 1.562492319585809808e+00
1.111879744502044076e+00 1.133858845744406763e+00 1.041798431562314775e+00 1.248136975335913057e+00
1.154097285988218813e+00 1.250720639377579602e+00 1.145719870007401608e+00 1.235566737434677709e+00
9.945879236314374428e-01 1.056736252699782108e+00 1.089669091531065837e+00 1.221836695209064683e+00
1.057634881218563638e+00 1.285783080849416393e+00 1.025860590074896495e+00 1.756284386847995371e+00
1.541069622630209635e+00 1.454607030546622770e+00 1.196434556034177588e+00 1.418128722119783580e+00
1.095281926160170727e+00 1.057279833921654477e+00 1.210257016785501127e+00 1.738238719244280750e+00
1.167566394017456988e+00 9.236342090612323918e-01 1.015322553457357113e+00 1.127117844416190895e+00
8.047698764587987164e-01 1.204087233914519439e+00 9.654747529185353505e-01 1.122970599640696676e+00
1.379140411932260779e+00 1.220074500476684420e+00 1.264256212053956885e+00 1.151272874617765840e+00
9.329566663365322920e-01 1.103790712657881867e+00 1.381965990391263333e+00 1.233406836948861551e+00
1.315113967457435251e+00 1.174190288709654917e+00 1.117151513889033554e+00 1.024136031835429783e+00
1.044593371113670788e+00 1.364574497281007881e+00 1.107575314849112091e+00 1.332286075359907063e+00
1.094233007005189551e+00 1.215273431285852856e+00 9.596045765934886340e-01 1.077643673720109385e+00
9.972892243672561996e-01 1.106359703141358342e+00 1.416407851332315948e+00 1.016993902893042367e+00
1.443641299845862980e+00 1.186405219752384665e+00 1.079506628567787896e+00 1.165661691259972210e+00
1.254334255622966410e+00 1.321212916831161932e+00 1.604028437326388667e+00 1.513479565239433056e+00
9.262881975434262838e-01 1.355455232747447170e+00 1.398899804972627336e+00 1.073369439829574556e+00
7.424708885170411277e-01 1.129865510856138400e+00 9.075190069220032685e-01 9.658266424381665161e-01
1.155196794361401214e+00 7.711941499513652598e-01 1.174092155480463973e+00 1.623497159466229522e+00
1.545494341775644598e+00 9.402481430391949058e-01 1.015897915697479670e+00 1.191005283802835324e+00
9.865117401449357004e-01 1.268927272071684209e+00 1.119179409183895357e+00 1.179477054586768547e+00
1.074178092408145213e+00 1.267931390369866573e+00 1.272556455259217678e+00 1.625757180246699019e+00
1.019444981033722719e+00 1.091798659532000615e+00 1.054920527051656842e+00 1.273050191613225968e+00
1.434163638553686893e+00 1.036373921351065430e+00 1.300319138778945671e+00 1.187076619295315938e+00
1.265303003194013787e+00 1.083675661636344545e+00 1.264211449221956718e+00 1.141670404583111198e+00
1.004281899044344950e+00 1.588617113396944447e+00 1.648551550662223919e+00 1.353850705061319326e+00
1.000000748884348090e+00 1.714389903134556414e+00 9.699057456736694949e-01 1.008448818249899626e+00
1.072375786905126471e+00 1.297486109225613804e+00 1.314658612500535062e+00 1.249680423431181575e+00
1.005079907595978650e+00 1.395265272596549755e+00 1.302118907404159920e+00 1.331157728117779104e+00
8.250293782222293260e-01 8.895256546052723312e-01 1.077533525019532146e+00 1.013888809495768761e+00
1.003682863132873138e+00 1.044093455302494977e+00 1.157409256093597794e+00 1.352079761530984303e+00
6.758835837146015546e-01 1.010320585833539786e+00 1.183109120387487945e+00 1.168828904854336548e+00
1.118715221174818142e+00 9.413201952293361874e-01 1.042544613975215251e+00 1.172039227346378665e+00
1.083979777055847471e+00 9.852306995711789250e-01 1.192108109088137580e+00 1.067014921298095720e+00
1.226323833866662882e+00 1.071824896597249444e+00 1.073508121366215207e+00 1.308559053687218698e+00
9.401114008768773900e-01 1.084232867982060755e+00 1.251532643185237381e+00 7.520576318500328261e-01
8.902187096818028333e-01 1.170300702078395094e+00 1.387840574882845734e+00 1.347895464684588429e+00
1.149619067766600278e+00 1.348844702514112148e+00 1.414041712657047256e+00 1.522765985733488314e+00
9.176186461582263032e-01 1.170995754504767339e+00 1.569915962294214040e+00 1.269728088419752821e+00
1.144411285112919341e+00 1.363992710052701396e+00 1.103237482340447384e+00 1.064442134268892337e+00
1.320580341348470022e+00 1.280929500172787394e+00 1.181708865485059379e+00 1.047234612943855003e+00
6.764032918364677460e-01 1.619220215889072279e+00 7.727924971710384838e-01 1.123134574906582861e+00
1.370622400215414149e+00 1.189829556171232650e+00 1.330384774468527542e+00 1.376299358976420084e+00
8.868784806750986682e-01 1.217598572990553185e+00 1.150960121244413825e+00 1.518404031553990841e+00
9.585669664198657181e-01 1.506142000250556556e+00 1.232982123349491310e+00 1.404002794205746474e+00
1.203592466112329618e+00 1.289590617360818481e+00 1.252340469749175123e+00 1.123903616639544190e+00
1.074057614108527403e+00 1.162760931898897399e+00 9.482245194097981278e-01 1.135130906235532366e+00
1.011742239513570008e+00 1.417898597325037313e+00 1.094628989966859534e+00 1.757872125801763330e+00
8.407069960310661338e-01 1.312316190976853036e+00 1.527777631748638676e+00 1.555160386342495871e+00
8.870236493269998412e-01 1.072425697589135085e+00 1.112987556655219423e+00 1.262735059801932458e+00
1.022100530389044915e+00 1.170198561475810806e+00 1.599833749410349171e+00 1.277686688436525886e+00
7.639320347647364784e-01 1.151895518844205935e+00 1.236067974843999995e+00 1.348951628863524599e+00
9.511743532300540593e-01 1.459835791675603067e+00 9.673722366884160984e-01 1.373579025702436729e+00
1.000000024827459866e+00 1.039250187300750694e+00 1.397819724309902201e+00 1.381937636006415060e+00
1.178439911948562235e+00 1.505572528942986654e+00 1.094585386315733766e+00 1.333888265251697014e+00
1.248562295024619795e+00 1.041760594337895807e+00 1.198380821342601266e+00 1.458974363034518440e+00
1.178219418748700065e+00 9.252010687976823800e-01 1.375322873693869852e+00 1.159311120033712506e+00
7.838467297530440359e-01 1.259951303156322977e+00 1.360860701243956861e+00 1.289075034921008056e+00
9.626950462155665633e-01 1.057366425253392528e+00 1.289402605887430386e+00 1.118868227827429562e+00
1.195360994879641092e+00 1.417022064404358073e+00 1.192787911991133543e+00 1.174875741794995765e+00
1.153513937815558554e+00 1.264759494153595787e+00 1.261569700564450169e+00 9.527099133109827589e-01
7.082039482861043345e-01 6.818893410075370642e-01 1.171788596820793948e+00 1.508833303906468082e+00
9.999998731157674348e-01 1.381802133075532790e+00 1.177609175174441969e+00 9.999999999999997780e-01
8.899381349543153963e-01 1.271168789586772929e+00 1.085513403168871349e+00 1.555489499581621082e+00
1.271799264738305402e+00 1.343049444909895751e+00 1.126572685662978079e+00 1.216324061050669592e+00
1.261537763014071389e+00 1.094753185850060095e+00 1.369662454527499795e+00 1.405646239228744321e+00
1.004233853951944422e+00 1.257354211392212484e+00 1.228292208769520721e+00 1.358600564124083032e+00
8.056868413888487179e-01 1.296117957914508345e+00 1.000000000000000000e+00 1.301556818412071825e+00
1.035167667295269656e+00 1.307882688705775065e+00 7.781135954056956905e-01 1.346660761209344193e+00
1.261349622801785086e+00 1.068186556087876937e+00 1.239136807226519199e+00 1.173182280936297506e+00
1.007345595710384289e+00 1.221177665662563916e+00 1.612423319490834617e+00 1.178570844528662898e+00
1.306672701330872766e+00 1.127295315517800489e+00 1.197677043500614769e+00 1.298276066796029360e+00
1.115484661710739456e+00 9.959815404379703807e-01 1.219070718440362411e+00 1.187831947922603604e+00
1.132670312301580884e+00 1.158783518756187680e+00 9.692435853962900749e-01 1.422784559369523194e+00
1.014829168422522354e+00 1.136311635589967395e+00 1.155608961823224368e+00 1.277512706930168607e+00
1.179304914253126890e+00 1.645745470505437513e+00 1.301320863935306882e+00 1.443733411830679048e+00
1.197981367502049199e+00 1.016591716517942334e+00 1.215556785483817848e+00 1.272785154718723666e+00
1.248219255708258313e+00 1.286209522500989522e+00 1.264666974044259762e+00 1.277804056300882563e+00
1.000047618898298962e+00 1.441288977018292394e+00 1.266175811766078851e+00 1.302975538109958586e+00
1.172278193966227899e+00 1.191455817476039680e+00 1.199767444544823647e+00 1.408946932667831664e+00
1.132735149084265203e+00 1.001945412788250334e+00 1.098052493733889134e+00 1.275564191970955941e+00
9.172228167140377142e-01 1.344553063298954632e+00 1.328563764712952455e+00 1.270116745438127470e+00
1.188802621259171133e+00 1.115403315729859512e+00 1.098063488749018157e+00 1.409484772337234348e+00
1.058134763279610757e+00 1.175262063088949205e+00 1.046982149803766360e+00 1.317902725991747959e+00
1.069289183731857884e+00 1.054317341323405488e+00 1.345764585836106031e+00 1.525504582442207768e+00
1.113200324158186705e+00 1.277849188708535921e+00 9.638158347983345475e-01 1.464371399735487689e+00
1.164248478084221494e+00 1.504264602937356754e+00 1.692546211158313607e+00 1.019930036516750516e+00
1.378146339990000024e+00 1.055831600493590372e+00 1.486343576755522422e+00 1.391242277628794932e+00
9.329449872947130906e-01 1.000285236692759039e+00 1.314961660761898132e+00 1.229990675386208210e+00
1.537917348827411157e+00 1.056947955863501987e+00 1.338265912059720009e+00 1.399884495372546001e+00
1.268636070755950529e+00 1.021661544919561404e+00 1.045213466971901761e+00 1.154537244211327307e+00
1.314354406981577572e+00 1.269773001755561737e+00 1.502833327630271665e+00 1.276691739828753391e+00
9.035452763104763196e-01 1.396859561926485860e+00 1.104488942625593495e+00 1.310223310645366235e+00
1.272435437720112361e+00 1.187866984469164944e+00 1.566917812108474140e+00 1.509202277194218844e+00
1.242097881686850425e+00 1.258236326590645771e+00 1.207939822379667794e+00 1.515555781330202523e+00
9.884887878886475798e-01 1.446562418655412907e+00 1.079609919567807053e+00 1.290556047083981195e+00
1.032317025095695673e+00 1.033487134524688322e+00 1.409930142276816456e+00 1.186598346901538870e+00
1.157390760251227002e+00 1.020740386223847107e+00 1.235784643445829278e+00 1.261368074097160896e+00
9.379611659513622524e-01 1.248803751007478979e+00 1.339779990758004136e+00 1.659182013194153926e+00
1.136203392286945224e+00 1.040113487544426452e+00 1.172897177997031415e+00 1.088572422411163254e+00
1.204793338167535310e+00 1.265879862294026381e+00 9.497469140997130133e-01 1.266202346787130173e+00
1.316607897317390918e+00 1.382482405348942844e+00 1.031147541241240306e+00 9.677383707729869666e-01
1.231468174484714684e+00 1.587678976436922351e+00 1.198065381780280880e+00 9.732778714521271857e-01
1.020733188851559836e+00 6.858502684007543593e-01 1.144476712201975221e+00 1.167153665418501962e+00
1.122478777930583593e+00 9.928750550543883335e-01 1.120030245289387993e+00 1.225172541663158032e+00
1.045775139375025420e+00 9.763014215666853124e-01 8.486872731709940165e-01 8.985821565587375215e-01
1.072905473005036248e+00 1.229077607764635482e+00 1.216446669018315996e+00 1.242411353758110959e+00
9.742100148335356424e-01 1.151127359110995618e+00 1.126736971708574231e+00 1.396267361681313046e+00
9.042352538546517549e-01 1.197094383839385046e+00 1.163849303378283961e+00 1.419348429060376393e+00
1.383579210229281209e+00 1.080614021706011840e+00 1.033451854644253043e+00 1.265416297122744727e+00
1.206121152782658523e+00 9.722737049327437875e-01 1.070183027075304771e+00 1.321600943520891747e+00
1.471268005459775985e+00 1.193175378692698629e+00 1.247428640613260420e+00 1.550600421116044458e+00
9.894764984555477483e-01 1.151260434193711379e+00 1.145898028826210613e+00 1.532995968251543051e+00
1.275585245146817259e+00 1.290189157930103026e+00 1.455431163163847685e+00 1.305445214746383309e+00
1.333877953784053716e+00 1.109832918779362965e+00 1.184198805053593873e+00 1.550368383329505217e+00
1.107940211171761558e+00 1.351145266574095283e+00 1.145736505073048583e+00 1.012599025281308185e+00
1.054859192252931788e+00 1.430420911707400933e+00 1.206971467354681860e+00 1.383845796436980358e+00
8.617095696738537036e-01 1.381965999999999806e+00 8.826246445070822233e-01 1.080038383815199676e+00
6.650907344366564500e-01 1.264236362746396836e+00 1.503024341899988903e+00 1.311123660590604478e+00
1.031154330422579424e+00 1.614818190919873331e+00 1.224993271935469474e+00 1.610085496474828792e+00
1.135986727646860706e+00 1.062113359182112138e+00 8.776969728821828465e-01 1.180894319444622864e+00
1.002441777943996470e+00 1.151479894883737698e+00 1.177487458022375533e+00 1.308839985432241004e+00
1.216551811989170728e+00 8.554301193717860352e-01 1.065543586621083616e+00 9.374403091643317421e-01
9.336350872429782788e-01 6.679028205570282095e-01 8.880765236730836509e-01 1.171244617868745008e+00
9.495726468494465333e-01 1.317320768695600108e+00 1.377005555148653082e+00 1.057940516911393125e+00
1.168478267290112838e+00 1.222023095278692573e+00 1.186023596285176618e+00 1.237461952606874416e+00
1.160398628361846152e+00 1.091682964077804963e+00 1.130097383603582362e+00 9.991578629597713812e-01
9.793918564089665324e-01 1.225383003859210396e+00 1.297645180527124964e+00 1.313757113415767286e+00
9.349846283491279886e-01 1.233547740563817996e+00 1.082729895228909500e+00 1.495864545289273151e+00
1.217431650028647505e+00 9.494540021913771000e-01 1.209115320755790313e+00 1.369689488564287627e+00
9.782986546014552642e-01 1.055615886010085047e+00 1.368224783359965224e+00 1.096703396107972406e+00
1.049826779119184428e+00 9.461180114228097127e-01 9.281697589558858263e-01 1.748945233411277389e+00
1.302865292023315469e+00 1.783911314727854025e+00 1.682435088779500543e+00 1.433948295021911790e+00
1.097441686840504360e+00 1.370870471405667645e+00 1.173656236270872455e+00 1.380564912498017049e+00
1.032820292789436767e+00 1.276607379054059743e+00 1.110294310501517279e+00 1.321146864463544235e+00
1.052798382876560801e+00 9.636418769260444162e-01 1.175377137181987219e+00 1.532355092648498118e+00
1.142119622109539545e+00 1.465741329522306957e+00 1.033509366797225271e+00 1.236745318103774194e+00
1.058074167646358310e+00 1.231752318926155887e+00 1.262001893139247155e+00 1.116029234843658013e+00
9.884529346988196741e-01 9.910107638113847539e-01 9.979737008021283273e-01 1.204793263280499849e+00
1.016719696392614392e+00 1.244959569489620499e+00 1.299431730765491455e+00 1.167468339888273476e+00
1.181726359445791186e+00 1.131703348378907403e+00 1.274433167898559427e+00 1.521430814361616424e+00
1.032699958093401760e+00 1.497749098834319836e+00 1.598621980528306619e+00 1.396907358999204929e+00
5.739877127757844200e-01 1.763931999999999833e+00 6.943842727882266752e-01 9.286477086038509299e-01
1.371965999990000018e+00 1.195158436435613147e+00 1.148224367390955791e+00 1.480353415156375974e+00
1.083576383795283649e+00 1.326694300558370454e+00 8.462989351940779503e-01 1.449770044368486221e+00
1.273326226119691595e+00 1.122174832824085922e+00 1.470756572200936363e+00 1.196570465922419890e+00
1.036648063648924145e+00 1.265768822133657157e+00 1.458601076217413528e+00 8.470593198743172625e-01
1.021285314893834340e+00 1.000244190163131597e+00 1.391463407262347740e+00 1.584619576495609472e+00
9.350791340981736699e-01 1.281396884483298360e+00 1.315048781953097823e+00 1.137240818385538255e+00
1.046803526226217196e+00 1.305593126134194204e+00 1.021806742176951444e+00 1.398091603511580239e+00
1.126946824509311273e+00 1.118016917956498935e+00 1.086667474646166864e+00 1.420736364117803463e+00
1.320276883404009727e+00 1.297579241900126412e+00 1.446054326238013665e+00 1.167467079974814581e+00
1.130798411385000479e+00 9.597092020198505491e-01 1.107410002142648509e+00 1.541790914476168117e+00
8.517001234430312540e-01 1.508388764330896192e+00 1.102012722590163030e+00 1.091316342242752979e+00
1.248439940651907332e+00 1.202361902040308683e+00 1.300969487876765029e+00 1.265494171228025877e+00
1.122052047349941795e+00 1.153899057105575610e+00 1.076214582802037745e+00 1.170255850095012207e+00
1.112937728474722832e+00 1.335680634082495821e+00 1.600704266555480038e+00 1.661380740889786267e+00
1.176336220058662452e+00 1.362308798814269029e+00 1.668922964230701078e+00 1.235057817671998182e+00
9.236315016511037479e-01 1.254323852937786032e+00 1.000254121814258434e+00 1.214435003785301115e+00
1.128919155192305679e+00 8.626344184575418517e-01 1.229827373788768163e+00 1.512314626823701325e+00
9.435931816931083516e-01 1.093398552158271864e+00 9.237904446478106824e-01 1.146443509990711318e+00
1.131739740185180532e+00 1.271542736118940642e+00 1.464975723315879552e+00 1.710601580865751536e+00
1.024260390836020163e+00 1.393023015922490115e+00 1.253154685948583147e+00 1.339506500657653421e+00
1.127570056231228524e+00 1.135164820618979498e+00 1.183316658496241569e+00 1.039196490941309392e+00
9.464228772009619650e-01 1.316768788264340184e+00 1.440401489379857347e+00 1.635684333922151179e+00
1.079076971641706129e+00 9.757020461164238601e-01 1.207224296969487742e+00 7.347228765143435369e-01
1.063345178982620043e+00 9.978323635233335986e-01 1.136541079718139002e+00 1.324285270043641161e+00
9.793487264494790123e-01 1.245487605592751068e+00 1.092997374524307119e+00 1.369948559394003063e+00
1.014207644014587295e+00 1.318779631402669406e+00 1.208179781208236880e+00 1.419732593786161567e+00
1.069241764686658325e+00 1.287009441682556821e+00 1.293416088792446406e+00 1.005907605791389381e+00
1.073014684343729375e+00 1.077878820942314464e+00 1.106456994064355381e+00 1.381966000000000028e+00
1.184441753332032832e+00 8.562813555710518942e-01 1.018368474764541176e+00 1.310197767873738206e+00
9.552501842264380372e-01 1.054829368822555402e+00 1.291421650885010486e+00 1.398369866912679615e+00
1.071591532783975120e+00 1.070132128936833737e+00 1.294971802605874522e+00 1.250179546683079623e+00
1.107393874777445220e+00 9.468119658607589972e-01 9.050311139536137972e-01 1.452685299719226109e+00
1.460499711199571671e+00 1.371257895118474401e+00 1.172659577841342449e+00 9.876136266203191516e-01
1.265721065242500609e+00 1.060971290747348972e+00 1.134217293524833803e+00 1.458017897670492502e+00
9.790463192626231992e-01 8.875989589693706883e-01 1.244622124416667974e+00 1.401414324557894275e+00
1.035582076455179967e+00 1.387609505770798668e+00 1.293920897983271701e+00 1.277068620199653504e+00
1.014758908538347715e+00 1.245996910067197039e+00 1.109522733894000801e+00 1.037678381474513634e+00
1.133503307315223863e+00 1.403330295201346889e+00 9.295470094217792578e-01 1.396362951839176914e+00
1.233231538689060880e+00 8.588643682042206295e-01 1.145645023312639177e+00 1.252504792403236644e+00
1.460839887341751631e+00 1.484886504750500213e+00 1.312109403732899526e+00 9.442719135213676340e-01
1.413497447023686515e+00 1.241592954011191630e+00 1.345031796271809466e+00 1.209414269028893596e+00
9.983344270298268874e-01 1.078211005201585859e+00 1.054097132028140704e+00 1.674960251815952539e+00
1.078697109808283816e+00 1.400890316238802669e+00 1.213285208478863009e+00 1.101942155436851589e+00
1.006964145412998279e+00 1.254665705798710507e+00 1.190818743829649584e+00 1.190217525076177063e+00
7.972070439076005544e-01 1.422752953734666592e+00 8.874787389349824140e-01 1.086786334558490719e+00
1.143318105721354172e+00 1.233144457165250119e+00 8.609984408921187438e-01 1.511410001188622676e+00
9.784951437390714268e-01 1.258635389007777938e+00 1.105329807163214273e+00 1.241906534757318825e+00
8.925904735650359578e-01 1.003323050538325711e+00 1.039024700913741439e+00 1.217447500487552681e+00
7.690225885897890024e-01 1.239752271020970298e+00 1.163740704266346127e+00 1.129557343428285288e+00
9.304373486151107375e-01 1.425464194668667028e+00 1.381966000000000028e+00 1.329731726984038520e+00
1.031099745527336964e+00 1.146549756433235645e+00 1.398269826467251953e+00 1.491482944445164494e+00
8.496755031151654869e-01 1.168929659833049417e+00 1.435587863086336569e+00 1.183126323688937775e+00
1.355473337503773967e+00 1.111478158081422141e+00 1.479280234657461834e+00 1.381966000000000028e+00
1.066430279416791915e+00 1.152691674965115487e+00 1.356560119037951928e+00 1.142560356509957353e+00
1.378715089628931523e+00 1.128863844421294615e+00 1.657933203836005953e+00 1.030076582357320136e+00
1.160911666560395128e+00 1.165696417764792825e+00 1.049721653365302876e+00 1.145827609474470599e+00
1.565188787155597838e+00 1.348480168876071250e+00 1.211397067872431066e+00 1.069943881217334081e+00
9.380621424293498212e-01 1.256403990381436797e+00 1.482585186720860593e+00 1.109609769991056760e+00
1.031806532437233193e+00 9.804829640197512131e-01 1.087801213290989999e+00 1.282100772409508371e+00
1.265482551099223807e+00 1.343194140609189624e+00 1.301826164005263298e+00 1.376493377342346225e+00
1.320426682762784631e+00 1.410690732601483255e+00 1.258538048887049232e+00 1.432071977914741279e+00
1.148172099743884234e+00 1.222722166326180693e+00 1.509222904013680866e+00 9.901817481553549793e-01
1.032177716147096858e+00 9.773299653696874145e-01 1.106292754305377768e+00 1.180905812940520327e+00
9.981879208652837399e-01 1.024098931850219829e+00 1.044592519566448940e+00 1.195761587054352759e+00
9.419013207278814637e-01 1.576922123389929986e+00 1.123902446144931622e+00 1.108788426911494041e+00
9.111543904812254846e-01 1.142241099254434733e+00 1.547446850761522663e+00 1.069640391929213452e+00
9.560909131944441697e-01 1.173789017665143097e+00 1.223171333974103492e+00 1.606061645354604606e+00
7.671881632393096062e-01 8.748604874484742222e-01 1.143703422832240468e+00 1.164169639405987944e+00
1.124209754147894147e+00 1.024952565233378854e+00 1.067147859811031774e+00 1.176788402251787380e+00
1.023919475988576577e+00 1.261475502770102564e+00 1.186321579713454533e+00 1.233129686997610497e+00
8.016831700367775815e-01 1.253625133438789563e+00 1.211000573597657670e+00 1.187539470040249290e+00
1.090753256121251402e+00 7.259235637916583439e-01 1.039707878305069944e+00 9.456883910151673289e-01
1.346307382253703055e+00 1.312712122948254567e+00 1.002568308695823251e+00 1.340933099952574370e+00
8.165570468189147224e-01 1.193354224445015710e+00 1.125461655689857787e+00 1.260377552941227330e+00
1.067561719160531997e+00 1.169708715186596359e+00 1.162502211549441000e+00 1.065167686480679166e+00
1.221578919935238039e+00 1.234577030981613976e+00 1.260970966700071250e+00 1.169578800429429410e+00
1.034388128464808210e+00 1.071708086881660638e+00 1.459512797274859164e+00 1.267888079033123949e+00
8.492596403036742903e-01 1.281134374739270720e+00 9.155688473277594497e-01 1.107759296194380960e+00
8.517520391879460639e-01 1.028313363624119514e+00 9.992464671429984735e-01 1.117518780344799900e+00
1.047769079574921491e+00 1.246662905215514261e+00 1.064955249690728190e+00 1.475725724563114127e+00
1.222916033598021812e+00 1.135810849150329149e+00 1.126001290241065655e+00 1.261510815936572882e+00
1.339547247585256562e+00 1.125472055145106953e+00 1.145617189164477967e+00 1.581011517708463598e+00
1.018810313230030351e+00 1.020812384288267038e+00 1.396312652717310199e+00 1.257854418482392100e+00
9.243543579803217280e-01 1.217078789058906985e+00 1.448390677613413002e+00 1.109838961683682790e+00
9.211947303809469023e-01 1.169111772434721974e+00 1.053592207358651223e+00 1.222212248666850742e+00
1.163683870544874432e+00 1.109966090789805904e+00 1.247914480294134876e+00 1.282300071535385166e+00
1.471872307307122929e+00 1.135023712379721772e+00 1.326338787294164323e+00 1.047789250907582792e+00
9.418205276935157633e-01 1.316225974909990049e+00 1.021724901786647210e+00 1.204482055710074162e+00
1.375782577503565474e+00 1.344820732383979145e+00 6.754629317850627812e-01 1.541402188567582821e+00
9.984347577953431863e-01 1.041749796174906928e+00 9.347264918536741796e-01 1.446538777673243237e+00
1.244198592981857976e+00 1.069502494667298631e+00 9.514896045710791173e-01 1.100223242234267262e+00
9.563700643753573205e-01 1.040036542179431533e+00 8.915150341832057679e-01 1.261571336434319290e+00
1.003263015917716938e+00 1.243741014904112818e+00 1.523741990715355765e+00 1.320212185083203815e+00
9.130823398805332225e-01 1.157319281004776101e+00 1.314968570230925282e+00 1.073137188459884372e+00
1.137352560293394710e+00 1.031050992458625748e+00 1.219550820001872093e+00 1.714905137192270557e+00
1.584657233620692329e+00 1.093892882066665351e+00 1.175888488787639963e+00 1.614017078208083600e+00
9.655581500695797903e-01 1.394839929123222966e+00 1.314935092120597115e+00 1.260026379818736331e+00
9.652906259408692291e-01 1.499429147646568872e+00 1.190879438882683550e+00 1.074260803051073854e+00
9.106610237781971318e-01 9.975176481658153405e-01 1.180795050144379577e+00 1.238644735185715717e+00
1.087681559911671370e+00 1.241272235489584652e+00 9.553736091344119385e-01 1.113869406055670419e+00
1.179025012963385244e+00 1.093260420416714229e+00 1.129567526714145176e+00 1.080161022476795241e+00
1.172666694208626792e+00 8.316315320374267905e-01 1.446821928492975085e+00 1.246810937164990252e+00
1.114571154974682177e+00 1.191881697091623282e+00 8.430969273262213237e-01 1.086204165200794991e+00
6.287075881288866075e-01 9.943444945675776747e-01 1.248185857154561207e+00 1.205725198969911816e+00
9.086864225656801075e-01 1.029208073312346983e+00 1.252209145518548672e+00 8.802032512862569824e-01
1.040025006825072929e+00 1.011337545385812664e+00 1.190070261020926834e+00 1.309837850727757491e+00
9.750487795966144011e-01 1.259010091101900430e+00 1.403414732319559599e+00 1.130580864176961020e+00
9.490101201041991619e-01 5.305824364941167381e-01 1.118530594400978462e+00 1.635951068762307559e+00
8.554918828068465153e-01 1.315087454322724669e+00 1.169005199905555070e+00 1.496554129911943809e+00
1.472135940079263294e+00 1.423295278078559267e+00 1.352549148697157699e+00 1.049982678891954846e+00
1.134865734918395264e+00 1.236067999999999945e+00 6.232287009935878475e-01 1.618033986285143166e+00
1.152461638504263641e+00 9.129861066167513917e-01 1.029794611048144404e+00 1.309960906490259536e+00
9.937193316247561192e-01 1.165857214619183457e+00 1.251580222014829991e+00 1.146524721118404422e+00
1.285998772875620810e+00 1.471339767152251010e+00 1.047713809964228471e+00 9.909014832295587327e-01
1.031705089905233574e+00 1.272958681571633610e+00 1.061281619655190855e+00 1.210264189481820463e+00
1.215715377669186026e+00 1.116981730747886870e+00 1.217303458555600404e+00 1.280197986153887024e+00
1.474363004356556983e+00 1.354217406361817755e+00 1.341072490966885633e+00 1.263107087326362121e+00
1.117848476738078078e+00 1.196699621754655052e+00 9.732244499715562158e-01 1.006545709727469262e+00
1.392616669293443188e+00 1.024399840783117188e+00 1.328634249451475791e+00 1.261270631769318973e+00
1.056389487351141021e+00 8.595480572048300738e-01 1.586416009726635101e+00 1.469223845334826306e+00
1.351662284600567476e+00 1.487986909230274879e+00 1.097434802876479543e+00 1.656370476999581287e+00
1.201598404832630695e+00 1.401816305912498173e+00 1.091336084855157207e+00 1.622413797454102191e+00
9.479827873409412131e-01 1.173160650059331012e+00 1.448499213135362895e+00 1.394389475850853932e+00
1.151586018978497439e+00 1.147631562211437251e+00 1.215317510616592767e+00 1.339215650113058764e+00
1.386366551085531196e+00 1.181249956175390414e+00 1.220495658630432523e+00 1.126621120375420615e+00
1.134639732267716639e+00 1.593617928271153561e+00 1.105985371202280465e+00 1.456356281062514135e+00
9.674775284127025143e-01 9.711917066750178629e-01 1.052632033437308712e+00 1.371965999990000018e+00
1.121625849834996247e+00 1.097772762875829811e+00 8.133799028108450457e-01 1.205653592324603007e+00
1.126191930221463133e+00 1.530205489110117334e+00 1.246744638171033204e+00 1.247173264014554084e+00
1.145463024209971259e+00 1.434944489163951120e+00 1.360940576616648467e+00 1.408781368136131640e+00
1.132617787550911359e+00 1.197469816470553283e+00 9.923287208901262479e-01 1.159623923144962099e+00
9.565091361424673533e-01 9.089154516280347762e-01 9.709319373519420537e-01 1.127544653683741016e+00
9.347804023742913859e-01 1.330601255608891975e+00 1.128949284294965771e+00 1.430887449900764885e+00
1.038272732637521401e+00 1.296352736734013744e+00 1.095870367998615480e+00 1.347926750185438172e+00
9.043975551914327227e-01 1.296634048914011572e+00 1.098987845740107661e+00 1.339500095591958928e+00
1.275242647493175951e+00 1.203625368047798183e+00 1.084226472964093357e+00 1.381966000000000028e+00
9.302548701163553257e-01 1.024846219540382464e+00 1.174534890593528447e+00 8.956254874819848943e-01
1.030905399133518641e+00 9.698336107091749536e-01 1.051870108190023245e+00 1.248111710667449081e+00
1.416407851332315948e+00 1.354822091705564002e+00 1.073895512327587731e+00 1.346409536711119070e+00
1.129354745178563046e+00 1.364152026693857156e+00 1.141904118745761698e+00 1.408653069543940317e+00
9.115132634170232118e-01 1.262474928070838054e+00 1.206423577196882313e+00 1.484247727278249718e+00
1.396507851312415838e+00 9.118308865361336446e-01 1.194878445330122663e+00 1.217279169875892908e+00
1.476830512659742745e+00 1.289223023284485681e+00 1.196330364021959802e+00 1.733361533427628220e+00
9.239157225134574380e-01 1.178747931594835707e+00 9.811480373362971852e-01 1.329369597544083348e+00
1.222870410456154078e+00 1.128639221903937839e+00 9.617439688948795640e-01 8.696794654161403848e-01
1.142979915024652904e+00 9.551609008234364095e-01 1.163905752495911994e+00 9.931336985557283059e-01
1.163925286247865731e+00 1.261861403406522530e+00 1.392494273489036871e+00 1.318403773772925724e+00
1.227134889369639881e+00 1.389527993629594338e+00 1.339980763372033756e+00 1.371594086812443880e+00
1.387762545605639941e+00 1.085132376530096643e+00 1.209050625059121975e+00 1.199528444429551755e+00
8.414517759768476157e-01 1.283718655452703139e+00 1.201213376768230479e+00 1.344118794087746149e+00
9.181529657887628204e-01 1.001497213125646768e+00 1.419125369479798504e+00 1.537631294046928110e+00
1.327218658002481400e+00 1.403328803354647603e+00 1.112425258636460690e+00 1.097385441172836096e+00
1.241516797317169463e+00 1.043500199627670266e+00 1.227806001481354103e+00 1.307211179318888084e+00
9.656593103331831962e-01 1.234853506650268162e+00 1.353704489828019497e+00 1.365448244289581892e+00
1.103155590599437685e+00 1.007664817521809475e+00 9.717375144245576912e-01 1.085277839119661136e+00
8.262869225740742118e-01 1.062298285790498342e+00 1.245908984707472245e+00 1.241424038506607541e+00
1.021889144271586725e+00 1.345629126389714436e+00 1.046869295988878346e+00 9.685628054466030035e-01
1.136689008848142723e+00 7.948376975706374914e-01 1.144949807494644478e+00 1.022870901370467323e+00
9.364083661250104385e-01 1.194709297228924383e+00 1.083311659249779790e+00 1.763932000000000055e+00
1.077312202510962713e+00 1.087662419478792053e+00 1.025209119519309819e+00 1.184026813032094116e+00
1.441489950320821833e+00 1.236112252402779443e+00 1.117740270337614916e+00 1.039206916738909969e+00
1.028819327477326517e+00 1.070997482833454528e+00 1.151811106681229768e+00 1.449124582915009896e+00
1.162938977612039571e+00 1.269980551142312120e+00 1.385412465990380371e+00 1.459382966463131481e+00
1.527864025156000061e+00 1.198330830442702499e+00 1.405517389334907996e+00 1.610198681473646420e+00
1.021512537889526007e+00 1.121997388356511305e+00 8.712817476658238913e-01 1.256573862332496017e+00
1.225002445840204235e+00 1.298109773945267609e+00 1.193689871056012874e+00 1.169782009407169143e+00
1.720647900050649604e+00 1.047914622919266403e+00 1.244832968389959937e+00 1.357933208252091184e+00
1.152279337884594801e+00 1.351920391853897341e+00 1.204514659226778805e+00 1.787882139894872990e+00
8.707869903766088937e-01 1.157767882280438698e+00 1.352407784082816145e+00 1.239617083616787241e+00
1.243520577708474351e+00 1.238008488835744325e+00 9.597620714975200196e-01 1.189944731226066033e+00
1.082553294944930133e+00 9.211327056812640413e-01 1.269937693896916908e+00 1.359850752232063975e+00
1.243714958015244454e+00 1.464880501437532789e+00 9.301620115899618124e-01 1.200811012721114235e+00
1.165972158109534806e+00 1.212219363671508843e+00 1.179707284566557490e+00 1.170474998767750519e+00
1.027630994209787207e+00 1.650158906984425133e+00 1.042094962127841917e+00 1.330596439042747603e+00
1.024021389768281942e+00 1.454354964541729744e+00 9.655634016107925710e-01 1.064154740012947187e+00
1.308422126909585703e+00 1.111930407435161028e+00 1.114705249673174414e+00 1.202157804819836251e+00
1.147900278049895251e+00 1.157064271591478732e+00 1.415546104681389972e+00 9.666139618055455962e-01
1.077705223675727186e+00 1.108408295894100615e+00 1.354367211925074699e+00 1.499165990796437420e+00
1.279657750084556067e+00 1.349555822315009479e+00 1.474704106025665817e+00 1.380521975113254474e+00
1.137939233112572612e+00 1.242517217341831293e+00 1.167395467187892555e+00 9.681774415520194577e-01
1.149146939451862970e+00 1.504353630755931093e+00 1.143907529802499212e+00 1.227969205600716318e+00
6.214320182543828786e-01 1.301013428468428490e+00 1.547504638547326783e+00 1.222860516783551121e+00
9.726399136522401179e-01 1.096124827624609166e+00 1.126441312301881714e+00 1.359687813520646937e+00
1.026048742280330162e+00 1.043016403576336737e+00 1.010582301909698000e+00 1.458789830406932220e+00
7.713626557951216434e-01 1.189727731390183063e+00 8.851324650568943575e-01 1.227519078992031831e+00
1.332478582330896444e+00 1.368516590714381032e+00 1.105973417251864710e+00 1.512041110500681906e+00
1.103341040127126194e+00 1.411910330677479397e+00 1.202428485673542324e+00 1.259903583762345569e+00
1.056300134841750671e+00 1.176003661984584614e+00 1.135700565723138711e+00 1.425238067857517388e+00
1.018730328902432092e+00 1.547861037938813356e+00 1.438324939778109268e+00 1.195419990062120297e+00
8.354580186036200118e-01 1.494649042143656903e+00 1.314371559835451064e+00 1.876044828912655893e+00
1.335471823305536931e+00 1.029121608013885858e+00 1.106823481601537429e+00 1.543533733929501217e+00
1.031963036656452726e+00 8.041350227299617348e-01 1.165572834129815716e+00 1.216106969051619080e+00
7.955549905454069037e-01 1.088822410577162669e+00 1.411441132662926590e+00 1.277564251494770042e+00
1.019999633008140449e+00 1.967210310196539691e+00 9.999999999999998890e-01 1.548555227302511605e+00
1.110617148630684170e+00 1.160318161371315382e+00 9.966601912666791518e-01 1.214430223958826049e+00
1.030733971126052584e+00 1.238684751048949817e+00 1.388814878511113848e+00 1.260543072730878400e+00
1.053922504036803209e+00 1.128858368267075862e+00 7.756797716026562206e-01 1.184945094649721309e+00
1.053501860372122678e+00 1.192511623415285715e+00 1.210465215741645117e+00 1.063295895606023889e+00
9.372665882937445403e-01 1.084937050284072946e+00 1.126530896394262182e+00 1.125918666077571739e+00
1.345541359694831129e+00 1.191201005141879099e+00 1.243926139054736257e+00 1.190423244476074061e+00
9.539991817799311491e-01 9.920364572810504988e-01 1.113236239766387747e+00 1.115840063764746759e+00
1.319396834645085281e+00 1.211337450310514319e+00 1.578943557052354230e+00 1.232102323227741492e+00
9.206978346844232330e-01 1.264168820945675398e+00 1.195862292815906169e+00 1.259230778928961847e+00
9.965217922622876534e-01 1.113837510149287668e+00 1.398759582890026998e+00 1.301100302710896273e+00
8.346061629895309419e-01 1.072546936794857464e+00 1.166047602450667853e+00 1.240908238547933751e+00
8.878518552279511811e-01 6.261003410260163049e-01 1.313251928702326099e+00 1.322120770905947262e+00
1.008416460308571017e+00 1.183412827009614920e+00 1.436384691513302503e+00 1.240267234294833321e+00
9.197831798692075456e-01 1.367262153389446899e+00 1.148732800948956800e+00 1.163568904302286988e+00
1.215497967975329052e+00 1.387764179084197691e+00 1.057618188918935553e+00 1.304870833540819230e+00
8.596193620258572032e-01 1.618031496323090401e+00 7.625663970223350852e-01 1.403701328600402087e+00
1.029758974382432246e+00 1.404034364138622815e+00 1.149560360829993133e+00 1.165829099887059739e+00
1.260884594060638797e+00 1.141414177135945618e+00 1.134587785220348533e+00 1.472013599341808421e+00
9.681416804171607549e-01 1.095615212903762847e+00 9.949645533641439110e-01 1.273070699441241516e+00
1.110823561961600481e+00 9.335308605112789815e-01 1.362296697408503787e+00 1.026043074346406403e+00
1.010153318280249124e+00 9.709695499933841401e-01 1.339455904296840139e+00 1.366323013735926795e+00
1.043413951098370429e+00 1.251829295472422610e+00 1.086056263471814054e+00 1.257624622002275760e+00
1.108304994111554587e+00 8.446024155245454024e-01 1.226861720648483756e+00 1.355982011091330541e+00
1.044857250718779884e+00 1.424966803122559744e+00 1.551301309620142899e+00 1.097248051535940183e+00
1.120851301310316739e+00 1.128356015412718572e+00 1.332981348320587012e+00 1.092137786089978579e+00
1.238781824507540819e+00 1.170243435446869373e+00 1.434398064037967879e+00 1.186660801122314091e+00
1.155998139484675225e+00 1.048474706124630673e+00 8.608928022970123717e-01 1.049508703639979723e+00
1.075991192427514953e+00 1.379734925220164499e+00 1.311305285368388640e+00 1.477547328871189780e+00
8.968397408736991094e-01 1.299999577905783577e+00 1.008139613151639802e+00 1.022602451037184057e+00
1.152209111043744461e+00 1.201624180534302866e+00 1.187121680271760793e+00 1.334430132597510310e+00
1.225008501730038724e+00 1.106585446567296849e+00 1.217965359646917989e+00 1.295488010208276863e+00
1.208326152339344262e+00 1.423301772332026260e+00 1.310720222220289388e+00 1.218993306062845727e+00
1.182630293522481946e+00 1.690421677486284580e+00 1.236749875185070735e+00 1.429253168145212527e+00
9.011260926910287239e-01 1.123314665009671032e+00 1.121798624022984026e+00 1.286659975514134358e+00
1.049518141572099772e+00 1.382871315078300745e+00 1.227613940632738654e+00 1.302209015963053274e+00
1.047016060270470561e+00 1.038699483891097897e+00 9.097763545094892379e-01 1.479763456273747613e+00
9.408364431914514325e-01 1.056932285554278872e+00 1.164007120431125308e+00 1.247534811970936630e+00
1.688482717649483655e+00 1.008275246654309454e+00 1.144435876088192305e+00 1.191998893302917972e+00
1.151714297779121488e+00 1.264691171812013959e+00 1.468034574317541807e+00 1.189953352455538349e+00
5.835921500695797626e-01 1.556972199934834711e+00 1.240705730246841831e+00 1.451412705834377759e+00
1.043327053466196475e+00 1.123095555977657645e+00 1.012030320808355865e+00 1.200936187958811407e+00
1.557284887014401153e+00 1.278307249058118655e+00 1.378796145100368742e+00 1.170052701904390258e+00
1.138676061103002235e+00 9.917907291955714300e-01 1.188942602568419105e+00 1.320231880719369366e+00
9.819083834731324734e-01 1.199184782834676888e+00 9.514566343481971611e-01 8.803079958010771033e-01
6.265750293671766835e-01 1.162739530426303958e+00 1.089037173537262371e+00 9.997199664902112204e-01
1.110710398489582307e+00 1.209195288317626460e+00 1.261276107409650793e+00 1.456535232971585714e+00
1.342819951770920284e+00 1.017258052017338210e+00 1.037808486011207565e+00 1.067196825965087692e+00
8.124106415977870865e-01 1.403381495046905902e+00 9.779806292700288228e-01 1.082156923770113632e+00
9.997199664902112204e-01 9.221395122453424076e-01 8.929483872698253943e-01 1.362149594692352306e+00
