9.636029024981115354e-01 1.144350182796236792e+00 6.738634626038465525e-01 1.144141297115757183e+00
8.062273411368949816e-01 1.163852918945938786e+00 1.088673682993048342e+00 1.068673840450325097e+00
1.415544876864340162e+00 1.240941047091840277e+00 8.467558670495495265e-01 1.312723354157966371e+00
1.077476532133377685e+00 9.245083916847166572e-01 1.138772703140708442e+00 9.237156304545992569e-01
8.547984812665216925e-01 9.999815683964101698e-01 1.056984236546395506e+00 1.134362566564743435e+00
1.307134100245137986e+00 8.944589739151836971e-01 7.874413246835307856e-01 1.249225890527351224e+00
9.953564448778778884e-01 9.664919306741925897e-01 1.247906387726487765e+00 1.114340549907732125e+00
1.193671439020592473e+00 9.941761865548771615e-01 1.215677798542297294e+00 1.234756264041921403e+00
1.236638992093144651e+00 8.394817239030016864e-01 1.040526613496634001e+00 1.030261985395402258e+00
1.275594465299688895e+00 9.769969822101582935e-01 1.061878304992470490e+00 1.128976198870645709e+00
1.041213389834961145e+00 7.649135622283008695e-01 1.283918101974831139e+00 1.259310448125030790e+00
8.083641551960635274e-01 9.358756948412042531e-01 9.709870989309612455e-01 1.189314712009981179e+00
1.279020709343990259e+00 1.184919346609203616e+00 1.027520351651388886e+00 9.044787522761782439e-01
1.004110576035806446e+00 9.043787330665633561e-01 1.125708905176338925e+00 1.022774124905081905e+00
1.160256613596485575e+00 1.275660133723233169e+00 9.284994909930051055e-01 1.044248730063521480e+00
1.077254984170311403e+00 1.130369699998472033e+00 8.275860352253932017e-01 1.281350036958143646e+00
1.017917470884647679e+00 9.869984681642971491e-01 1.084270609930898077e+00 1.117666987982935956e+00
1.275822531821172001e+00 1.029984553271573011e+00 1.136581030960596816e+00 1.319782158654247084e+00
1.287516066362000888e+00 9.092800083156316049e-01 1.379536188055235035e+00 1.053616110072149725e+00
1.246082887136242823e+00 1.359553542487415223e+00 1.381966000000000028e+00 1.217324206690461263e+00
9.610037429462641168e-01 1.138596865184936746e+00 1.060411176175094283e+00 1.174246491740009501e+00
9.350898329441745815e-01 1.093071471877357537e+00 1.013717054748420887e+00 1.016041881351276821e+00
1.335351004039450729e+00 7.829724584102629725e-01 1.299728611617327889e+00 8.983744350730320516e-01
1.320261329873772649e+00 1.064087304881396134e+00 1.305809708640774502e+00 1.156096495930556189e+00
1.301653097507481149e+00 1.200989879993582754e+00 7.294111703438851402e-01 9.532773280551094519e-01
8.744253483397130822e-01 9.994446291831574625e-01 1.022455164847388964e+00 6.736684064251361459e-01
1.128868066514755686e+00 9.906249803357312089e-01 6.656314591069403264e-01 1.157169752833907994e+00
1.211847921144540763e+00 9.318455722937630803e-01 9.652497627825700199e-01 8.767907072447721495e-01
1.239960212006514517e+00 8.746324801398480675e-01 1.035111797384652643e+00 1.090189659577046166e+00
1.136138073809814797e+00 8.628959361839793063e-01 1.064897252906490621e+00 1.233497504280822277e+00
1.051823595005573875e+00 1.000196881348012656e+00 1.098803346631912925e+00 1.128509303596262781e+00
7.897355449644413161e-01 7.608264152202917074e-01 1.225477541942322279e+00 1.110995032895995882e+00
1.188482144343809832e+00 1.030581061772577689e+00 1.144989366201190295e+00 1.172024100045071959e+00
1.179324011575935804e+00 9.452948477991234277e-01 1.022495686770394929e+00 7.618161608738319712e-01
1.126602311209824903e+00 1.105476695416720334e+00 1.060792158862151835e+00 9.051069377808416139e-01
9.899632103523681170e-01 8.305933071287019409e-01 1.184013219713537790e+00 9.971599563824684598e-01
1.155823488151622946e+00 1.270509826176315915e+00 1.089293322450972878e+00 1.016173603153847305e+00
1.289648543584053231e+00 8.491430824727650428e-01 1.022594932841315973e+00 8.422495258217783665e-01
1.058763675250494307e+00 1.454359583060315764e+00 1.143037782540273772e+00 1.362244739133571914e+00
1.147875930931320454e+00 1.300674965679551764e+00 9.024845060532011853e-01 1.284537128165706976e+00
5.339231509846318335e-01 7.898129681184856699e-01 1.162357590242901306e+00 8.715149709113562126e-01
1.026473644592396761e+00 1.117829516707511850e+00 9.808165333937159946e-01 1.001874100717349281e+00
1.298160636890610009e+00 1.254361567073433603e+00 9.317156979557762453e-01 8.736070705826480820e-01
1.234150854435270395e+00 9.323917259716559824e-01 9.598724553953482674e-01 8.805056007657580119e-01
1.450899570379203807e+00 9.673232607356225810e-01 8.779082199000870501e-01 1.136940211011878921e+00
1.165571700538398314e+00 1.328143185596942111e+00 9.577165022441650466e-01 1.167744094984391801e+00
9.468186438338533906e-01 1.152677164212619010e+00 8.995527831056301382e-01 1.049637470495329739e+00
1.165803378293766457e+00 9.779741402865997912e-01 9.635966168841819668e-01 1.001581202467751286e+00
1.169226929787365421e+00 1.325557157109052975e+00 1.265959029763203958e+00 8.607170138353923416e-01
1.242595341782932961e+00 1.143217277684910327e+00 1.135813709928242821e+00 1.370514610023780611e+00
1.102340465142072956e+00 6.860737568407850873e-01 9.489994246839841274e-01 1.031118144627537037e+00
1.400151004627796958e+00 8.129311117626378813e-01 1.150453113184695786e+00 1.276492020190353571e+00
1.110334449319713812e+00 9.889864558827143881e-01 1.057414408516164084e+00 1.051592739854402048e+00
1.076237613015101235e+00 8.552796695912154856e-01 1.143661999393343898e+00 9.190193053336142004e-01
1.232953446229540617e+00 1.073115292612195848e+00 9.835294379460859382e-01 1.042334605395408786e+00
9.180456114001752654e-01 1.059663536888127311e+00 1.112555487414494060e+00 1.058004267575817225e+00
1.205975684038190332e+00 9.306058816736559880e-01 9.302735150715326640e-01 1.064827751723164573e+00
6.633240060559574269e-01 1.381930229716864966e+00 1.030042081318158775e+00 1.237090217732359276e+00
1.443058663794977825e+00 9.456061649115707901e-01 1.244827125890525021e+00 1.098929716765668196e+00
1.239638786872390153e+00 8.049365388466513949e-01 1.107871653687509061e+00 1.014298466007860666e+00
8.118809662704954411e-01 1.257647685253176384e+00 1.116871250929492021e+00 1.143609600401303661e+00
9.675147915439807900e-01 9.326861820434978467e-01 7.821490339502366052e-01 1.016318038296856407e+00
1.086991183827778595e+00 7.846365829941179815e-01 1.023742265525544370e+00 1.484265948033268723e+00
1.129226177046090074e+00 8.066501262533786187e-01 8.898670804686888980e-01 1.014436296080781341e+00
1.143193617275496399e+00 8.566946856132144905e-01 1.024979418766127637e+00 1.512217857173781876e+00
6.958685677222359312e-01 1.200665354987171307e+00 9.359615450922991187e-01 1.530639530523973502e+00
9.468338960873655674e-01 1.113882960625315111e+00 1.089223754326585469e+00 1.080512927353550312e+00
7.487934797159869760e-01 9.886274590694299480e-01 1.155490793558844764e+00 1.235772279388527961e+00
1.325082029312078413e+00 1.349716973114743368e+00 7.122318222958032852e-01 1.566332976360564899e+00
8.901365832280583312e-01 1.140359361669345928e+00 9.999991003691769409e-01 1.223128270736123291e+00
1.242779826127382359e+00 1.521343675305257159e+00 9.997643452938778097e-01 1.119396206587826237e+00
1.375538313158610748e+00 9.999999999892721370e-01 9.173831109783148197e-01 1.401966812710689680e+00
1.024348398488430067e+00 1.179644050521629461e+00 1.126016907914393350e+00 1.057001103333095049e+00
9.567112238435864224e-01 1.202388118693472618e+00 1.044352142147717322e+00 7.822817933243575439e-01
1.486777024753475507e+00 9.999664872812352723e-01 9.549152727048403344e-01 1.461295455046885738e+00
1.117199971364620126e+00 1.093162541400760857e+00 1.121604075105071763e+00 7.457481774012458819e-01
1.556796861765626039e+00 1.253164175401904279e+00 9.787137647961917652e-01 1.082670309024540867e+00
1.042705578516579745e+00 1.286629638965355094e+00 1.252890214482389686e+00 1.033673472778426916e+00
1.077066367859091489e+00 1.077626672309319966e+00 1.104988750044858969e+00 1.016229477879623921e+00
1.130587730401362512e+00 9.543851911736324078e-01 1.032947977263662498e+00 8.135882017991219461e-01
9.703738529168469684e-01 1.029674471230999977e+00 1.032737363938572406e+00 1.130117248091465409e+00
1.209519261663415834e+00 1.184227834619694830e+00 6.697347421268118328e-01 1.113226627027355864e+00
1.220060496055253241e+00 8.653930386806197861e-01 1.001545599210334592e+00 1.178117915372280722e+00
9.980790710034800339e-01 1.052333446928707117e+00 9.675236097900115073e-01 1.297139132087842261e+00
9.984161383568760373e-01 1.216981670314353003e+00 1.072648078613382294e+00 7.140834753008095115e-01
1.209298352848296121e+00 6.846715460997784275e-01 9.745409391815618161e-01 8.819346578787319313e-01
1.015403200905007797e+00 7.514213276355324878e-01 1.012105149160131390e+00 1.026639231706075073e+00
1.078807809735488288e+00 1.238275086543451531e+00 1.491526063035559790e+00 1.116100269041982562e+00
1.193547544020617801e+00 1.172744850610503820e+00 1.002631397763764642e+00 1.323990444867862104e+00
1.112729065376469206e+00 8.729229134146119229e-01 9.590755266963656434e-01 1.073146345971655480e+00
1.062713606889558404e+00 1.427033513362253592e+00 1.015016425955377555e+00 1.362114383000484485e+00
9.787137657201024910e-01 1.000011703830694154e+00 9.879439922404503749e-01 1.157292639939762058e+00
1.452445886846119638e+00 1.176625040336542583e+00 1.178668946479935142e+00 1.270310354807845599e+00
1.195838575379473134e+00 1.627153384376200496e+00 1.381965999999999806e+00 9.717627148921230695e-01
1.154367496159521833e+00 8.542571809284265072e-01 9.113568001220004877e-01 1.110074007454567857e+00
1.341703462904502819e+00 1.043285389544235997e+00 1.079902507737300121e+00 1.064697105433547675e+00
1.181080864855290624e+00 9.076425145979551967e-01 1.311022901562062248e+00 9.876175281537215023e-01
1.379243260156758577e+00 9.493331322528852922e-01 8.994765057080378323e-01 1.030241261821252641e+00
1.390502151815627752e+00 1.193599207345549917e+00 8.895693790053985639e-01 9.481569082183773922e-01
1.187559394551539249e+00 1.121506135359974454e+00 1.081369302579718639e+00 1.421783131231901809e+00
9.566684035085351034e-01 1.008181122236085692e+00 1.180115858125061479e+00 9.650863609656410436e-01
1.263717656964976843e+00 8.878772036594481110e-01 1.062051935856416662e+00 9.461742708301886795e-01
1.196562389335642740e+00 1.044245837175918901e+00 1.247567165811481749e+00 9.816288988654400249e-01
1.100631029862323862e+00 1.112176276994828683e+00 1.162968145983116486e+00 1.138202083612568805e+00
8.207057407258981918e-01 9.909891667895424083e-01 9.291209185501249079e-01 1.351799051903914251e+00
8.881984636763597951e-01 9.862236530198348339e-01 9.176101304097609157e-01 1.053832202851666233e+00
1.129716242112556612e+00 1.403669585742765680e+00 1.055552542422829365e+00 9.506843643434337299e-01
1.253994612075757464e+00 1.157970141483242843e+00 8.700870782139632498e-01 9.570203211660570641e-01
1.204231828508460778e+00 9.063399135865448653e-01 1.298909714569125295e+00 1.133944514664978254e+00
1.069717014921452325e+00 1.228242119448856862e+00 1.059449166921128116e+00 9.729669573720841624e-01
1.574144350220215927e+00 1.008592205474999171e+00 1.137125486335052615e+00 1.096903040894821046e+00
9.736759644628077970e-01 8.592946159639592851e-01 8.014511968118379626e-01 1.057896815441044414e+00
7.652155646918683551e-01 1.045749803738792671e+00 1.279788200834457212e+00 1.200518290101112218e+00
1.219823166862096908e+00 1.114575694324503763e+00 1.106714776722074856e+00 9.780423529648928360e-01
1.345789370586218947e+00 9.018406770544769024e-01 1.148101830898341280e+00 1.038065725676389217e+00
1.426011711217774591e+00 1.091399868548803109e+00 1.105553617698234126e+00 1.120550044629864850e+00
1.251542172766763938e+00 1.199805967198257273e+00 7.911935975047639236e-01 8.622933736246928271e-01
1.112059763403585144e+00 1.068307163514904179e+00 1.022840271703048698e+00 1.157208979546692662e+00
1.229672217579052873e+00 8.541019830508409516e-01 1.509579439230488429e+00 1.240663594726576058e+00
1.033234611460674301e+00 1.201227317725547694e+00 1.355636030776147027e+00 1.396119259152582615e+00
9.861580290635476587e-01 1.036144515392498633e+00 1.347524150069579818e+00 9.667446551525982201e-01
1.201642371630957884e+00 9.349937331691293707e-01 9.467341738366028547e-01 1.219378819768578426e+00
9.986503197486573669e-01 8.499042735116971725e-01 1.024079401482322016e+00 1.026503273190106702e+00
1.098417301557010006e+00 1.309125968421755104e+00 1.023441555487501153e+00 8.465134604447939193e-01
1.010297131537186255e+00 1.230054788854117120e+00 1.267873589472491735e+00 1.417709863056746622e+00
1.519472498084585066e+00 1.144808901560518510e+00 1.085568129797563897e+00 1.464445715333362319e+00
9.667443910962093545e-01 9.848191916383262079e-01 9.764043699317759284e-01 1.089625833157136903e+00
1.138583566148742010e+00 9.810441098821206518e-01 5.827339259134369787e-01 1.278887840188032143e+00
9.966039173751480851e-01 1.074131112367147756e+00 1.001709935505934013e+00 1.244462404313000148e+00
1.124151217296997629e+00 9.512748159424617711e-01 1.337346223401869150e+00 8.424754335514895720e-01
1.405494373426495303e+00 9.758352109809677044e-01 8.142928213282613070e-01 1.009413803356743466e+00
1.150646704582496183e+00 9.717907091935377162e-01 1.114272403844035697e+00 9.464510942496703327e-01
1.449919227604447691e+00 1.151983086236461284e+00 1.114235679079969898e+00 1.072784269915312727e+00
1.262759863987513054e+00 1.082392093966608071e+00 8.266589820207785877e-01 9.975918792571556448e-01
1.258763865985568886e+00 7.750295538341450685e-01 1.011441039772549955e+00 8.529157360374015617e-01
1.152439102875363774e+00 1.221852542591550739e+00 1.445627383667809740e+00 1.039470802796230053e+00
1.203940830272657081e+00 1.307560582149424722e+00 6.024543435532097035e-01 1.395121615650522839e+00
1.128148547896003162e+00 9.202251125493727812e-01 9.979631757914460000e-01 1.250721935210921343e+00
1.167885906628632675e+00 1.009829006126242046e+00 9.379072959307400703e-01 7.639320347647367004e-01
1.400391081795966386e+00 1.081510968625646996e+00 1.142663001242022913e+00 1.171823490263113943e+00
1.087671558136696914e+00 1.014625870639006111e+00 8.765106413868138935e-01 9.581408927487033989e-01
1.273918935077323233e+00 1.474720136545684568e+00 1.047249966114869535e+00 1.056447077308811267e+00
1.246191782639313406e+00 9.999732203086975080e-01 9.657373492891869748e-01 1.114983368393885677e+00
1.163931520219253057e+00 8.498503325566791888e-01 1.016609172808657480e+00 1.028974517009329626e+00
6.579942894606469750e-01 9.266148117958367125e-01 1.023024060024139370e+00 1.257354208588420841e+00
1.329280626868535986e+00 1.101034631350940707e+00 1.076377065147097856e+00 1.072150731013337133e+00
1.329126685968286203e+00 1.544970857513859430e+00 1.070813608122873406e+00 1.260818301402936159e+00
1.198387559089962862e+00 1.256664347927809677e+00 9.771724761663770353e-01 1.220737750349977224e+00
6.928362734978832371e-01 1.438908312105444454e+00 8.932156001235005416e-01 9.377475239229294823e-01
1.066410611810784781e+00 1.045833138190688016e+00 9.071829457464226643e-01 8.321869807667878760e-01
9.314958646913051865e-01 9.797638113890125844e-01 9.848655761433402489e-01 1.037854174527121032e+00
1.121959532035528451e+00 8.765549708255889749e-01 1.349405347374052822e+00 9.777046224789279760e-01
1.373945856481070260e+00 8.579038032268246905e-01 1.171624141756163251e+00 1.434695814265151359e+00
9.120091530659324430e-01 8.963505194501640849e-01 1.143882383013376192e+00 1.027684468988477207e+00
1.111451461876367341e+00 1.197504948262714919e+00 9.878558120010857424e-01 1.035138081660766707e+00
1.018380063691362469e+00 1.116613401709248166e+00 1.136983691206960634e+00 1.074344899262865027e+00
8.884681798805562636e-01 1.196499108451818172e+00 1.026852082390875776e+00 1.111951007414504700e+00
1.431214897338485947e+00 1.155062138405130945e+00 1.240051809906975055e+00 1.188510700957188249e+00
8.009240933947613383e-01 1.242850470387026673e+00 1.108141124615616757e+00 1.084068536359141577e+00
1.035003637030601720e+00 1.482890175825730017e+00 8.087964032340189124e-01 1.342514904404754628e+00
1.113911314932657604e+00 7.788583825251950143e-01 1.209879901058365181e+00 1.197892296164084325e+00
1.140823246311219563e+00 1.283338641404029978e+00 1.080683796869430502e+00 1.470048742355363203e+00
1.137927469643250644e+00 9.160443802722354478e-01 1.035544047509152188e+00 1.327329489741954305e+00
1.060096822011345363e+00 9.920877627528144060e-01 9.727835564723199546e-01 1.364066237507341128e+00
1.172653730295813546e+00 1.010256435248798157e+00 1.279813972414684864e+00 1.410354895022966071e+00
1.221827987411618022e+00 1.088361010418549935e+00 7.749101209835322912e-01 1.026095045276301132e+00
9.671767421686822130e-01 9.483428076779022442e-01 1.229887634837819599e+00 1.024565987820474477e+00
1.234472390009141884e+00 9.409249947499140898e-01 8.641676045773653003e-01 7.582328747067936803e-01
1.440061801481013148e+00 1.151894185346278077e+00 1.161352122285194577e+00 1.135531001824717556e+00
9.436550438229163174e-01 9.097756742138263242e-01 9.788297437008319779e-01 8.417800210244213988e-01
1.101843612590137411e+00 1.084323492027637226e+00 1.105663803253181587e+00 7.838936095165882634e-01
8.149415674914959329e-01 1.314277342690310046e+00 8.338096321139931710e-01 1.077772043950886882e+00
8.848357199555133557e-01 7.163345677818978574e-01 9.156694507253816395e-01 1.065873068691917558e+00
1.507439177552985843e+00 1.179435387620123565e+00 1.173794583097412136e+00 1.281188428976647531e+00
1.261670765763248658e+00 1.170971325483468606e+00 1.032737601646205983e+00 9.779790954846119266e-01
8.538903636692833921e-01 8.046520435728731213e-01 9.999999999731810085e-01 1.072982311447829851e+00
1.094949429279290287e+00 1.246874201240068425e+00 1.130994792299906182e+00 9.856581432745634697e-01
1.370228584769580094e+00 1.134697265201187744e+00 1.048959863466057074e+00 7.948936806742707972e-01
1.083569831394381788e+00 1.516086098257757531e+00 1.120744979226085514e+00 8.770248528446022984e-01
1.094744520800752907e+00 1.117342269853699666e+00 1.224577042130177373e+00 1.227298826262498199e+00
1.027961473020071903e+00 1.176724463735405957e+00 9.510432907136532332e-01 7.819379335823297694e-01
1.099979561706924347e+00 7.543548182622854537e-01 1.262227154944319141e+00 1.453800136168642787e+00
1.081291902248299630e+00 1.189188841079014347e+00 6.514769142460494766e-01 1.016972953848815031e+00
1.198749979380585362e+00 1.123662271803245183e+00 1.310936557892406817e+00 8.632106282833257316e-01
1.359435155321386812e+00 9.529765188141454679e-01 1.272593793055306177e+00 1.208604402384229060e+00
1.033850443101537175e+00 1.015812830642602860e+00 9.701830757332915445e-01 1.291969403682557305e+00
1.014032266152043338e+00 8.861994738267565674e-01 1.216014338079042245e+00 1.365574718369984231e+00
1.053509529272251610e+00 1.311782214610169195e+00 1.188219535642866420e+00 1.056767538785377214e+00
9.664966674350375930e-01 8.419829123677090577e-01 1.410944543144164509e+00 9.982323771647054755e-01
9.624737936945978456e-01 1.368890890162391294e+00 1.381966000000000028e+00 1.494635661985736164e+00
1.076514564138931318e+00 9.445336894468271405e-01 1.047656365663304001e+00 1.020094030439427479e+00
1.414932871874211573e+00 1.126932763307982865e+00 8.879177964189043371e-01 1.350909300474384622e+00
9.888085886528308333e-01 1.329671422037566053e+00 7.696727302720391961e-01 1.152989964281613933e+00
1.380088992759848532e+00 9.617682741070451291e-01 1.087633093455637079e+00 1.491986135279313119e+00
9.244803407305457466e-01 9.367634667622570799e-01 1.267872177743494477e+00 1.154950118160973149e+00
1.087695890000979881e+00 1.107116930042963077e+00 7.349569793706099974e-01 1.171188089463510940e+00
1.167474574047576930e+00 9.146689643737830888e-01 1.014007486719522566e+00 1.060164582139230260e+00
8.571602726306019049e-01 1.100275014843816734e+00 1.016395326421940748e+00 1.182241456902988874e+00
1.114974047491143372e+00 1.494578417422005590e+00 1.263233908680166051e+00 8.832051509235449016e-01
1.158129589761492273e+00 1.099299390050825442e+00 1.289048803459494685e+00 1.228912013795845137e+00
1.192000316926076442e+00 1.143930083522541885e+00 1.266013939406921196e+00 9.278913220653437488e-01
1.037423515553092868e+00 1.066906522329918783e+00 9.287894172709085794e-01 9.568094747928951316e-01
8.541014373537458848e-01 1.367375455527826800e+00 8.453220711456413961e-01 1.378146339990000024e+00
1.120939330282270774e+00 1.184846830249196126e+00 1.122813832159992309e+00 1.178630275528750104e+00
1.072943967689182987e+00 9.549252204304800040e-01 1.251624352402394447e+00 1.097347312221745863e+00
1.397284956708454207e+00 7.357096220902752393e-01 9.404129988749951874e-01 1.325564958906104929e+00
1.294006406075426163e+00 9.897331660761014005e-01 1.144703708974530221e+00 1.020960484427723358e+00
1.251019236656812694e+00 8.835333536058657122e-01 1.387929090555914957e+00 1.038882479697196271e+00
1.210073838048974393e+00 1.062120861435315700e+00 1.165402709068217080e+00 1.008503724318424499e+00
8.850719012690839715e-01 1.058958560336470844e+00 1.031102598105325896e+00 1.053809860607530346e+00
9.549321712934231154e-01 1.187507227163888013e+00 1.337609144552406093e+00 9.660623972344488664e-01
1.692753681704833868e+00 1.246981315515352406e+00 1.115368906796823989e+00 1.296831839498298278e+00
1.559101436024034060e+00 1.063621682262356316e+00 8.458107285045673995e-01 1.164450686916596478e+00
1.112850791444802923e+00 1.255207733454710928e+00 1.561929015530839404e+00 1.237642493222667728e+00
1.325577577296233267e+00 1.313382386484256870e+00 9.961803399899999967e-01 1.124718188040196631e+00
9.787137657201024910e-01 1.274955759701815294e+00 1.107607704456265107e+00 1.367427654306549556e+00
1.204609250124387687e+00 1.019635701037938214e+00 9.999975327285569593e-01 6.698549726938545223e-01
1.024942531746597885e+00 1.030514016816424405e+00 1.021696811917919501e+00 1.005487907554491578e+00
7.615656834345219117e-01 1.140238126912195060e+00 1.126909593071911297e+00 1.370580030530558657e+00
1.288113006799279425e+00 1.132705792652501264e+00 6.370084642091895510e-01 1.387030340011370377e+00
1.000034218651420392e+00 7.656477000431496371e-01 1.368209627285343011e+00 1.173049936557582162e+00
1.013695789761040134e+00 1.053159054360320201e+00 9.128503576163093935e-01 1.331041846406243900e+00
1.033027093186507761e+00 1.139893243388354627e+00 1.191093627548558409e+00 1.293861309803010728e+00
9.496037527570546644e-01 1.381966000000000028e+00 8.196601249135797573e-01 8.993279042619205521e-01
1.167364541118012244e+00 1.022784520612068926e+00 1.043083392814453836e+00 9.589289808591371367e-01
1.007324255577620065e+00 8.627881743736767195e-01 1.120548744676614472e+00 9.463340907971570237e-01
9.752325730860196273e-01 9.297134476531221381e-01 8.609903364048023811e-01 1.155147497105316168e+00
8.274108550628040959e-01 1.281929524956668454e+00 1.392428722424439380e+00 1.132275154986633448e+00
1.276754491133389458e+00 1.060909883424048017e+00 1.068632380077960908e+00 1.024855843275033429e+00
9.126911357570920424e-01 1.161794351489350285e+00 1.418877290877833763e+00 1.020969524886550683e+00
1.527388461851449275e+00 9.955608684479468895e-01 1.437988826792548247e+00 9.288921158525412780e-01
1.079447345251583812e+00 1.075952354570427705e+00 1.247518013498425615e+00 1.194565742241388007e+00
1.004284068189219337e+00 9.264088274382197286e-01 9.459390222738068843e-01 1.118716721840706141e+00
1.329568535908218330e+00 8.624051252336049078e-01 9.087498513381225829e-01 1.276039541225782559e+00
1.028399091815657806e+00 9.947054807136153087e-01 1.001072458501890416e+00 9.575890838769041125e-01
4.897573550814215970e-01 1.088076268267646141e+00 1.116227153350489054e+00 9.565202153489738013e-01
1.166579952969278189e+00 1.425944097863182991e+00 1.052189645194923306e+00 9.537332031060683502e-01
1.344877707133841138e+00 8.697950541122508872e-01 1.087297555639671565e+00 9.027262014412460456e-01
9.316088466626378795e-01 1.134233951123544637e+00 1.117548231354751787e+00 1.472701256806581149e+00
1.082827017023281435e+00 1.138596593284007419e+00 7.437749519984928614e-01 9.659025685788840132e-01
1.352322724735476100e+00 9.151459239985182403e-01 1.150791207801253657e+00 1.000372082666558304e+00
1.362717405720906827e+00 9.250318356712150525e-01 9.828853692845789247e-01 1.177636572516182589e+00
1.287098067952222147e+00 8.900312558516099148e-01 8.928014253163911729e-01 8.861962116220513108e-01
9.610491080072786074e-01 9.509534332122322464e-01 1.056211514639628257e+00 1.143198448368422548e+00
1.569650685052345063e+00 1.035203327078382474e+00 9.511868600315486200e-01 1.435282131329453703e+00
9.216910907738465886e-01 1.381966000000000028e+00 8.823419656934913258e-01 1.343970121278007079e+00
1.033802218221938851e+00 1.163243181281857774e+00 1.079442980324331947e+00 1.360698003141965762e+00
1.113305245993670978e+00 8.570437077084196442e-01 7.965500319115412786e-01 1.271940650569131970e+00
9.549555047217395121e-01 1.252138754437898349e+00 1.049263601726658779e+00 9.200341884010827531e-01
1.172136127120165128e+00 9.280507365496560856e-01 9.036632453552863042e-01 9.223669676938595074e-01
1.130374841511320616e+00 1.261505724327744105e+00 1.111855107911470686e+00 1.342913376237895973e+00
1.371632099821695316e+00 1.050114291599864691e+00 9.410754101372447167e-01 1.091735666968508101e+00
8.187381971191778351e-01 1.130040765336053132e+00 9.514250029140481901e-01 1.128100301331321331e+00
1.111343413557223325e+00 1.061650939594679377e+00 1.192782691861458577e+00 8.671752610590317545e-01
9.493814586967569413e-01 1.434891134827134040e+00 1.127623273516862312e+00 8.080562941723152814e-01
1.048478255277684790e+00 9.993910141609391173e-01 1.192502362925866199e+00 1.173799913567729725e+00
9.906563942066519690e-01 9.255399402035558998e-01 1.036456158101860536e+00 9.999027411229381990e-01
1.067971708705264700e+00 1.036634530280715616e+00 1.049850701803097364e+00 1.009304089685558070e+00
1.152794871526528597e+00 9.076878731377931997e-01 1.045672970126597434e+00 8.841287786825514639e-01
1.180774695910957295e+00 9.175878434831487018e-01 1.192797382589556143e+00 1.177371264674851314e+00
1.035922588414919243e+00 8.894862052469934000e-01 1.232258991831923778e+00 1.018642424867512331e+00
1.208462775034349734e+00 1.001012152855893289e+00 9.980835048379972374e-01 8.768877647036916745e-01
1.096019198865534783e+00 7.798871820083357331e-01 1.139670163709022965e+00 1.077509170955810669e+00
1.036190186663990875e+00 1.117142806368040642e+00 1.109041949034213381e+00 1.132645584801260874e+00
1.403043679910394248e+00 7.974929357267415142e-01 1.096579647298967508e+00 9.951382846250789171e-01
8.996857351474770725e-01 1.087221150331710406e+00 1.375723988433836809e+00 1.214859475850332382e+00
1.045326073801697175e+00 7.527785927159285073e-01 1.135763345502377231e+00 1.067003064759007191e+00
7.195681855300403162e-01 1.126875056315170820e+00 1.053387841432352534e+00 8.671157523204642281e-01
1.158195637929300137e+00 1.068906134578329059e+00 1.109530593072877158e+00 1.145198464623622181e+00
1.173362406801120139e+00 9.631232104789672066e-01 1.107690162290856373e+00 1.204251539723417919e+00
1.192357066099988483e+00 9.864530377969048525e-01 1.220272410801759522e+00 9.071756255281665515e-01
9.537740604349143059e-01 1.221434644810730941e+00 9.427412639150162255e-01 1.203323782006997300e+00
1.237000493026729098e+00 9.794096657060549216e-01 1.239714599901401204e+00 9.323231867736165857e-01
1.233766315456588325e+00 9.965941168453467114e-01 9.402269295352657652e-01 1.265733701685908708e+00
1.380965236424846365e+00 9.991341876290288360e-01 1.316664571658907601e+00 1.111452745203793446e+00
1.358186935796638295e+00 1.001243923617024079e+00 1.273540694032730292e+00 1.043667303697682680e+00
1.010287491584396458e+00 1.134618008397984212e+00 1.107898042907811575e+00 1.153023107617524357e+00
1.142107144206878866e+00 9.153210441533781161e-01 1.089346858702794130e+00 1.087027134378869775e+00
1.112798510526338713e+00 1.226953124527218941e+00 1.126287242413907652e+00 1.618029727345115631e+00
1.162310142658602885e+00 1.052956026576680415e+00 8.761513807812461030e-01 1.347777767833921114e+00
1.408032973922836550e+00 1.102231120567778166e+00 1.097121350219106617e+00 1.396465170598631955e+00
1.337176072991265618e+00 1.082825217558921693e+00 1.168599382083177485e+00 8.921403080622400950e-01
1.157451583619100610e+00 1.002958471053836398e+00 1.167365458829014768e+00 1.030404455906660521e+00
8.930664251557163258e-01 8.895673285577877509e-01 1.380786890306711534e+00 9.953494382917755789e-01
1.053968475360807844e+00 1.250518448823296325e+00 1.075776323158835313e+00 1.419209445038263295e+00
8.759126827483386668e-01 9.117729383260375631e-01 8.672909482426838235e-01 1.126064208248317433e+00
1.204969889565343788e+00 1.005111683479081419e+00 1.031760094876328360e+00 9.754412660302389515e-01
1.033252050002462452e+00 1.107447728935148534e+00 1.417527892535926037e+00 1.018066287529048486e+00
1.375591181858702106e+00 8.397516860889830959e-01 8.103328062595799297e-01 9.588591938961168459e-01
1.003699151018868196e+00 1.141259016637520274e+00 8.690653611607046525e-01 1.318503693614180294e+00
1.302779731015066389e+00 8.031591683247427671e-01 1.110733193460029300e+00 1.185873264633493518e+00
9.058097560710679508e-01 8.258678368670988590e-01 1.140653644309938874e+00 1.079534401303660074e+00
1.319717713028845107e+00 1.004986792666400230e+00 1.010542913375005236e+00 1.108404665421377500e+00
9.559611174322832916e-01 1.272847324870467034e+00 1.158438729122588162e+00 8.995432129501286234e-01
9.576424114525016185e-01 1.008598857305579966e+00 1.073490448169982958e+00 1.322261279976947757e+00
8.704162472396024253e-01 1.178697782447996723e+00 1.075187895090588652e+00 1.368670646982579342e+00
1.380371442121105963e+00 9.081875715340900213e-01 1.020979593909347560e+00 9.019344384728356090e-01
1.112940155627157646e+00 1.276392750743544191e+00 1.085847561112631698e+00 1.437306223177448494e+00
1.343035160106252235e+00 1.210516602301931588e+00 1.037586554815320250e+00 1.122125993642990149e+00
1.100508295484448951e+00 1.061345669825852323e+00 9.985421006778444353e-01 1.218828608035121386e+00
9.828387344060480757e-01 9.911965141559042625e-01 1.159053666497999346e+00 9.507664544384751837e-01
9.944724812104267508e-01 9.034231219140913538e-01 9.780336880921228770e-01 1.312056234016737433e+00
9.787431591148447740e-01 1.381966000000000028e+00 1.001802077575006056e+00 1.296533656911092791e+00
1.163116908953615525e+00 9.690806404470808655e-01 9.867897179336130309e-01 1.373783482131040179e+00
1.188521578543073165e+00 1.245083591676604540e+00 1.028222458899203717e+00 9.582846587237568992e-01
9.999591436639443387e-01 1.370302340208314096e+00 1.097072962965225384e+00 1.034654084273006092e+00
1.241577883927333703e+00 9.446650407195891219e-01 9.015329558879892069e-01 9.802158675403583876e-01
1.074587142387956495e+00 7.712509929344600890e-01 1.214700389097983946e+00 1.095313257940338181e+00
1.118197868774445158e+00 1.212635775457386211e+00 1.015507450460124250e+00 1.129104969359417288e+00
1.192813838137111171e+00 1.095428420495814903e+00 1.324772804056292941e+00 1.189282129051192571e+00
1.547805396936215772e+00 1.197460980978362510e+00 1.304319184756302485e+00 1.117431370143999292e+00
1.127547555673302337e+00 1.004431026018268280e+00 8.173957100990939528e-01 1.063765987271679592e+00
1.050255299238005202e+00 9.032472638003041787e-01 8.289628223185436795e-01 1.328491779194570732e+00
1.202314431671996697e+00 8.098212416635587330e-01 1.362550197753879644e+00 1.394108283651172009e+00
8.745189867487619395e-01 1.173246783159121565e+00 1.139553129651423191e+00 1.360036377622340531e+00
1.138432803676084681e+00 1.102557420120745313e+00 1.359161197260278620e+00 9.655581500695797903e-01
9.165845343721206184e-01 1.094825094135512211e+00 1.087236206337281574e+00 1.179143209877087761e+00
9.021811338854088813e-01 1.169997646530358759e+00 1.250030776661921861e+00 1.308964009973860421e+00
1.262238092270919543e+00 1.369152026283483314e+00 7.854777000433094125e-01 1.180314171741703611e+00
1.037454451963831126e+00 1.330868230485875436e+00 6.787006624585127934e-01 1.080518742087413386e+00
1.110065908724745087e+00 1.078452711990065982e+00 1.059242741247341524e+00 9.398141431851398941e-01
1.191556403911545159e+00 1.043693373271339597e+00 9.917525037044022662e-01 1.416598731296884406e+00
1.080758446652794413e+00 1.403006009902006745e+00 8.581851836656900767e-01 1.288362463377468625e+00
1.162129952744263006e+00 1.109887970609088947e+00 8.337863845072789326e-01 8.672684451548436924e-01
1.088270765293716025e+00 1.086757390847127747e+00 9.653960017616167733e-01 9.536924777092185002e-01
1.198572924101934056e+00 1.106758755533527872e+00 1.335651736345662144e+00 1.152156420350762156e+00
9.334957664691551082e-01 9.320537207835526416e-01 1.017424290096596629e+00 1.098184039078994312e+00
1.141376213026551678e+00 8.726482673842593796e-01 9.804947874566557475e-01 1.069328866907654163e+00
1.018887398230512886e+00 1.305772705801385047e+00 1.111670123483702088e+00 1.088970197094397463e+00
1.123917711093574967e+00 3.812799091639462734e-01 1.036699708806139153e+00 1.317274902326407870e+00
9.540741868148516769e-01 1.239000772782585136e+00 1.013022565114817475e+00 1.022446670472899388e+00
9.128030783053621144e-01 1.442958570691571296e+00 1.074969211681518599e+00 7.861188522188873318e-01
9.253577281458970072e-01 9.965741572204050991e-01 9.551216914666001978e-01 1.254427472954245948e+00
1.075458421983788382e+00 9.866530943794317166e-01 1.126230912794529360e+00 1.236452040027315125e+00
1.132142012079278670e+00 9.098300635909474243e-01 1.374365287999211871e+00 1.255704635300403105e+00
1.084970350402467476e+00 9.994148745719555471e-01 8.745247859729606832e-01 1.370026989722628707e+00
1.298884916265228728e+00 1.034077778091563538e+00 1.025029040776415545e+00 9.960311463213167293e-01
1.071619858733707131e+00 1.273316387249253889e+00 9.241879998835332843e-01 1.200134640945581976e+00
1.205893511499117610e+00 9.701096086288421017e-01 1.381969061421721268e+00 1.148694808971061354e+00
1.515067760803850527e+00 8.452704523111790325e-01 1.513032469265105151e+00 1.038528894101335531e+00
1.078498313981741008e+00 7.451103963228418170e-01 1.222428639748918133e+00 1.241354473516517176e+00
1.063495226404304050e+00 8.441019771023150486e-01 9.575655020759580305e-01 1.337917294897314369e+00
9.871774338455272524e-01 8.706833325696387016e-01 1.133134223342353364e+00 9.007880347946548572e-01
6.778619511139197806e-01 1.543566122223482218e+00 9.707600498202210160e-01 1.145623773145686197e+00
1.330319111242139529e+00 8.902078369835464411e-01 1.106547117288760651e+00 1.090099568135293184e+00
1.451857081464341448e+00 1.109048287298932012e+00 1.124875792567503918e+00 1.096001555617974077e+00
6.897994647740774976e-01 1.212505744141134878e+00 1.200663894771098805e+00 1.644048464840810908e+00
1.403715155161052941e+00 8.982346354083550199e-01 1.167396350380071501e+00 1.114321188295256171e+00
9.069768683779841911e-01 7.284906249964868685e-01 1.071159108330161258e+00 8.016901714489934605e-01
7.410732162569548809e-01 1.149500953445135920e+00 1.051911498783405730e+00 7.639320251560000052e-01
1.047335966105058747e+00 6.312862386021761418e-01 9.994701945412811650e-01 9.222306819179847404e-01
1.357341464310544366e+00 1.020258418131633427e+00 1.178311303103430241e+00 1.232915333963660709e+00
1.128810186915801150e+00 1.112126945771952924e+00 1.292649304934344157e+00 9.915238449790130248e-01
8.757297113066933036e-01 1.031647678624135533e+00 1.120783213963866709e+00 1.510572656362688226e+00
1.232724356586524905e+00 1.067732691931075450e+00 1.152969027605899033e+00 9.864437595956674354e-01
1.194980270333446670e+00 9.041977750353238363e-01 7.610060926011503746e-01 1.399738935349400082e+00
8.460847208247574969e-01 1.519051551774803999e+00 6.422481193122020482e-01 1.447058439114034423e+00
8.849342600159393335e-01 1.010360970890157528e+00 9.997950480272697060e-01 9.604475883985139628e-01
9.603712766914506149e-01 1.517196418579445316e+00 9.846992885025253051e-01 1.012400580069859668e+00
8.685594307471663500e-01 9.394095737285789172e-01 9.745200151503257135e-01 9.368710203900511013e-01
1.000000000000000000e+00 9.478235421290462925e-01 1.053625933139913151e+00 9.043091738620286923e-01
1.020601693554291867e+00 7.762745917098921034e-01 1.241985327305845654e+00 1.406407851322315938e+00
1.402722616152289881e+00 1.359021381235313575e+00 1.237798111859677697e+00 1.082353852780105097e+00
1.435007907481933520e+00 1.326971344803464570e+00 9.674802488122760113e-01 1.290564258504624640e+00
1.225279475427312414e+00 8.096101309494079246e-01 1.270303279484418457e+00 8.875858050228236928e-01
1.386573757384533812e+00 1.250418807871841675e+00 9.213651655215205905e-01 1.076632480039921402e+00
1.008918861304462400e+00 1.067787411420925370e+00 8.683129504652810082e-01 1.251658568561196949e+00
1.089903933419094306e+00 9.752204493079282832e-01 1.017702958076128983e+00 1.064191646068255448e+00
1.155680770682390168e+00 7.658537183389019232e-01 1.573881331042531251e+00 1.174023366005575886e+00
1.099285244698525066e+00 8.249206418243117955e-01 9.693765586977960425e-01 9.785024070317623890e-01
1.104314347074986546e+00 9.102963672794965877e-01 1.316632219142586102e+00 9.768526259181860016e-01
8.781379049714183038e-01 1.096805361593218064e+00 1.372776141368219127e+00 1.085037762402599970e+00
1.152098806979851675e+00 1.187490826755943196e+00 1.077852366806978379e+00 9.134338201240473909e-01
7.551124927396434261e-01 1.015437267794321308e+00 1.083679093297249985e+00 1.146048940497715218e+00
1.344130211532508001e+00 1.186313847351493589e+00 1.121104887700641317e+00 9.871353528783324283e-01
1.055313612051244299e+00 1.093054702833428538e+00 1.142224366654867929e+00 1.302781138832794783e+00
1.365247579328582983e+00 9.880040982246589554e-01 1.032105043281793089e+00 1.151190677106022520e+00
9.974448820585288811e-01 1.201629624628048232e+00 9.658438904124406754e-01 1.389221494521836409e+00
1.419384172901900998e+00 8.069966133814967524e-01 8.987651400186690287e-01 1.381966000000000028e+00
1.084864129241050357e+00 1.364824980954110423e+00 1.092874377254417828e+00 1.109450212984830042e+00
9.616602918372857411e-01 1.340229318289757332e+00 1.084528198236274887e+00 1.182238053083186191e+00
1.023688132694628994e+00 1.256310004055841256e+00 9.565800351172653038e-01 1.091208848420929023e+00
1.381870842911022468e+00 9.921525522141803055e-01 1.009967275193730085e+00 1.193714332715773541e+00
9.966134711060247175e-01 1.229580468132701165e+00 8.236130955173134316e-01 1.084348989410355513e+00
1.181453150055761903e+00 8.361105441020969531e-01 8.730333247442580991e-01 1.123820625124646977e+00
9.577898618062532510e-01 1.223119530405211819e+00 8.366247280175407308e-01 1.190105063722939782e+00
1.162130407621553285e+00 1.113700772928654770e+00 1.000644769938024314e+00 1.005052705611565900e+00
9.352290902280346874e-01 9.388848013715735963e-01 1.200464474910432733e+00 9.067293883184854852e-01
1.083015849363011096e+00 8.065275557192402855e-01 8.929319794192018822e-01 1.055166080983557242e+00
1.254559211132939778e+00 9.770816235404107264e-01 1.224687625132918845e+00 1.099665491146307739e+00
1.090009111425594979e+00 8.118459631249980157e-01 1.281115208115139348e+00 1.011113759874397999e+00
9.686271364079203083e-01 5.389548289770562661e-01 9.402822219688888872e-01 9.880006066900474115e-01
1.122573290430060267e+00 1.138779546854261193e+00 1.059033579238236600e+00 9.600510496478693589e-01
6.646960103746660797e-01 1.144302997452160575e+00 9.095745475362145838e-01 1.046674115412809636e+00
9.187068660929131880e-01 1.044697564823362512e+00 9.725274934799398308e-01 1.047669468082039312e+00
1.313172250665789020e+00 7.539111326469027929e-01 1.101707779253131569e+00 1.386109032636461791e+00
1.374991006240096070e+00 8.700541521257243449e-01 1.179032270577986097e+00 1.235874252620325464e+00
1.110627460300438019e+00 8.845635088755801068e-01 8.717618185784947737e-01 1.014600761269506268e+00
1.298491364126770131e+00 1.164726420413913610e+00 9.900086286136489111e-01 1.022134596779008087e+00
1.091714902717044744e+00 1.109014907727414734e+00 9.303858282788647349e-01 1.045593370139122680e+00
1.168758147160727789e+00 9.981364825862515389e-01 1.056887692938599743e+00 9.898763160826125063e-01
1.122910548149461896e+00 9.886331590047422457e-01 1.402849939589875472e+00 9.054005621337495313e-01
1.131828859894475903e+00 1.180460733329894651e+00 9.732024051793807251e-01 1.080780609863900343e+00
1.028614532270969439e+00 8.548177045983436084e-01 1.132985117397260266e+00 1.271705165684042127e+00
1.135381319448385939e+00 8.315930726162632514e-01 1.200951578964565947e+00 9.519836765639709819e-01
1.004736472281837711e+00 1.325076941004140751e+00 1.007050166686586978e+00 1.068878649033887740e+00
1.158422496503419552e+00 8.522300880427277070e-01 9.070929216991471256e-01 1.303760498855843331e+00
1.318816484952603840e+00 9.911483700484458037e-01 9.602598342926442765e-01 1.080752293519226637e+00
1.097800093517758313e+00 9.961357899183349573e-01 8.380039272483889023e-01 9.386586094794112656e-01
1.073075891999090592e+00 1.162409493481001199e+00 7.149557602773378706e-01 1.264452450600512368e+00
1.232165508250011365e+00 1.032845331215828555e+00 8.447634469287765846e-01 1.482397461367994662e+00
1.110855698290794225e+00 9.438057322119903780e-01 1.276026207300005488e+00 1.163740795142215623e+00
1.184114149770684410e+00 9.756943039830128228e-01 9.760710151074132312e-01 1.053822285652496804e+00
1.051982185646983536e+00 1.309346384617952719e+00 1.109394289822012380e+00 1.149278258112298001e+00
1.366561792670340614e+00 9.039530034154404925e-01 8.394575501253027650e-01 1.050726752789242990e+00
1.232995985012163676e+00 1.042159238846852354e+00 1.089519445849421286e+00 1.345628050838149958e+00
1.255999430584175069e+00 1.077628917947996090e+00 1.021121001185348653e+00 9.290117534542704503e-01
1.089017851534934689e+00 1.137225986571372749e+00 9.375202112184560788e-01 1.207114918586729368e+00
1.244179790874999192e+00 8.985903355594815345e-01 1.051061115041121541e+00 1.248041369758843500e+00
1.414733283804566089e+00 1.114370619703915599e+00 1.160216223502586574e+00 1.055458238880890853e+00
1.013711684737521823e+00 1.530453575317512360e+00 8.195324005410804524e-01 1.009506772122042095e+00
1.028550111941771261e+00 6.245962700106995058e-01 9.346485348659522296e-01 1.120672175112467528e+00
7.819361766627700439e-01 7.361007885750149304e-01 9.725227318326798986e-01 1.245526464524295829e+00
1.379681295596596247e+00 1.086561215505844169e+00 9.940278815379534061e-01 1.005978876841931546e+00
1.142500403188099423e+00 1.576842854358543322e+00 8.745351589724107422e-01 1.023860807883696822e+00
9.905302797343044086e-01 9.728040450851445087e-01 1.262366143397640084e+00 6.237191596657786219e-01
1.193932780640414526e+00 1.035006366886538576e+00 1.105042639353759792e+00 1.352639468871762229e+00
1.244675869347460218e+00 8.344834875953476283e-01 9.611355245075421383e-01 1.160693151287415237e+00
9.635130512711538309e-01 1.396864413367511881e+00 9.439774473754395379e-01 1.393953848288118635e+00
1.077928597684058909e+00 1.079450741014963855e+00 1.048901354337934855e+00 8.681453325296160095e-01
9.993042544768457880e-01 8.959833139959350046e-01 9.814291254610445492e-01 1.582847855095396827e+00
1.283063441172088925e+00 9.973528377249774035e-01 1.004428628466983664e+00 1.141935568213263918e+00
1.027302854596601422e+00 8.959073657929297330e-01 1.294931488199289493e+00 1.044225233895990090e+00
1.130367024421735422e+00 9.216362698213133031e-01 9.392660398742962435e-01 1.277821090282292626e+00
1.534358909194957432e+00 1.063819233915458184e+00 1.053935541547974752e+00 1.006041651285802363e+00
9.392719217029213974e-01 1.069970269905539562e+00 1.213088564902629285e+00 9.923563187370789684e-01
1.009635691516811207e+00 1.122657594754206123e+00 1.315841762068915122e+00 1.275419308538097596e+00
1.160801938806161226e+00 9.610943519687815684e-01 1.183281318867019039e+00 9.540941614251527980e-01
1.105226392204285535e+00 1.003449766699182621e+00 1.098051937127623390e+00 8.402321907996663786e-01
1.219429133690708378e+00 1.229116679475063201e+00 9.329075653883438513e-01 1.008500933486534246e+00
1.146309597877326114e+00 1.334638279904277081e+00 1.255505127971735968e+00 1.331357985783954589e+00
9.911846357364700877e-01 1.531890932551640550e+00 9.655931170021399002e-01 1.302176194143740862e+00
9.393842197751383072e-01 8.631194594378925888e-01 1.115252203687910670e+00 1.122728222352847416e+00
1.212938006254569379e+00 1.087701058594283232e+00 1.250006789571138643e+00 1.115390391386204660e+00
1.213910984400259574e+00 9.747654349539054408e-01 9.544350222140710605e-01 1.176464972496561456e+00
1.178945340495572536e+00 1.177508497459253345e+00 1.174151736116034739e+00 1.179494394213460584e+00
1.245104987625230919e+00 1.191507935424981124e+00 1.075597185919624277e+00 8.740424025051355406e-01
1.220786823397181697e+00 1.007431336147711853e+00 1.182625802369224877e+00 1.060606321747854741e+00
8.741844687857107665e-01 9.939303848004599207e-01 1.126372667218686452e+00 9.676357432063619202e-01
1.421831261217295195e+00 1.064172321455338022e+00 9.694016205148767718e-01 1.165070223168091390e+00
9.536258509884464329e-01 1.138408389866309323e+00 1.188895085966182430e+00 1.169328394242222124e+00
1.087575322548545387e+00 8.496861373290099939e-01 6.455699129738254882e-01 9.675432128466695536e-01
1.217916228033075754e+00 1.065767343253112731e+00 7.931056428415501625e-01 1.025352224345952079e+00
9.732968932974517262e-01 1.090730866489342699e+00 7.914975307279923378e-01 1.004056955486055447e+00
9.747113291570990157e-01 9.446201025262040973e-01 7.962463425739294554e-01 1.246827687322386469e+00
1.042252274835383297e+00 1.170765776544207215e+00 7.849596439083036392e-01 1.201477547062721474e+00
1.468309060720000669e+00 1.345494840085032395e+00 1.070126862864122952e+00 1.112584944332765780e+00
1.092564028697466494e+00 9.412812176651201845e-01 1.149373876250274318e+00 1.531102347183851853e+00
1.070371750912820330e+00 1.094549778651955796e+00 8.074205195868520146e-01 1.101104189045024606e+00
1.269089267519631914e+00 9.355878004136245485e-01 1.149713537914771599e+00 1.167808539205268836e+00
9.196402778848046244e-01 1.031059523548340184e+00 1.100884428872054732e+00 1.141376677203861378e+00
9.165426475832232356e-01 9.148451677436095775e-01 9.786829200712420240e-01 9.089210331564077094e-01
1.387854999648848509e+00 1.072369481962664128e+00 9.554999845844363016e-01 9.044911567060981428e-01
1.312486081412748806e+00 8.871907713313688104e-01 1.379053292343468851e+00 1.255431559262915275e+00
9.832539918481362218e-01 1.010054368442692141e+00 1.116328295462582609e+00 1.214212784092152164e+00
9.804025559153024538e-01 1.200984625137266004e+00 1.172239526410222110e+00 1.072900269279747798e+00
9.477720992705028769e-01 8.999575955019769591e-01 7.653672333517791415e-01 1.016937403544262875e+00
1.041822404253948120e+00 1.285693826701271636e+00 1.170730545341578166e+00 1.421770726030305410e+00
8.145008706058352033e-01 1.053079186829279257e+00 1.075476102994479044e+00 9.662391772801002254e-01
1.151207957655562941e+00 9.149133805725979673e-01 9.427339844496743781e-01 1.330875617699637248e+00
7.558014073930444665e-01 1.032982740219319240e+00 8.855886985163663461e-01 9.994615174990648665e-01
1.108775671151568831e+00 1.126004933159133969e+00 1.133268728761883004e+00 1.131700799431865967e+00
1.139033322585444097e+00 1.033494728414656283e+00 6.647337433877031909e-01 9.277589968777738560e-01
8.118199761893518662e-01 1.173002998332812741e+00 9.371948709861279703e-01 1.086057105993060157e+00
1.204909323214879313e+00 1.247935596290362881e+00 9.026354731432992828e-01 1.573387376601578902e+00
1.325962018849673463e+00 1.228787395267679772e+00 1.063281590297800117e+00 1.037414431855596231e+00
1.191693279600593236e+00 1.123755787769719516e+00 8.823379825442519975e-01 1.126840669163114983e+00
1.214440475323861346e+00 6.944260862497259046e-01 1.055209202311262029e+00 9.051921587618314557e-01
1.121212362776727867e+00 1.222817308443425954e+00 1.109170754369344092e+00 8.453162078343953167e-01
1.016545774024792959e+00 1.110432880706483161e+00 9.409095777279988804e-01 9.706812275805072332e-01
1.161822939088712481e+00 7.680472467494839917e-01 8.509509722739383442e-01 1.208515520463816051e+00
1.422078066623799764e+00 1.067420056033999476e+00 8.821002495826916201e-01 8.760435205318428675e-01
1.326751915624510225e+00 1.181261798307910338e+00 8.808559608243659023e-01 7.639320251560000052e-01
1.044693797976627536e+00 9.549051129537226013e-01 1.118619570212350034e+00 1.406304944554066072e+00
1.240586999227322407e+00 1.178676778591249086e+00 1.251991068292371390e+00 1.034803572108295988e+00
5.318875722236067194e-01 1.007541297614609199e+00 1.038999547548943747e+00 8.794601404638150433e-01
8.422003178646502164e-01 1.073418594155955308e+00 5.997329178343173695e-01 1.025307423864034062e+00
8.354316736137913368e-01 8.876094250932007323e-01 8.761735855830817821e-01 9.973049685004479192e-01
1.022257664565743962e+00 1.001943297508185893e+00 1.059032084263926698e+00 1.021976838557352885e+00
1.172426566968400863e+00 9.777399044125844041e-01 1.202327900992684606e+00 9.790047807592796580e-01
1.087903967803054206e+00 1.000876240439557696e+00 9.812756102984877549e-01 1.262892554908328080e+00
1.068510181403459880e+00 9.644657031405790004e-01 9.888895435286194635e-01 1.102879037881502100e+00
1.496630247204021380e+00 1.199483560942522509e+00 9.064050988756147120e-01 1.250253367890634459e+00
9.188594433688975771e-01 9.445400039962573713e-01 8.718324946036262180e-01 1.343245375377347672e+00
7.774679243717317334e-01 9.642345689199295355e-01 9.495522088036927322e-01 1.072594883955177991e+00
1.006690140109412379e+00 1.000007896487776105e+00 1.032875859805729268e+00 1.204211401088044253e+00
9.744309852111647796e-01 1.040819345355580960e+00 1.301546895066661547e+00 1.180370683581154712e+00
1.084445384053465800e+00 1.091946382395620363e+00 8.643131303037951962e-01 8.873057530605394927e-01
1.291701449397083534e+00 9.013699735874777241e-01 1.080523576300857602e+00 1.086305160967651062e+00
8.106233486207264916e-01 1.113367237223162443e+00 1.184892345848950868e+00 1.068583434493259876e+00
