1.723204421692128951e+00 1.113154035368272066e+00 1.019739502073673254e+00 1.203532830922297236e+00
1.149592462628304501e+00 1.098039760655111552e+00 1.153926822227161031e+00 1.280883144860034850e+00
1.161398261671062082e+00 9.899529180563156894e-01 9.582886306293860734e-01 1.337024222347236391e+00
1.242034770921664366e+00 1.194669315271634780e+00 1.321388196801896786e+00 1.225592035569905036e+00
9.867405466193642782e-01 1.125467416255484077e+00 9.514221529674236066e-01 8.973567552041715745e-01
9.998955346594456950e-01 1.409137508594338728e+00 8.115258277622643401e-01 1.260307551025472872e+00
6.247625428147307591e-01 1.288530310870663609e+00 1.074252867800429279e+00 9.472532242043329997e-01
1.248332903691705020e+00 1.002576342372690110e+00 1.521143732207513422e+00 1.358460414765132684e+00
1.224762748460632489e+00 1.169350247828780054e+00 1.143264506286513882e+00 1.156015179668143045e+00
1.343732859036011362e+00 1.073446634861626503e+00 1.137312938163484777e+00 9.000874353991802357e-01
1.376732456686164952e+00 1.275104300083152786e+00 1.504299951262714874e+00 1.142775379708090178e+00
1.157481904944522855e+00 9.701089786411409843e-01 9.084701477355459076e-01 8.812894111960594135e-01
1.177181842862342842e+00 1.128968773936722902e+00 1.090737796367721835e+00 1.017009087326393058e+00
1.128392671779051115e+00 1.379674394935015869e+00 1.123596717420692892e+00 9.573507017682773013e-01
1.265713917082075257e+00 1.096644898154650605e+00 1.250172434263799426e+00 1.529351308517802543e+00
1.162911180097292885e+00 1.014670988173410837e+00 1.168008932228131291e+00 1.341007558558900969e+00
1.151582830288663262e+00 1.463307289095131969e+00 1.400345568087139281e+00 1.139431543918596468e+00
1.145765491892323906e+00 1.232953353589602452e+00 1.454267802396276288e+00 1.411197877304506632e+00
1.244825963589652362e+00 8.943574854409370722e-01 1.020656010228566668e+00 1.130931608454331716e+00
1.170384946835241635e+00 1.328239141652497679e+00 1.213196962478934937e+00 9.886036121052395043e-01
1.348516279718463551e+00 1.058794976330082127e+00 1.277078837411834700e+00 1.173675816460472365e+00
1.246356352399492273e+00 1.121415801048596617e+00 1.168001734997594188e+00 1.253645547639101299e+00
1.217250360703605372e+00 1.039441744256585309e+00 1.110478878130498392e+00 7.323687439343269379e-01
1.393827148172502195e+00 1.144923227151569023e+00 1.438296211360932775e+00 1.006817340745501443e+00
1.105433876298756557e+00 1.057986906583118669e+00 1.672907710498950262e+00 1.100842813417439947e+00
1.151063687777063027e+00 1.083864198815848390e+00 1.099905242318759191e+00 1.236938618158158532e+00
1.207773363090597352e+00 1.124425269898331692e+00 9.245051750271613411e-01 1.241669588669009894e+00
1.184646757382676663e+00 1.237903540359460042e+00 1.022016874090112104e+00 1.125644063814824403e+00
1.457663071993437809e+00 1.089773833219084720e+00 1.281067815526633513e+00 1.401124604568155130e+00
1.188677681447634749e+00 1.029754177201348098e+00 1.010384765533870688e+00 1.198042819614723475e+00
1.161550928899164115e+00 1.034375234847412450e+00 1.078366286566372567e+00 1.490883354873623556e+00
9.098300635909474243e-01 1.240975857926679193e+00 9.845628776124167869e-01 1.392989874617034163e+00
1.618033974844000022e+00 1.397392986925169334e+00 1.151493586785043544e+00 1.381966000000000028e+00
1.283673698818319275e+00 1.117756604516344732e+00 1.392104186028837454e+00 1.062272275801821930e+00
1.416407851332315948e+00 1.453547889472018184e+00 1.062092513032977248e+00 1.322558299434051898e+00
1.069632300986503415e+00 9.052349210960766168e-01 1.219407304635260703e+00 1.029332768281232990e+00
1.207502780488137528e+00 1.041255628173385350e+00 1.267643740230187444e+00 1.077741219461465505e+00
1.345265506159398106e+00 1.038820930854367663e+00 1.034706854350826433e+00 1.137965868476649600e+00
1.376349884638935039e+00 1.073024069699305638e+00 1.014534261638986079e+00 1.465830897319283288e+00
1.137508878392479383e+00 1.251276207886614200e+00 1.476831276371911583e+00 1.000553678017240600e+00
1.399190320855475678e+00 1.089556506478846609e+00 1.047999717056198321e+00 1.068437944610087564e+00
1.355828100170114014e+00 1.257765561735780135e+00 1.288317065848852527e+00 1.402017790087117355e+00
8.562897407520242421e-01 1.115556792471946057e+00 9.999999820235633274e-01 1.106332612159015572e+00
9.328751087218364324e-01 9.955959072579710911e-01 1.415443645020820762e+00 1.089318107532701196e+00
1.284790837833150734e+00 1.090267203647281580e+00 1.035160734367517765e+00 1.179396375352145254e+00
1.397711378920162062e+00 1.285141181088438778e+00 9.635582116283670784e-01 1.120596480050162880e+00
1.149242251523730607e+00 1.039199455022717267e+00 1.143485659683083799e+00 1.279305269884593921e+00
1.779349345217212885e+00 6.185086921009518290e-01 1.381966000000000028e+00 9.654460384862165734e-01
1.242847212970739967e+00 7.914969301999645879e-01 1.192043639790830722e+00 9.439100111705226448e-01
1.295956182972370030e+00 1.294921886242830666e+00 1.183343217383213020e+00 1.148998435363162152e+00
1.466367823612172661e+00 1.182800289032313268e+00 1.006064936686775546e+00 1.225363224699185682e+00
1.198521364361055497e+00 1.181338776171511062e+00 1.222691165320150875e+00 1.421603814719411663e+00
1.409919598735918989e+00 1.132457050219553008e+00 1.233598463490588104e+00 8.234461336587979297e-01
1.397262993274946297e+00 1.268482058915717747e+00 1.307811441080331205e+00 1.102293320993918080e+00
1.107074859900091912e+00 1.064709366144897640e+00 1.171771943022253737e+00 1.291566863027451495e+00
1.312549048264116225e+00 7.522375881096927674e-01 1.083718323394905703e+00 1.292960729629538896e+00
1.086237500179967341e+00 1.370266904453922852e+00 1.440485383573178346e+00 1.170025084746093569e+00
1.444606014598690980e+00 9.972391821584047911e-01 1.050636064241283085e+00 1.363477055360058809e+00
1.191061041021703293e+00 1.432113610572122830e+00 1.252745643118585939e+00 1.147069305548088947e+00
1.527864028826210641e+00 1.128918991775749614e+00 1.286101247955931060e+00 1.446327940546424218e+00
1.154087477200813838e+00 1.221970154169594425e+00 1.162941752562725917e+00 9.426858821375099229e-01
1.067704705198596171e+00 1.119203473721169351e+00 1.207353184116504385e+00 1.105745753576930834e+00
1.418012331632989564e+00 1.108707993893595312e+00 1.192445788906852044e+00 1.057464492901556197e+00
1.138997027199737833e+00 1.189145463462135677e+00 1.072105546902170303e+00 1.307999547442664445e+00
1.297119833641992015e+00 1.234273435969392541e+00 1.237112967915041883e+00 1.208129379480650911e+00
1.102491812080495848e+00 1.006126143406701035e+00 1.064516159677653562e+00 1.231999829648115385e+00
8.854348422459381585e-01 1.027809466978716113e+00 1.240844535912845270e+00 1.573500786219195202e+00
1.206353643924703789e+00 1.056048819822566154e+00 1.099392455583961592e+00 1.064917246210652646e+00
9.292325325556628490e-01 1.492104713876581723e+00 1.130577150308745171e+00 1.128722051072331700e+00
1.257834043759229470e+00 9.419316839314570977e-01 8.099882454565131562e-01 1.298396794609781635e+00
1.413161850828565047e+00 1.448139682931757655e+00 9.098300635909474243e-01 1.433744976742036492e+00
1.378057468093280225e+00 8.956992914110657455e-01 7.653783377697325196e-01 1.266069182304717433e+00
1.235210553526474575e+00 1.031508606615499035e+00 1.414535893944638412e+00 1.095493115676358986e+00
1.022247048419355098e+00 1.156747404277273628e+00 1.137374863161750849e+00 1.032670301813280567e+00
1.312397925961803713e+00 1.261585646945598160e+00 1.053324536903970765e+00 9.184880047717387530e-01
1.469252201488838505e+00 1.168766410298406555e+00 1.030051636737751464e+00 1.239119206734289769e+00
1.385722333938456119e+00 1.050636464488277522e+00 1.236067974843999995e+00 1.186774888999584610e+00
1.419476270418934316e+00 1.195235303352727652e+00 1.183002487351549892e+00 1.485933774123644024e+00
8.716006655695371919e-01 1.195809116685849327e+00 9.906019172421830499e-01 1.060488741595429163e+00
9.768355126930231558e-01 9.302548066156681728e-01 8.804027627932895506e-01 9.679345121694513665e-01
1.139443126725628863e+00 1.115385338612556954e+00 1.267467815962193933e+00 1.377539627871707140e+00
1.099025505905337985e+00 9.637686288870292994e-01 1.189982815169413399e+00 1.006272464522090182e+00
1.305743174982300747e+00 1.064994945111410907e+00 1.080039767318039301e+00 1.365267629296316620e+00
1.195153309246534512e+00 1.260218749978914810e+00 1.036294522277168229e+00 1.211254540046354577e+00
1.232430340655847445e+00 1.157778875837013777e+00 1.144192759010878468e+00 1.275586706661400616e+00
1.032207605700883546e+00 1.271825511457758795e+00 9.978501635221302957e-01 1.376590679847855991e+00
1.267608408861679026e+00 1.084037514896062815e+00 1.376658135448699971e+00 9.820994878054473132e-01
1.116585736983379151e+00 1.027813219165117919e+00 1.044264052821470168e+00 1.226738800776562499e+00
9.654604872310099672e-01 1.250721938145290979e+00 1.173092598975379763e+00 1.583681905058046846e+00
1.326237901644315764e+00 1.034847043193895644e+00 1.540019795399252267e+00 1.216661093327179310e+00
1.090657338828496803e+00 1.362528184764028705e+00 1.376990998082101569e+00 1.032853726787094528e+00
1.288278701631841994e+00 9.900000008286401476e-01 1.122809161050760007e+00 1.296457606471338231e+00
1.241750247847960953e+00 1.047563627841935574e+00 9.494609992854017300e-01 1.042803303669529669e+00
1.000492391803624592e+00 1.134838877597212470e+00 1.298664174238460811e+00 1.153834474685805356e+00
1.308992059090135829e+00 1.066136139258856197e+00 1.486896513397109487e+00 8.585805876593524122e-01
1.292095730047608804e+00 1.143344773099261635e+00 9.742944506170265750e-01 1.140891257039724049e+00
1.180711275506496127e+00 1.248358666525054561e+00 9.877378318196839979e-01 1.086887627505375820e+00
1.257633579810760960e+00 1.022200138941045111e+00 1.311568293164651511e+00 1.369382158277099748e+00
1.213295409925860602e+00 7.611092193587520871e-01 1.180559944895364755e+00 7.082039327388416350e-01
1.346544102196752135e+00 1.287435461500919587e+00 1.117124305176916410e+00 1.178053553267760734e+00
1.187848932411261771e+00 9.722828303123910443e-01 8.641019652452632815e-01 1.396075701136711977e+00
1.348214777422585442e+00 1.337542375847483367e+00 1.211138696673210280e+00 8.310874542682447075e-01
1.147147915490898340e+00 9.757919065195156394e-01 1.427737679072193178e+00 1.125745866757397851e+00
1.406054860622216740e+00 1.201572576841879680e+00 1.272556116993447617e+00 1.073471138212894971e+00
1.244768399970393791e+00 1.066632306596390745e+00 8.490769671431619425e-01 1.453307590983269115e+00
1.062071197987584092e+00 5.055047296167043402e-01 1.010273260841171084e+00 1.185714341073427658e+00
8.655138183302073518e-01 1.146514167653514438e+00 1.068022680059484975e+00 1.285005944208003070e+00
1.213190193792464511e+00 8.835363500683115490e-01 1.194260682298788234e+00 1.294354939840624219e+00
1.092911056037914941e+00 8.733790732157435954e-01 9.922337273211805364e-01 1.049345662127368017e+00
1.441723147466474009e+00 1.070132920520054043e+00 1.219683171885145079e+00 1.129109888347075819e+00
1.097342746317056195e+00 1.272155783717925148e+00 1.306903145856415316e+00 1.182649169204265771e+00
1.381966000000000028e+00 1.381966000000000028e+00 1.194184330067071365e+00 8.141011426477051671e-01
1.141136620481365993e+00 1.184199279295774954e+00 1.513186885880198229e+00 1.225103124789654441e+00
1.305174060825636140e+00 1.134410771689048580e+00 1.116489737517231795e+00 1.560636010087592895e+00
1.416928908954895538e+00 1.177430278181945011e+00 1.085875847078098255e+00 1.445269310482813818e+00
1.228221851268466835e+00 1.341234397217587970e+00 1.059958488549405775e+00 1.251719134735470140e+00
1.251739789962309057e+00 6.763101005404160704e-01 8.289102492468205519e-01 1.275360305824614793e+00
1.112707267538063149e+00 1.059216490567600255e+00 1.114034861490133421e+00 1.041279535880459406e+00
1.677938770190090079e+00 9.329996071683759329e-01 1.161387233708214728e+00 1.221875984641404678e+00
1.291971553254516847e+00 1.295625700590957274e+00 1.299724617720164677e+00 1.348471410469815668e+00
1.311556103813565022e+00 6.478060061880706044e-01 1.269810250967606802e+00 1.025316994756801492e+00
1.523287710235198045e+00 1.096558482721725847e+00 1.112010034482962872e+00 9.975832809964828574e-01
9.403424819359411657e-01 1.182290678284148688e+00 1.163622489805883564e+00 1.137797292693556672e+00
1.315279267481892056e+00 1.044226277235978273e+00 1.161107524183033535e+00 8.435636656767363517e-01
1.253609088003994287e+00 1.146045094841850132e+00 1.097070954780123397e+00 1.167454298896342779e+00
1.292256341299152789e+00 1.134638950333601404e+00 1.422910546433981516e+00 8.583223946808042903e-01
1.215000694031588058e+00 8.418480323182414571e-01 1.288177504770072535e+00 1.125789064577666698e+00
1.094404615344293452e+00 1.048078423827524475e+00 1.147549210856783963e+00 1.278181269401680531e+00
9.740162151375968413e-01 1.006102563893435331e+00 1.217249029613862721e+00 1.033585009834812940e+00
1.154886529500076309e+00 1.265234901692823932e+00 9.882268908729738843e-01 1.485432325182346247e+00
1.098738064625724986e+00 1.185735217915679929e+00 1.122727247496347669e+00 1.188045948843713395e+00
1.235370214666795308e+00 1.174462857723255205e+00 9.290302231144673684e-01 7.639320347647367004e-01
1.022036348271059936e+00 1.490172250305574986e+00 9.936878616542026421e-01 1.172353430826714504e+00
1.406106815937837151e+00 8.990561375879573269e-01 9.334344547727914110e-01 1.149330998005881677e+00
8.046634461633670465e-01 1.145898025155999811e+00 1.339979689705822707e+00 1.178072288250314292e+00
1.028375065828219359e+00 1.116109362475709466e+00 1.243816957079912244e+00 1.298914725534479286e+00
1.122592180248392024e+00 1.340390409804291139e+00 8.777530125433076202e-01 1.189484767965326206e+00
1.426869584799252966e+00 9.742779625135812305e-01 1.492474302175816003e+00 1.206546747334146907e+00
1.211397238555075084e+00 1.111947487138634783e+00 1.277140937886817929e+00 1.548377842817127092e+00
1.256876839406737112e+00 1.478610493572490414e+00 1.005719763966212987e+00 9.739364258832767796e-01
1.275812888269163059e+00 1.186820932247804050e+00 1.246689429528902826e+00 1.042312374363570493e+00
1.297168309316260704e+00 1.364526948801380923e+00 1.178213268693825810e+00 1.388871756239210997e+00
1.432415454327826021e+00 1.371964934980301365e+00 1.247336631706227772e+00 1.348978849134197189e+00
1.028596343645101108e+00 9.730417154551703751e-01 9.899591436539443290e-01 1.260524542557414307e+00
8.454501680326271806e-01 1.031716050110432992e+00 1.239229581874664587e+00 1.229043903054849229e+00
1.185307684053152455e+00 9.390013688381446677e-01 1.381959501650978472e+00 1.319438769322016203e+00
1.131318718527728029e+00 8.390011562610504292e-01 1.209080945124511697e+00 1.416116995150853430e+00
1.293228893324054329e+00 9.951870077901298073e-01 1.415302098173104817e+00 1.209282014899834223e+00
9.982098862799479999e-01 6.332487236225816662e-01 1.289888988945262494e+00 1.050116515155300689e+00
1.227705442211183051e+00 1.130355336085484996e+00 1.244456172273100680e+00 1.161197057720022130e+00
1.073869269998853460e+00 1.090341842004342920e+00 8.007717334067888659e-01 1.254941267123915960e+00
1.183505186657839658e+00 1.020207020792105013e+00 1.286608460584542035e+00 1.213194684191179151e+00
1.486423519079276501e+00 9.102220191051367815e-01 1.056674350733112222e+00 1.219061495055146160e+00
1.095402512345371226e+00 1.214765657362613327e+00 1.211724667462908078e+00 1.335680634082495821e+00
1.139146047540840145e+00 1.103805424436020033e+00 1.022943205619777141e+00 1.008408525100048525e+00
9.793226252195855741e-01 9.503076342399856546e-01 1.247603796185272174e+00 1.068834373420116002e+00
1.477350125562556293e+00 1.046904341360416435e+00 1.276685367866163157e+00 1.010492576547752375e+00
1.051790680936206979e+00 1.221542739437935454e+00 1.376514685673042582e+00 1.540971395239401964e+00
1.172453805767329271e+00 1.236067877335877530e+00 1.161248885863140901e+00 1.150687506892577927e+00
1.046646237459398776e+00 1.026697297560120292e+00 1.137406230263589890e+00 6.407710237456829550e-01
9.364763355889207386e-01 8.139409054983250957e-01 1.451028649105021273e+00 9.064695648075691281e-01
1.169141804471823809e+00 1.625222401147332185e+00 1.327463838746830493e+00 9.669409426485279235e-01
1.036927615973825878e+00 1.449747619175294044e+00 9.758106241187902707e-01 1.240568032051152070e+00
1.329852900971111307e+00 1.176901826328175193e+00 9.818217899110239788e-01 8.357978714723584002e-01
1.365424076050578028e+00 9.797966511736863060e-01 1.445683208800033093e+00 1.282184328628088732e+00
1.271208540248319085e+00 1.134592036128293069e+00 1.187823755950991433e+00 1.017421772439149663e+00
1.146635850444832405e+00 1.023365530545108371e+00 1.291491744290303334e+00 1.279437389021809368e+00
1.606606112712853029e+00 8.423701463498625142e-01 1.236067971173789193e+00 1.044876506772248526e+00
1.248899014612486091e+00 9.273768928996399818e-01 9.197164232686454444e-01 1.370593489720653535e+00
1.186547874298838678e+00 9.189652105202947840e-01 1.184031735054270174e+00 1.119928289943708410e+00
1.291832501106517483e+00 7.770876540854702030e-01 1.068815111583847344e+00 1.237691357812188198e+00
1.411301955944439079e+00 9.258784495983741758e-01 1.214780726833410096e+00 1.324588588025608971e+00
1.355571615818136122e+00 1.410987448716795267e+00 9.735839540683741689e-01 9.136248815772787246e-01
1.263224860398899141e+00 1.002443483187041018e+00 1.086006103314497651e+00 1.024715319632228283e+00
1.556134811906185300e+00 1.436860117460472930e+00 1.204043892449334852e+00 8.723458926360903032e-01
1.189771022487739138e+00 1.088344886639700526e+00 1.159600453729280334e+00 1.296023830304917190e+00
8.868803530397473267e-01 8.925282596233677923e-01 9.549583115677154899e-01 1.105095357677331913e+00
1.369014921961556386e+00 1.196043527360640901e+00 1.343943045486575505e+00 9.907461175730838399e-01
1.549375411293719251e+00 7.207195815294327179e-01 1.220052098054608569e+00 1.212688856145958338e+00
1.199840481735961362e+00 1.303977213688544134e+00 1.592231821802163161e+00 1.109138409531735370e+00
1.049047975082062045e+00 1.071813079329040130e+00 1.284773841313213261e+00 1.089960781994419703e+00
1.406076299648638894e+00 1.113540560318751815e+00 1.057112817196057764e+00 9.638844537756094955e-01
1.211285377115019601e+00 9.927181516983696330e-01 1.164332492275047315e+00 1.381966000000000028e+00
1.131937626947596476e+00 8.976472826636106017e-01 8.753882127941080560e-01 1.280261767190137290e+00
1.448912299006143822e+00 7.924925713349721956e-01 1.190920753462062498e+00 1.291893406624904816e+00
1.335137885355194287e+00 8.027911725020998590e-01 1.422014486147876511e+00 1.088893581410893319e+00
1.084889527530904285e+00 1.031305616279688087e+00 1.341379507396429194e+00 1.024298430367982515e+00
1.209157969614977679e+00 9.307217443568528426e-01 1.387179537535310203e+00 1.313880811417902361e+00
1.318533472846696197e+00 1.022991311819622551e+00 1.290697855079174561e+00 1.256352661328266729e+00
1.044720563482382403e+00 1.163524538378362339e+00 1.004139882309244669e+00 1.281627344310561689e+00
1.327262854352599941e+00 1.104350905587099252e+00 1.415732184065331412e+00 1.199197833280621239e+00
1.457049185555708171e+00 6.809981184545815802e-01 9.402793636055293280e-01 1.067873539325433940e+00
1.064830305507871167e+00 1.071873098230854193e+00 1.008967925278126732e+00 1.569744129068574079e+00
1.326237914923263261e+00 1.189535542779841304e+00 9.713698535728769734e-01 1.243347933129515859e+00
1.194536129051933848e+00 1.004133411268833598e+00 1.313007643898796095e+00 1.027310761231288616e+00
1.183085850848037524e+00 1.263429606317804099e+00 1.085535319782668928e+00 1.070606371954062830e+00
8.883835918321068004e-01 1.444792429163699321e+00 1.067475851731913838e+00 1.137533362720745345e+00
9.225698217076221397e-01 1.138648046895339938e+00 1.028045402859121715e+00 1.262625488850533717e+00
1.193940383863030474e+00 9.258504311863374747e-01 1.159228861006614153e+00 1.051032811553659130e+00
1.199205120820679760e+00 1.120106640858481439e+00 1.172814349763633635e+00 1.041661261191688670e+00
1.258472266920857230e+00 9.539890606657810412e-01 1.437373168834942483e+00 1.407823768391197161e+00
1.164484376101379004e+00 1.168112917368731685e+00 9.850201368888413800e-01 1.312406074912668030e+00
1.209977088863124273e+00 1.224803002293261223e+00 1.197718150768629641e+00 1.340831466094715818e+00
1.212925794425126824e+00 1.173800121432158949e+00 1.289787186796843788e+00 1.000697721336319512e+00
1.289162650517393427e+00 1.024043888984485395e+00 1.056311602219043522e+00 9.156978245390731130e-01
1.335105841810835914e+00 1.068535532995990467e+00 1.006969154917048082e+00 9.315874070372225368e-01
1.418358129667773637e+00 1.235831775582562742e+00 1.224583188594942751e+00 1.030752360249568955e+00
1.206711601506727183e+00 1.046168670332237927e+00 1.014936563989150109e+00 6.608563961941655851e-01
1.208934055297507859e+00 1.174330396373475471e+00 9.956346472754117327e-01 1.306164055770132393e+00
1.343471484514451308e+00 1.014979644430523242e+00 9.493966306034290481e-01 1.393260536565295249e+00
1.454847454838522403e+00 1.121390767945480427e+00 1.147125317260302646e+00 1.070072346252751494e+00
1.634214314602439710e+00 9.098300635909474243e-01 1.488631269819517433e+00 1.125893928396416221e+00
1.271123463584339364e+00 1.095780180162178485e+00 1.340312811525281589e+00 1.164129780317010976e+00
1.175450812754717411e+00 1.191788424361450272e+00 1.362944323696848370e+00 1.011372489077977832e+00
9.478856225700591498e-01 1.153758361136725474e+00 1.000145706674830048e+00 1.391966000010000037e+00
1.113541652360683809e+00 1.000964202078217014e+00 1.056587847970117844e+00 1.161370045005087448e+00
1.251788143388306684e+00 1.432522516668509605e+00 1.081180930174025834e+00 1.132085838484212514e+00
9.876796165508634484e-01 1.333935416871248947e+00 1.359476200629862852e+00 1.137478652678207469e+00
1.071935278960935989e+00 1.242683797765885334e+00 1.145772583455962224e+00 1.399759639322809557e+00
9.904639264765670026e-01 1.436166943631913995e+00 9.519345607386812125e-01 1.404432228774821878e+00
1.372001788465655681e+00 8.515090409102266111e-01 1.035279500897035021e+00 1.066653865400870149e+00
1.501559628295876303e+00 1.235812076819033711e+00 1.191605406466987649e+00 9.458793884765960280e-01
9.704682275024213434e-01 1.221341752364888622e+00 1.328671823394885321e+00 1.321370535136682678e+00
1.081424214855887245e+00 1.326237938677367501e+00 1.208337084222395941e+00 1.153063362739380926e+00
1.166247272497033638e+00 1.456314500598777650e+00 1.037950011639179770e+00 1.099579824542719075e+00
1.409189142903946923e+00 1.103942388125101148e+00 1.033653886334252592e+00 1.144306697781727555e+00
1.038405468046370128e+00 1.317959112863965832e+00 1.003732369930444124e+00 9.713725091433746961e-01
1.263297774590516287e+00 1.481461837103426715e+00 1.161845864211644486e+00 1.066126259905954221e+00
9.844214481508606340e-01 1.257354208588420841e+00 7.413308265809732678e-01 1.121155607127103826e+00
1.238445328584996563e+00 1.036794118574538626e+00 1.177271723582570484e+00 1.015270623388350835e+00
1.343255429081182672e+00 1.146796956263531175e+00 1.117906420052511951e+00 1.208249745929360186e+00
1.434180629376523353e+00 1.135320564408591970e+00 1.439914639652284611e+00 1.175689452658536416e+00
9.239930629817727503e-01 8.469941352248840927e-01 1.234119915236238763e+00 1.136489781619135275e+00
8.471993737450322914e-01 7.483711948700255689e-01 1.403383848476093876e+00 9.854981408185568004e-01
1.176332810267471940e+00 1.319876540338987603e+00 1.243597300875095568e+00 1.093806797429469846e+00
1.330210780744168986e+00 9.671606403344251701e-01 1.016567624405482206e+00 1.032460753713528412e+00
1.229038927816970661e+00 1.208594774557659735e+00 1.183722838222719620e+00 9.552192333769686794e-01
1.040060310861479209e+00 1.205851796923366637e+00 1.367250248773067556e+00 1.356922197170163269e+00
1.135596911854992452e+00 1.021654962088027307e+00 1.356261555989009882e+00 1.461794168111044678e+00
1.181987240224454005e+00 9.133263653777516922e-01 1.530451647081266353e+00 9.047965233155048637e-01
1.149156517709034597e+00 1.079722904914576231e+00 1.285115232797001461e+00 1.097942920046495852e+00
1.210928870409678559e+00 1.178742002551929735e+00 1.591278331154901693e+00 9.744026291194058942e-01
1.262035385030390700e+00 1.133282511060470066e+00 1.383014373961959587e+00 1.209060356003900161e+00
1.369499731539563836e+00 1.028621056181489912e+00 1.024165301776307935e+00 1.211059001170456950e+00
1.702009557389180916e+00 1.242999622243029290e+00 9.661491260893592115e-01 1.362855314422523723e+00
1.505503323817163119e+00 1.048007486233835994e+00 1.171357837569662719e+00 1.257100743763833295e+00
1.237991521263822392e+00 1.243390769247045613e+00 1.400166102014755332e+00 1.003774131340973153e+00
1.494826700465477387e+00 1.071161059428423767e+00 1.430806901148382382e+00 1.417255205551817276e+00
1.236274763874236848e+00 1.356723994227398089e+00 1.358550723745811206e+00 1.016323126300601398e+00
1.090888122861477072e+00 1.123854126920395657e+00 1.279472414473743047e+00 9.313130308454545814e-01
1.135695948136477451e+00 9.068890074378862520e-01 9.955707378966333065e-01 1.181995022818179253e+00
1.248734235863518505e+00 7.787661449799319069e-01 1.579975750041459515e+00 1.227407888511412137e+00
1.207211351751787287e+00 1.164048684997632588e+00 1.481199464632141360e+00 1.249272761878483573e+00
1.320415207687243520e+00 1.352303574385715468e+00 1.137524903885242411e+00 1.233847915565867481e+00
1.411245909489578398e+00 9.009101599779485436e-01 1.176401539782301553e+00 1.108821546504119127e+00
1.067404439758336654e+00 7.755712222841790737e-01 1.061768105765689363e+00 1.316044098865216450e+00
1.062765098974218114e+00 9.826536009963803275e-01 1.193219351926732008e+00 1.105906914532269969e+00
1.061333751559937477e+00 1.051194385037497181e+00 9.999227693774889181e-01 9.323085997341412634e-01
1.377592598972177784e+00 1.111751921319736658e+00 1.186703950806883512e+00 1.551211874805410007e+00
1.099595578244930927e+00 1.545486427284138209e+00 1.644698657159339827e+00 1.300671088452199697e+00
1.140056162646253091e+00 9.918965680116101913e-01 1.194161275958242285e+00 1.093013358767670695e+00
1.327613991850554287e+00 1.237199092837284020e+00 1.224928361068598814e+00 1.198718113045042388e+00
8.541019771123148363e-01 1.225524960628724402e+00 1.023700480613904062e+00 9.613538724193904095e-01
1.066131018239962369e+00 1.254865204022633129e+00 1.072684410933574028e+00 1.444921239610911901e+00
1.439441458645601468e+00 1.198099002631745735e+00 1.561287218492710238e+00 1.306307364412224281e+00
1.413691832468773057e+00 1.050185412962963305e+00 1.352617240641719176e+00 1.039058755962545932e+00
1.326496548123208274e+00 1.019121336926105847e+00 1.343920753981898031e+00 9.812468600705346322e-01
1.446751694454041060e+00 1.088006337736807438e+00 8.722127044450637134e-01 1.222561884360912954e+00
1.348441702915367468e+00 1.103018762848060108e+00 9.171958449058812413e-01 1.147891370350117679e+00
1.025464864921983965e+00 1.081511378211138297e+00 1.174668724416893850e+00 1.132207839265543914e+00
9.695888452347261044e-01 1.128279140291643889e+00 1.002183468569155744e+00 1.422490412019345563e+00
1.133663927887081035e+00 1.309178614975389454e+00 1.232721123337115365e+00 1.143459440276756611e+00
1.348309244001363760e+00 1.363836758032490604e+00 1.094931064694731893e+00 1.377872488133196072e+00
1.179922138412667909e+00 1.218226310549813451e+00 1.339143273644958665e+00 1.438019997573356745e+00
1.064213373019357478e+00 9.816773554946542912e-01 1.021648525650521000e+00 1.168991174018070955e+00
1.210901512071817621e+00 1.068949232344441391e+00 1.109041694641483611e+00 1.108846315707744612e+00
1.166382561984343313e+00 1.226925321627383214e+00 1.013310284008242190e+00 1.265985551288447475e+00
1.002689831669218101e+00 1.170401995117959615e+00 1.213519277535547003e+00 8.776435362485637270e-01
1.465106748852832208e+00 1.085246365249620037e+00 1.146725299543926546e+00 1.258775692858870032e+00
1.052215508502345909e+00 9.569426688113125135e-01 1.296007421063460008e+00 1.583061882080698091e+00
1.592843712184653260e+00 1.233569707213443722e+00 7.676964063562992102e-01 1.153886333287954313e+00
1.127154414854214526e+00 1.084986912434114270e+00 9.707005074788611632e-01 9.306005976561596560e-01
1.267180704654256918e+00 1.084754566993519909e+00 1.192229427086418214e+00 1.047451562394498881e+00
1.098907692127782942e+00 9.297779893858690858e-01 1.231845209241630323e+00 1.227456089754911162e+00
1.159311526061877151e+00 1.093572990923246779e+00 8.848571446869355483e-01 1.081743201998507375e+00
1.188719054656271812e+00 1.272034194129744833e+00 1.035497090383358021e+00 1.319307527279139691e+00
1.036290576852523015e+00 6.729298885666563645e-01 1.264081549064186127e+00 1.104634097835614615e+00
1.327909435474605271e+00 8.062169596511523650e-01 9.981615823301881463e-01 1.124762492215028109e+00
1.044174900311894527e+00 1.295439612846023492e+00 1.102529772291164001e+00 1.157551468561157426e+00
1.471981522407942222e+00 8.046135057293837267e-01 1.248496942244114116e+00 1.195894604151678031e+00
1.299290666522940896e+00 1.564265073613740231e+00 7.863083256468655913e-01 5.796963306038371844e-01
1.267841192841100195e+00 8.217727388423194945e-01 1.138810669222239502e+00 1.200460546489787506e+00
1.282167297236410652e+00 1.017322457413181169e+00 1.096842392955933887e+00 1.163039944288447591e+00
1.342634766605316887e+00 1.070074683054729414e+00 1.521811190411740844e+00 1.589048386689869696e+00
1.677664302268378815e+00 9.999999375804174973e-01 1.339786646169257134e+00 1.308502656927807539e+00
1.452504976069521669e+00 1.037597014510451165e+00 1.204150065005453296e+00 1.307584444816280111e+00
1.112940203771861869e+00 1.136509910567342185e+00 9.844950411427082493e-01 1.250572458886882288e+00
1.250830473359247685e+00 1.044763697855265683e+00 9.833341341227472832e-01 7.620981343736211722e-01
1.363035116862311824e+00 1.312740198384121149e+00 1.049492809201929777e+00 1.098452186038049838e+00
1.477983834609875702e+00 1.415426894585034345e+00 1.131628672447480222e+00 1.341805271918222742e+00
1.026741902753968594e+00 1.009055759620806958e+00 1.291697051750759773e+00 1.157099821549591345e+00
1.169081959690050576e+00 1.053139718010723591e+00 1.102787033617875334e+00 1.076634042981943651e+00
1.072322270929433774e+00 1.333683612860739220e+00 1.386990988483364440e+00 1.213917564138616623e+00
1.238422903448099133e+00 8.155348005891001062e-01 1.171919215987797580e+00 1.468150616035575506e+00
1.052282346477910746e+00 1.251150417331649667e+00 9.718379804104249065e-01 1.106374467988904930e+00
1.236299570680569060e+00 1.459594083729633507e+00 1.444268887857669492e+00 1.065099507518926458e+00
1.195665242133315598e+00 1.257528683192967511e+00 1.311396846485443302e+00 1.183553737664743366e+00
1.411295101662415563e+00 9.900684536665468327e-01 1.122519204630962442e+00 1.122643147929195839e+00
1.456012611529120315e+00 1.568262262078232050e+00 1.207301745474316457e+00 1.027618309517064343e+00
1.282396808964988644e+00 1.386733999879108836e+00 9.123145447575453648e-01 1.222453326065556567e+00
1.233319906501101348e+00 1.080285002920065018e+00 1.117882683228616614e+00 1.282020746916471277e+00
1.002390398220912582e+00 1.265587780031230514e+00 1.176188465659276927e+00 1.409622670676149880e+00
1.070262606313493237e+00 1.249026010490541960e+00 1.056762377725315449e+00 9.125003118513101974e-01
1.568480032713451600e+00 9.337528840980273692e-01 1.081224201072382041e+00 9.400189661842296429e-01
1.172153729698296454e+00 9.058026499354542294e-01 1.006350861664902840e+00 1.063152492950925287e+00
1.183966499104235570e+00 1.152346062254650860e+00 1.058487265889965778e+00 1.267559394980587006e+00
1.500953730528864494e+00 1.158975750923606274e+00 7.665831460531242758e-01 7.537724508304519677e-01
9.148847419979918572e-01 9.988189018803137476e-01 1.138255869678463039e+00 1.072949071755798789e+00
9.658942865809080347e-01 1.390581433181175885e+00 1.376154088007094156e+00 1.249873496548735696e+00
1.377285268317768985e+00 1.143123475105549458e+00 1.357652716145333338e+00 1.001049441014358221e+00
1.063832912050298285e+00 1.035557061612953245e+00 1.345782465586580212e+00 8.719297431078547600e-01
1.173808253784149214e+00 1.000240800278205278e+00 1.192172941451283830e+00 1.108483444052558609e+00
1.199209840366027624e+00 1.181801609607258330e+00 1.082161226078186544e+00 9.660661563598773593e-01
1.204302233105258413e+00 1.248821606676707496e+00 9.053508242326573363e-01 1.302418135877651206e+00
1.185324850186900258e+00 1.201150647488801848e+00 1.250296535890243366e+00 1.043657010718161748e+00
1.222551411376800345e+00 9.937488373548304388e-01 1.087064353225869473e+00 1.078587484401141605e+00
1.071702251029131636e+00 1.572105279917784371e+00 1.217199915102074259e+00 1.187214697894190651e+00
1.122588704447042840e+00 1.007695677220306729e+00 1.146786052790374377e+00 1.212826496524996411e+00
1.472135942347578386e+00 1.077718874314784747e+00 9.773300531103937816e-01 1.096479398541554406e+00
1.164551654258589419e+00 1.128400415746082741e+00 1.080789193620558475e+00 1.148022128225394844e+00
8.242833382964753763e-01 5.767742779250923935e-01 8.682648683103426634e-01 1.602385957548676965e+00
1.013680211233199069e+00 1.409664824994058874e+00 9.862777782163036910e-01 1.091050356145578659e+00
1.519897180371920342e+00 1.287634905759465154e+00 1.561346071643439082e+00 1.033390160399517255e+00
1.363303108506883632e+00 1.299823108170033770e+00 1.253626028677053750e+00 1.267298655661800000e+00
1.033352505505731767e+00 8.706860064739478933e-01 1.280470618294094587e+00 9.655581500695797903e-01
1.175388192046074254e+00 1.012636330861924394e+00 1.344030232488570675e+00 1.248225626552547984e+00
1.291099398317800517e+00 6.430521673100455526e-01 1.331089117620487983e+00 1.548685701852027030e+00
8.575090974487116213e-01 9.118112121013385307e-01 1.377680331134588210e+00 1.485791013301645647e+00
1.256326212769971029e+00 1.242977952762960747e+00 1.402851593775135797e+00 8.678032109401054850e-01
1.268727405581764334e+00 1.137682216071415953e+00 1.123885658454264025e+00 1.154284105159366192e+00
1.163926586544351771e+00 8.344502689984205634e-01 1.449014725955703353e+00 1.069749450431301874e+00
9.052976311334368642e-01 1.124781440725367787e+00 1.273409155034748164e+00 9.900289419875389907e-01
1.185146428458149437e+00 1.117464714486626098e+00 1.179332963984030647e+00 1.023137751272845675e+00
7.029876711907341313e-01 9.163585347496269184e-01 1.347675740430372082e+00 9.796595485977501738e-01
1.538847608968583414e+00 1.369681801341196881e+00 1.478714810364799348e+00 8.473745988122437511e-01
1.284020710655959796e+00 1.365590704287290569e+00 9.024364618675118077e-01 1.149920376045510340e+00
1.152108393850912238e+00 9.331221771806341714e-01 1.445482902932145208e+00 1.171655199560868832e+00
1.196547283286189423e+00 8.535575134714100676e-01 1.323968056991446485e+00 9.807328552158233181e-01
9.411578660552943898e-01 1.056896074394728657e+00 1.529096341230693046e+00 1.288542623714314939e+00
1.292803745110731928e+00 1.162860856789947661e+00 8.495765542742964582e-01 9.139118055264559004e-01
1.118372498634125689e+00 1.163033498751480987e+00 1.188762886119620665e+00 1.293252954648071773e+00
1.383959934579327200e+00 9.591493529304456755e-01 1.031802711621240265e+00 1.065108015991739432e+00
1.011960541582357376e+00 1.336328302022995684e+00 1.142055857671398833e+00 1.231236370386280310e+00
1.232991999747646394e+00 9.845860217491498867e-01 1.258350774951578099e+00 9.110359307147752883e-01
9.659663827701643335e-01 9.854533334988402338e-01 1.326237914923263261e+00 1.164101484559310951e+00
1.197772109093958592e+00 9.712100127332039534e-01 1.135312601526785148e+00 9.973028322297023962e-01
1.100829753663887578e+00 1.265044334382321001e+00 1.439701776314095127e+00 1.007754505061364103e+00
1.177312689923930344e+00 1.116139642833841927e+00 1.013500574904619311e+00 1.192172707575387847e+00
1.155780777491742795e+00 1.178544689022889003e+00 1.148274872404925429e+00 1.067722855414119376e+00
1.289863327828523865e+00 1.279334309232092126e+00 1.239877012951233093e+00 1.129566192236994393e+00
1.000644867197329591e+00 1.043040393923894360e+00 1.371705642380598444e+00 1.304475996121084336e+00
1.138493798484541575e+00 9.714938925589555740e-01 1.244545820358414101e+00 1.052750890527410110e+00
1.153599605655990068e+00 9.268893131758730863e-01 1.517144986628891745e+00 9.167866905832895430e-01
1.125397440304083174e+00 1.347167604133733487e+00 1.617317476984478697e+00 1.084688062960165400e+00
1.131569850951735345e+00 7.991104044099996973e-01 9.930487281916292597e-01 1.167908455999829176e+00
1.131602424948388252e+00 1.100652519236146709e+00 1.296822254641678995e+00 1.253282492280270999e+00
1.207135740311390704e+00 1.189963930973210182e+00 1.081864822187316388e+00 1.248255689914038458e+00
1.214234509687932340e+00 1.221297257587965701e+00 1.226132863601553824e+00 1.095445077854015459e+00
1.173174116069756634e+00 8.756934905200622898e-01 1.038364964227254106e+00 1.022004145616605575e+00
1.092455472163807340e+00 1.015413448026209808e+00 1.362640574296500429e+00 9.740544158349732085e-01
1.406317262711265448e+00 1.128613702816831488e+00 1.042580593254471832e+00 9.809426105058427492e-01
1.237917968085112674e+00 1.203150197704760505e+00 1.142155470439502718e+00 1.211449009410384692e+00
1.222997570518542076e+00 1.117826329539218566e+00 1.217809859025391184e+00 1.174572747950880958e+00
1.261898922470177986e+00 1.371242028742112096e+00 1.201944754613364807e+00 1.116615824008775348e+00
1.235451384120377361e+00 1.408609506237152420e+00 1.108542619172021126e+00 1.315153011584681675e+00
1.202549114185058832e+00 1.050361390233718106e+00 1.341600963765382959e+00 1.019923822538917335e+00
9.617419857898522606e-01 1.104133793840513800e+00 1.161295092346623647e+00 1.066316118691646553e+00
1.039173241875986475e+00 1.329339702381870936e+00 8.017568021360766961e-01 1.224217114649304605e+00
1.311009049139749472e+00 8.378702887076405759e-01 1.087533055208211419e+00 1.267846177576198441e+00
1.099562805752849481e+00 1.148783526156175849e+00 1.378676275133803308e+00 1.154045404254735452e+00
1.178654145844253875e+00 1.374577045799440622e+00 1.068566171571569079e+00 1.200963754252659221e+00
1.197362482695404129e+00 1.032304401695534724e+00 1.300179049257530917e+00 1.139243342443985174e+00
1.421799284560195442e+00 1.365297867423130418e+00 1.334483804572182297e+00 1.138340085193876527e+00
1.155837792584155199e+00 1.069714345656637144e+00 1.330247055693145608e+00 1.145345192573939519e+00
1.126769759040282759e+00 1.085841000205057805e+00 1.348583881383753846e+00 1.054448457768366154e+00
1.228268662949820955e+00 1.007081098872103064e+00 1.060795547549014062e+00 1.258714018566465809e+00
1.046252872248920829e+00 1.052742702629171356e+00 1.138673375695442136e+00 1.224468005948856630e+00
9.438091857336636803e-01 1.356393382142327297e+00 1.432278181113877169e+00 8.155918027005337745e-01
9.063842658918164208e-01 9.555459772633320137e-01 8.910444612754444549e-01 1.020071598303460947e+00
1.310667723909744620e+00 1.245928047467379951e+00 1.373293898232275323e+00 1.208195411900825800e+00
1.231716006608742475e+00 1.088268677003810803e+00 1.186561544452181316e+00 1.144962324639354323e+00
1.161674229039380002e+00 1.141363493357733461e+00 1.369326818179987137e+00 1.173099600685922450e+00
1.206304948995723159e+00 1.254584585417008125e+00 1.324487689982180916e+00 1.035564394934102239e+00
1.125321727723042509e+00 1.391966000010000037e+00 1.240724162135935060e+00 1.223124392333180488e+00
1.052749510934923416e+00 9.068398267022288461e-01 1.050317756071526665e+00 1.051702901740400486e+00
1.185572725330597432e+00 1.098325052554540271e+00 1.340027282007081766e+00 1.365850220526033665e+00
1.101515397390816275e+00 1.140605097231795595e+00 1.125349919604975657e+00 1.146941553138402847e+00
1.478841358255828853e+00 1.423719523488655492e+00 1.219846545142820871e+00 1.166758040418118592e+00
1.287144927476183032e+00 1.207920782041534302e+00 8.333434538172594941e-01 9.164217792820288366e-01
1.070789924354695888e+00 9.694566752783063679e-01 1.377977881787579406e+00 1.357378185298416140e+00
1.163462745420897226e+00 1.170600245997628797e+00 1.367465870440517595e+00 1.089326116753037255e+00
1.184256471725205317e+00 1.375362929875517004e+00 1.618033912530190577e+00 1.416407851332315948e+00
1.410282022183633854e+00 1.213557896554388948e+00 1.083367685334352126e+00 1.333149478358636619e+00
1.130351192935538984e+00 1.164461188054881635e+00 8.582959122413029718e-01 1.015143121099970847e+00
1.313661350563872121e+00 8.335021992534554780e-01 1.166823185184845180e+00 1.254357283809393486e+00
1.388197363644533500e+00 1.411003851179323476e+00 1.210660939684813364e+00 1.062334337102863291e+00
1.186254840323414106e+00 1.004454186268574523e+00 1.199261384673213859e+00 1.212725677569947536e+00
1.323822551941903569e+00 1.173653955479033506e+00 1.087949156786005345e+00 1.075385582679202701e+00
1.152006640181341135e+00 1.155768532403477433e+00 1.063895305971334304e+00 1.387485551431922648e+00
1.240678783384541184e+00 1.168427281215726588e+00 9.506461781647455034e-01 1.501418348258281243e+00
9.126577155494111082e-01 9.969845531847868481e-01 1.362638555208926405e+00 1.318637047000324580e+00
9.037561854866174027e-01 1.181072192054126502e+00 1.502763209834884872e+00 1.240962452143716588e+00
9.500566367387685007e-01 1.054075371186123711e+00 1.358533432282404085e+00 1.378504195416653255e+00
1.166514061784745371e+00 1.065567641750690075e+00 1.000782992851803055e+00 1.148012388943209450e+00
1.178548642563022053e+00 1.174817754450696361e+00 1.094109247795196138e+00 1.563151773496584296e+00
1.224470258775476994e+00 1.183493804442847130e+00 1.162570987334949457e+00 1.196931727075857488e+00
1.132881752297990152e+00 1.235999574216665842e+00 9.587976224685063054e-01 1.448938821660160636e+00
1.116595803409861087e+00 1.254749486548790927e+00 1.057630344357178620e+00 1.135122594659057293e+00
1.073823688074634797e+00 1.064807940997394731e+00 9.607927329338352695e-01 1.391256847628528082e+00
1.236067974843999995e+00 1.086125773761669411e+00 1.630522627116595791e+00 1.066427858055862599e+00
1.446381904946826280e+00 1.044988026145591942e+00 1.214715448623850058e+00 9.324151964500642098e-01
1.286278077713743695e+00 9.343667861389665097e-01 1.124026947736536775e+00 1.239495372736711509e+00
1.211257621984981547e+00 9.581970199415489331e-01 1.132764380825879824e+00 1.071674573321959256e+00
1.210998260818310968e+00 1.282377185423165145e+00 1.383467261739814491e+00 1.006549761661274855e+00
1.369069645518174339e+00 9.251334646953872642e-01 1.001619274500708201e+00 1.226241950570671202e+00
9.634286996457334107e-01 1.208972089798088678e+00 1.226362773542357898e+00 1.267361033085262489e+00
1.105978754055914504e+00 1.228810372657522798e+00 9.028186678024425760e-01 1.155368368934918788e+00
9.922898412513696531e-01 1.107617253550095660e+00 1.152602657068650505e+00 1.417227748231385531e+00
1.149761319404102755e+00 1.029724118765444008e+00 9.575537739617082655e-01 1.080650630579504723e+00
9.427389337363782928e-01 9.590160271549017512e-01 1.149854588466094230e+00 1.386486957190333769e+00
1.274526118892562510e+00 9.705277514533010574e-01 1.381513824791835932e+00 8.299062681960733823e-01
1.001551657377952154e+00 1.236212607936527430e+00 9.583645119385727495e-01 9.791694166776636621e-01
1.269526754381857581e+00 1.783096422671934134e+00 1.219057031009125991e+00 5.618496716496317323e-01
9.442346953683556920e-01 1.057885496682036131e+00 1.073944783124306968e+00 1.114467321767768748e+00
1.325969723025606450e+00 1.132385596853767273e+00 1.136964367787674846e+00 1.151224283990685215e+00
1.390897639328005031e+00 9.668194319346947729e-01 1.356494218566779431e+00 1.157919558391434789e+00
1.287166145386098748e+00 9.811268444105759601e-01 8.459773430760701984e-01 1.347730239763847759e+00
1.402019798069252365e+00 1.021849995818487677e+00 1.173604563795873856e+00 1.071685687658887831e+00
1.026161324682776765e+00 1.282956268033143665e+00 1.333045929954595143e+00 1.128079563974548005e+00
1.131098935934278904e+00 8.082743277964030693e-01 1.206090522894317729e+00 1.236844839465581325e+00
1.138693226045705886e+00 1.212428308256394693e+00 1.398205062877484917e+00 1.196097350785280122e+00
9.737169639297627022e-01 8.166627953676175444e-01 9.923127245515909189e-01 1.381685966490211248e+00
1.446847904072422697e+00 1.155783233355191841e+00 1.091937274565641491e+00 1.066596482152019965e+00
1.225155786965302473e+00 8.449416878127316011e-01 7.404437588347235755e-01 1.074629540148626106e+00
1.317093414859624056e+00 1.041822211654741759e+00 1.176168531069559320e+00 1.083977653112728090e+00
1.062781724880383249e+00 1.467675536879492704e+00 1.126325469074274110e+00 1.095930676496354117e+00
1.268206032103433856e+00 1.106643315490497326e+00 1.303985240171000148e+00 1.003139880685737229e+00
1.793319878037567427e+00 1.099651544892018551e+00 1.000000025155999950e+00 1.213423547014564008e+00
1.007267537005432034e+00 9.923841653271637808e-01 8.666715173991603738e-01 1.000280102463418030e+00
1.229026703295275080e+00 1.161783735647399451e+00 1.271465078006845495e+00 1.470276443732511096e+00
1.280504701460838168e+00 7.987991675423365967e-01 1.154410018851794062e+00 1.521327394882856510e+00
1.351083701422351124e+00 1.130546515082580417e+00 1.322941330263553539e+00 1.166902636947865446e+00
8.333964527918927834e-01 1.044917676066245749e+00 1.079291091047579698e+00 1.289009979609139211e+00
1.506371420964809138e+00 1.304030757368576765e+00 1.107784583142428003e+00 1.119541486661265406e+00
9.976559525769473913e-01 1.254993017483986728e+00 1.252445958018540528e+00 1.316122014259729189e+00
8.968791453215234633e-01 1.112896510843502496e+00 1.087991250688590261e+00 1.014646192362772315e+00
9.176922967821091737e-01 9.791609755406722737e-01 1.263149745838689331e+00 1.418111011434726398e+00
1.282922057309433095e+00 8.408904226623170608e-01 1.001520623568092239e+00 9.043282419006296591e-01
1.056695538754639285e+00 8.689054133082780851e-01 1.111630508187676725e+00 1.056550497872180250e+00
1.198127060261379384e+00 1.146271184910046204e+00 1.389995551420180275e+00 1.247457805863214642e+00
1.302088366056936453e+00 1.437698229613098011e+00 1.193089229367739534e+00 1.058892692729904050e+00
1.311462851886528114e+00 1.360679766255579182e+00 1.182302394596331352e+00 1.063096562879430884e+00
1.236802947669610298e+00 1.178621824712332122e+00 1.573915189497318678e+00 1.017914754533900235e+00
1.323583082969846503e+00 1.249275562381265692e+00 1.335149194665859351e+00 1.186555186013751317e+00
1.050934383966492414e+00 1.068754511036399846e+00 1.140299597587364655e+00 1.076820562094440659e+00
1.273235678443729535e+00 1.093531154605625444e+00 1.116140994810341791e+00 1.449674367401423858e+00
1.219477144771849542e+00 1.472135936409052714e+00 1.267146600719797123e+00 1.153560051528224939e+00
1.365198804006489519e+00 1.018394091512907051e+00 1.271788468241268344e+00 1.572397824620786144e+00
1.134757494907965070e+00 1.322758441515731187e+00 9.741426217312079139e-01 1.449253873914817081e+00
1.362650387139813235e+00 1.014880650554588648e+00 1.075113518332084794e+00 1.339366965510629504e+00
1.058510631111183820e+00 1.143516754074108910e+00 9.442719135213676340e-01 1.024610948100945107e+00
9.450749839463434832e-01 1.262444241346926788e+00 1.372992288338076960e+00 1.090400694389118685e+00
1.330746863680597247e+00 9.178537052220225867e-01 1.242925415192799310e+00 1.038772395950088523e+00
1.347330459323318630e+00 1.338781478417781834e+00 1.208952926242312875e+00 1.239046907466350156e+00
1.241440499644666628e+00 1.204816910869743962e+00 1.028680085296388880e+00 9.562822077837993540e-01
9.340317155326486320e-01 8.814722258159787271e-01 1.041735004931295894e+00 1.469555986202248921e+00
1.342105786712732396e+00 1.059059280804929948e+00 1.097051768332627741e+00 1.226561923328963966e+00
1.153907363082874671e+00 1.434763461157584130e+00 1.122492402422818447e+00 1.342658796711986957e+00
1.050599940041324176e+00 9.346024508670093267e-01 1.066237131872815214e+00 1.387537474161160578e+00
1.703577288405259571e+00 1.118900346576947591e+00 1.504439284293998647e+00 1.120098500152388876e+00
1.352088206097167955e+00 1.222407263117397003e+00 1.028306458027455017e+00 1.309126528893728381e+00
1.055068988799097385e+00 1.141353995582893743e+00 8.222546957019400971e-01 1.182658112542886331e+00
1.160835315875471840e+00 1.332759032983267478e+00 1.191642665864267148e+00 1.264551264705603639e+00
1.379293106928074275e+00 1.249016265644144585e+00 1.353174144676831503e+00 1.449889383992294167e+00
1.185769518414641510e+00 1.095202613079185427e+00 1.240027184580100972e+00 7.337828713188743190e-01
1.207815441843673065e+00 1.023758755436661172e+00 1.073806284502233366e+00 1.065993055424304448e+00
1.453075794770224416e+00 8.196661278412809004e-01 1.381966000000000028e+00 1.069297812204619502e+00
1.188871846390746390e+00 1.192343909171435623e+00 1.061284168248682214e+00 1.145099401073344847e+00
1.117589816659584123e+00 1.085686765621396210e+00 1.307590430734572928e+00 1.214702792189779945e+00
1.165022453394910729e+00 1.121048663029531545e+00 1.284220357034137283e+00 1.057432111785377993e+00
1.381965999999999806e+00 1.027782894106878731e+00 9.989418692623546203e-01 1.220786691226750431e+00
1.279432388663112707e+00 1.224549963484004245e+00 1.270785989062440891e+00 1.329713605463297421e+00
1.119603206094011760e+00 1.085373254546379229e+00 1.206756609204379105e+00 1.218331960217744703e+00
1.082275623891391758e+00 1.034349019891260379e+00 1.076746705908106172e+00 1.273702727237756127e+00
1.320253649187518530e+00 1.111415735907101743e+00 1.055672858829470595e+00 9.197480266071971222e-01
1.467342302227712336e+00 9.479717163113687839e-01 1.592378885461192439e+00 9.751045017850763497e-01
1.271784336476887933e+00 1.078665581375754634e+00 1.124156097616886507e+00 1.338983521484089945e+00
1.060753084366199861e+00 1.040538409377847362e+00 1.084146468206966141e+00 1.489903010415652762e+00
1.172557956265867896e+00 9.879253050334442232e-01 1.099031589014870747e+00 1.190540529590460306e+00
1.723338474506684426e+00 1.377250830073062815e+00 1.080460757288366658e+00 1.054703961635072629e+00
