1.237012074059312683e+00 9.703586001059868460e-01 9.072289602959472399e-01 1.019045578541850849e+00
1.080189711019859944e+00 1.324431344352798856e+00 1.112196171050831017e+00 1.197741078426978412e+00
1.352142311460628576e+00 9.975756669451286696e-01 8.513263694121557812e-01 1.205112236868100872e+00
1.313740204142337387e+00 1.367396136113668614e+00 1.092919438430816514e+00 1.290110093939879743e+00
1.381966000000000028e+00 1.035266112093863544e+00 1.225861263410379376e+00 1.217447840916354052e+00
1.060316393503948795e+00 9.544418342070114525e-01 9.415358961986609598e-01 1.198378736349072327e+00
1.053538530485711222e+00 1.519908913594601341e+00 1.072567528781062762e+00 9.366486384217495020e-01
1.072999212506594802e+00 1.185690572681195265e+00 1.455216588677885170e+00 1.147574662389392985e+00
1.181262036468855969e+00 1.003347390746317958e+00 1.157647075804045800e+00 1.017692390523893708e+00
1.088542902790967659e+00 1.146142714787595995e+00 1.268059034270282659e+00 1.007736383966239879e+00
1.037953276022848925e+00 1.062676734511651899e+00 9.343485860732936299e-01 1.244219286922231715e+00
1.332588961841592923e+00 1.034287942546635142e+00 1.086301430635262744e+00 1.054023907220432266e+00
1.177496696965846024e+00 1.119977677992575638e+00 8.952404566332918812e-01 1.181921119010853394e+00
1.224403908042181577e+00 1.172127439964871565e+00 8.772052888919774638e-01 1.161242838221028917e+00
1.134595712568835291e+00 8.631851760921569472e-01 9.242709608482231332e-01 1.216308859439769519e+00
1.362412195662771941e+00 8.510438125242231200e-01 1.081255981438788094e+00 1.155219726092161725e+00
1.239040027251055553e+00 9.670492361174601870e-01 9.171559028268547742e-01 1.207868120288280389e+00
8.508372964314993014e-01 1.267499886073394366e+00 9.589504259981436185e-01 1.422550145445388159e+00
1.470303601336099275e+00 9.319645320447934589e-01 1.186860674524749637e+00 7.521161898060741979e-01
1.192103269865177229e+00 1.089336775397097279e+00 1.084413512411257052e+00 1.484054892639796064e+00
9.507367757022504584e-01 1.160495482423177238e+00 1.069601175677591831e+00 9.290228406749282408e-01
1.195943508520212806e+00 9.755366375207100704e-01 1.089887918047157678e+00 1.412103203353456848e+00
7.639320347647364784e-01 1.043117642296893077e+00 1.279575151477536865e+00 8.550569553220851438e-01
1.302297748523620680e+00 1.035097708036280872e+00 1.067882282908269698e+00 1.178238081720492714e+00
1.021755357085056604e+00 1.008928073682317850e+00 1.271447878814980337e+00 1.113258683130261106e+00
1.239433647570677755e+00 9.726232599990431993e-01 1.129977982668507241e+00 1.078897171743950167e+00
1.429547072618780001e+00 9.763559735692410868e-01 6.467434210431680652e-01 1.124331028146339007e+00
1.209108292232146331e+00 1.127396068739103585e+00 9.913229793842197601e-01 9.532916611274522278e-01
9.893403907257724006e-01 8.014879851300364955e-01 1.049173721657456815e+00 1.139076674507703890e+00
1.214035338256712393e+00 1.031631757638217239e+00 1.147564556267949509e+00 1.238425460017516189e+00
1.094382120259475455e+00 7.842987717571947570e-01 1.311821325099076008e+00 1.078690068536260815e+00
1.147116665860316909e+00 1.331738303461289519e+00 9.214639119185568106e-01 9.359360445280429097e-01
1.374545323862047974e+00 1.158732344469067366e+00 1.386607738503182308e+00 6.327059540388122461e-01
1.280697756205378735e+00 8.857599582618718159e-01 1.426321018118198447e+00 1.540858242316446969e+00
1.299544517213883532e+00 1.073583019979592157e+00 1.150828586202558013e+00 1.256314613455306040e+00
1.256780044981517852e+00 7.743413992829610848e-01 9.943144022568851659e-01 1.311331248948666817e+00
9.887776138511900070e-01 1.091005792775523453e+00 1.229493383286509811e+00 8.992096779837801535e-01
8.923032213424504366e-01 1.336748034675201202e+00 1.083359109987277691e+00 7.639320347647367004e-01
1.202893975153134454e+00 9.844502433850789158e-01 1.019057452158643073e+00 1.180013323036918749e+00
1.063919620794411935e+00 7.608264152202917074e-01 1.405292289236720560e+00 1.222277837884835128e+00
1.413272145427088677e+00 1.233334479392927285e+00 1.561339892007663988e+00 1.068703450455428472e+00
8.638913868262036999e-01 1.299176875791079100e+00 9.990735766988010358e-01 1.259400549642518019e+00
1.252670821278491387e+00 1.273992374759267854e+00 1.169705636241997748e+00 1.115511785141228396e+00
1.110688567129300530e+00 1.077531413301338281e+00 1.192046198722305439e+00 1.317137384487502505e+00
1.371965999990000018e+00 1.388369646423788906e+00 1.252839442737585296e+00 1.030064717251793827e+00
1.022931667500215136e+00 1.044879233855651179e+00 9.654128991304971041e-01 1.090553023785445719e+00
1.072799368748460935e+00 1.048151287279372790e+00 1.047107755052874900e+00 1.115756636068793828e+00
1.102594007245847996e+00 1.037933370540708777e+00 1.494792137975708091e+00 1.235084530007131365e+00
1.129466477383917589e+00 1.455781006088729734e+00 1.079485079173523099e+00 9.441537614545973955e-01
9.873866671945085161e-01 1.286566590910392271e+00 9.846387687495029573e-01 1.383032770943841472e+00
1.130752806167017788e+00 8.218417353260063507e-01 1.186054976257033822e+00 1.134178377545910665e+00
9.393913147338828207e-01 1.392233349452563163e+00 1.111853353144078405e+00 1.209370196276427167e+00
1.030394543195934709e+00 1.161086040426657418e+00 1.205925264470577352e+00 1.036804033740813313e+00
1.216620228910328505e+00 1.137138123055792205e+00 1.174044358387810627e+00 9.690889286644307488e-01
1.133206012453975342e+00 1.293360471980903759e+00 8.635725312976292312e-01 1.130635174821061684e+00
1.276972233410452962e+00 1.069848000867676507e+00 6.715402123771693210e-01 1.081430156004440146e+00
1.376447569917178537e+00 9.122013570425238083e-01 7.943389109233059964e-01 1.138225716296727974e+00
1.346193539893308921e+00 1.257755927731156964e+00 7.667512075254432347e-01 1.127395908823584980e+00
1.291030628688371262e+00 1.033598783061327353e+00 1.101089586151136945e+00 1.190428829604799565e+00
1.139367236417343054e+00 1.189772164584147029e+00 1.045668149623197651e+00 1.261350906257708848e+00
1.324102687747148899e+00 1.036522023320359587e+00 1.155525144235668211e+00 1.077136658453346607e+00
1.052492197552182152e+00 1.381966000000000028e+00 9.835637819790378211e-01 9.847339630840401536e-01
1.122105791045395318e+00 1.112052680332056287e+00 1.224078112033831989e+00 1.420319920312446804e+00
1.019284184877152999e+00 1.123993992341704606e+00 1.292561708601817738e+00 1.012462292530523111e+00
1.142362382624926065e+00 1.088705044336284899e+00 1.124759980402245896e+00 9.098300635909474243e-01
8.784254394157580137e-01 1.177714352501972872e+00 1.153602565124175250e+00 1.244549787588738798e+00
1.168828509243491798e+00 1.345114497827068156e+00 8.352306569845194817e-01 9.894032632336251520e-01
1.132045305542044078e+00 1.230942416452857735e+00 1.330488088167840921e+00 1.237659825218649035e+00
1.200770776409369800e+00 1.626574994602439928e+00 1.129324880750634419e+00 1.009923866800279013e+00
9.417021938388105973e-01 1.350913075839136335e+00 1.082883739451056648e+00 1.179378579456503928e+00
1.220480693172160125e+00 6.823474253782966237e-01 1.004775028537011394e+00 1.231310113037488163e+00
1.315943361423240532e+00 1.288001868203515698e+00 1.025128093951590991e+00 1.151128448386025127e+00
9.405502614846525944e-01 9.295152739160414956e-01 8.514387824641995728e-01 1.101583927513390515e+00
1.141694380383409424e+00 1.389257445959479753e+00 1.110928257602309843e+00 1.261093578704039819e+00
9.880051569634997755e-01 1.152598169375848025e+00 9.999998647500057958e-01 1.269884099458306714e+00
1.120982377391831486e+00 8.196601249135797573e-01 1.135461450931027017e+00 1.046247631705034653e+00
1.014358790952992528e+00 1.196086696476839739e+00 1.096823164864809019e+00 7.426458004848393024e-01
9.082376528753322020e-01 1.186367118388324648e+00 1.187759785282077374e+00 1.406037947551755707e+00
1.088921698484818901e+00 1.233355661025829164e+00 1.225531643425124662e+00 9.443247620861275893e-01
9.821531295869770917e-01 1.291734958100118069e+00 1.035138935492657009e+00 6.656702360547746000e-01
1.434019127342504252e+00 1.336944845077371546e+00 1.040725523074942371e+00 1.213259261935034417e+00
1.036098773874297274e+00 9.831248181636819128e-01 1.201358794849831879e+00 1.431099171462757225e+00
1.265349130775159425e+00 1.160759473199709957e+00 1.131791618374617947e+00 9.227835999347976381e-01
9.615988490327594951e-01 1.167397847629933594e+00 1.508887295950243956e+00 1.097354889828707769e+00
1.020529564499071062e+00 1.453331028654899715e+00 1.260294738436501083e+00 8.512197328123380924e-01
1.085459542413485190e+00 1.222792191804289219e+00 1.048416012950597720e+00 1.440524620997350569e+00
1.120999499875726890e+00 8.883980754406856084e-01 9.960227045673999413e-01 1.421277341538820460e+00
1.344450254725693572e+00 7.538189710707177138e-01 9.991419215899931539e-01 1.158563667976219680e+00
1.180761219438370979e+00 1.337624634038421689e+00 1.058620848755087440e+00 9.517333287903249062e-01
7.705854597561860864e-01 9.225685462769690481e-01 1.339441195222382142e+00 8.765046584235272054e-01
1.596651001149094862e+00 1.168422825941301424e+00 1.012341911745590739e+00 1.323799096757095395e+00
9.644121401436813734e-01 1.113330619694698598e+00 7.401841521763152798e-01 1.226374528421032117e+00
1.248698581552274645e+00 8.903176165266473152e-01 9.848822656096781758e-01 1.128895904397059891e+00
1.162524873488387067e+00 1.217391667445173242e+00 8.601138638841953066e-01 1.132757015159328251e+00
1.026524503531582866e+00 1.395121616185999391e+00 1.122805960225987887e+00 1.187027138739354726e+00
4.994594027429974936e-01 8.752353309857735519e-01 9.769305464833880626e-01 1.187518117884152291e+00
1.093276261868306287e+00 1.101003850605784873e+00 1.297283015024904396e+00 9.356504240594689659e-01
1.469524163618925128e+00 8.162598794756648068e-01 9.088916024402432514e-01 9.521138291547797117e-01
6.405649273769032925e-01 1.265657704764731939e+00 8.228539298924320011e-01 1.382587040523723720e+00
1.150216594402144743e+00 1.334514881593390934e+00 9.147944531198697327e-01 1.358879366164431612e+00
1.381376592584576235e+00 1.171175285674090460e+00 1.292567637184543594e+00 1.057439119625422697e+00
1.102343734221758353e+00 1.198400559800083975e+00 9.668265516918782554e-01 1.200105505340705259e+00
1.135090411265839094e+00 1.057304529276468008e+00 1.178766752018086006e+00 1.146503265123822501e+00
1.283481037163719973e+00 1.256703006542275514e+00 1.244011251883854197e+00 1.010999056590657919e+00
1.041810285732470476e+00 1.283473346631308187e+00 7.888658073761929401e-01 7.578944947522355813e-01
1.331997796027401648e+00 8.863051207675458620e-01 1.603781668195878529e+00 1.015555576087079581e+00
1.117944339664875830e+00 1.177367186352742623e+00 9.633364739385590347e-01 1.285790275069084831e+00
1.153135294999985572e+00 1.497966366619204903e+00 7.223639731290069088e-01 9.874983089716810047e-01
8.794086487698635768e-01 9.237456021418398722e-01 1.192588734046601484e+00 1.125297841395790588e+00
1.339882596232034206e+00 1.381341358238537209e+00 1.447516054671969199e+00 1.140140176939782313e+00
1.346855241370793266e+00 1.190598726873854929e+00 9.857524516176042750e-01 8.645547106469706478e-01
1.082751507485447462e+00 9.164647959193836790e-01 9.206142279220744795e-01 1.099405974070311931e+00
1.298139258506859406e+00 9.098300599207367334e-01 8.100897359962752065e-01 9.127656834607432712e-01
1.002263926792722470e+00 1.512599290006772845e+00 8.634037548693057618e-01 8.811738296583583319e-01
1.112617299547270067e+00 8.398382497100709276e-01 6.762671978772755166e-01 1.003515591848326283e+00
1.410751666652909408e+00 1.381966000000000028e+00 1.100470438841163467e+00 1.162924332440866459e+00
1.199212588503715038e+00 9.326839234997249539e-01 1.167360836027450777e+00 8.742737259669433048e-01
1.011267024798145453e+00 8.801695218127234543e-01 1.269078930071599220e+00 1.530769820155453820e+00
1.239365641801140505e+00 9.993311684295596020e-01 1.394058455557517506e+00 1.549149515408551281e+00
1.169854504378963878e+00 7.433192828528908391e-01 1.078215774573314967e+00 1.253882992854588707e+00
9.563502760257462931e-01 1.209946623534754240e+00 1.224693917159847434e+00 1.544916219958056836e+00
1.259009412049579169e+00 9.950975833282494909e-01 1.213834086507692422e+00 1.072242726706676530e+00
1.265122036589251042e+00 8.841260917560547217e-01 1.311293828019489682e+00 1.158872661470714105e+00
1.177011829044099400e+00 9.755161316561878904e-01 9.587176651927589166e-01 9.585687328007017616e-01
9.966070526528204576e-01 1.028384938915031688e+00 1.111545706989222282e+00 1.270347987173381155e+00
1.232824615800069967e+00 1.181511680640860096e+00 1.422228307443960338e+00 1.186533342086036447e+00
1.466021862389705666e+00 1.093424932437203845e+00 1.056416144752826858e+00 9.506979920332130352e-01
1.097748617869661603e+00 1.005818173280679684e+00 1.102345197611029670e+00 1.030655419823397034e+00
1.396157904289568874e+00 8.364904601759168834e-01 1.402359982364065560e+00 1.000001401528026301e+00
9.136275679608990563e-01 1.299408663694612942e+00 1.171364496106199304e+00 1.254510673890581129e+00
1.078896574246551054e+00 1.271397093061723993e+00 1.182222627402230053e+00 1.304117242419914557e+00
9.075039277651096858e-01 1.618033976245895733e+00 1.181983662024709947e+00 1.017200061390705068e+00
1.633363447490711051e+00 7.271118296403071835e-01 1.100632104513221243e+00 1.256021766181969479e+00
1.206388462336217549e+00 1.434456011282011945e+00 1.378958702397026226e+00 1.341184913041092663e+00
1.098339791644380226e+00 8.005152364089536121e-01 8.785104714459266440e-01 1.023380025292301543e+00
1.519214535318459403e+00 1.235086722448685892e+00 1.291796059920736761e+00 1.123347068785208958e+00
1.287006793387015069e+00 9.221751458943689972e-01 1.348121610788171054e+00 1.040659678466076654e+00
1.117483523755582020e+00 1.292381746488276306e+00 1.276220470292570353e+00 1.034582093472278252e+00
1.137301554936377412e+00 1.132301459233478802e+00 1.180813993338105217e+00 1.137017952237109331e+00
1.383589473576959161e+00 1.560120461038275286e+00 1.300427436110937363e+00 1.489482399934852985e+00
1.547016322298047308e+00 1.171198243197412836e+00 8.067667288396354053e-01 1.618033974844000022e+00
1.135215713058314035e+00 1.155366017987451421e+00 9.974700761709338614e-01 9.151971332443040730e-01
1.119829817730418231e+00 9.929156455894294631e-01 1.381443713196756296e+00 1.126998783921232539e+00
1.381966000000000028e+00 1.023802447557801143e+00 1.588850881272672932e+00 8.924732274386640851e-01
1.269885984116565059e+00 1.084539550728573332e+00 1.182916341138810612e+00 1.331725174284356328e+00
1.464241322469431950e+00 1.099273532975209244e+00 1.181518249173205470e+00 1.087835947897641597e+00
1.581130627365272323e+00 1.000615275312535690e+00 1.073769886947854246e+00 1.300982569980440262e+00
1.164776079092964656e+00 9.825449429610508822e-01 1.392476753225245112e+00 1.183661903951527927e+00
6.180339903912630550e-01 9.340490394147178410e-01 1.294888403215186390e+00 1.400807465004760610e+00
1.077399289805576865e+00 1.169050969079125979e+00 9.507676947436226600e-01 1.051004929843876168e+00
1.291778985117867373e+00 1.029735857516203668e+00 1.115819965231195532e+00 1.357443099898307803e+00
1.082499982624550938e+00 1.318763854678939973e+00 1.070553338238356522e+00 1.019197639557172685e+00
1.521914761443810216e+00 1.237769473496603378e+00 1.121745094802838683e+00 9.247658328559090757e-01
7.423825829723971204e-01 9.152910070976677526e-01 1.215095669870842610e+00 8.716108854108646220e-01
1.022372725774294944e+00 1.299740337877776541e+00 1.025255780662003291e+00 1.263828630563166078e+00
1.157834379744386855e+00 9.348437798239004337e-01 1.190302499521023849e+00 1.561417628576662997e+00
8.815912540529523556e-01 1.169312357950770265e+00 1.261410094935952797e+00 1.238670187784347565e+00
1.122136546941108870e+00 1.182865403480660493e+00 6.615643912579968200e-01 1.142672048310620747e+00
1.113183791284598545e+00 7.778294203604898538e-01 1.417309389871613812e+00 1.212613473366115580e+00
1.136797654939547098e+00 1.037389676005729289e+00 1.248575429872502474e+00 1.422141663862934724e+00
1.342488963989053596e+00 1.060615695042053108e+00 1.192103791725348971e+00 1.159683541374105120e+00
1.329167359476330468e+00 8.821862216964193593e-01 1.124626920255719975e+00 1.144578557229152249e+00
1.088489498059739935e+00 1.186293941459780843e+00 9.139084371971952780e-01 1.002572162028732672e+00
1.366167752979989602e+00 1.209468314029656710e+00 1.019362021280108443e+00 1.378486255790844384e+00
9.715241001665322340e-01 6.822586782930973870e-01 1.266731842169340316e+00 9.986809200300729161e-01
1.080649163440800420e+00 1.203189968574498447e+00 1.127062154722966669e+00 9.574053020406966263e-01
1.152180619933892203e+00 1.171117726917357826e+00 1.418068377882296227e+00 9.625158057869067640e-01
1.353564175260764335e+00 9.844463565958220252e-01 1.215605576774773766e+00 1.068941264707876204e+00
1.233943664136748941e+00 1.027066082516341128e+00 9.813545424108186532e-01 1.278077749998168811e+00
1.225303850122367422e+00 1.108546936136824090e+00 9.705988162320635659e-01 1.060160595341469447e+00
1.058995629052889909e+00 7.082039400792632389e-01 1.236056455074153959e+00 1.131848065578194173e+00
1.531501342338704053e+00 1.268558935278332189e+00 1.215932126734395213e+00 1.502914562576594726e+00
7.808740302688133017e-01 9.927618283128853971e-01 1.177934005269216655e+00 1.264335736826261325e+00
1.640391321044834649e+00 7.616540659764984289e-01 1.312525595098899878e+00 1.064618537399382614e+00
1.644629594834433828e+00 1.085412743573472172e+00 1.307801074621274262e+00 1.076213424458184242e+00
8.042922736231336023e-01 1.176440959612193859e+00 1.102699905542045222e+00 1.102093244786669368e+00
1.176146133574836217e+00 8.304370794976283499e-01 1.162328542919889962e+00 1.462135940069263285e+00
1.016180339758439688e+00 1.104116688510986322e+00 8.732278346980589800e-01 1.218942818793439242e+00
1.155652369954534464e+00 9.842992277924146327e-01 1.194985837158324182e+00 1.131326237922040345e+00
1.112397490130433875e+00 1.240721477188217792e+00 8.077046969229759732e-01 1.198158675489165992e+00
1.302678873563346329e+00 1.320389901172566161e+00 1.092544085338185145e+00 1.267382813090654592e+00
1.276201014411187273e+00 1.112605500563811134e+00 9.637187610810419303e-01 1.081977027826670934e+00
1.261623111746760895e+00 1.054841301957672117e+00 1.080862262240582350e+00 1.158115358110982429e+00
1.304420070684126021e+00 5.997080490699245869e-01 1.239041685217191047e+00 1.265403675630146774e+00
1.346320064816671991e+00 1.184082440125074243e+00 9.836098490561487884e-01 1.333786505259033861e+00
1.103481185915604845e+00 1.067258162353810214e+00 1.204895666952063404e+00 8.682394365563643746e-01
1.124481576835088203e+00 9.989750491826553391e-01 1.157422056022131551e+00 1.158582459824776034e+00
1.043931552193725576e+00 7.483937344299990135e-01 1.150482997265542817e+00 1.061921991233503393e+00
1.339902959842017571e+00 9.055587975564464154e-01 1.232248314833999991e+00 1.132190606417648127e+00
1.524338422364754919e+00 1.000138473219126523e+00 1.415588874284073873e+00 8.583976882419789289e-01
1.300096321105748576e+00 1.356876224933815323e+00 1.314440034520472533e+00 1.129537579350755383e+00
1.444384991000696061e+00 1.443634969654554956e+00 1.046113364814954316e+00 1.006379078056965692e+00
1.275681809429942914e+00 1.230637290806544604e+00 1.381966000000000028e+00 1.257468247406744677e+00
9.967011878134361957e-01 7.847572638435975634e-01 1.240349935844479168e+00 1.040530552756955718e+00
1.391089509845821803e+00 9.692740409545249625e-01 1.311946542861480047e+00 1.088198206100449150e+00
1.086742427373523334e+00 9.332520189750712625e-01 9.627010328164584685e-01 1.085929230902010545e+00
1.341373865806989807e+00 9.712366684618041202e-01 1.251341909903471716e+00 8.728524148604238642e-01
1.310253179031084292e+00 1.072053358436989567e+00 1.061670026156530167e+00 1.481532537656128801e+00
1.535245103107194531e+00 1.400332109861727847e+00 1.347897701575103913e+00 1.163778799408570208e+00
8.705376901556028946e-01 1.321081897629172275e+00 9.785605619967199242e-01 1.129119129711855907e+00
1.116186224535814064e+00 1.127911964801115330e+00 1.361277668533769969e+00 1.140994935388687681e+00
1.086005203586474455e+00 1.184304028517778606e+00 8.703449155974769536e-01 9.483327973864476013e-01
1.047709991850027222e+00 9.767105400550419869e-01 1.058134260562782591e+00 1.142547880589850795e+00
1.116051376006342410e+00 1.230783583454431840e+00 1.191355079418837448e+00 1.114160283791540307e+00
1.197528195171179366e+00 1.437786218754351308e+00 1.132525612139004600e+00 7.941339966024629771e-01
1.395720991233096564e+00 9.041879663234051456e-01 8.710619096246455806e-01 1.092669311255994424e+00
1.186730591932253942e+00 1.098945480177532241e+00 8.747470167596996804e-01 1.165001320615870917e+00
8.293392884512023056e-01 1.361465414723518119e+00 1.635700922850019223e+00 1.102211810988052543e+00
1.281855609199946233e+00 1.240502725013978180e+00 1.255396957297864713e+00 1.100599080731815338e+00
3.788538900863697156e-01 1.106783306137107292e+00 1.153128260955015527e+00 1.058252269410488333e+00
1.459494863695956379e+00 1.264782752737841021e+00 1.368511416467121045e+00 1.293425697719559508e+00
9.783294117604938167e-01 8.399024501246437069e-01 9.891700336982730546e-01 6.599812878973798647e-01
9.696535343473117186e-01 1.359362647355675913e+00 1.170688836389960130e+00 1.020277281109575052e+00
9.855206082956478042e-01 1.004361494303381397e+00 1.125839151006864380e+00 1.079990738795235883e+00
1.103723785564592053e+00 9.601029794943699569e-01 9.605617119112923596e-01 1.087592963293178006e+00
1.124092993781044658e+00 1.404226592696825371e+00 1.298018812365268060e+00 1.258917797376171821e+00
9.378524665774549129e-01 8.203834828872578200e-01 1.064284240030068940e+00 1.242325452145771836e+00
1.148207417199186064e+00 1.193620732889511205e+00 1.056951083904149602e+00 1.253376681944230908e+00
1.234236149438024954e+00 7.639320251560000052e-01 1.107563166569589530e+00 1.170647065685767707e+00
9.722742812450049232e-01 9.997786876854841687e-01 1.057382694812449397e+00 1.155312845609695716e+00
1.183935596737316631e+00 1.480901798971919980e+00 1.010354145367211798e+00 1.243145015756367711e+00
1.254567250891059249e+00 1.447953685633935672e+00 1.174018128536444605e+00 1.066485371209728861e+00
1.022161785629194686e+00 9.202540346111952596e-01 9.995844457639943004e-01 1.076014999251880599e+00
1.370769689755742426e+00 1.372060811474312247e+00 9.102977689928358762e-01 1.327824974957191539e+00
1.000943820960576991e+00 1.324909403384835649e+00 1.190635710522736535e+00 9.887269251349559696e-01
1.069198069725453060e+00 1.111324653663443351e+00 9.405058209618371023e-01 1.013871980462821343e+00
1.094677910691677747e+00 1.166364658741761096e+00 9.397938288702909482e-01 1.449642179701653211e+00
1.400620067123708568e+00 1.106935144159064910e+00 1.330079551047312680e+00 1.538101955008146504e+00
8.955219168946441100e-01 1.145739549246741484e+00 9.329237856145171648e-01 1.128994160995188123e+00
1.205167190225752138e+00 1.323455644379136986e+00 9.807914211390118542e-01 1.381651839258721592e+00
9.043053127962731308e-01 1.430860774719740824e+00 8.979734569909250119e-01 1.145559122210595193e+00
1.022445827384085071e+00 1.188195760605968099e+00 1.222272807383000481e+00 1.112894982797538734e+00
1.383285594208747638e+00 1.403629253208712457e+00 1.094455419035252675e+00 1.059384744124059807e+00
1.429843039083187772e+00 1.335412994168006184e+00 1.307526313026688758e+00 1.022774096421215528e+00
1.253017241030108808e+00 1.046472862236000001e+00 1.072663900916117630e+00 1.092756186377976890e+00
1.256897601882880133e+00 9.759335579252742532e-01 8.771159133901418326e-01 1.220892959114179943e+00
1.028137613048705656e+00 1.005003825320216038e+00 1.121370601240000209e+00 1.260113192223602852e+00
1.257325187516380893e+00 1.002806577801480525e+00 1.169816849599322639e+00 8.284014387756990505e-01
1.041077391861432000e+00 4.728177909551358749e-01 1.322551065209407906e+00 1.575410973477559873e+00
8.037758606301943498e-01 1.055830095549500802e+00 1.010578318437520329e+00 1.081380047480481332e+00
1.007383128454270915e+00 1.254625523510649820e+00 9.999812125557721032e-01 1.153334038241929482e+00
1.310837326712738005e+00 8.932077833629730179e-01 6.180339903912632771e-01 1.033635717005112031e+00
1.014979184999787121e+00 1.168981875559929051e+00 1.599363654855213035e+00 9.040705613074173641e-01
1.122958123928716745e+00 1.306827199253161487e+00 1.045881610504135306e+00 1.224000390829826479e+00
1.181772107613765721e+00 1.207387195605056363e+00 1.139145022252187944e+00 9.516666514536693544e-01
9.888421023344096117e-01 1.169462350472036505e+00 9.166957079301860656e-01 1.420169275482272564e+00
1.266715686821513254e+00 9.443138683387725107e-01 8.104864941659369881e-01 1.316795195764030701e+00
1.440543623689607866e+00 1.457414580658470626e+00 1.383805527230878241e+00 1.326237914923263261e+00
1.539414206075769398e+00 1.106168428054378650e+00 1.063527279101591727e+00 1.155857855428871428e+00
1.138093726936400429e+00 1.088993033758065776e+00 1.374247884486531790e+00 1.070707923788481342e+00
1.286047047954640643e+00 1.064604433832905706e+00 1.014743144590515511e+00 1.175140435209501399e+00
1.207830974754425135e+00 1.141360482659556697e+00 1.073081313867672915e+00 1.161408581459053790e+00
9.883784946030987895e-01 1.402096767757688323e+00 1.077848485353671171e+00 1.150671087399306014e+00
1.381966000000000028e+00 1.214989842035536061e+00 9.832876178375511422e-01 1.205843766777945802e+00
1.291746246041695967e+00 1.188545029886647786e+00 1.092637261187228148e+00 1.293611283524695343e+00
1.451324774735466061e+00 1.026115052551640705e+00 1.215458262215330931e+00 8.092318623463906624e-01
1.101066496835978459e+00 8.056023835196192140e-01 1.107534070422734995e+00 1.509184629545658130e+00
1.278954293270118336e+00 1.047641415053726988e+00 1.247527921650476657e+00 1.293825421615285576e+00
1.043662648618562949e+00 1.227889443320158591e+00 9.355948994991353240e-01 1.190543143950199445e+00
9.542732900711484723e-01 1.153710437059624949e+00 1.264218236690202390e+00 1.053253833452356014e+00
1.069631289956759712e+00 1.150790717077152525e+00 9.221758188851968407e-01 1.382782996010669008e+00
1.037243066550623594e+00 6.632753250410656776e-01 1.204580502771993356e+00 9.536719123988659508e-01
1.472135940079263294e+00 1.371965999990000018e+00 9.927866503314202173e-01 8.464705913830234962e-01
1.387182157903266599e+00 1.271600112010875749e+00 1.126691264072909204e+00 1.318924895491461413e+00
1.185355694892315848e+00 1.304271632097762534e+00 1.091001333569504128e+00 1.090053102160524201e+00
1.455284887576065334e+00 1.358791689859264906e+00 1.217997385613040828e+00 1.518494272680566803e+00
9.968432383038344780e-01 8.659730857108347557e-01 1.012534648313475616e+00 1.110036671596806190e+00
1.021009981584989346e+00 7.711760192264442981e-01 1.349869100401521527e+00 1.394120784251416945e+00
6.267001853071006989e-01 1.182404059884282210e+00 1.326449681212590104e+00 1.418793983714135454e+00
9.602147020368944075e-01 1.049809342296577741e+00 8.932582399624461322e-01 1.001062891438577740e+00
1.083413024548514958e+00 1.262029043576622822e+00 1.098712721185365115e+00 1.308998444114034543e+00
1.365634466681064696e+00 8.768892893849764558e-01 1.554569463021628906e+00 9.095349979375169092e-01
1.287934652051808015e+00 1.424419894073898574e+00 1.112720925006260853e+00 1.381925294331880494e+00
1.099975292163282825e+00 1.098821150197859087e+00 8.626506114204808284e-01 1.460647776432368428e+00
1.236067965235263078e+00 8.835761491421377789e-01 9.221052099040316641e-01 9.948611855372799795e-01
1.227731103254345868e+00 1.600227697004046101e+00 1.202231716451792387e+00 1.320983778507500261e+00
1.306610241287432972e+00 1.292519785870538174e+00 9.856535692745893584e-01 7.639320347647367004e-01
9.866604925372597368e-01 1.133444624838130022e+00 9.193543013441665135e-01 8.385294363775828153e-01
1.187123275229925223e+00 1.266622169166379264e+00 1.088429694730413511e+00 8.793013809963104999e-01
1.285568921326601277e+00 1.254686106804886903e+00 9.150116010796685018e-01 1.468639983509302471e+00
1.229995119171942264e+00 1.027748563035197460e+00 1.159970712568132445e+00 1.099558377351945726e+00
1.072114154874280745e+00 1.206930999692207962e+00 1.168615092939393474e+00 1.196048604088356004e+00
1.087981667767319305e+00 1.631434172774639979e+00 1.084045591094954686e+00 1.109587178219842096e+00
1.080540380674382517e+00 1.381966000000000028e+00 9.223289425154516108e-01 8.672249328676339131e-01
9.830611867578529228e-01 7.717420726672366005e-01 1.192055018587638182e+00 1.134009130355239314e+00
1.195220644694899859e+00 1.004253223763546199e+00 1.514939052212689763e+00 1.098423919679745175e+00
9.017443890180404376e-01 1.501005395203428128e+00 1.126518455964675258e+00 1.327311389843270906e+00
9.118981399760934803e-01 9.080978696693154939e-01 9.058723276459818008e-01 1.121710221511028838e+00
1.201883765470531884e+00 1.300803389136919730e+00 1.352827724169143542e+00 1.307290989083434773e+00
1.094437904934153716e+00 1.303838709271516683e+00 7.852437903287849963e-01 1.184538242398849306e+00
1.285901763102765383e+00 1.055496809175806572e+00 1.298480506799583711e+00 1.094744207315289763e+00
1.095297830882631107e+00 1.168591933694568485e+00 1.143391553606810440e+00 7.664105908317881966e-01
1.203915819634143292e+00 1.005166029897731628e+00 1.117502677329970773e+00 1.277246577939805672e+00
1.157112370192771911e+00 1.150405074082307300e+00 1.186363516672955587e+00 1.380268488095601542e+00
1.052088004971434732e+00 9.371326485898187064e-01 1.002124891073092439e+00 1.463349135824183467e+00
9.796833892606015004e-01 1.122923579684444118e+00 1.032199588360991349e+00 1.036939318462621662e+00
1.095553536987011300e+00 1.249367148353959678e+00 1.106239593121348452e+00 1.054627269031283676e+00
7.786321984608109981e-01 1.299852935654786990e+00 1.242901511372491052e+00 1.388885902917647241e+00
1.044392797071145518e+00 1.215362124813497813e+00 1.327295848556570457e+00 1.124611700793400004e+00
1.084486037363496580e+00 7.912039843411714513e-01 8.392160866340605541e-01 1.105569559524070877e+00
1.516851805971235256e+00 8.427888160206511436e-01 1.027426402410706707e+00 1.584175114347267987e+00
1.140590972053076468e+00 1.293110362915176781e+00 1.148821537854478159e+00 6.193835083395735630e-01
1.598648173508961712e+00 1.282482867395910331e+00 1.021892875999415251e+00 1.069097610865197057e+00
1.066716486321687363e+00 1.228041077034175199e+00 8.951781870238011418e-01 8.392436186495012551e-01
1.191573578198074523e+00 9.725321626314905599e-01 1.126912199564893413e+00 1.375762557620967774e+00
1.586286488877745704e+00 1.131309109540030500e+00 1.214610903391242003e+00 1.245013606625017255e+00
1.090629435732229258e+00 1.071309783750715949e+00 1.020760933838757323e+00 1.228545039045151555e+00
9.327813749034016277e-01 9.762590214582084203e-01 1.340483169396715191e+00 1.256107263230971327e+00
7.518485991500953869e-01 1.241606294291504486e+00 1.329901151032488960e+00 1.097528716802755211e+00
1.346419386565091525e+00 1.378127181629734910e+00 7.102213302243025606e-01 1.270858454576098140e+00
1.317831926961451572e+00 1.568882414222442900e+00 9.670927407408603793e-01 9.435669146317785527e-01
1.018872765881561282e+00 1.143149549242762575e+00 1.122246380762629503e+00 7.924148817282932189e-01
8.541019711737890541e-01 9.838364332906818222e-01 1.341228167816330918e+00 1.526478828363135865e+00
9.526868968181946284e-01 1.191907063397883437e+00 1.033920283363510828e+00 1.109047057091292698e+00
9.700110518688296324e-01 1.374190876387703764e+00 1.160482984912264204e+00 1.025547849834672176e+00
1.317346552306666307e+00 9.120694870468436521e-01 1.229137641740399189e+00 1.582898802324471221e+00
1.146528962211076808e+00 1.315884040065369520e+00 1.239173619466319876e+00 1.240209420007414076e+00
1.071758001645120917e+00 8.856145149496421620e-01 8.399189423782575936e-01 1.007701159190076190e+00
1.430776331914702881e+00 1.088657626697769887e+00 1.206530301860808008e+00 1.034840723860480649e+00
1.059712822532175247e+00 1.247858564414420224e+00 1.160959204952896728e+00 9.788755810739747654e-01
1.091300491429276542e+00 5.732145407890161248e-01 9.019857175399673688e-01 1.030992679018150948e+00
1.342046565184229712e+00 1.065743587871933240e+00 1.191847392422424878e+00 9.056503483493814066e-01
1.024248776163430685e+00 1.106342485467355141e+00 1.208370366576552613e+00 9.925680029553332062e-01
1.169613014708346554e+00 1.045198084157608065e+00 1.406967533296457518e+00 1.158704620916899852e+00
1.350967194085959555e+00 9.984960370748812153e-01 1.084999671224814444e+00 1.018311284001650385e+00
1.197571714741285431e+00 1.144227798659323447e+00 9.394100694570390875e-01 1.225319751222224696e+00
9.606042996134185330e-01 1.139806690254017374e+00 1.273011111383775429e+00 1.051675079072614150e+00
1.254492600175515449e+00 1.275879461284034511e+00 1.006197300101293601e+00 7.982900133482299099e-01
6.180339903912630550e-01 9.173317496985176067e-01 8.688190763882099876e-01 1.618033974844000022e+00
1.159558041349259661e+00 1.173219188440827399e+00 1.201484901952786899e+00 1.063437070183643529e+00
9.338425542489224851e-01 1.005497389128302332e+00 9.674355017041743610e-01 1.233503816230186345e+00
1.310593746198572829e+00 1.173485097557261048e+00 1.191927479110364674e+00 1.149335996763605872e+00
1.828794316970300038e+00 1.437772928786728466e+00 1.145898025156000033e+00 1.359568965740577395e+00
1.028284575935687339e+00 1.116612137868023824e+00 1.037411712462015467e+00 1.350932336222107288e+00
9.214657378045817415e-01 9.269860897364532448e-01 1.079602447280172406e+00 8.569276942201101699e-01
1.175273897708998927e+00 1.122318051449333387e+00 1.390860908083022540e+00 1.213495290661279036e+00
1.150554232944726030e+00 9.083743521668837806e-01 1.037524421600607427e+00 1.259501601108829139e+00
1.167001914286462716e+00 1.083625079047916495e+00 9.182774019197811333e-01 1.120316572889694218e+00
1.177913532747060898e+00 1.346337554947423021e+00 1.434040741894063720e+00 1.113035724555660799e+00
1.306725993259993279e+00 1.532832138549129031e+00 1.200524732753958768e+00 1.203981500176107389e+00
1.041589347319702430e+00 1.311823243014618834e+00 1.397339368550995609e+00 1.011483953683245840e+00
1.012839878248687819e+00 1.074156441643607351e+00 1.123991119412721895e+00 1.050458532568283143e+00
9.324360588843773057e-01 8.064511559075651093e-01 9.040404520168763280e-01 1.060518751838171791e+00
9.725201377147845161e-01 1.004557408125149598e+00 1.091162432269928484e+00 9.879472564387075106e-01
1.445683253844641136e+00 1.344621476970321305e+00 1.039055929323527749e+00 1.085562675956741607e+00
1.325879162133621003e+00 9.860559283532791541e-01 1.109669775081615795e+00 1.406812104000656927e+00
1.073836378194421126e+00 6.792898057434062498e-01 8.910193245319076860e-01 1.083028296918900679e+00
1.019314700608921820e+00 1.137315348781957614e+00 1.118931522435426151e+00 1.212574928120647266e+00
1.115167121546098983e+00 7.301662433674460662e-01 1.008708550634398016e+00 1.059849243977767586e+00
1.114360764239019641e+00 1.371589193397972473e+00 1.059360212487509223e+00 1.331872492762944393e+00
9.858514906507575004e-01 1.110129425516845902e+00 6.953593265379158783e-01 9.610173434319122521e-01
1.291955063094493150e+00 9.895741761500915779e-01 1.071171002639807357e+00 1.012025629487698142e+00
1.318080575601035864e+00 1.221547347666598338e+00 9.469673064856751754e-01 9.911207138213781187e-01
1.019052049925865067e+00 1.211783752072202569e+00 1.182207413666667817e+00 1.241050861706451958e+00
1.211385283290939974e+00 9.370959177317019773e-01 1.336541998847913026e+00 1.264940964925475475e+00
1.047126091598618469e+00 1.049635533063177029e+00 1.053091667100754636e+00 1.483422137549286646e+00
9.385957535171677302e-01 8.443226564461082662e-01 1.336015024589113143e+00 9.773977198861018012e-01
1.232468353235260716e+00 1.115889300721751187e+00 9.458609054434191643e-01 1.123476904095410900e+00
1.115586110675069298e+00 1.275782364274525182e+00 1.141810297217445758e+00 1.255984065872343125e+00
1.086066952762559268e+00 1.199009914349876693e+00 1.307288499617357491e+00 9.700597155182528741e-01
1.185974639384174800e+00 1.023568455241488540e+00 9.608149042838042275e-01 1.097455911824387620e+00
9.994178272317726375e-01 8.452112178537153353e-01 1.040191426815670006e+00 1.023835587187215568e+00
1.093488262542152478e+00 1.006695455178581833e+00 9.360995678127468356e-01 1.489795884853726715e+00
1.049040008867653473e+00 1.244022721440274371e+00 1.131898571864031755e+00 1.043176954947397483e+00
1.239035980704214168e+00 1.069375642273659111e+00 1.041029691985086769e+00 1.128474927797003424e+00
1.550592541109792721e+00 1.260454134754146693e+00 1.213901319622302966e+00 1.229561177486155232e+00
1.175969791758527005e+00 1.472135940079263294e+00 1.226742815342324100e+00 1.075978187358326288e+00
1.381966000000000028e+00 8.300240662826072757e-01 9.484030236030078775e-01 8.411225439732358256e-01
1.342155166811941358e+00 1.045757901234845466e+00 1.236067974843999995e+00 1.282818256845468685e+00
1.420722459842904462e+00 1.039580835386361368e+00 7.732113483532264686e-01 1.245604292665047241e+00
1.101229207879146799e+00 1.128767203445649514e+00 9.981030725497695988e-01 1.078156116809168674e+00
1.265627250993481612e+00 1.073526188391347169e+00 1.122049113950993160e+00 1.168203404041975979e+00
1.152555147494841448e+00 1.044913645330002527e+00 1.329171771831511695e+00 1.079214801942125934e+00
1.313735893341201777e+00 1.078555450981711683e+00 1.015532275770542059e+00 1.309349739172583238e+00
1.218345130482115346e+00 1.091504108250007210e+00 1.066173273313665071e+00 8.445332047976928935e-01
1.385214740771340658e+00 1.025722361999376053e+00 1.248410988918718711e+00 1.316542846663193433e+00
1.231371882977448928e+00 1.311734286180861853e+00 1.110733486681975801e+00 1.218487376714955772e+00
1.480057116806183348e+00 7.101566783547353934e-01 1.185963161932905630e+00 8.540674948306072878e-01
1.684857688795589281e+00 1.094054544875491253e+00 1.290868279693942133e+00 1.177541854464991822e+00
9.493873500459808490e-01 1.216704246124837629e+00 1.007340775591159199e+00 1.261654147970798556e+00
8.371912279982135496e-01 9.221147448014702652e-01 9.719820475966111095e-01 1.629516326308105612e+00
1.466443976766648394e+00 1.152453998880617059e+00 1.117196702230646377e+00 1.076912544314739595e+00
1.300208290182460091e+00 1.146103854796575172e+00 9.903897971830735170e-01 1.044767405187293274e+00
1.334174924404898821e+00 1.012882276848129370e+00 1.345946813956036436e+00 1.295737565905977773e+00
1.123992004064579664e+00 9.892842515412241244e-01 1.000000598134896945e+00 1.230139806008093029e+00
9.296460475771354259e-01 9.306386319112585070e-01 1.224122271769360282e+00 1.049129889773115387e+00
6.542512505776485465e-01 1.051524371150487580e+00 9.373340942242237572e-01 1.496946962150602856e+00
1.299816066765455247e+00 9.790329530830489402e-01 1.001857958066026510e+00 1.113677835955894535e+00
9.947946402086297324e-01 1.104990913849643874e+00 7.889440971009740178e-01 1.150141576521513498e+00
1.224564790666517355e+00 1.363957201002456543e+00 1.017908140170028508e+00 1.377679071388008936e+00
1.226405455220406671e+00 1.088856012735181400e+00 1.077426699026049040e+00 1.284681494617571529e+00
1.203414004000739279e+00 1.119420689678896519e+00 1.081024348565113202e+00 1.282737865647493258e+00
1.260270441772778138e+00 9.881573215233110385e-01 1.162002680471077465e+00 1.240848663211002290e+00
1.050967899403458805e+00 1.344973377753317267e+00 1.253287353042543906e+00 8.643839793632812629e-01
9.041512221900505075e-01 8.816112359305737778e-01 9.108344861603980824e-01 1.247913059478953812e+00
1.000686488757898784e+00 1.381966024679706972e+00 1.182374213132770802e+00 9.722261581715082590e-01
1.143233147279494988e+00 9.182777719693430152e-01 1.215840184345217123e+00 1.053057723628524123e+00
9.013150133033942524e-01 1.128124189862300453e+00 1.236615089604788276e+00 9.247691166409536256e-01
1.049919363871403721e+00 9.916428107138212100e-01 7.502977947624777100e-01 1.043460612529529818e+00
6.180339903912630550e-01 1.143955275297354746e+00 1.080735769363321719e+00 1.387388729874127646e+00
1.516316376808332533e+00 1.019447799536655319e+00 6.938078665727989147e-01 1.177953905207447916e+00
1.592542518733306878e+00 1.156773631468487107e+00 1.235028278911144639e+00 1.219291094795481589e+00
1.058095904037225310e+00 9.153247291160084842e-01 1.181118663175563910e+00 1.450344347929264366e+00
1.168731055481810666e+00 9.272150207607688932e-01 1.476226356225659675e+00 1.172499141385583421e+00
9.315704462948687370e-01 1.108751636836825760e+00 1.111694250956126728e+00 1.057212571166064929e+00
1.275330299028436087e+00 9.176279999101346618e-01 9.812912398187375596e-01 1.190921607712771557e+00
6.141622779551889622e-01 9.998746150956381307e-01 1.231156472284792081e+00 1.324194779648705023e+00
1.012075746817743926e+00 1.097586780383649874e+00 1.247246007305925941e+00 9.925397281044281428e-01
1.053872478661285861e+00 1.293362969507907634e+00 1.247202862782442079e+00 1.042963492673363524e+00
1.035771150404439567e+00 1.178856508043188533e+00 1.007139219637617433e+00 1.064916318601425660e+00
1.160035226441123779e+00 1.265722468882725105e+00 1.108198335540579560e+00 1.001990314473746979e+00
1.061098334877194294e+00 1.076296139577087585e+00 8.233696960793301933e-01 1.253389257910081378e+00
1.243051768910177657e+00 1.232180419151078565e+00 1.210930910753713174e+00 1.185799262143794941e+00
8.526279932752536261e-01 8.389591193533663116e-01 1.123665161098410081e+00 1.384510347618037374e+00
1.145739822329452817e+00 1.052715541531423327e+00 1.155340842325116801e+00 1.088720781195382070e+00
1.026114024363865784e+00 1.033622506751421977e+00 1.105790824123345839e+00 8.319552612706369032e-01
9.495968281469264749e-01 1.300788154213116776e+00 9.843676745900395986e-01 1.258944142688812384e+00
1.093363709076202728e+00 1.113296548547625386e+00 1.008933304779848772e+00 1.095170286041508678e+00
1.165121895088018000e+00 1.399219711927098375e+00 9.232990252931149167e-01 1.139657164614572782e+00
1.079653665963742348e+00 9.464010549842393205e-01 1.119448519292741917e+00 1.029996311007444154e+00
1.262364430920965397e+00 1.219946960716197015e+00 1.098614075853034944e+00 1.066326616791788418e+00
1.417039894318107285e+00 1.470135642131844333e+00 1.144112345687940735e+00 9.999525902700748814e-01
1.550675975951784746e+00 1.262246629955600774e+00 1.191641460643970918e+00 1.369741975396339795e+00
1.484816516110151419e+00 1.120728659383491976e+00 8.468166994425849747e-01 1.041658681742908765e+00
1.313426027644141403e+00 8.935992251971888178e-01 1.313893948059429828e+00 1.115166668908934566e+00
1.170675627350320491e+00 9.977013464522705988e-01 1.033753324190305412e+00 9.095318863155429367e-01
1.057031410205124144e+00 1.114897163071233432e+00 1.074555182773833995e+00 1.244709375831867471e+00
8.442621048081947466e-01 1.381966000000000028e+00 1.132363888239462657e+00 5.496826574295691215e-01
8.693293277352339699e-01 1.126869717074338029e+00 1.081730137265937808e+00 1.115623457843880395e+00
1.434398170504650460e+00 9.373091153707830969e-01 1.025630284756222865e+00 1.081568701858491410e+00
1.196825097859669951e+00 1.310188339119573664e+00 1.136667636185017427e+00 1.031528383933518089e+00
9.422337040062713776e-01 1.169695861464101316e+00 1.006630217126190940e+00 1.179323748910214631e+00
1.271390562703882843e+00 1.036626130212388475e+00 1.131304208943944012e+00 9.015895544228424985e-01
1.179927714098366387e+00 1.396449944414507316e+00 1.202672325792188746e+00 1.046588480894940165e+00
8.600020026800190287e-01 1.240015459247397089e+00 1.038358648463410194e+00 1.265588492474187809e+00
1.204993387152519801e+00 1.077393757440614941e+00 8.853797120056547953e-01 1.158480156486551671e+00
1.000000000000000000e+00 8.140949695376028528e-01 9.982435140442328381e-01 1.191735349386270792e+00
8.791524779837145420e-01 1.257224982082517650e+00 9.381206008965172760e-01 1.364163791277517968e+00
1.311589539262302928e+00 1.239848993219585971e+00 1.077274317603304166e+00 1.002719868363507905e+00
1.002867471280151968e+00 1.378330800643977394e+00 7.999184153942104913e-01 1.319533123971774025e+00
1.110294707739635234e+00 1.202912082936364424e+00 1.403526609137888403e+00 1.087349428695128628e+00
1.250123281931126762e+00 1.146509358162119518e+00 1.210791999321468637e+00 9.211807164668672776e-01
1.023683552373930272e+00 1.336285076731275279e+00 9.445306753372026964e-01 1.047096209671070088e+00
1.215924914243291521e+00 1.218107278743755906e+00 1.366191443838326469e+00 1.227662221424668632e+00
1.018049667008267267e+00 1.001029185868316462e+00 9.763537441970071562e-01 1.350347138584384155e+00
1.142693143842717474e+00 1.366165273606180008e+00 1.200246693411830989e+00 1.432441963888104963e+00
1.345972163252440623e+00 9.377225608389487821e-01 1.222400739458268104e+00 8.726398763004552528e-01
8.774903250340190253e-01 9.641232061192888114e-01 1.127488490804745336e+00 1.018241653433659577e+00
1.224672618090106191e+00 1.381966000000000028e+00 1.301721364909426581e+00 1.000627227680700226e+00
1.160535662035112825e+00 1.115667834272251913e+00 1.151923425686035563e+00 1.411387964824914132e+00
7.465460418668045106e-01 1.345944990020145227e+00 8.220127625410497130e-01 8.432910731315289565e-01
1.022166415576753806e+00 1.048992608096407597e+00 1.094417339591738259e+00 1.015491006542965202e+00
1.061561633507643210e+00 1.101381131053340123e+00 1.001680540668313357e+00 1.169744977583698331e+00
1.210059171457374516e+00 9.971232064777083570e-01 1.210151565520675598e+00 1.249644941369381534e+00
1.065851065754327420e+00 1.020573461502104484e+00 1.102867926453350300e+00 1.095675186582363958e+00
1.126789607053985565e+00 9.899646168688115422e-01 9.325240469890621053e-01 1.243116254738131810e+00
9.934484844702466955e-01 1.008783058574647562e+00 1.136570076385669426e+00 9.751535553261430067e-01
9.868443843494770773e-01 9.939111244065617079e-01 5.943316726825198515e-01 1.295383063478612318e+00
1.293840457304057834e+00 9.017694379157011886e-01 1.299196400583287225e+00 1.269063070033809248e+00
1.038334360939258350e+00 1.089775212972148966e+00 9.311704104046625297e-01 1.067520460835678087e+00
1.077460262240186539e+00 1.525266036006058590e+00 1.016969835062924377e+00 1.437688174542135267e+00
8.634357280780525778e-01 1.259582864793152401e+00 1.013152168852872181e+00 1.108481322146150916e+00
1.164641873031553976e+00 1.202379089375274823e+00 1.052114886910497482e+00 8.953507999074290513e-01
1.155294067169983396e+00 9.179046952695218975e-01 1.364461980536449959e+00 1.027321456390238197e+00
9.021594129463339495e-01 9.208045134588436209e-01 1.199446094535882912e+00 1.193133440184436678e+00
1.164055481946476123e+00 1.335411184098138637e+00 1.242218133908384203e+00 1.023680365416656191e+00
1.066008680800760056e+00 9.005560420695577495e-01 9.151569774286085757e-01 1.212457103963527238e+00
1.176658808346543905e+00 1.205518716692417502e+00 1.142628433190136183e+00 1.358657682625687979e+00
1.327261914741920901e+00 1.390836593727817316e+00 1.577186217857903472e+00 1.109701106426087769e+00
1.125140386376845436e+00 1.031367822249083188e+00 1.246531589046633526e+00 8.862744548516294785e-01
1.069385843711912365e+00 1.380619839695539808e+00 1.059338424756031349e+00 1.288511045903761199e+00
1.018979692618017685e+00 1.491094881559147600e+00 9.845202462740084703e-01 9.802844648827729879e-01
1.010501734014672026e+00 1.251600117079537000e+00 1.452720088210228910e+00 1.249440364801511771e+00
1.286725558607227260e+00 1.139677543140628968e+00 1.219219587007450034e+00 1.397314770657913430e+00
1.074503765211789474e+00 1.099712554747170445e+00 1.459128251813547772e+00 1.547602004088125760e+00
1.305083026797701384e+00 1.100741051672790460e+00 1.087542697339925368e+00 1.186836387128601178e+00
1.011186241055072488e+00 9.997103216176990159e-01 1.241722024202692287e+00 1.346840651390539101e+00
1.566438392940853852e+00 1.258740036514247373e+00 9.025778303985519946e-01 1.033007049946692568e+00
1.143097245553320374e+00 9.024600861583165212e-01 1.120496979071234245e+00 1.284615876971462178e+00
1.105710361234773842e+00 1.316316448215959278e+00 1.212635064075224589e+00 1.265720386746161719e+00
1.141932504453295971e+00 9.328247216152653065e-01 8.503711194115217697e-01 1.092912267145040195e+00
9.016187527423614734e-01 9.714294636812323969e-01 1.363602376528440629e+00 9.354366774234170734e-01
1.156295293650618339e+00 1.366973775849625206e+00 9.789693354835601324e-01 1.060857909556465639e+00
1.015298963866430704e+00 1.139068137173455897e+00 9.715728236666014705e-01 9.529817705073735379e-01
1.274607223838563508e+00 1.299860599267656402e+00 1.185777297287853527e+00 1.187259427137243861e+00
1.096807070640175130e+00 9.476415678457892344e-01 1.143947056784720306e+00 1.025913199848340174e+00
1.243187010121172831e+00 1.220496540105218797e+00 8.352285083697762458e-01 1.160763178079097013e+00
1.218285527926307621e+00 1.292853477509563476e+00 9.787245076917510112e-01 1.197519767993111994e+00
1.010920125115341017e+00 1.284997016446950191e+00 1.074576572745166381e+00 1.151071084775420639e+00
1.206233554420014675e+00 1.239086066518887419e+00 1.085838704021320211e+00 8.324678028449341571e-01
1.185385254138360489e+00 1.157586943559949066e+00 8.583996271175913240e-01 1.184105118700375936e+00
7.927309790595402639e-01 1.227543009698988774e+00 1.100386750701694005e+00 1.284796262181761906e+00
1.157537284128102639e+00 7.308384585402909472e-01 1.192219137150167585e+00 1.109211971265578578e+00
1.475942545043049670e+00 1.227928799105160840e+00 9.149644109252699220e-01 8.892267751731826042e-01
1.325978019913456096e+00 1.033949136430827531e+00 7.717432835707439542e-01 1.291963620005970981e+00
1.027441490630532472e+00 1.040629862894754121e+00 9.467488612918922852e-01 9.034975597779140166e-01
1.224099587337784012e+00 7.757444782090217039e-01 1.015220210565769277e+00 7.990049386171445001e-01
1.117544896003892507e+00 1.071563937983638137e+00 9.935995235163503914e-01 1.111228798244575877e+00
1.175478251223480708e+00 1.223320248820581657e+00 1.191038588703578149e+00 1.234769471840868382e+00
1.180246027943719245e+00 1.156570574658330575e+00 9.883140356384720882e-01 1.156594810546177410e+00
