1.045322523816008653e+00 1.274184090958436100e+00 7.655611127699264440e-01 1.236863389185114404e+00
1.122409946373046585e+00 1.194697156946441963e+00 1.080868232099969628e+00 9.827268302856599913e-01
8.575995319222710078e-01 1.339562923911428172e+00 8.899917134402915986e-01 1.209081277410287036e+00
1.394551081895001543e+00 1.409353626858389275e+00 1.029216534295302132e+00 1.261182135563311491e+00
8.776418450266939564e-01 1.455099949921360603e+00 1.225823175899191098e+00 6.841146757935161471e-01
8.661303114905946066e-01 1.123809572548050806e+00 9.177603884210630003e-01 1.168261279761119154e+00
1.361108405817440747e+00 1.332259493079144486e+00 1.100061325174499727e+00 1.210432000161790977e+00
1.395616570928155609e+00 1.044857925642228125e+00 9.904020636058348259e-01 1.241887514888461830e+00
1.194370984568571270e+00 9.218313692344171084e-01 1.404774238315449786e+00 1.468481772024844645e+00
1.195220031322337340e+00 1.287397101514459408e+00 1.302366468817611311e+00 8.205761499992761943e-01
1.236104985795503985e+00 1.145049907119003674e+00 1.082867090540518440e+00 7.855449815063055841e-01
9.960740958512620535e-01 1.345821109010765682e+00 9.200555234084646372e-01 8.255550332392865842e-01
1.151084541324306043e+00 1.109800219224996720e+00 1.067156361750154492e+00 9.254714293610151188e-01
1.209854137620460568e+00 1.040805183188326710e+00 1.143043327444209556e+00 1.276267746573073847e+00
9.492200605868154062e-01 1.194262436422294460e+00 8.717725257797185323e-01 1.184825867810895161e+00
1.380413190265964873e+00 1.252204380793180194e+00 1.213265808920890310e+00 1.647633880368736703e+00
9.587147179409588604e-01 1.284686981504943093e+00 7.947793517041530365e-01 7.280155585924580341e-01
1.076764084831317581e+00 1.010414529009801887e+00 1.347220172340425126e+00 1.681113629992055714e+00
1.159090908881173165e+00 1.109778679929416256e+00 1.265059632985882310e+00 1.155257342556848199e+00
1.143419077495791303e+00 1.279719735046732421e+00 1.165135888136090037e+00 1.340894646073836016e+00
1.170198685023822627e+00 1.407011686397187766e+00 1.085571785914199783e+00 1.086145218109466848e+00
9.742099116689681981e-01 1.219096275392569817e+00 1.484661175289584412e+00 1.359091064799572868e+00
1.043353296995928492e+00 1.215759306261503303e+00 9.423264564329745241e-01 1.324190076887550305e+00
1.087575125790959385e+00 1.285656540118035318e+00 1.099824593859336286e+00 1.277260730824646640e+00
1.300231975171838750e+00 1.338909526321858889e+00 1.200293043621487810e+00 1.030353465862972717e+00
1.201400635714114484e+00 1.368293434032377132e+00 1.012201952398152027e+00 1.222421687072160035e+00
1.294823714266835291e+00 1.200260058747677272e+00 1.203445026104587479e+00 9.228559568198594354e-01
1.144477471145977754e+00 1.018626690965705350e+00 1.354747210902602195e+00 1.345274488013886494e+00
1.170858869582686257e+00 1.284262687772882439e+00 1.023928253535647093e+00 1.174764774542614632e+00
1.128843158660824741e+00 1.248996517218454061e+00 1.091481707562621750e+00 8.808465394150591932e-01
1.338012465829037323e+00 1.328233130534079320e+00 1.097636285699283620e+00 1.079971883489377449e+00
1.048219207364156302e+00 1.011589458889299520e+00 1.235297812305183207e+00 8.931917148617358748e-01
1.386195651902959014e+00 1.262580395823000856e+00 1.277829734435769193e+00 1.032380060103261332e+00
1.257016848672519282e+00 1.299780241548693649e+00 1.291267438479884344e+00 1.533402514155548735e+00
1.523487661405301674e+00 1.181408955941817718e+00 1.524572601673743533e+00 1.312701987948180937e+00
1.165136519844592877e+00 1.124700548419384827e+00 1.123698627033669517e+00 1.322657430673119139e+00
1.443468427506624074e+00 1.151903194080680315e+00 1.245218630363071899e+00 8.893088879760354670e-01
7.674453882671661287e-01 1.155256815794686531e+00 9.997879081285725444e-01 1.381966000000000028e+00
1.295987536054565403e+00 1.257354221000948735e+00 1.247858209799660889e+00 1.452163023435454559e+00
1.192306420791800825e+00 1.209255324256727215e+00 1.325135000336703062e+00 1.202940661512993836e+00
1.017813904791289970e+00 9.851641966178881216e-01 1.123453257345247147e+00 1.059178894770826496e+00
1.050301911217613737e+00 1.029816615943019986e+00 8.697582850421154976e-01 1.263789189846385330e+00
1.140497080409651698e+00 1.176582887281957257e+00 1.061137420937861897e+00 1.449190398391697165e+00
9.745857492612417516e-01 1.122048999165532246e+00 7.879457118302302110e-01 1.144640079782130115e+00
5.108658954040872224e-01 1.347309839518561203e+00 1.102885747189111365e+00 1.048126714653866864e+00
7.715420641720118766e-01 1.269589122011025362e+00 1.200963542825074004e+00 1.482090015459622601e+00
1.176531086215887090e+00 1.310988273803808557e+00 1.253387658964398188e+00 1.199203177362083927e+00
1.278456295884119909e+00 1.269866800988995070e+00 1.059060513241943058e+00 9.795934618794442938e-01
1.037618983558965535e+00 1.311958356900818190e+00 1.355981644186422974e+00 1.369181284468755644e+00
7.718325942512528348e-01 1.620141763350362085e+00 1.519712775511357972e+00 1.198169083437428561e+00
7.418839948160581566e-01 1.160563351497187368e+00 1.130362946920305589e+00 7.575980894232992036e-01
1.342393201572082306e+00 9.352846726967382063e-01 1.261854622286485039e+00 1.387539228364369048e+00
1.313093068710921241e+00 9.504411490787765260e-01 1.215626531766201612e+00 1.291796063590947341e+00
1.001726136217062635e+00 8.541019677729846382e-01 1.033354117652632853e+00 1.170253271862836897e+00
1.132409694016648594e+00 1.465562241618376227e+00 1.235176038360590089e+00 1.220947483936074329e+00
1.276468591920212114e+00 9.950896035159366715e-01 8.387415084767075868e-01 1.092193507527559282e+00
1.015678437980465754e+00 1.170463818165792480e+00 1.114728727288899046e+00 1.127581664680949114e+00
1.109187711164664858e+00 1.164414972929847192e+00 1.129659115117223056e+00 1.177377025629626317e+00
1.109452443651829601e+00 1.389442882264515067e+00 1.167668175780713025e+00 9.348868006962682831e-01
6.168878605019574302e-01 1.333221009554434344e+00 1.374561893849469918e+00 1.412795797859613511e+00
7.348457220290354197e-01 1.506174236068946737e+00 1.050666968974572235e+00 1.597286571676422628e+00
9.928389268501091047e-01 1.171260481780635576e+00 1.043460913270425561e+00 1.141232326636755889e+00
1.297987091426428208e+00 1.020076681523099493e+00 1.119916863107821570e+00 1.567028484002025879e+00
9.212584289681244876e-01 1.293405424241185431e+00 1.343538256732100145e+00 1.244451818673380616e+00
1.008412953315451999e+00 1.329946790840048854e+00 1.036261538727717202e+00 9.822682365431373297e-01
1.027058458293710563e+00 1.189686157337745520e+00 9.299258572302968595e-01 1.156016595963323290e+00
1.527864025155999839e+00 1.193126584976623938e+00 1.276353062366208935e+00 9.564823515656055708e-01
1.007563085009680393e+00 1.206982225289689570e+00 1.169957513494160661e+00 1.277761531255857896e+00
1.015663914036752713e+00 1.149919042747547859e+00 1.381966000000000028e+00 1.089673490028002512e+00
8.182931290494160903e-01 1.221831972972856839e+00 7.009657864563543228e-01 1.472135940079263294e+00
9.177437564435684259e-01 1.400904129177403368e+00 1.089166897927121402e+00 1.254629160072226801e+00
1.088322596523225716e+00 1.237317256449328218e+00 9.068023861647375172e-01 1.345239518632474374e+00
6.511825281514564967e-01 8.773042557235850580e-01 1.200534399319287404e+00 1.254937814971174292e+00
1.200818528108258620e+00 1.079125219336016572e+00 1.323719999764518818e+00 1.079310884458592135e+00
1.180811837007353926e+00 1.553865029344258852e+00 1.188968097723800854e+00 1.388791159289732180e+00
1.009702314831774306e+00 1.321420853818765950e+00 1.056014723083616325e+00 1.301645370714306527e+00
1.467282011576365397e+00 1.223347572079161782e+00 9.771205216870192389e-01 1.023916469574829291e+00
1.171872958712834478e+00 1.127788860421746975e+00 9.067819621114608930e-01 8.466579512434272425e-01
1.013047502368093156e+00 1.253526648511620989e+00 1.431275841710878849e+00 1.206470457814741826e+00
1.080512961441202791e+00 1.051079451605514414e+00 1.135993194950603025e+00 1.422044490375646619e+00
1.030879138006184581e+00 1.373483010148872641e+00 9.816116824967811016e-01 1.198158482818673765e+00
9.234091549773006946e-01 1.395532677502671959e+00 1.055518356038336325e+00 1.076980044748877763e+00
1.117902870963507933e+00 1.121224767818107093e+00 1.505506202764802959e+00 1.239109209320374383e+00
1.394582168480493323e+00 1.308091628929882511e+00 1.384812910199913372e+00 1.362058865602384206e+00
1.019891844483667542e+00 1.184797323132563474e+00 1.637443673749603423e+00 1.350214256428179604e+00
1.267584108571299328e+00 1.405850618883506487e+00 1.370104374675481740e+00 1.219381114866344928e+00
1.069753883033025987e+00 1.043746156267156833e+00 1.094058503137248728e+00 1.066316487472656727e+00
1.223093371285427500e+00 1.219951000155474752e+00 1.077846046012032710e+00 1.281159308407325836e+00
1.011349891546670321e+00 1.074218089543999666e+00 1.086022850390564898e+00 1.264428483064471420e+00
1.101854956923747464e+00 1.399819911779533355e+00 1.195986675846275826e+00 1.077132887235551451e+00
1.088814073057418286e+00 1.366470497540856588e+00 1.143951985015064565e+00 1.100407691801851939e+00
1.286348122820815343e+00 1.094067906267202961e+00 1.351802330074603598e+00 1.386064614915346160e+00
8.118824873376055962e-01 1.387251401374571813e+00 1.159703787251236573e+00 1.014735099888931291e+00
9.515535616034004329e-01 1.219788349174362851e+00 1.146024839744106849e+00 1.323153628022726735e+00
1.064988973395851968e+00 1.183950227506956887e+00 1.004339470068915885e+00 1.413876738592269033e+00
1.421095264680742654e+00 1.090896737449045695e+00 1.253688199078326848e+00 1.335138017866650095e+00
1.182588403303679314e+00 1.355145365306203775e+00 1.245752387933360961e+00 1.413688877542208067e+00
1.124277495398180227e+00 1.083024821951788397e+00 1.072221097204200113e+00 1.400803138243512214e+00
9.136209308861543699e-01 1.411971885167828011e+00 1.002514975796799490e+00 7.958851722234026038e-01
1.051487636097875322e+00 1.333450561126848566e+00 1.072760161987087457e+00 1.356700062203330281e+00
9.965215766931188046e-01 1.023598945658485526e+00 1.137416967207155905e+00 1.116530222668632222e+00
8.249277528143530436e-01 1.010884722142603831e+00 8.780861142443825429e-01 1.035435138553487899e+00
1.148129880420327931e+00 1.265334806076937824e+00 1.319024820400563902e+00 1.162100344417900333e+00
1.063413380461545987e+00 1.328703349153244062e+00 9.573354406265512928e-01 9.403481461785334616e-01
1.333787904522205858e+00 9.788556262552037257e-01 1.118530277492718383e+00 1.132329730733129702e+00
1.316237914907083084e+00 1.518710744541703406e+00 1.763932025156000005e+00 9.999999999999997780e-01
1.330346615880229733e+00 1.480423240729049184e+00 8.970127039656968782e-01 9.460830405208771055e-01
8.646986775115299562e-01 1.200016338257583470e+00 1.016233831074612848e+00 1.196840430055317261e+00
1.220221980595226796e+00 1.226265411131137517e+00 1.147997309297290824e+00 1.280164017242503061e+00
1.119707579469772396e+00 1.094962196243462360e+00 1.103321191510219457e+00 1.387932139970670553e+00
8.541019711737890541e-01 1.381966000000000028e+00 1.000000000000000000e+00 1.381966000000000028e+00
9.161851091584536366e-01 8.209784943440406879e-01 1.102661412622516490e+00 1.267927345794428673e+00
1.082926175731184770e+00 1.183533207607875948e+00 1.547016645922045575e+00 9.940525319903694701e-01
1.144675941146923392e+00 1.250592619195903810e+00 1.627343948540846075e+00 1.155737965934219291e+00
9.852424843363356555e-01 1.045184801633662897e+00 1.172756119934086572e+00 1.252415495330242434e+00
1.122582364270569233e+00 1.413531140615686965e+00 9.399184766835444460e-01 1.061432160988323270e+00
1.111992174370156850e+00 1.365361571343211011e+00 9.130250903214190972e-01 1.382555537124762202e+00
1.214278181794863798e+00 1.186848762663813117e+00 1.423174995945008847e+00 9.883902009894806051e-01
1.385374911001816312e+00 1.074889279917435658e+00 8.192723440135037949e-01 1.551515262852493748e+00
1.025019025679296814e+00 1.273546801178596644e+00 9.305523365713173067e-01 1.696027744596180442e+00
7.183636454275597050e-01 1.179081265988738414e+00 1.068917336236385296e+00 1.290591874569714914e+00
1.200104516051366366e+00 1.538823202640379861e+00 1.125530110545128970e+00 1.387897608039643016e+00
1.132674379864851755e+00 1.228920444412191504e+00 1.174629870729281711e+00 1.196537719420085466e+00
1.134329074764421685e+00 1.047329475097241946e+00 1.336237914933263493e+00 9.633241540396009217e-01
1.011719134571521739e+00 1.161749825597993890e+00 1.087100667891349071e+00 9.765663800544464035e-01
1.400622762987415504e+00 1.618813587331387804e+00 1.262217070630776705e+00 1.225797613620392967e+00
1.143121530654456652e+00 1.112109687979131456e+00 9.074418298190890519e-01 1.169766767305711719e+00
8.917266570394941638e-01 1.067141496290263447e+00 1.011014953344071321e+00 1.425633794225215745e+00
1.007552162974901577e+00 1.250165125563658330e+00 1.301843886280379392e+00 1.551531553906952077e+00
1.263765724925086653e+00 1.130047113078752608e+00 1.316639253702785783e+00 1.035909604205691226e+00
1.253776331705072078e+00 1.199184013393009840e+00 1.057654271122227652e+00 9.996691406526782009e-01
1.152820382748328765e+00 9.962108721688970325e-01 1.231495539424667163e+00 1.174645438534112518e+00
9.736512532822584332e-01 1.452394414617401486e+00 1.029174505315396226e+00 1.385884014324266555e+00
1.052734625591137396e+00 1.389494120355964757e+00 5.977944311931183696e-01 1.240266554364024554e+00
1.342130437838176871e+00 9.753061017232156349e-01 9.506113775258465681e-01 1.370569932311037853e+00
1.481454152506490374e+00 1.472232482986438162e+00 9.275299060108750382e-01 1.394949256078453104e+00
1.423932249360165159e+00 9.962166994069314718e-01 1.521126273067547219e+00 1.225187955987281141e+00
9.873390573765338241e-01 1.415282800128267127e+00 6.874488665261924147e-01 9.320015809783284144e-01
1.171752831682907336e+00 1.604958908809632989e+00 1.146734335761728119e+00 1.425936074590715030e+00
1.190148516503867659e+00 1.588670908008892990e+00 1.133745358457151964e+00 1.460374705879965207e+00
7.824193630093608798e-01 9.535929413587278525e-01 1.111075775508691521e+00 1.396551444145814003e+00
9.406727030628239117e-01 1.128945211548374017e+00 1.027779358125665343e+00 1.097599752950160878e+00
1.487726218740482498e+00 8.580739764799865110e-01 1.747751660241559923e+00 1.381966000000000028e+00
1.118081789372977974e+00 1.094184787516705448e+00 1.358811470883643624e+00 1.231103859669253842e+00
1.089905351102979925e+00 1.107631656193327263e+00 1.228657099408556608e+00 8.859439191904086019e-01
8.449018582879367356e-01 1.191588354972395347e+00 9.039411070435576789e-01 1.162257040356828863e+00
1.207917970175390154e+00 1.557124938703214445e+00 1.209712638032464094e+00 9.711742131190601590e-01
1.468171789035680019e+00 7.035085496469590804e-01 1.146124398421783930e+00 8.510765360007623848e-01
1.139049525781071992e+00 1.114546975305352516e+00 1.321516469231178048e+00 1.279829575673073316e+00
9.459174236578071771e-01 1.123338699654149009e+00 1.144124781658970136e+00 1.016546322492235754e+00
1.122520061467837671e+00 1.094821345611338037e+00 1.163304083901078201e+00 1.179378109221457027e+00
1.241054463507057726e+00 1.367662182567486617e+00 1.404287637986588511e+00 1.595269094760105144e+00
9.046506603800924529e-01 1.126701575793805699e+00 1.036668826652359821e+00 9.052291401202119392e-01
1.013885665553682092e+00 1.246729246610403186e+00 1.311872183100417422e+00 1.078151367732064658e+00
8.166336335805866042e-01 1.154345532869940349e+00 1.222614140589861176e+00 1.663593238480039149e+00
1.349392634621130238e+00 1.141105080829531770e+00 1.270860305957484560e+00 1.502249758772189470e+00
8.201860712753380467e-01 1.277576168127227740e+00 1.142943301216050589e+00 1.229596992366179586e+00
9.178425085964475594e-01 8.488106338030405595e-01 1.353434873117585813e+00 1.421667668932645734e+00
1.360679765720102630e+00 1.251731973431083222e+00 1.160696132279284365e+00 8.592364641985772433e-01
1.050162899930758398e+00 1.369214753653305916e+00 1.199192547887211635e+00 1.351510643700277070e+00
1.292459808775780594e+00 1.323391373983475061e+00 7.639320347647367004e-01 1.305317764479793308e+00
1.182530667882457864e+00 1.197610626271198520e+00 1.300710224945313076e+00 1.198320825891135311e+00
1.000659007787076060e+00 1.339424277169029009e+00 1.328940167338513056e+00 1.194231882002540379e+00
1.321214130473842729e+00 7.481050782624405482e-01 1.206613629257183629e+00 1.157664620462570904e+00
1.130221691712908649e+00 1.000173070225834904e+00 1.344974505702481338e+00 1.142668489800424680e+00
1.039207227132383560e+00 1.019236904927144360e+00 1.363085295146463594e+00 1.076444087277983463e+00
1.110843584763923309e+00 1.239561057587325932e+00 1.104288476827074428e+00 1.132534668239484565e+00
1.212476142454486538e+00 1.116421822384163098e+00 1.221423462925071535e+00 1.284795820795563426e+00
1.250283472803400908e+00 1.301712350366419635e+00 1.198010268413092660e+00 1.410456478088560006e+00
1.158947565069202046e+00 1.158024496054529173e+00 1.154886338074226027e+00 1.096295730958771086e+00
1.163254082624633590e+00 1.156771399396610001e+00 1.236296711452761432e+00 1.211377739536193543e+00
1.193495493540734476e+00 1.075162481984251794e+00 1.130520959782708834e+00 1.306423476904153169e+00
1.089829201454085350e+00 7.598523002064235810e-01 1.101907926632932133e+00 1.390896054007575877e+00
9.098300635909474243e-01 1.618033974843999800e+00 1.251830621867150883e+00 1.288067036350499350e+00
6.664004253412968426e-01 1.718951456495743102e+00 1.547336527866135736e+00 1.294882200421442642e+00
1.103817900723170542e+00 1.329747686831048714e+00 9.147122781427416971e-01 9.981626809224831698e-01
1.392000716317163933e+00 1.136606388424032277e+00 1.072806387220486490e+00 1.241804415988888577e+00
1.528643626636607689e+00 1.316013005744314235e+00 1.483613481832310343e+00 1.116073144857673061e+00
8.562438568212977774e-01 1.050803450650962922e+00 1.097182136713276357e+00 1.240168160128707564e+00
8.798003994773645475e-01 1.189336037067489027e+00 1.016359843265151941e+00 1.022747836977486280e+00
1.208795600597551756e+00 8.878531855050335597e-01 1.325775632397512283e+00 1.439708430435548303e+00
1.070554976328811803e+00 9.430051691949213888e-01 1.121173865054632568e+00 1.193591612488914100e+00
1.203980125507595700e+00 8.685324590157961211e-01 9.442584919520441433e-01 1.279631804241591064e+00
1.071278151327908157e+00 1.194460122897460952e+00 8.174759040939210131e-01 1.320718559627142463e+00
1.059015509675273581e+00 1.474385645052291638e+00 1.230595926901995041e+00 1.123337729181277389e+00
8.178139125586409985e-01 9.715104418383557761e-01 9.560236532231340956e-01 1.401839739490199577e+00
1.126049631984453070e+00 9.639213253535685588e-01 1.123552262486554820e+00 1.231985999162389156e+00
1.155041159253176186e+00 1.089881922927172120e+00 1.400177622667016619e+00 1.180463833018996045e+00
1.235920099384493653e+00 1.189022624903953052e+00 1.335608418640433559e+00 1.542122603718907525e+00
9.550748350990746482e-01 1.101122536766373061e+00 1.126213441707987428e+00 1.575970205793758794e+00
7.936854002193789448e-01 9.315585980592115956e-01 1.180619206942916222e+00 1.118541269022822027e+00
1.061354038397572586e+00 1.236067974843999995e+00 1.326379767507271712e+00 1.228812508895675393e+00
1.279476835160992865e+00 1.184910573705814985e+00 1.017934039464398754e+00 1.283018394947322616e+00
1.458980323893263931e+00 1.381966000000000028e+00 9.418255664083658996e-01 1.236067974843999995e+00
1.056270504256668463e+00 1.133703020311315646e+00 1.324132669220484004e+00 1.126512207651195085e+00
1.255567550698554413e+00 8.878460915366696016e-01 1.253553565411294590e+00 9.928539930193490681e-01
9.606776109184969048e-01 1.057748492517901928e+00 1.177233486743768376e+00 1.336245093049246435e+00
1.335680634082495821e+00 9.168461488731440845e-01 9.170603732961439825e-01 1.366175991674682288e+00
9.817016330431936888e-01 1.212728934509437861e+00 1.002657822706018553e+00 1.349345288266249998e+00
1.053784859462282064e+00 1.012748374562512321e+00 1.135153319405692418e+00 1.429499455367856386e+00
1.163825468134171981e+00 1.539411707175520894e+00 1.414343571954171708e+00 1.167690462181168343e+00
1.250156151488117207e+00 1.067819855231616266e+00 1.062333208216876823e+00 1.359775206312347606e+00
1.431969618600664296e+00 1.358185830681659878e+00 1.013348298780282208e+00 1.292811553156955950e+00
1.127518818495222286e+00 1.075701842867568425e+00 1.229764194833406377e+00 1.406125369591536778e+00
1.096768183732455437e+00 8.822211121229384112e-01 1.138348621615127954e+00 1.338584707637038074e+00
9.934107895549784129e-01 6.609536818496219990e-01 1.225188170367064400e+00 1.057524880561763192e+00
1.325667770913420584e+00 1.270967528660424506e+00 1.214061106707829740e+00 1.534345679414902186e+00
1.121028329148484604e+00 1.178613278420890920e+00 7.345342474398688370e-01 9.296027450957150551e-01
1.064209729788081260e+00 1.234937487948267076e+00 9.018883923613730813e-01 1.258189100568765983e+00
1.030039971132749477e+00 1.511232726416059435e+00 1.288827923630694539e+00 1.323892358479053621e+00
9.538491765441308168e-01 1.040777731133247563e+00 9.706473064534830719e-01 1.116079681948002333e+00
1.158902037615477276e+00 1.346615017247521973e+00 8.328938179677751741e-01 1.291114695594847595e+00
9.381445236449111880e-01 1.405479180083906376e+00 1.482823047047404419e+00 1.269707926035955614e+00
1.287966523698981014e+00 1.242546357352699582e+00 1.486423730696023737e+00 1.220829225032076693e+00
1.206771335704249326e+00 1.563997976649024624e+00 7.000733223163080332e-01 1.182561159744375479e+00
1.199467755333301744e+00 1.599046784749009742e+00 1.003870639762526329e+00 1.406933740141874223e+00
1.167413527665894790e+00 1.048751938230621850e+00 1.469359422269206350e+00 1.025906430713839024e+00
1.048896394709628588e+00 1.263350830927065349e+00 1.112138478433028821e+00 1.436599584857320089e+00
1.369571523760990450e+00 1.135299075347206088e+00 1.142026036508968945e+00 1.307566950482972779e+00
1.292964785317011422e+00 1.271071626732309667e+00 9.543638287269693432e-01 1.246629510895544302e+00
1.152891464167754343e+00 1.361668753490131945e+00 1.282880574478166391e+00 1.583080573300747140e+00
9.684436486540310973e-01 1.028631997837427869e+00 1.133184520956697083e+00 1.396262107595477087e+00
1.148042236438488573e+00 7.211580087366236125e-01 7.204144398867540211e-01 1.181849244785332154e+00
1.179942943933759203e+00 1.386311815826855032e+00 1.512620872038278774e+00 1.325499654477640288e+00
9.746708637939346387e-01 1.114771476870155098e+00 1.009580365403216051e+00 1.173442321372048180e+00
1.119889508714771775e+00 1.069135378739312525e+00 1.196011551512626836e+00 1.536559705148635269e+00
7.673531684574577127e-01 1.236088118784339107e+00 1.042307434659757392e+00 1.182230320702644111e+00
1.638176810366268832e+00 1.613050530843599839e+00 1.381991250604162724e+00 1.322718654821687601e+00
9.341347995980385788e-01 1.227248784674099591e+00 1.224233058738773527e+00 1.499325685191484014e+00
1.238308036056320782e+00 1.120031531404122482e+00 1.486920570705053679e+00 1.214656384890491658e+00
1.063988353941732745e+00 1.237529224149230167e+00 1.525565151963909516e+00 1.023434621563740432e+00
1.279449753669553047e+00 1.277208216390983919e+00 1.187648808139240231e+00 1.131827494822393643e+00
1.089833515011161547e+00 9.016994461589348253e-01 1.240183406808705424e+00 1.117199727733032333e+00
1.419960187861138756e+00 1.568671229328359562e+00 1.572495373080996739e+00 1.186461503260448636e+00
1.401363064674223669e+00 9.831607101344107535e-01 1.033802893456600591e+00 1.009638670829803075e+00
9.859672825728040824e-01 1.078642125965905585e+00 1.072782931573313281e+00 1.164748998040499028e+00
1.631761590496170644e+00 6.525762907323213735e-01 8.535507099731782787e-01 1.202326190065748479e+00
1.054450691687510933e+00 1.305550057617980153e+00 1.140340610175717195e+00 1.563218538865498441e+00
1.267598330643473048e+00 1.186621857953235271e+00 1.090856407031060904e+00 1.169320893432017616e+00
1.043826022592626135e+00 1.196050769693619120e+00 1.177214769432044505e+00 1.359561045192143380e+00
1.099816178767693886e+00 1.066150444461300140e+00 1.213419169627931504e+00 1.266150755910308456e+00
1.304043580728644791e+00 1.194977689030802148e+00 1.371975087125998582e+00 1.478964266020285301e+00
1.501531065662108144e+00 1.519190932618203815e+00 1.445729530715351263e+00 1.301509083478309625e+00
1.158254430875975016e+00 1.360679766255579182e+00 1.315838351579422971e+00 1.112220024726132905e+00
1.162244360054595305e+00 1.105530240784796669e+00 1.083312092725536857e+00 1.035851638239780881e+00
9.428452883792338701e-01 1.072149980283222170e+00 9.840982006199299192e-01 1.255901250748132636e+00
1.337837488814902276e+00 1.427461720454705096e+00 1.079032405279062079e+00 9.999999999999997780e-01
1.270189263164143378e+00 1.370063451296672286e+00 1.039408115187577586e+00 1.581536633600678643e+00
1.268054282313273884e+00 1.256791361631980797e+00 9.301467112130918924e-01 7.665414370850009984e-01
1.310917583133161424e+00 1.269493188501097602e+00 9.145710222441632009e-01 1.419569606691344577e+00
9.167280793117056348e-01 1.326251385708040464e+00 1.152844238179129066e+00 1.309637087803745326e+00
6.639777494561148741e-01 1.412998645453592328e+00 1.472135949687999990e+00 1.352827919276459401e+00
1.034464940875367667e+00 1.240330938990401144e+00 1.110855273154415013e+00 1.196267158483530268e+00
9.477557052206698751e-01 1.222619863055178779e+00 9.329136922807353960e-01 1.110543239765943602e+00
1.528253004971096285e+00 1.436570975777728743e+00 1.430962037132187392e+00 1.318033914572936727e+00
1.137623058665768516e+00 1.784160863131341257e+00 1.110511589152875622e+00 1.071315865294411473e+00
1.018622419795799594e+00 8.998300635809474146e-01 1.404288996680845170e+00 9.315698713897548888e-01
9.175948512214258113e-01 1.600929563387381682e+00 1.352157018838324287e+00 1.420183090068768639e+00
9.347804872615570471e-01 1.098503173120487508e+00 1.334462041133309906e+00 8.968751394429640422e-01
1.019491752086913561e+00 1.152896563038829258e+00 1.392823350210435907e+00 1.334284296443639661e+00
1.218246217603033088e+00 1.196502857569158307e+00 1.557675991366514134e+00 1.399334887775848690e+00
1.167712495093522485e+00 1.300087648214727221e+00 7.869747070818819967e-01 1.346614297176461639e+00
1.217760197939935729e+00 1.062428462046992594e+00 1.318497545046930064e+00 9.990576556227102056e-01
1.150965067043040024e+00 1.050798350122694291e+00 1.363506575698385515e+00 1.513844601782490473e+00
9.981252647664169420e-01 1.460855830138150679e+00 9.778423009749881434e-01 1.304657508220897322e+00
9.514407054422480137e-01 8.538553845133425302e-01 1.117977544046515614e+00 1.422973078457798746e+00
1.474668248213431010e+00 1.067610055863273066e+00 1.400204259563188280e+00 1.166679657817033089e+00
1.233576771495313640e+00 1.285424461613243086e+00 1.196886657309041535e+00 1.058694967332868941e+00
1.266629535739787649e+00 1.119664622739839910e+00 1.312164734298407076e+00 1.266997343704237888e+00
1.090181467801342619e+00 1.497462285248702951e+00 1.068987612619041849e+00 1.537573315377720906e+00
1.086618086069218059e+00 9.841230987984221912e-01 9.787161001883105671e-01 1.710928462163837649e+00
9.670927592606815004e-01 1.412692670152532415e+00 1.141291755552517273e+00 1.308377079186426206e+00
1.059731309836911883e+00 1.318799853705633351e+00 1.473905448794317952e+00 1.092495598622123643e+00
1.167858344635822165e+00 1.060023392464817027e+00 8.922679407755877978e-01 1.353003435163779855e+00
1.342688613100058603e+00 1.019195011824740593e+00 1.057003113466046473e+00 9.623828798109268501e-01
7.639320347647367004e-01 1.276915085099181058e+00 1.495029003209849439e+00 1.509890552340078074e+00
1.015662305945194133e+00 1.278452148690969903e+00 1.319502896948075099e+00 1.006958996716105892e+00
8.955922994476137600e-01 1.014341175856961375e+00 1.095112993890158704e+00 1.485742254199540868e+00
1.320993896335020290e+00 9.678011238807042727e-01 1.274695219025017368e+00 1.209022039190634334e+00
1.240988957457458630e+00 1.024795790924631689e+00 8.603687843536262925e-01 1.167906917108821885e+00
1.039968134499788643e+00 1.285676668277443646e+00 1.111277120528229467e+00 9.862490159408360269e-01
1.355082713677062234e+00 1.001260851587635337e+00 1.112995806174279290e+00 1.281905211991976268e+00
5.434075763589174546e-01 1.264472852544165971e+00 1.120325586320309874e+00 1.707962730135207163e+00
7.391072049878499861e-01 1.411283931817403747e+00 1.284332083452454087e+00 1.258312126483432047e+00
1.151247332868392537e+00 1.202063658623751197e+00 1.073111884683999318e+00 1.225004198990893078e+00
9.726858228377626148e-01 1.202935221632555507e+00 1.138258943632849407e+00 1.577021298475517863e+00
1.100976377436881704e+00 1.307982202528579663e+00 1.176248093801423700e+00 1.367375762555857577e+00
1.170776046607499676e+00 1.426305505910279159e+00 1.129658195556263012e+00 9.979567265114924757e-01
1.419586112056258287e+00 1.458980323893263931e+00 1.243277108647372398e+00 1.502176065528304960e+00
8.403621045540987655e-01 1.508861745819826128e+00 1.257164505122852161e+00 1.149682405738086333e+00
1.382528913400423942e+00 1.035808291715458740e+00 1.340838856463109519e+00 1.200399026720260220e+00
1.102151526318631225e+00 1.520701468633378184e+00 1.312492988168554753e+00 1.298002177854754136e+00
9.236529644716011678e-01 1.316197467462335569e+00 1.267615499777981158e+00 1.042181295029199983e+00
1.147343522768104584e+00 1.638162640574742257e+00 1.245563683911014241e+00 1.341205130253089628e+00
1.091158675698258307e+00 9.255419275114791233e-01 9.007719658503245963e-01 1.153709314041538203e+00
1.145947503514892940e+00 1.229317416377198269e+00 1.280293550978952366e+00 9.098300635909474243e-01
9.901527292111129697e-01 1.476102084371738732e+00 1.217906421604686429e+00 1.541082701902859675e+00
1.091193289659991406e+00 1.517337856952007957e+00 1.006988456248206321e+00 1.170132204665639941e+00
1.158675354780366984e+00 1.386628026448957440e+00 9.298231872041335944e-01 1.227520563998151015e+00
1.185257647241267698e+00 1.091664773467393879e+00 1.189383145818113885e+00 1.330944532022971138e+00
1.349750245039918584e+00 1.123596784202214316e+00 1.500478660948380005e+00 1.126982089161285616e+00
1.008823728433274614e+00 1.061164913231903650e+00 1.041238014314210591e+00 1.288360185147475745e+00
1.388581085377397439e+00 1.258648109609016075e+00 9.972295092793991289e-01 1.592503289807788880e+00
1.059382530544465961e+00 1.209776680916105684e+00 7.525576706181189568e-01 8.100155310461716329e-01
1.164006176257175174e+00 1.069219306776604039e+00 1.283329209876233445e+00 1.151456782727560135e+00
9.432480922853986316e-01 1.276455216923609193e+00 8.660133222699720745e-01 1.302483557680829129e+00
1.131052966681798999e+00 1.273376571371523269e+00 1.331216921517253571e+00 1.288064471919960763e+00
1.223748413209192254e+00 7.061735300202838239e-01 1.422238736109496360e+00 1.017755923571995069e+00
9.737475786149735191e-01 9.247024008975303078e-01 1.188727641331038143e+00 1.286552238874224985e+00
9.303805129100122251e-01 1.331806175429881556e+00 9.125521151575837209e-01 1.289662569515859225e+00
7.804726622571546146e-01 9.824074289081378142e-01 1.031277090482502157e+00 1.213807374482017698e+00
1.390109222920399512e+00 1.304951683778100335e+00 1.208101830218174522e+00 1.442028420276102674e+00
1.041808325936921964e+00 9.848180607834070566e-01 1.162627910631812700e+00 1.185667127698137424e+00
9.239149273005050622e-01 1.381966007240347905e+00 1.048316915091304757e+00 1.054902982067368100e+00
9.603099327997763890e-01 1.279610264230031769e+00 1.102120596796110075e+00 1.273432188040345414e+00
1.314988477539702494e+00 1.008838980410237784e+00 1.013375774655512984e+00 1.431512102719475044e+00
1.351171258776297623e+00 1.124598174377029913e+00 1.161339821360362290e+00 1.339132775229581629e+00
1.211934921922172004e+00 1.225158404422793224e+00 1.056343807451029404e+00 1.133355546241187728e+00
1.054728237026365756e+00 1.153767033182679036e+00 1.085263161471277993e+00 1.173312137762287710e+00
1.104523903509779803e+00 1.153333138964469207e+00 1.135972608144831142e+00 1.118810204339119485e+00
1.014810271772571548e+00 1.239606910975294296e+00 1.387422153275432279e+00 1.276956623052156958e+00
1.242248314602440118e+00 1.561498044389111994e+00 1.240770847450556769e+00 1.527864028826210863e+00
6.877043571532528432e-01 1.114262121945589712e+00 1.069895978410448034e+00 1.077405073350361286e+00
1.008302621946717270e+00 1.327908029164420967e+00 1.372417757433844754e+00 1.107255789259180112e+00
1.214067241864510649e+00 1.006871589798864708e+00 1.138627529666176752e+00 1.273714450697769340e+00
7.370068164159253588e-01 8.701852525120590265e-01 1.067496275751795398e+00 1.124142869161669056e+00
1.153910228737934585e+00 1.015543551666484134e+00 9.206191911418362128e-01 1.613208710030002324e+00
8.906760153313149075e-01 1.129527617657780425e+00 1.216247269914569440e+00 1.067503194160404512e+00
1.059352259466551205e+00 1.259956956638851100e+00 1.107967922006927175e+00 1.043618987981544288e+00
1.179404074021389803e+00 1.290373942337444735e+00 1.412293573994115814e+00 1.456954035900118516e+00
1.067837299149777763e+00 1.334554688555545043e+00 1.091592192956138518e+00 1.011021182205329216e+00
1.148303235523456367e+00 1.054374030139045404e+00 1.123108188467303759e+00 1.031903698973007488e+00
1.161670257444594734e+00 1.303247936145008667e+00 1.388036264187360258e+00 1.130355915845959291e+00
1.338927646966488139e+00 1.496541502706447258e+00 1.054187343624779727e+00 1.143449768248240517e+00
7.827589814292028603e-01 1.261467276077035349e+00 1.051890265893008936e+00 1.403943962008911139e+00
1.086372457550439208e+00 1.146409717290985952e+00 1.283741082715223358e+00 1.077235284672947158e+00
1.104265371902019677e+00 1.450914106718508512e+00 1.024008962421426361e+00 1.145952479850313566e+00
6.646459388329308826e-01 1.378446304939110911e+00 1.618031604946152502e+00 1.519990559590542079e+00
1.214807849557887787e+00 1.268829960473079277e+00 1.056510430554775892e+00 1.382076699808275411e+00
1.006045037909517825e+00 1.271557302006375956e+00 1.298539164881438834e+00 1.317282997239670683e+00
1.075372859964207395e+00 1.553949406053023674e+00 8.058016641349110554e-01 1.116701279082305209e+00
1.103106077248539263e+00 1.196269319339466897e+00 1.126541838901355952e+00 1.304139981648259727e+00
8.517031075233811865e-01 1.375040067423931589e+00 9.749639998749130010e-01 9.172131932763143425e-01
1.060584164167839294e+00 1.089990790919294739e+00 6.634454118730017669e-01 1.425507505950357023e+00
9.937795260563085931e-01 1.243268255094197361e+00 1.218836716060620606e+00 1.302119019053973537e+00
1.285676864318930246e+00 1.609483693915820579e+00 1.392206608473488538e+00 1.292247960821277353e+00
1.096052267958440130e+00 1.248205059149677831e+00 1.643938435156530264e+00 1.065371036472454680e+00
9.594570095796807196e-01 9.004884950526923504e-01 1.346115774989542047e+00 1.283121444458149796e+00
9.703492069907609929e-01 1.242350130328977675e+00 1.166136825386872689e+00 1.279574374783399193e+00
8.524626300106661336e-01 1.311222433277100530e+00 1.201423346523421642e+00 1.128065534042032692e+00
1.364788726046304745e+00 1.077789709739251256e+00 1.042234964862623237e+00 1.535097821377665817e+00
1.143077534532363604e+00 1.411793184340182084e+00 1.325492295079158112e+00 1.372097959001418843e+00
9.989396520166131666e-01 1.138087185471228446e+00 1.066492897976374588e+00 1.202373451785678338e+00
9.832206863555146281e-01 1.461566767649919107e+00 9.024619997884800737e-01 9.954165933189429438e-01
1.208223341914417936e+00 1.223116635280039555e+00 1.346654981593856881e+00 1.248887342763135511e+00
8.399962535795217899e-01 1.126136310287168429e+00 1.182053822200741733e+00 8.660873690197484764e-01
1.136216881734553708e+00 1.156935858552633922e+00 9.999747493962299894e-01 1.013651915510796364e+00
8.981151857534556138e-01 8.357959018604513846e-01 9.885386213000973976e-01 1.284707789424742730e+00
9.157230557584188357e-01 1.177478283448250451e+00 1.078139039060411530e+00 1.137186055334932444e+00
9.870303641289547292e-01 1.190256190804790837e+00 9.641882234814920238e-01 1.100899290375821460e+00
9.420276783763356088e-01 1.210921865211750825e+00 1.417069478596257426e+00 9.895061195619133665e-01
1.012406993157180857e+00 1.284271792890448349e+00 1.298003531225855323e+00 1.032355656077514450e+00
1.368320866125770863e+00 1.270478974542324613e+00 9.945233328919240723e-01 1.444100168326921896e+00
9.866074350651812264e-01 1.442924389133415586e+00 1.268296726323445922e+00 1.348115818408474720e+00
9.729217425557085130e-01 1.368589382653906394e+00 1.192062052694310648e+00 1.192709772394902723e+00
1.120205458768594120e+00 1.426959802339700545e+00 1.239366028956220944e+00 1.098402303255336054e+00
8.277405379065826407e-01 1.473693568899490325e+00 8.539829268189618183e-01 1.198944933702996929e+00
8.744376817201046093e-01 1.643611029623516462e+00 1.016448214187267718e+00 1.210144413122378415e+00
8.574375601160695304e-01 1.095845581655919165e+00 6.393202337444208183e-01 1.100103145454208953e+00
1.137345821762109299e+00 1.249227589636947799e+00 1.135048420150845061e+00 1.063792368362443508e+00
1.158796710096828608e+00 1.187739469186094521e+00 9.522550546270576177e-01 1.256981743802393359e+00
1.185827123752140722e+00 1.356470757103853897e+00 1.349335841041177986e+00 1.242077030586631547e+00
1.107388192684729544e+00 1.044565553395800706e+00 1.158081616488382259e+00 1.195059869703853694e+00
9.966935656503799201e-01 1.222313669176944284e+00 1.184319138098048008e+00 1.251878455984734462e+00
1.579634884306746478e+00 1.000309316781990088e+00 1.085806284991812198e+00 1.218862075181263549e+00
1.403798331369938923e+00 1.780104250325996063e+00 1.005347355528809050e+00 1.213883277001016836e+00
1.425784074937308965e+00 1.742645767121998368e+00 1.566681328581047694e+00 1.319296809874129117e+00
1.144242374340039614e+00 1.207973822014887677e+00 1.208124984639396438e+00 9.564616495254307793e-01
1.009968708536917559e+00 8.664828059945390848e-01 1.217219368891866660e+00 1.315863142040322620e+00
1.292956020668624806e+00 1.007273138878099106e+00 1.224230396992789238e+00 1.167669701372507252e+00
1.405494122167159299e+00 1.381477333296067922e+00 8.018532788486151253e-01 1.280549847094291316e+00
1.087671615226029509e+00 1.537185358881250297e+00 1.269375586662077726e+00 1.370462592339769969e+00
1.263846898944999797e+00 1.164903482447760874e+00 1.416039531594045719e+00 1.035766667056265744e+00
1.004794109060614948e+00 1.247957355505665555e+00 1.386425100357886464e+00 1.449815193299903271e+00
9.951339274231965071e-01 1.146294065708098442e+00 1.500449972153589773e+00 1.000000000000000000e+00
1.398937521998887767e+00 8.645813545961887892e-01 1.482767919128242573e+00 1.462522099465120906e+00
9.838504494255155830e-01 1.691301609939408923e+00 9.269465640607816859e-01 1.355553440341882299e+00
1.077327284284478326e+00 9.944544053182092780e-01 1.066709512861581777e+00 8.557454046784214174e-01
7.769033078536452530e-01 1.196960470138331623e+00 1.094317703080325721e+00 9.689991868951259857e-01
1.006045971488489732e+00 1.384949045233530907e+00 1.288339121494159745e+00 1.287525553480322271e+00
9.226185474681902754e-01 1.032579587490188189e+00 1.200504622533657084e+00 1.091801457551284438e+00
1.163424000552176540e+00 1.326237914923263261e+00 1.215785886130736237e+00 1.656331541516665951e+00
1.060505317024556637e+00 1.161647965279101635e+00 1.133057030874009108e+00 9.016847838356307765e-01
8.583453234881820437e-01 1.182136871579330339e+00 1.381966000000000028e+00 1.243648696891160199e+00
1.410114557480150133e+00 1.177997700792589031e+00 1.444769436281030606e+00 1.459875605684285205e+00
1.383422827385244025e+00 1.546077461765293481e+00 1.152783251202637471e+00 1.083318231839114354e+00
1.024749121999139145e+00 1.420425155846424925e+00 1.510685167865480905e+00 1.173122272440031866e+00
1.211132060061811178e+00 9.655581500695797903e-01 1.618037658857281125e+00 1.223062064421370332e+00
1.320602354946669443e+00 1.153202214038438367e+00 1.128438219266203690e+00 1.072654047018706258e+00
8.462214397015916933e-01 1.351905983252622789e+00 1.010339584570118188e+00 9.963903546008856527e-01
8.676559449854229777e-01 1.469521890997275371e+00 1.085417439713127985e+00 1.178238110225016566e+00
1.142695902886335713e+00 1.145774638103384202e+00 1.425328693514364753e+00 1.274133225447814155e+00
1.013676825762880096e+00 1.136027181628695981e+00 9.496079369447999463e-01 1.140187336035962895e+00
1.193987871532026679e+00 1.028140474226124423e+00 1.058463170960415978e+00 1.179848865321079021e+00
1.430135584473070764e+00 1.458106919936812185e+00 1.148972231250124043e+00 9.179678417106698074e-01
1.006292083224323619e+00 1.259889158993986458e+00 1.172361706866991593e+00 1.083544316303671318e+00
1.226044599939164925e+00 1.267266843746960525e+00 8.329151540905274098e-01 1.113757741687069869e+00
9.447778620199357436e-01 1.257602744168627940e+00 1.045972922457817811e+00 1.407725887534742482e+00
1.305735448606866189e+00 1.191845016935798807e+00 1.000563762294097714e+00 8.373304815633546561e-01
1.406044596235631161e+00 1.437694090148843085e+00 1.096340228654627103e+00 1.199048898620509673e+00
1.112919614261783652e+00 1.231247107442237088e+00 8.853387551205190720e-01 1.291749341841909260e+00
1.286698474597086639e+00 1.082213626103695203e+00 1.235897385246867985e+00 1.480188328367466832e+00
9.917189958213790124e-01 1.400254877994359770e+00 9.309573153347674435e-01 1.395121615502621815e+00
9.862400929315566778e-01 1.274988645411911925e+00 1.016494145690820083e+00 8.971008269236773192e-01
1.083849899094336378e+00 1.470207408485439737e+00 1.181066156756908736e+00 1.349460292895650504e+00
9.524275120641803039e-01 9.170992016884936815e-01 1.185270723395241532e+00 1.095057117479748543e+00
9.428279328529741710e-01 9.749428204676096055e-01 1.094638495896542274e+00 1.049327490094246196e+00
1.018805732709015199e+00 1.154028303289965196e+00 1.011036670127300363e+00 1.126045012828035041e+00
1.165834597211917067e+00 1.567868604839197211e+00 9.102470683046982591e-01 1.301409072704559078e+00
1.277769537280167178e+00 1.113629326358195559e+00 1.218723403057254906e+00 1.103720811638799537e+00
1.041865184128390576e+00 1.200119107575340349e+00 1.418884881459855141e+00 1.286090925058965828e+00
1.227706560306754735e+00 9.830618976490257399e-01 1.257598779107842457e+00 9.873514733697672519e-01
1.258051213023441139e+00 5.967477753288392694e-01 1.013216156156335312e+00 1.225556512417139032e+00
1.051486764665292561e+00 1.178469432713504794e+00 1.265494833171607825e+00 1.382600791738240353e+00
1.110635909462754034e+00 1.274843363355983916e+00 1.238878911176024777e+00 1.171598843364085152e+00
8.047650262182207692e-01 8.753882113922121233e-01 1.334929420634108910e+00 1.341905547520285236e+00
1.052410072607672387e+00 1.098548648302865249e+00 8.696117759995901642e-01 1.018657267556795976e+00
1.032058786938763850e+00 1.319931743051305784e+00 1.179687612596486801e+00 1.262448815898421728e+00
1.152077421454419826e+00 1.353790011366821533e+00 1.299976721457317019e+00 9.467763466665213290e-01
1.313600120793122938e+00 1.185021971101636540e+00 1.212642701425014291e+00 1.106005692400021889e+00
1.189753371218318145e+00 1.358348641825428249e+00 9.269238233098519020e-01 1.118796263272594960e+00
9.620145105614019698e-01 1.105850948852396654e+00 1.046908669472591091e+00 1.168287581637133421e+00
7.082039496879999341e-01 1.555532535081556089e+00 1.383014880339535457e+00 1.243636400303813394e+00
1.255282348274616488e+00 1.099585178068024582e+00 1.141278059198707728e+00 1.180985283383227946e+00
1.053307962589780766e+00 1.373251814388812386e+00 1.184161491253545417e+00 1.394367577964795935e+00
8.549105095724662817e-01 1.012036468308028958e+00 1.248117025524150270e+00 1.126625731721826229e+00
1.282826124815193758e+00 9.154313334907058231e-01 1.236858923232034613e+00 1.344647458466764478e+00
1.395053284950787065e+00 1.436018688926882225e+00 1.135237051217485638e+00 1.075840107142478796e+00
1.199934865198727163e+00 1.289782409168333643e+00 1.008375999131651213e+00 1.066089078795450895e+00
1.201573330818782592e+00 1.022824426402161757e+00 1.335508590882870106e+00 7.437682085513785957e-01
1.606502047416802803e+00 1.063839598546272525e+00 1.444450160060562816e+00 9.734328693453757619e-01
7.788872763230734186e-01 1.054167436832661675e+00 1.259993695004476333e+00 1.276067125262287494e+00
1.381966000000000028e+00 1.159037453087405911e+00 1.006936985829636200e+00 1.338696058167457847e+00
1.154567018097651943e+00 1.545249832817789271e+00 1.258850434356264314e+00 1.114863388747406203e+00
1.313501864436583677e+00 1.203179693688127605e+00 1.391472898235512456e+00 1.081675338542729570e+00
1.187638294786665716e+00 1.181864026925355748e+00 1.033916867964667530e+00 1.280991454736269741e+00
1.055848713518016346e+00 1.427758784987560592e+00 1.313903610744806993e+00 1.249914957117640668e+00
9.283066312902736872e-01 9.090775373400856729e-01 1.173796988538673425e+00 1.066106519709392186e+00
9.615594722715246068e-01 1.246454186091206617e+00 1.093655635244489055e+00 1.446080434789981162e+00
1.018102731928764104e+00 9.616207841222642605e-01 1.101251543425951329e+00 1.043174826503791230e+00
1.114528329337226342e+00 1.076817294492383947e+00 9.640450580889443621e-01 1.518926184504569177e+00
9.596418078952048125e-01 9.852164846152474675e-01 8.709081370177118586e-01 1.031249668890872995e+00
1.076538428843197615e+00 1.356661896431807346e+00 1.451787644869656280e+00 1.513479244568556981e+00
1.101898270538031133e+00 1.496920397622989896e+00 1.285690890842874134e+00 1.416816070007875128e+00
1.149156256757545069e+00 1.232181710934237229e+00 1.358408521298495764e+00 1.076150566836540090e+00
1.015905989630297324e+00 1.402489018477189653e+00 1.044172209109450300e+00 1.518581775397483069e+00
1.141495912232112442e+00 1.412299174841816329e+00 1.338784453779517714e+00 1.230697615214365159e+00
8.254238434299329130e-01 1.239431439068489738e+00 1.264088431859669681e+00 1.081256933824942923e+00
1.408405386243473112e+00 1.043695015525817116e+00 1.665076390850762866e+00 1.032978356403294162e+00
9.369570428998035272e-01 1.368425104008158089e+00 1.050027086439035529e+00 1.309642843361770836e+00
1.093344930130094816e+00 1.421913616216228027e+00 1.344241608479321615e+00 1.072279185059248574e+00
8.162014032674935748e-01 1.106373428162949812e+00 1.207559664261460775e+00 1.273830332961429113e+00
7.962063740997467054e-01 1.391966000010000037e+00 8.897681604413920642e-01 1.045851780009430021e+00
1.458194266668081385e+00 1.162128559093409841e+00 1.215959722851807756e+00 1.212943774270636155e+00
1.230021129422937731e+00 1.190802035951921578e+00 1.352887927276182900e+00 1.460247136030468962e+00
8.797550676682639459e-01 1.035872944757820768e+00 1.257953821999807875e+00 1.259075830658456407e+00
1.393548911607555896e+00 1.495387649895000504e+00 9.321164866920863545e-01 1.085444055532501340e+00
1.067173131421283339e+00 9.952645211419894888e-01 1.060680742057762416e+00 1.212257679390245757e+00
9.890169183851282853e-01 1.192619519478713475e+00 1.429055794944231739e+00 1.244413866069146168e+00
9.804427168098405199e-01 9.763257906914108997e-01 8.231136646681886937e-01 1.152600883550802147e+00
1.180131035055872246e+00 1.246700430883088906e+00 9.784867506078761545e-01 1.043705480622970860e+00
1.250488811758947438e+00 9.921229305523278086e-01 1.054686401804387108e+00 1.475460628443630906e+00
1.194589212293989178e+00 1.315388398123999103e+00 1.327063271086098784e+00 1.191753550268556561e+00
1.326922265303196680e+00 1.356601354201548482e+00 1.629467575936165202e+00 1.131455340781041485e+00
1.249938211954656486e+00 1.050682042712288711e+00 1.484814798571819638e+00 1.521167583196588291e+00
5.988058431142342375e-01 1.467985687243303028e+00 6.260466586465727179e-01 1.507555514556682352e+00
1.205538332808050006e+00 1.263702272986458652e+00 8.217167235541058545e-01 1.303896689429337785e+00
1.027912165031492409e+00 1.398501487892449324e+00 1.222828181519661772e+00 1.182698773896915245e+00
9.947231077618570172e-01 1.246330754785405004e+00 9.535629157176173099e-01 1.339132301827283822e+00
1.081644033992977150e+00 1.437906891065771520e+00 7.424727770429802032e-01 1.211026837757904095e+00
1.085297014636850133e+00 1.063202626295644881e+00 1.055401825955869510e+00 1.547650377681461409e+00
1.321225237329529234e+00 1.291573249809901069e+00 1.169674535111503877e+00 1.473225204176677128e+00
1.160962387748449398e+00 1.277566838280000727e+00 1.210336354402665959e+00 1.288520648159162452e+00
1.273851005710194828e+00 1.352649304268418007e+00 9.108309379379484483e-01 8.839669334674442602e-01
1.120223843402994746e+00 9.838199223769081847e-01 1.092599959721699765e+00 9.741458910500918611e-01
1.247815582528285505e+00 1.041304475227000648e+00 1.329587803127343593e+00 1.567467200640943803e+00
1.298439653971265262e+00 1.129219640645154676e+00 1.436944713633435233e+00 1.238632751993349768e+00
1.034101019378685260e+00 1.349458713547112998e+00 1.029169925882356340e+00 1.340888292572882889e+00
1.089204200994236427e+00 1.038056902824766592e+00 9.648683229246709514e-01 1.112828448007926019e+00
1.118477346277021223e+00 1.122078430341082012e+00 1.204906018284035873e+00 1.156911567018735987e+00
1.154495124171036391e+00 1.010184359506856255e+00 1.418290704595726481e+00 1.264539438786355774e+00
1.169854016998567614e+00 1.294070433670832188e+00 1.422324594032677192e+00 1.289728401620664267e+00
1.112478353223541383e+00 1.379619211081072327e+00 9.999813611193635321e-01 1.401154981457021886e+00
9.793740116988268740e-01 1.422272904982337050e+00 1.191432122832791762e+00 1.168445617784204860e+00
1.421836638309107226e+00 1.037606734110263940e+00 1.008781511258191044e+00 1.097501408080139740e+00
1.067491947121435469e+00 8.786870559340824727e-01 1.029214776533781794e+00 8.655954436328280321e-01
1.230192510542203355e+00 1.488023875579532751e+00 1.369704650468070994e+00 1.155386762071806572e+00
9.999843942687421938e-01 1.187935299608832374e+00 1.356352457359028651e+00 1.202994018875405802e+00
1.372692070766436956e+00 9.655581500695797903e-01 9.721025115897414803e-01 1.351390394337040002e+00
1.245899435924940901e+00 1.009000897000300379e+00 1.180526482264617982e+00 1.439021093533770168e+00
